s,-0.03241344541311264, -5.1580926196947985e-09, -0.0015358361415565014
b,0.03960020840167999, 6.713353484233409e-11, 0.11800340563058853
v,0.02407120168209076, -2.1967583307969107e-09, 0.050255972892045975
v,0.023121371865272522, -2.163359935636322e-09, 0.04949190840125084
v,0.022177476435899734, -2.13154160988438e-09, 0.04876398667693138
v,0.021239500492811203, -2.1013029094518743e-09, 0.0480722077190876
v,0.020307451486587524, -2.0726442784280152e-09, 0.047416575253009796
v,0.0193813256919384, -2.0455657168128027e-09, 0.04679708555340767
v,0.01846112683415413, -2.020066780517027e-09, 0.04621374234557152
v,0.017546851187944412, -1.9961479136298976e-09, 0.045666541904211044
v,0.016638506203889847, -1.97380889410681e-09, 0.04515548422932625
v,0.015736084431409836, -1.9530499439923688e-09, 0.04468057304620743
v,0.014839589595794678, -1.933870841241969e-09, 0.044241804629564285
v,0.013949017971754074, -1.916271585855611e-09, 0.04383918270468712
v,0.013064373284578323, -1.90025195578869e-09, 0.04347269609570503
v,0.012178540229797363, -1.8856571859515725e-09, 0.04313880577683449
v,0.011284410953521729, -1.8723314010316017e-09, 0.042833950370550156
v,0.010381985455751419, -1.8602748230733823e-09, 0.04255812615156174
v,0.009471271187067032, -1.849487341054612e-09, 0.04231133684515953
v,0.008552256971597672, -1.8399690659975931e-09, 0.042093586176633835
v,0.0076249465346336365, -1.8317198868800233e-09, 0.041904862970113754
v,0.006689343601465225, -1.8247396926796e-09, 0.041745178401470184
v,0.005745444446802139, -1.8190287054409282e-09, 0.04161452502012253
v,0.00479324534535408, -1.814586703119403e-09, 0.041512902826070786
v,0.0038327574729919434, -1.8114139077596292e-09, 0.041440319269895554
v,0.0028639696538448334, -1.8095102083393044e-09, 0.041396766901016235
v,0.0018868930637836456, -1.8088757158807311e-09, 0.04138224944472313
v,0.0008055306971073151, -1.8097822129803376e-09, 0.041402991861104965
v,-0.0002770237624645233, -1.812501704279157e-09, 0.04146520420908928
v,-0.0013607554137706757, -1.817034411821794e-09, 0.041568901389837265
v,-0.002445679157972336, -1.8233800025413416e-09, 0.04171406850218773
v,-0.0035317838191986084, -1.8315384764377995e-09, 0.041900716722011566
v,-0.004619073122739792, -1.8415101665780753e-09, 0.04212884232401848
v,-0.005707550793886185, -1.8532947398952615e-09, 0.04239844158291817
v,-0.006797213107347488, -1.866892418433963e-09, 0.04270951822400093
v,-0.007888060063123703, -1.882302980149575e-09, 0.04306207224726677
v,-0.00898008979856968, -1.8995267581090047e-09, 0.04345610365271568
v,-0.010073307901620865, -1.9185633082230424e-09, 0.04389161244034767
v,-0.01116771250963211, -1.939413074580898e-09, 0.044368598610162735
v,-0.012801313772797585, -1.973744057082172e-09, 0.04515399783849716
v,-0.01437448151409626, -2.010845934208305e-09, 0.046002794057130814
v,-0.01588720828294754, -2.0507195941377176e-09, 0.04691499099135399
v,-0.017339497804641724, -2.0933643707365945e-09, 0.047890592366456985
v,-0.01873135007917881, -2.1387804860495407e-09, 0.04892959073185921
v,-0.0200627613812685, -2.1869677180319513e-09, 0.05003198981285095
v,-0.021333737298846245, -2.237926510773036e-09, 0.05119779333472252
v,-0.022544274106621742, -2.2916568642727952e-09, 0.05242699384689331
v,-0.023694375529885292, -2.3481583344420187e-09, 0.053719598799943924
v,-0.024784035980701447, -2.4074309212807066e-09, 0.055075597018003464
v,-0.025813259184360504, -2.4694748468334637e-09, 0.056494999676942825
v,-0.026782047003507614, -2.534290777234105e-09, 0.057977814227342606
v,-0.0276815053075552, -2.601204363017473e-09, 0.05950861796736717
v,-0.028502751141786575, -2.6695421428968302e-09, 0.06107200309634209
v,-0.029245782643556595, -2.7393047830059913e-09, 0.06266798824071884
v,-0.029910599812865257, -2.8104916172111416e-09, 0.06429655104875565
v,-0.030497204512357712, -2.883103089601491e-09, 0.06595771014690399
v,-0.03100559487938881, -2.957138978132434e-09, 0.06765145063400269
v,-0.0314357727766037, -3.0325995048485765e-09, 0.06937778741121292
v,-0.03178773447871208, -3.109484447705313e-09, 0.0711367055773735
v,-0.03206148371100426, -3.1877938067026435e-09, 0.07292822003364563
v,-0.032257016748189926, -3.267527803885173e-09, 0.0747523233294487
v,-0.03237433731555939, -3.3486862172082965e-09, 0.07660900801420212
v,-0.03241344541311264, -3.431269490761224e-09, 0.07849829643964767
v,-0.03239300474524498, -3.4925364822413485e-09, 0.07989992201328278
v,-0.0323316752910614, -3.5532599085286165e-09, 0.08128910511732101
v,-0.0322294645011425, -3.6134391034892133e-09, 0.08266585320234299
v,-0.03208636865019798, -3.6730745112123486e-09, 0.0840301439166069
v,-0.031902387738227844, -3.7321661316980226e-09, 0.08538200706243515
v,-0.031677525490522385, -3.790713520857025e-09, 0.08672141283750534
v,-0.03141177445650101, -3.8487173448231715e-09, 0.08804839104413986
v,-0.03110514022409916, -3.9061771595072514e-09, 0.08936291188001633
v,-0.030757620930671692, -3.963092964909265e-09, 0.09066499769687653
v,-0.030369218438863754, -4.019465205118422e-09, 0.09195464104413986
v,-0.029939930886030197, -4.075292991956303e-09, 0.09323183447122574
v,-0.02946975827217102, -4.1305772136013275e-09, 0.09449658542871475
v,-0.0289616659283638, -4.184980806343219e-09, 0.09574119746685028
v,-0.028418611735105515, -4.238166706471702e-09, 0.09695795178413391
v,-0.027840599417686462, -4.290135802165196e-09, 0.09814686328172684
v,-0.027227628976106644, -4.340887205245281e-09, 0.09930792450904846
v,-0.02657969668507576, -4.390421803890376e-09, 0.10044113546609879
v,-0.02589680626988411, -4.438738709922063e-09, 0.1015465036034584
v,-0.025178957730531693, -4.485838367429551e-09, 0.10262401401996613
v,-0.02442615106701851, -4.53172033232363e-09, 0.10367367416620255
v,-0.02363838255405426, -4.57638549278272e-09, 0.10469549149274826
v,-0.022815654054284096, -4.6198329606284005e-09, 0.10568945854902267
v,-0.021957967430353165, -4.662063179949882e-09, 0.10665557533502579
v,-0.021065322682261467, -4.703077038925585e-09, 0.10759385675191879
v,-0.01935705915093422, -4.775753126295967e-09, 0.10925649851560593
v,-0.017588358372449875, -4.8421098242101834e-09, 0.11077455431222916
v,-0.015759220346808434, -4.902146688579023e-09, 0.11214803904294968
v,-0.013869645074009895, -4.955863719402487e-09, 0.11337693780660629
v,-0.011919630691409111, -5.003260916680574e-09, 0.1144612655043602
v,-0.00990917719900608, -5.044338724502495e-09, 0.1154010221362114
v,-0.007838290184736252, -5.07909714286825e-09, 0.11619619280099869
v,-0.005706962198019028, -5.107535727688628e-09, 0.11684679239988327
v,-0.0035151951014995575, -5.12965447896363e-09, 0.11735280603170395
v,-0.0012629888951778412, -5.145453396693256e-09, 0.11771424859762192
v,0.0010496526956558228, -5.154932924966715e-09, 0.11793112009763718
v,0.0034227296710014343, -5.1580926196947985e-09, 0.11800340563058853
v,0.006217692047357559, -5.1537418777058974e-09, 0.11790386587381363
v,0.008914291858673096, -5.140688319471565e-09, 0.11760523170232773
v,0.01151253655552864, -5.1189319449918e-09, 0.11710751056671143
v,0.014012418687343597, -5.088473198355814e-09, 0.11641069501638412
v,0.016413938254117966, -5.049312079563606e-09, 0.11551479250192642
v,0.018717098981142044, -5.001448144525966e-09, 0.11441979557275772
v,0.020921897143125534, -4.944881837332105e-09, 0.11312570422887802
v,0.023028336465358734, -4.879613602071231e-09, 0.11163254082202911
v,0.025036416947841644, -4.805642550564926e-09, 0.10994028300046921
v,0.026946142315864563, -4.722968682813189e-09, 0.1080489307641983
v,0.028757497668266296, -4.63159288699444e-09, 0.1059584841132164
v,0.030470512807369232, -4.53151338675184e-09, 0.1036689430475235
v,0.03192873299121857, -4.434645983764085e-09, 0.10145287960767746
v,0.03326014429330826, -4.333013503554639e-09, 0.09912779182195663
v,0.0344647541642189, -4.226615057945082e-09, 0.09669367969036102
v,0.0355425626039505, -4.1154510910246245e-09, 0.09415054321289062
v,0.03649357706308365, -3.999521602793266e-09, 0.09149838238954544
v,0.03731778264045715, -3.878826149161796e-09, 0.08873719722032547
v,0.03801519423723221, -3.753365174219425e-09, 0.08586698025465012
v,0.03858579695224762, -3.6231384559215485e-09, 0.08288774639368057
v,0.03902960568666458, -3.4881464383573757e-09, 0.07979948818683624
v,0.0393466055393219, -3.348388455393092e-09, 0.07660219818353653
v,0.03953680396080017, -3.2038649511179074e-09, 0.07329588383436203
v,0.03960020840167999, -3.0545757034872167e-09, 0.06988054513931274
v,0.03956198692321777, -2.932106335507001e-09, 0.06707876920700073
v,0.03944732993841171, -2.8108539940063793e-09, 0.06430484354496002
v,0.03925623744726181, -2.6908191230745615e-09, 0.061558764427900314
v,0.038988709449768066, -2.5720017227115477e-09, 0.058840539306402206
v,0.03864474594593048, -2.454401348828128e-09, 0.0561501570045948
v,0.03822435438632965, -2.3380184455135122e-09, 0.0534876249730587
v,0.03772751986980438, -2.2228527907230955e-09, 0.0508529432117939
v,0.037154242396354675, -2.1089046065014827e-09, 0.0482461117208004
v,0.036504536867141724, -1.996173448759464e-09, 0.045667123049497604
v,0.035778388381004333, -1.8846597615862493e-09, 0.04311598837375641
v,0.0349758118391037, -1.774363433959536e-09, 0.040592703968286514
v,0.034096792340278625, -1.6652845769016267e-09, 0.03809726983308792
v,0.03314667195081711, -1.5580703394135753e-09, 0.035644493997097015
v,0.032130785286426544, -1.4533684256079482e-09, 0.03324919566512108
v,0.03104911744594574, -1.3511788354847454e-09, 0.030911369249224663
v,0.029901690781116486, -1.2515016800662693e-09, 0.028631020337343216
v,0.02868848294019699, -1.154336737307915e-09, 0.02640814520418644
v,0.02740950882434845, -1.059684118231985e-09, 0.024242747575044632
v,0.026064768433570862, -9.675438228384792e-10, 0.022134823724627495
v,0.02465425431728363, -8.779159621497001e-10, 0.020084375515580177
v,0.023177966475486755, -7.908003141210429e-10, 0.01809140108525753
v,0.021635908633470535, -7.061970452859612e-10, 0.016155904158949852
v,0.02002807706594467, -6.241061001333037e-10, 0.014277882874011993
v,0.018354468047618866, -5.445275341742217e-10, 0.012457337230443954
v,0.01722807064652443, -4.934521680155513e-10, 0.011288869194686413
v,0.016095750033855438, -4.446560619708606e-10, 0.010172544978559017
v,0.014957506209611893, -3.9813916052899856e-10, 0.009108361788094044
v,0.013813327997922897, -3.539014359343895e-10, 0.008096321485936642
v,0.012663226574659348, -3.1194297145376026e-10, 0.0071364231407642365
v,0.011507201939821243, -2.7226373933153525e-10, 0.00622866814956069
v,0.010345250368118286, -2.3486371181213883e-10, 0.00537305511534214
v,0.009177375584840775, -1.9974290277335882e-10, 0.004569584969431162
v,0.00800357386469841, -1.6690132609298303e-10, 0.0038182572461664677
v,0.006823848932981491, -1.3633896789322364e-10, 0.0031190719455480576
v,0.005638197064399719, -1.0805584205186847e-10, 0.002472029533237219
v,0.004446621984243393, -8.205209428568949e-11, 0.001877133036032319
v,0.00324438139796257, -5.822383547515741e-11, 0.001332006067968905
v,0.002026733011007309, -3.6467599773271075e-11, 0.0008342813816852868
v,0.0007936805486679077, -1.6783385445306997e-11, 0.0003839591227006167
v,-0.000454779714345932, 8.288027382452601e-13, -1.8960796296596527e-05
v,-0.0017186440527439117, 1.6368968680513518e-11, -0.0003744783462025225
v,-0.00299791619181633, 2.983711194781691e-11, -0.0006825934979133308
v,-0.00429258868098259, 4.123322863702761e-11, -0.0009433063096366823
v,-0.005602672696113586, 5.055732568703952e-11, -0.0011566168395802379
v,-0.006928160786628723, 5.780940309785265e-11, -0.0013225249713286757
v,-0.008269054815173149, 6.298945393057309e-11, -0.001441030646674335
v,-0.009625354781746864, 6.60974816546478e-11, -0.0015121340984478593
v,-0.010997064411640167, 6.713353484233409e-11, -0.0015358361415565014
v,-0.012454980984330177, 6.607162039706793e-11, -0.0015115424757823348
v,-0.013870829716324806, 6.288588400016337e-11, -0.0014386613620445132
v,-0.015244610607624054, 5.757632912106736e-11, -0.0013171928003430367
v,-0.016576319932937622, 5.014294535143904e-11, -0.001147136907093227
v,-0.01786595955491066, 4.0585743099619265e-11, -0.0009284935076721013
v,-0.019113529473543167, 2.8904715426714134e-11, -0.0006612627767026424
v,-0.020319031551480293, 1.5099865802170598e-11, -0.0003454446268733591
v,-0.02148246206343174, -8.288078339954708e-13, 1.8960912711918354e-05
v,-0.022603824734687805, -1.888130277127864e-11, 0.0004319538420531899
v,-0.02368311770260334, -3.9057621720184343e-11, 0.0008935341611504555
v,-0.024720339104533195, -6.13577660901754e-11, 0.0014037019573152065
v,-0.02571549266576767, -8.578173588125182e-11, 0.0019624573178589344
v,-0.026649024337530136, -1.1181151837735825e-10, 0.002557949395850301
v,-0.02750137634575367, -1.3892911820967413e-10, 0.003178327577188611
v,-0.028272554278373718, -1.6713452843930554e-10, 0.0038235920947045088
v,-0.028962552547454834, -1.964277490662525e-10, 0.00449374271556735
v,-0.029571376740932465, -2.2680878009051497e-10, 0.005188779905438423
v,-0.03009902499616146, -2.58277621512093e-10, 0.005908702965825796
v,-0.030545495450496674, -2.9083427333098655e-10, 0.006653512362390757
v,-0.030910789966583252, -3.2447874942498345e-10, 0.007423208095133305
v,-0.031194908544421196, -3.592110220385081e-10, 0.00821779016405344
v,-0.031397849321365356, -3.9503111892713605e-10, 0.00903725903481245
v,-0.03151961416006088, -4.3193901233529175e-10, 0.009881612844765186
v,-0.031560204923152924, -4.699347577741264e-10, 0.010750853456556797
v,-0.031548649072647095, -4.901499206511062e-10, 0.011213323101401329
v,-0.03151398524641991, -5.097693933642233e-10, 0.011662163771688938
v,-0.03145621344447136, -5.287931204023266e-10, 0.012097376398742199
v,-0.03137533366680145, -5.472212127877185e-10, 0.012518961913883686
v,-0.03127134591341019, -5.650535594980965e-10, 0.01292691845446825
v,-0.031144246459007263, -5.82290216044612e-10, 0.013321246020495892
v,-0.03099404089152813, -5.989311269161135e-10, 0.013701947405934334
v,-0.030820727348327637, -6.149764031349036e-10, 0.014069019816815853
v,-0.030624303966760635, -6.304258781675287e-10, 0.01442246325314045
v,-0.030404770746827126, -6.452797740585936e-10, 0.014762279577553272
v,-0.030162129551172256, -6.595378687634934e-10, 0.015088467858731747
v,-0.029896380379796028, -6.732001622822281e-10, 0.015401023440063
v,-0.02961285412311554, -6.860078616277576e-10, 0.0156940296292305
v,-0.029316887259483337, -6.977017852349832e-10, 0.015961555764079094
v,-0.029008474200963974, -7.082820996373584e-10, 0.016203604638576508
v,-0.028687620535492897, -7.177486383014298e-10, 0.01642017439007759
v,-0.028354322537779808, -7.261014567383484e-10, 0.016611265018582344
v,-0.028008580207824707, -7.333405549481142e-10, 0.016776876524090767
v,-0.027650397270917892, -7.394659884418786e-10, 0.01691701076924801
v,-0.027279771864414215, -7.444777017084903e-10, 0.01703166402876377
v,-0.026896700263023376, -7.483756947479492e-10, 0.017120840027928352
v,-0.026501189917325974, -7.511599675602554e-10, 0.017184536904096603
v,-0.02609323337674141, -7.528305201454089e-10, 0.017222754657268524
v,-0.025672830641269684, -7.533874080145608e-10, 0.017235493287444115
v,-0.025390196591615677, -7.531801848870145e-10, 0.01723075471818447
v,-0.025111114606261253, -7.525586265266782e-10, 0.017216533422470093
v,-0.024835586547851562, -7.51522566400098e-10, 0.01719283126294613
v,-0.024563616141676903, -7.500721155295764e-10, 0.01715965010225773
v,-0.024295199662446976, -7.482073294262648e-10, 0.017116988077759743
v,-0.02403033897280693, -7.459280970678606e-10, 0.01706484518945217
v,-0.023769034072756767, -7.432345294766662e-10, 0.017003223299980164
v,-0.023511284962296486, -7.401264601192281e-10, 0.01693212054669857
v,-0.023257089778780937, -7.366040555289999e-10, 0.016851535066962242
v,-0.02300644852221012, -7.326672046836791e-10, 0.016761472448706627
v,-0.022759364917874336, -7.283159075832657e-10, 0.016661925241351128
v,-0.022515835240483284, -7.235502752500622e-10, 0.01655290089547634
v,-0.022250086069107056, -7.171399030170278e-10, 0.01640624925494194
v,-0.021993223577737808, -7.103411192588283e-10, 0.01625071093440056
v,-0.02174525149166584, -7.031538129531612e-10, 0.016086284071207047
v,-0.021506164222955704, -6.955779285888752e-10, 0.015912968665361404
v,-0.021275967359542847, -6.876136326994242e-10, 0.01573076657950878
v,-0.02105465717613697, -6.792607587513544e-10, 0.015539675019681454
v,-0.020842235535383224, -6.705194732781194e-10, 0.015339696779847145
v,-0.02063870243728161, -6.613896097462657e-10, 0.015130829997360706
v,-0.020444056019186974, -6.518712236669444e-10, 0.014913074672222137
v,-0.02025829814374447, -6.419643705513067e-10, 0.014686432667076588
v,-0.020081428810954094, -6.316689948882015e-10, 0.014450902119278908
v,-0.01991344429552555, -6.209851521887799e-10, 0.014206483960151672
v,-0.019746648147702217, -6.093947568786007e-10, 0.0139413271099329
v,-0.019573332741856575, -5.963798899166761e-10, 0.013643580488860607
v,-0.019393498077988625, -5.81940495791855e-10, 0.013313245959579945
v,-0.019207147881388664, -5.660765745041374e-10, 0.012950322590768337
v,-0.019014278426766396, -5.487881260535232e-10, 0.012554808519780636
v,-0.018814893439412117, -5.300751504400125e-10, 0.01212670560926199
v,-0.01860898919403553, -5.099377031747565e-10, 0.011666013859212399
v,-0.018396565690636635, -4.88375728746604e-10, 0.011172733269631863
v,-0.01817762665450573, -4.6538919939997925e-10, 0.010646863840520382
v,-0.017952168360352516, -4.409781706460336e-10, 0.010088404640555382
v,-0.017720194533467293, -4.1514264248476707e-10, 0.009497356601059437
v,-0.01748170517385006, -3.878826149161796e-10, 0.008873719722032547
v,-0.01722010411322117, -3.581490937154541e-10, 0.00819349568337202
v,-0.016947243362665176, -3.2986599562967456e-10, 0.007546454202383757
v,-0.01666312664747238, -3.030332929032653e-10, 0.0069325934164226055
v,-0.016367750242352486, -2.7765101329180197e-10, 0.006351914256811142
v,-0.016061116009950638, -2.5371912903970895e-10, 0.005804417189210653
v,-0.015743223950266838, -2.3123769565813745e-10, 0.005290101747959852
v,-0.015414074063301086, -2.1020665763593627e-10, 0.004808967467397451
v,-0.015073666349053383, -1.90626042728681e-10, 0.0043610152788460255
v,-0.014721998944878578, -1.7249582318079604e-10, 0.003946244250983
v,-0.01435907557606697, -1.558160406256448e-10, 0.0035646555479615927
v,-0.013984892517328262, -1.4058666730765168e-10, 0.003216248005628586
v,-0.013599453493952751, -1.2680778649354352e-10, 0.0029010239522904158
v,-0.013196829706430435, -1.1429794610773314e-10, 0.0026148322504013777
v,-0.01277109794318676, -1.028759230581322e-10, 0.0023535266518592834
v,-0.012322256341576576, -9.25417104058468e-11, 0.0021171073894947767
v,-0.011850306764245033, -8.329530815087693e-11, 0.0019055744633078575
v,-0.011355249211192131, -7.513672323211651e-11, 0.001718927756883204
v,-0.01083708181977272, -6.806594177177772e-11, 0.0015571672702208161
v,-0.01029580645263195, -6.208298458654227e-11, 0.001420293003320694
v,-0.009731421247124672, -5.718783085972845e-11, 0.0013083050725981593
v,-0.009143928065896034, -5.338049099967712e-11, 0.0012212032452225685
v,-0.008533326908946037, -5.066096500638828e-11, 0.0011589877540245652
v,-0.007899615913629532, -4.9029249410414977e-11, 0.0011216584825888276
v,-0.007242795079946518, -4.848532686452245e-11, 0.0011092149652540684
v,-0.005396474152803421, -5.281067250173521e-11, 0.0012081674067303538
v,-0.0035833343863487244, -6.57867163522674e-11, 0.0015050246147438884
v,-0.001803375780582428, -8.741345841611903e-11, 0.0019997868221253157
v,-5.659833550453186e-05, -1.1769088481550227e-10, 0.0026924535632133484
v,0.001656997948884964, -1.5661900942820495e-10, 0.003583025187253952
v,0.003337409347295761, -2.0419783919312096e-10, 0.00467150192707777
v,0.004984639585018158, -2.604273463546747e-10, 0.005957883317023516
v,0.0065986886620521545, -3.2530758642401736e-10, 0.007442169822752476
v,0.00817955657839775, -3.9883849001220995e-10, 0.009124360978603363
v,0.009727243334054947, -4.810201126304037e-10, 0.011004457250237465
v,0.011241745203733444, -5.718524542785985e-10, 0.013082458637654781
v,0.01272306963801384, -6.713353206677652e-10, 0.015358361415565014
v,0.014183659106492996, -7.787955835780735e-10, 0.01781676523387432
v,0.015550624579191208, -8.898300429827088e-10, 0.020356938242912292
v,0.016823969781398773, -1.0044388654151248e-09, 0.022978881374001503
v,0.018003694713115692, -1.1226217733195654e-09, 0.025682592764496803
v,0.019089799374341965, -1.2443790442517866e-09, 0.028468072414398193
v,0.02008228749036789, -1.3697104561671836e-09, 0.03133532032370567
v,0.020981155335903168, -1.4986161200880588e-09, 0.03428433835506439
v,0.0217864029109478, -1.6310960360144122e-09, 0.03731512650847435
v,0.022498030215501785, -1.7671503149685464e-09, 0.04042768478393555
v,0.023116037249565125, -1.9067787349058563e-09, 0.04362201318144798
v,0.023640431463718414, -2.049981295826342e-09, 0.04689810797572136
v,0.02560703456401825, -3.498402900703468e-09, 0.08003412932157516
v,0.025565549731254578, -3.6127785207895613e-09, 0.08265073597431183
v,0.02544112503528595, -3.723424457646729e-09, 0.08518201857805252
v,0.025233738124370575, -3.830340489230366e-09, 0.08762797713279724
v,0.02494339644908905, -3.933527281674287e-09, 0.08998861163854599
v,0.024570107460021973, -4.0329846129338875e-09, 0.09226392954587936
v,0.024113856256008148, -4.128712038919957e-09, 0.09445391595363617
v,0.02357465773820877, -4.220709559632496e-09, 0.096558578312397
v,0.022952500730752945, -4.308977619160714e-09, 0.09857791662216187
v,0.022247392684221268, -4.393516217504612e-09, 0.10051193088293076
v,0.02145932987332344, -4.474325354664188e-09, 0.10236062854528427
v,0.020588308572769165, -4.551404586550234e-09, 0.10412400215864182
v,0.019634336233139038, -4.624754357251959e-09, 0.10580205172300339
v,0.018587928265333176, -4.694452382381087e-09, 0.10739654302597046
v,0.017496488988399506, -4.758089033884971e-09, 0.10885238647460938
v,0.016360018402338028, -4.815665199942032e-09, 0.11016958206892014
v,0.015178520232439041, -4.867180880552269e-09, 0.11134811490774155
v,0.013951979577541351, -4.912635631626472e-09, 0.1123880073428154
v,0.012680411338806152, -4.952029897253851e-09, 0.1132892370223999
v,0.011363808065652847, -4.985363677434407e-09, 0.11405181884765625
v,0.010002177208662033, -5.012636528078929e-09, 0.11467575281858444
v,0.008595515042543411, -5.033848449187417e-09, 0.11516102403402328
v,0.007143814116716385, -5.048999884849081e-09, 0.11550765484571457
v,0.005647085607051849, -5.058090835063922e-09, 0.1157156229019165
v,0.004105325788259506, -5.0611221880103585e-09, 0.11578498035669327
v,0.003327038139104843, -5.060306396131864e-09, 0.11576630920171738
v,0.0025564543902873993, -5.05785902049638e-09, 0.1157103180885315
v,0.0017935708165168762, -5.053779172925488e-09, 0.11561699211597443
v,0.0010383911430835724, -5.048068185686816e-09, 0.11548633873462677
v,0.00029091909527778625, -5.040725614691155e-09, 0.11531835794448853
v,-0.00044885650277137756, -5.031751015849295e-09, 0.1151130422949791
v,-0.0011809282004833221, -5.021145277339656e-09, 0.11487040668725967
v,-0.001905292272567749, -5.008907066894608e-09, 0.11459042876958847
v,-0.002621956169605255, -4.995037272692571e-09, 0.11427313089370728
v,-0.003330916166305542, -4.979536338822754e-09, 0.11391850560903549
v,-0.004032175987958908, -4.962403377106739e-09, 0.11352654546499252
v,-0.004725731909275055, -4.9436383875445244e-09, 0.11309726536273956
v,-0.00540803000330925, -4.9233199739262545e-09, 0.11263243108987808
v,-0.006075512617826462, -4.901524963685233e-09, 0.11213381588459015
v,-0.006728183478116989, -4.87825335682146e-09, 0.11160142719745636
v,-0.007366042584180832, -4.853505597424146e-09, 0.11103526502847672
v,-0.00798908993601799, -4.82728168549329e-09, 0.11043532937765121
v,-0.008597321808338165, -4.799581621028892e-09, 0.10980162769556046
v,-0.009190740063786507, -4.770404959941743e-09, 0.10913413763046265
v,-0.009769344702363014, -4.7397517022318425e-09, 0.10843288153409958
v,-0.010333137586712837, -4.7076222919884e-09, 0.10769784450531006
v,-0.010882116854190826, -4.674017173300626e-09, 0.10692904144525528
v,-0.011416280642151833, -4.638935457990101e-09, 0.10612646490335464
v,-0.011935630813241005, -4.602376701967614e-09, 0.10529010742902756
v,-0.012452909722924232, -4.564342237500796e-09, 0.10441996902227402
v,-0.0129524115473032, -4.524831176411226e-09, 0.10351606458425522
v,-0.013434136286377907, -4.483843962788114e-09, 0.10257839411497116
v,-0.013898087665438652, -4.441380596631461e-09, 0.10160694271326065
v,-0.014344261959195137, -4.397440633852057e-09, 0.10060171037912369
v,-0.014772659167647362, -4.3520245185391104e-09, 0.09956271201372147
v,-0.015183281153440475, -4.305131806603413e-09, 0.09848993271589279
v,-0.015576127916574478, -4.256763386223383e-09, 0.09738338738679886
v,-0.01595119945704937, -4.2069183692206025e-09, 0.09624306857585907
v,-0.01630849577486515, -4.15559675559507e-09, 0.09506896883249283
v,-0.01664801500737667, -4.102798989435996e-09, 0.09386109560728073
v,-0.01696975901722908, -4.048525070743381e-09, 0.09261944890022278
v,-0.01726957969367504, -3.9935774687194225e-09, 0.09136240184307098
v,-0.017543328925967216, -3.938759540744741e-09, 0.09010831266641617
v,-0.017791004851460457, -3.884071286819335e-09, 0.08885718882083893
v,-0.01801261119544506, -3.829512262853996e-09, 0.08760902285575867
v,-0.01820814609527588, -3.775082912937933e-09, 0.08636382222175598
v,-0.01837760955095291, -3.720782792981936e-09, 0.08512158691883087
v,-0.018521001562476158, -3.6666123470752154e-09, 0.08388230949640274
v,-0.01863832212984562, -3.6125713531731662e-09, 0.08264599740505219
v,-0.018729573115706444, -3.5586598112757883e-09, 0.08141264319419861
v,-0.018794750794768333, -3.5048777213830817e-09, 0.08018225431442261
v,-0.018833857029676437, -3.4512253055396513e-09, 0.07895483076572418
v,-0.018846893683075905, -3.397702785790102e-09, 0.07773037999868393
v,-0.018833264708518982, -3.343143761824763e-09, 0.07648221403360367
v,-0.018792379647493362, -3.2888696210875423e-09, 0.07524056732654572
v,-0.018724238499999046, -3.2348805856230456e-09, 0.07400543987751007
v,-0.018628841266036034, -3.1811762113420627e-09, 0.07277682423591614
v,-0.018506187945604324, -3.1277567202891987e-09, 0.07155473530292511
v,-0.01835627853870392, -3.0746225565536633e-09, 0.07033916562795639
v,-0.018179113045334816, -3.021773054001642e-09, 0.06913010776042938
v,-0.017974689602851868, -2.969208434677739e-09, 0.06792756915092468
v,-0.017743010073900223, -2.9169286985819554e-09, 0.06673154979944229
v,-0.01748407445847988, -2.8649340677588953e-09, 0.06554204970598221
v,-0.017197882756590843, -2.813224098119349e-09, 0.06435906141996384
v,-0.01688443496823311, -2.7617990117079216e-09, 0.06318259239196777
v,-0.016547879204154015, -2.711280533418403e-09, 0.062026865780353546
v,-0.01619236171245575, -2.6622899440553738e-09, 0.06090609356760979
v,-0.015817882493138313, -2.6148276877080434e-09, 0.05982028320431709
v,-0.015424443408846855, -2.568893320287202e-09, 0.058769430965185165
v,-0.015012042596936226, -2.524487507926665e-09, 0.0577535405755043
v,-0.014580681920051575, -2.4816095844926167e-09, 0.05677260830998421
v,-0.014130357652902603, -2.4402597720296626e-09, 0.05582663416862488
v,-0.013661075383424759, -2.4004380705378026e-09, 0.054915618151426315
v,-0.013172829523682594, -2.3621442579724317e-09, 0.05403956398367882
v,-0.012665623798966408, -2.3253790004673647e-09, 0.05319846794009209
v,-0.0121394582092762, -2.290141631888787e-09, 0.05239233374595642
v,-0.011594332754611969, -2.256432596325908e-09, 0.05162115767598152
v,-0.010616658255457878, -2.2022232926133256e-09, 0.05038099363446236
v,-0.009589212015271187, -2.1527277738186967e-09, 0.04924866929650307
v,-0.008511994034051895, -2.1079462619866263e-09, 0.04822418838739395
v,-0.007385004311800003, -2.0678785350725093e-09, 0.04730754718184471
v,-0.006208240985870361, -2.032524593076346e-09, 0.04649874195456505
v,-0.004981707781553268, -2.0018846580427407e-09, 0.04579778015613556
v,-0.0037053972482681274, -1.975958507927089e-09, 0.045204658061265945
v,-0.0023793168365955353, -1.954746142729391e-09, 0.044719379395246506
v,-0.0010034628212451935, -1.9382477844942514e-09, 0.04434193670749664
v,0.00042216479778289795, -1.9264629891324603e-09, 0.044072337448596954
v,0.0018975622951984406, -1.9193922007332276e-09, 0.04391057416796684
v,0.0034227296710014343, -1.9170351972519484e-09, 0.043856654316186905
v,0.004742886871099472, -1.9190555811121612e-09, 0.04390287026762962
v,0.0060298629105091095, -1.92511628860359e-09, 0.044041525572538376
v,0.007283654063940048, -1.9352173197262346e-09, 0.044272612780332565
v,0.008504264056682587, -1.9493588965247e-09, 0.04459613189101219
v,0.009691692888736725, -1.967541018998986e-09, 0.04501209035515785
v,0.010845940560102463, -1.989763465104488e-09, 0.04552048072218895
v,0.0119670070707798, -2.016026234841206e-09, 0.046121302992105484
v,0.013054896146059036, -2.046329550253745e-09, 0.046814560890197754
v,0.014109600335359573, -2.0806731892974994e-09, 0.04760025441646576
v,0.015131119638681412, -2.1190575960616798e-09, 0.0484783835709095
v,0.01611946150660515, -2.161482104412471e-09, 0.049448948353528976
v,0.01707460731267929, -2.207947380483688e-09, 0.05051194503903389
v,0.017744164913892746, -2.244816332819255e-09, 0.05135541036725044
v,0.018387649208307266, -2.283317090956416e-09, 0.05223620682954788
v,0.01900506392121315, -2.323449654895171e-09, 0.05315433070063591
v,0.019596409052610397, -2.3652140246355202e-09, 0.05410978943109512
v,0.02016168087720871, -2.4086099781328585e-09, 0.05510256811976433
v,0.020700883120298386, -2.453637515387186e-09, 0.05613268166780472
v,0.021214012056589127, -2.5002968584431073e-09, 0.057200122624635696
v,0.02170107141137123, -2.548588007300623e-09, 0.05830489471554756
v,0.0221620611846447, -2.5985107399151275e-09, 0.059446997940540314
v,0.022596977651119232, -2.650065278331226e-09, 0.060626424849033356
v,0.02300582453608513, -2.703251400504314e-09, 0.061843182891607285
v,0.02338860183954239, -2.758069328478996e-09, 0.0630972683429718
v,0.023742929100990295, -2.8142081998083768e-09, 0.06438157707452774
v,0.02406645566225052, -2.8713571520455616e-09, 0.06568899005651474
v,0.024359166622161865, -2.9295161851905505e-09, 0.0670195147395134
v,0.024621061980724335, -2.988685521287948e-09, 0.06837315112352371
v,0.024852149188518524, -3.048864716248545e-09, 0.06974989175796509
v,0.025052428245544434, -3.1100542141615506e-09, 0.07114974409341812
v,0.025221891701221466, -3.1722537929823602e-09, 0.07257270067930222
v,0.02536053955554962, -3.235463452710974e-09, 0.07401876896619797
v,0.025468386709690094, -3.2996831933473914e-09, 0.07548794895410538
v,0.025545410811901093, -3.364913014891613e-09, 0.07698023319244385
v,0.02559162676334381, -3.4311529173436384e-09, 0.07849562913179398
i,95,97,96
i,94,97,95
i,94,98,97
i,93,98,94
i,93,99,98
i,92,99,93
i,92,100,99
i,91,100,92
i,91,101,100
i,90,325,91
i,325,324,91
i,324,101,91
i,323,101,324
i,90,326,325
i,322,101,323
i,90,327,326
i,90,328,327
i,322,102,101
i,321,102,322
i,90,329,328
i,89,329,90
i,89,330,329
i,320,102,321
i,89,331,330
i,89,332,331
i,319,102,320
i,89,333,332
i,88,333,89
i,319,103,102
i,88,334,333
i,318,103,319
i,88,335,334
i,88,336,335
i,87,336,88
i,317,103,318
i,317,104,103
i,87,337,336
i,87,338,337
i,316,104,317
i,86,338,87
i,86,339,338
i,316,105,104
i,86,340,339
i,315,105,316
i,86,341,340
i,85,341,86
i,85,342,341
i,314,105,315
i,314,106,105
i,85,343,342
i,84,343,85
i,84,344,343
i,313,106,314
i,84,345,344
i,313,107,106
i,84,346,345
i,83,346,84
i,312,107,313
i,83,347,346
i,82,347,83
i,82,348,347
i,312,108,107
i,311,108,312
i,81,348,82
i,81,349,348
i,80,349,81
i,80,350,349
i,310,108,311
i,79,350,80
i,310,109,108
i,79,351,350
i,78,351,79
i,78,352,351
i,309,109,310
i,78,353,352
i,77,353,78
i,309,110,109
i,77,354,353
i,308,110,309
i,76,354,77
i,76,355,354
i,75,355,76
i,308,111,110
i,307,111,308
i,75,356,355
i,74,356,75
i,74,357,356
i,73,357,74
i,307,112,111
i,306,112,307
i,73,358,357
i,72,358,73
i,72,359,358
i,71,359,72
i,305,112,306
i,305,113,112
i,71,360,359
i,70,360,71
i,70,361,360
i,304,113,305
i,69,361,70
i,304,114,113
i,69,362,361
i,68,362,69
i,68,363,362
i,303,114,304
i,67,363,68
i,67,364,363
i,303,115,114
i,66,364,67
i,302,115,303
i,66,365,364
i,65,365,66
i,65,366,365
i,302,116,115
i,64,366,65
i,301,116,302
i,64,367,366
i,63,367,64
i,63,368,367
i,301,117,116
i,62,368,63
i,300,117,301
i,62,369,368
i,62,370,369
i,61,370,62
i,61,371,370
i,443,117,300
i,60,371,61
i,443,118,117
i,60,372,371
i,59,372,60
i,442,118,443
i,59,373,372
i,441,118,442
i,58,373,59
i,441,119,118
i,58,374,373
i,440,119,441
i,58,375,374
i,57,375,58
i,439,119,440
i,57,376,375
i,439,120,119
i,56,376,57
i,56,377,376
i,438,120,439
i,56,378,377
i,437,120,438
i,55,378,56
i,55,379,378
i,437,121,120
i,436,121,437
i,54,379,55
i,54,380,379
i,435,121,436
i,54,381,380
i,53,381,54
i,435,122,121
i,434,122,435
i,53,382,381
i,52,382,53
i,433,122,434
i,52,383,382
i,432,122,433
i,52,384,383
i,432,123,122
i,51,384,52
i,51,385,384
i,431,123,432
i,50,385,51
i,50,386,385
i,430,123,431
i,430,124,123
i,49,386,50
i,49,387,386
i,429,124,430
i,49,388,387
i,48,388,49
i,428,124,429
i,428,125,124
i,48,389,388
i,427,125,428
i,47,389,48
i,47,390,389
i,426,125,427
i,47,391,390
i,46,391,47
i,426,126,125
i,425,126,426
i,46,392,391
i,424,126,425
i,45,392,46
i,45,393,392
i,423,126,424
i,45,394,393
i,44,394,45
i,423,127,126
i,44,395,394
i,422,127,423
i,43,395,44
i,43,396,395
i,421,127,422
i,43,397,396
i,420,127,421
i,42,397,43
i,420,0,127
i,0,128,127
i,419,0,420
i,42,398,397
i,419,1,0
i,299,128,0
i,41,398,42
i,419,2,1
i,418,2,419
i,41,399,398
i,40,399,41
i,418,3,2
i,417,3,418
i,299,129,128
i,40,400,399
i,417,4,3
i,39,400,40
i,416,4,417
i,416,5,4
i,39,401,400
i,38,401,39
i,298,129,299
i,415,5,416
i,415,6,5
i,38,402,401
i,415,7,6
i,414,7,415
i,37,402,38
i,37,403,402
i,298,130,129
i,414,8,7
i,413,8,414
i,37,404,403
i,413,9,8
i,36,404,37
i,412,9,413
i,36,405,404
i,412,10,9
i,411,10,412
i,35,405,36
i,35,406,405
i,410,10,411
i,410,11,10
i,35,407,406
i,409,11,410
i,35,408,407
i,408,11,409
i,34,408,35
i,34,11,408
i,34,12,11
i,297,130,298
i,34,13,12
i,33,13,34
i,33,14,13
i,297,131,130
i,32,14,33
i,32,15,14
i,31,15,32
i,31,16,15
i,30,16,31
i,30,17,16
i,29,17,30
i,29,18,17
i,29,19,18
i,28,19,29
i,28,20,19
i,27,20,28
i,27,21,20
i,26,21,27
i,26,22,21
i,25,22,26
i,25,23,22
i,24,23,25
i,297,132,131
i,296,132,297
i,296,133,132
i,295,133,296
i,295,134,133
i,294,134,295
i,294,135,134
i,293,135,294
i,293,136,135
i,293,137,136
i,292,137,293
i,292,138,137
i,291,138,292
i,291,139,138
i,290,139,291
i,290,140,139
i,289,140,290
i,289,141,140
i,289,142,141
i,288,142,289
i,215,217,216
i,215,218,217
i,214,218,215
i,214,219,218
i,214,220,219
i,213,220,214
i,213,221,220
i,212,221,213
i,212,222,221
i,212,223,222
i,211,223,212
i,211,224,223
i,211,225,224
i,210,225,211
i,210,226,225
i,209,226,210
i,209,227,226
i,209,228,227
i,208,228,209
i,208,229,228
i,207,229,208
i,207,230,229
i,207,231,230
i,206,231,207
i,288,143,142
i,206,232,231
i,205,232,206
i,205,233,232
i,205,234,233
i,204,234,205
i,204,235,234
i,203,235,204
i,287,143,288
i,203,236,235
i,203,237,236
i,202,237,203
i,202,238,237
i,201,238,202
i,201,239,238
i,201,240,239
i,200,240,201
i,287,144,143
i,200,241,240
i,199,241,200
i,199,242,241
i,198,242,199
i,198,243,242
i,197,243,198
i,197,244,243
i,286,144,287
i,197,245,244
i,196,245,197
i,196,246,245
i,195,246,196
i,286,145,144
i,195,247,246
i,194,247,195
i,194,248,247
i,193,248,194
i,286,146,145
i,192,248,193
i,192,249,248
i,285,146,286
i,191,249,192
i,191,250,249
i,285,147,146
i,191,251,250
i,190,251,191
i,190,252,251
i,284,147,285
i,284,148,147
i,189,252,190
i,189,253,252
i,188,253,189
i,188,254,253
i,284,149,148
i,188,255,254
i,283,149,284
i,187,255,188
i,283,150,149
i,187,256,255
i,186,256,187
i,186,257,256
i,283,151,150
i,282,151,283
i,185,257,186
i,185,258,257
i,282,152,151
i,185,259,258
i,184,259,185
i,184,260,259
i,281,152,282
i,281,153,152
i,183,260,184
i,183,261,260
i,183,262,261
i,182,262,183
i,281,154,153
i,280,154,281
i,182,263,262
i,182,264,263
i,181,264,182
i,280,155,154
i,181,265,264
i,279,155,280
i,181,266,265
i,180,266,181
i,279,156,155
i,180,267,266
i,180,268,267
i,278,156,279
i,179,268,180
i,179,269,268
i,278,157,156
i,179,270,269
i,179,271,270
i,277,157,278
i,179,272,271
i,178,272,179
i,277,158,157
i,178,273,272
i,178,274,273
i,276,158,277
i,178,275,274
i,178,276,275
i,178,158,276
i,177,158,178
i,177,159,158
i,176,159,177
i,176,160,159
i,175,160,176
i,175,161,160
i,174,161,175
i,174,162,161
i,173,162,174
i,173,163,162
i,172,163,173
i,172,164,163
i,171,164,172
i,171,165,164
i,170,165,171
i,170,166,165
i,169,166,170
i,169,167,166
i,168,167,169
n,0.0, -5.0, -2.1855693432826229e-07
n,0.0, -5.0, -2.1855693432826229e-07
n,0.0, -5.0, -2.1855693432826229e-07
n,0.0, -5.0, -2.1855693432826229e-07
n,0.0, -5.0, -2.1855693432826229e-07
n,0.0, -5.0, -2.1855693432826229e-07
n,0.0, -5.0, -2.1855693432826229e-07
n,0.0, -5.0, -2.1855693432826229e-07
n,0.0, -5.0, -2.1855693432826229e-07
n,0.0, -5.0, -2.1855693432826229e-07
n,0.0, -5.0, -2.1855693432826229e-07
n,0.0, -5.0, -2.1855693432826229e-07
n,0.0, -5.0, -2.1855693432826229e-07
n,0.0, -5.0, -2.1855693432826229e-07
n,0.0, -5.0, -2.1855693432826229e-07
n,0.0, -5.0, -2.1855693432826229e-07
n,0.0, -5.0, -2.1855693432826229e-07
n,0.0, -5.0, -2.1855693432826229e-07
n,0.0, -5.0, -2.1855693432826229e-07
n,0.0, -5.0, -2.1855693432826229e-07
n,0.0, -5.0, -2.1855693432826229e-07
n,0.0, -5.0, -2.1855693432826229e-07
n,0.0, -5.0, -2.1855693432826229e-07
n,0.0, -5.0, -2.1855693432826229e-07
n,0.0, -5.0, -2.1855693432826229e-07
n,0.0, -5.0, -2.1855693432826229e-07
n,0.0, -5.0, -2.1855693432826229e-07
n,0.0, -5.0, -2.1855693432826229e-07
n,0.0, -5.0, -2.1855693432826229e-07
n,0.0, -5.0, -2.1855693432826229e-07
n,0.0, -5.0, -2.1855693432826229e-07
n,0.0, -5.0, -2.1855693432826229e-07
n,0.0, -5.0, -2.1855693432826229e-07
n,0.0, -5.0, -2.1855693432826229e-07
n,0.0, -5.0, -2.1855693432826229e-07
n,0.0, -5.0, -2.1855693432826229e-07
n,0.0, -5.0, -2.1855693432826229e-07
n,0.0, -5.0, -2.1855693432826229e-07
n,0.0, -5.0, -2.1855693432826229e-07
n,0.0, -5.0, -2.1855693432826229e-07
n,0.0, -5.0, -2.1855693432826229e-07
n,0.0, -5.0, -2.1855693432826229e-07
n,0.0, -5.0, -2.1855693432826229e-07
n,0.0, -5.0, -2.1855693432826229e-07
n,0.0, -5.0, -2.1855693432826229e-07
n,0.0, -5.0, -2.1855693432826229e-07
n,0.0, -5.0, -2.1855693432826229e-07
n,0.0, -5.0, -2.1855693432826229e-07
n,0.0, -5.0, -2.1855693432826229e-07
n,0.0, -5.0, -2.1855693432826229e-07
n,0.0, -5.0, -2.1855693432826229e-07
n,0.0, -5.0, -2.1855693432826229e-07
n,0.0, -5.0, -2.1855693432826229e-07
n,0.0, -5.0, -2.1855693432826229e-07
n,0.0, -5.0, -2.1855693432826229e-07
n,0.0, -5.0, -2.1855693432826229e-07
n,0.0, -5.0, -2.1855693432826229e-07
n,0.0, -5.0, -2.1855693432826229e-07
n,0.0, -5.0, -2.1855693432826229e-07
n,0.0, -5.0, -2.1855693432826229e-07
n,0.0, -5.0, -2.1855693432826229e-07
n,0.0, -5.0, -2.1855693432826229e-07
n,0.0, -5.0, -2.1855693432826229e-07
n,0.0, -5.0, -2.1855693432826229e-07
n,0.0, -5.0, -2.1855693432826229e-07
n,0.0, -5.0, -2.1855693432826229e-07
n,0.0, -5.0, -2.1855693432826229e-07
n,0.0, -5.0, -2.1855693432826229e-07
n,0.0, -5.0, -2.1855693432826229e-07
n,0.0, -5.0, -2.1855693432826229e-07
n,0.0, -5.0, -2.1855693432826229e-07
n,0.0, -5.0, -2.1855693432826229e-07
n,0.0, -5.0, -2.1855693432826229e-07
n,0.0, -5.0, -2.1855693432826229e-07
n,0.0, -5.0, -2.1855693432826229e-07
n,0.0, -5.0, -2.1855693432826229e-07
n,0.0, -5.0, -2.1855693432826229e-07
n,0.0, -5.0, -2.1855693432826229e-07
n,0.0, -5.0, -2.1855693432826229e-07
n,0.0, -5.0, -2.1855693432826229e-07
n,0.0, -5.0, -2.1855693432826229e-07
n,0.0, -5.0, -2.1855693432826229e-07
n,0.0, -5.0, -2.1855693432826229e-07
n,0.0, -5.0, -2.1855693432826229e-07
n,0.0, -5.0, -2.1855693432826229e-07
n,0.0, -5.0, -2.1855693432826229e-07
n,0.0, -5.0, -2.1855693432826229e-07
n,0.0, -5.0, -2.1855693432826229e-07
n,0.0, -5.0, -2.1855693432826229e-07
n,0.0, -5.0, -2.1855693432826229e-07
n,0.0, -5.0, -2.1855693432826229e-07
n,0.0, -5.0, -2.1855693432826229e-07
n,0.0, -5.0, -2.1855693432826229e-07
n,0.0, -5.0, -2.1855693432826229e-07
n,0.0, -5.0, -2.1855693432826229e-07
n,0.0, -5.0, -2.1855693432826229e-07
n,0.0, -5.0, -2.1855693432826229e-07
n,0.0, -5.0, -2.1855693432826229e-07
n,0.0, -5.0, -2.1855693432826229e-07
n,0.0, -5.0, -2.1855693432826229e-07
n,0.0, -5.0, -2.1855693432826229e-07
n,0.0, -5.0, -2.1855693432826229e-07
n,0.0, -5.0, -2.1855693432826229e-07
n,0.0, -5.0, -2.1855693432826229e-07
n,0.0, -5.0, -2.1855693432826229e-07
n,0.0, -5.0, -2.1855693432826229e-07
n,0.0, -5.0, -2.1855693432826229e-07
n,0.0, -5.0, -2.1855693432826229e-07
n,0.0, -5.0, -2.1855693432826229e-07
n,0.0, -5.0, -2.1855693432826229e-07
n,0.0, -5.0, -2.1855693432826229e-07
n,0.0, -5.0, -2.1855693432826229e-07
n,0.0, -5.0, -2.1855693432826229e-07
n,0.0, -5.0, -2.1855693432826229e-07
n,0.0, -5.0, -2.1855693432826229e-07
n,0.0, -5.0, -2.1855693432826229e-07
n,0.0, -5.0, -2.1855693432826229e-07
n,0.0, -5.0, -2.1855693432826229e-07
n,0.0, -5.0, -2.1855693432826229e-07
n,0.0, -5.0, -2.1855693432826229e-07
n,0.0, -5.0, -2.1855693432826229e-07
n,0.0, -5.0, -2.1855693432826229e-07
n,0.0, -5.0, -2.1855693432826229e-07
n,0.0, -5.0, -2.1855693432826229e-07
n,0.0, -5.0, -2.1855693432826229e-07
n,0.0, -5.0, -2.1855693432826229e-07
n,0.0, -5.0, -2.1855693432826229e-07
n,0.0, -5.0, -2.1855693432826229e-07
n,0.0, -5.0, -2.1855693432826229e-07
n,0.0, -5.0, -2.1855693432826229e-07
n,0.0, -5.0, -2.1855693432826229e-07
n,0.0, -5.0, -2.1855693432826229e-07
n,0.0, -5.0, -2.1855693432826229e-07
n,0.0, -5.0, -2.1855693432826229e-07
n,0.0, -5.0, -2.1855693432826229e-07
n,0.0, -5.0, -2.1855693432826229e-07
n,0.0, -5.0, -2.1855693432826229e-07
n,0.0, -5.0, -2.1855693432826229e-07
n,0.0, -5.0, -2.1855693432826229e-07
n,0.0, -5.0, -2.1855693432826229e-07
n,0.0, -5.0, -2.1855693432826229e-07
n,0.0, -5.0, -2.1855693432826229e-07
n,0.0, -5.0, -2.1855693432826229e-07
n,0.0, -5.0, -2.1855693432826229e-07
n,0.0, -5.0, -2.1855693432826229e-07
n,0.0, -5.0, -2.1855693432826229e-07
n,0.0, -5.0, -2.1855693432826229e-07
n,0.0, -5.0, -2.1855693432826229e-07
n,0.0, -5.0, -2.1855693432826229e-07
n,0.0, -5.0, -2.1855693432826229e-07
n,0.0, -5.0, -2.1855693432826229e-07
n,0.0, -5.0, -2.1855693432826229e-07
n,0.0, -5.0, -2.1855693432826229e-07
n,0.0, -5.0, -2.1855693432826229e-07
n,0.0, -5.0, -2.1855693432826229e-07
n,0.0, -5.0, -2.1855693432826229e-07
n,0.0, -5.0, -2.1855693432826229e-07
n,0.0, -5.0, -2.1855693432826229e-07
n,0.0, -5.0, -2.1855693432826229e-07
n,0.0, -5.0, -2.1855693432826229e-07
n,0.0, -5.0, -2.1855693432826229e-07
n,0.0, -5.0, -2.1855693432826229e-07
n,0.0, -5.0, -2.1855693432826229e-07
n,0.0, -5.0, -2.1855693432826229e-07
n,0.0, -5.0, -2.1855693432826229e-07
n,0.0, -5.0, -2.1855693432826229e-07
n,0.0, -5.0, -2.1855693432826229e-07
n,0.0, -5.0, -2.1855693432826229e-07
n,0.0, -5.0, -2.1855693432826229e-07
n,0.0, -5.0, -2.1855693432826229e-07
n,0.0, -5.0, -2.1855693432826229e-07
n,0.0, -5.0, -2.1855693432826229e-07
n,0.0, -5.0, -2.1855693432826229e-07
n,0.0, -5.0, -2.1855693432826229e-07
n,0.0, -5.0, -2.1855693432826229e-07
n,0.0, -5.0, -2.1855693432826229e-07
n,0.0, -5.0, -2.1855693432826229e-07
n,0.0, -5.0, -2.1855693432826229e-07
n,0.0, -5.0, -2.1855693432826229e-07
n,0.0, -5.0, -2.1855693432826229e-07
n,0.0, -5.0, -2.1855693432826229e-07
n,0.0, -5.0, -2.1855693432826229e-07
n,0.0, -5.0, -2.1855693432826229e-07
n,0.0, -5.0, -2.1855693432826229e-07
n,0.0, -5.0, -2.1855693432826229e-07
n,0.0, -5.0, -2.1855693432826229e-07
n,0.0, -5.0, -2.1855693432826229e-07
n,0.0, -5.0, -2.1855693432826229e-07
n,0.0, -5.0, -2.1855693432826229e-07
n,0.0, -5.0, -2.1855693432826229e-07
n,0.0, -5.0, -2.1855693432826229e-07
n,0.0, -5.0, -2.1855693432826229e-07
n,0.0, -5.0, -2.1855693432826229e-07
n,0.0, -5.0, -2.1855693432826229e-07
n,0.0, -5.0, -2.1855693432826229e-07
n,0.0, -5.0, -2.1855693432826229e-07
n,0.0, -5.0, -2.1855693432826229e-07
n,0.0, -5.0, -2.1855693432826229e-07
n,0.0, -5.0, -2.1855693432826229e-07
n,0.0, -5.0, -2.1855693432826229e-07
n,0.0, -5.0, -2.1855693432826229e-07
n,0.0, -5.0, -2.1855693432826229e-07
n,0.0, -5.0, -2.1855693432826229e-07
n,0.0, -5.0, -2.1855693432826229e-07
n,0.0, -5.0, -2.1855693432826229e-07
n,0.0, -5.0, -2.1855693432826229e-07
n,0.0, -5.0, -2.1855693432826229e-07
n,0.0, -5.0, -2.1855693432826229e-07
n,0.0, -5.0, -2.1855693432826229e-07
n,0.0, -5.0, -2.1855693432826229e-07
n,0.0, -5.0, -2.1855693432826229e-07
n,0.0, -5.0, -2.1855693432826229e-07
n,0.0, -5.0, -2.1855693432826229e-07
n,0.0, -5.0, -2.1855693432826229e-07
n,0.0, -5.0, -2.1855693432826229e-07
n,0.0, -5.0, -2.1855693432826229e-07
n,0.0, -5.0, -2.1855693432826229e-07
n,0.0, -5.0, -2.1855693432826229e-07
n,0.0, -5.0, -2.1855693432826229e-07
n,0.0, -5.0, -2.1855693432826229e-07
n,0.0, -5.0, -2.1855693432826229e-07
n,0.0, -5.0, -2.1855693432826229e-07
n,0.0, -5.0, -2.1855693432826229e-07
n,0.0, -5.0, -2.1855693432826229e-07
n,0.0, -5.0, -2.1855693432826229e-07
n,0.0, -5.0, -2.1855693432826229e-07
n,0.0, -5.0, -2.1855693432826229e-07
n,0.0, -5.0, -2.1855693432826229e-07
n,0.0, -5.0, -2.1855693432826229e-07
n,0.0, -5.0, -2.1855693432826229e-07
n,0.0, -5.0, -2.1855693432826229e-07
n,0.0, -5.0, -2.1855693432826229e-07
n,0.0, -5.0, -2.1855693432826229e-07
n,0.0, -5.0, -2.1855693432826229e-07
n,0.0, -5.0, -2.1855693432826229e-07
n,0.0, -5.0, -2.1855693432826229e-07
n,0.0, -5.0, -2.1855693432826229e-07
n,0.0, -5.0, -2.1855693432826229e-07
n,0.0, -5.0, -2.1855693432826229e-07
n,0.0, -5.0, -2.1855693432826229e-07
n,0.0, -5.0, -2.1855693432826229e-07
n,0.0, -5.0, -2.1855693432826229e-07
n,0.0, -5.0, -2.1855693432826229e-07
n,0.0, -5.0, -2.1855693432826229e-07
n,0.0, -5.0, -2.1855693432826229e-07
n,0.0, -5.0, -2.1855693432826229e-07
n,0.0, -5.0, -2.1855693432826229e-07
n,0.0, -5.0, -2.1855693432826229e-07
n,0.0, -5.0, -2.1855693432826229e-07
n,0.0, -5.0, -2.1855693432826229e-07
n,0.0, -5.0, -2.1855693432826229e-07
n,0.0, -5.0, -2.1855693432826229e-07
n,0.0, -5.0, -2.1855693432826229e-07
n,0.0, -5.0, -2.1855693432826229e-07
n,0.0, -5.0, -2.1855693432826229e-07
n,0.0, -5.0, -2.1855693432826229e-07
n,0.0, -5.0, -2.1855693432826229e-07
n,0.0, -5.0, -2.1855693432826229e-07
n,0.0, -5.0, -2.1855693432826229e-07
n,0.0, -5.0, -2.1855693432826229e-07
n,0.0, -5.0, -2.1855693432826229e-07
n,0.0, -5.0, -2.1855693432826229e-07
n,0.0, -5.0, -2.1855693432826229e-07
n,0.0, -5.0, -2.1855693432826229e-07
n,0.0, -5.0, -2.1855693432826229e-07
n,0.0, -5.0, -2.1855693432826229e-07
n,0.0, -5.0, -2.1855693432826229e-07
n,0.0, -5.0, -2.1855693432826229e-07
n,0.0, -5.0, -2.1855693432826229e-07
n,0.0, -5.0, -2.1855693432826229e-07
n,0.0, -5.0, -2.1855693432826229e-07
n,0.0, -5.0, -2.1855693432826229e-07
n,0.0, -5.0, -2.1855693432826229e-07
n,0.0, -5.0, -2.1855693432826229e-07
n,0.0, -5.0, -2.1855693432826229e-07
n,0.0, -5.0, -2.1855693432826229e-07
n,0.0, -5.0, -2.1855693432826229e-07
n,0.0, -5.0, -2.1855693432826229e-07
n,0.0, -5.0, -2.1855693432826229e-07
n,0.0, -5.0, -2.1855693432826229e-07
n,0.0, -5.0, -2.1855693432826229e-07
n,0.0, -5.0, -2.1855693432826229e-07
n,0.0, -5.0, -2.1855693432826229e-07
n,0.0, -5.0, -2.1855693432826229e-07
n,0.0, -5.0, -2.1855693432826229e-07
n,0.0, -5.0, -2.1855693432826229e-07
n,0.0, -5.0, -2.1855693432826229e-07
n,0.0, -5.0, -2.1855693432826229e-07
n,0.0, -5.0, -2.1855693432826229e-07
n,0.0, -5.0, -2.1855693432826229e-07
n,0.0, -5.0, -2.1855693432826229e-07
n,0.0, -5.0, -2.1855693432826229e-07
n,0.0, -5.0, -2.1855693432826229e-07
n,0.0, -5.0, -2.1855693432826229e-07
n,0.0, -5.0, -2.1855693432826229e-07
n,0.0, -5.0, -2.1855693432826229e-07
n,0.0, -5.0, -2.1855693432826229e-07
n,0.0, -5.0, -2.1855693432826229e-07
n,0.0, -5.0, -2.1855693432826229e-07
n,0.0, -5.0, -2.1855693432826229e-07
n,0.0, -5.0, -2.1855693432826229e-07
n,0.0, -5.0, -2.1855693432826229e-07
n,0.0, -5.0, -2.1855693432826229e-07
n,0.0, -5.0, -2.1855693432826229e-07
n,0.0, -5.0, -2.1855693432826229e-07
n,0.0, -5.0, -2.1855693432826229e-07
n,0.0, -5.0, -2.1855693432826229e-07
n,0.0, -5.0, -2.1855693432826229e-07
n,0.0, -5.0, -2.1855693432826229e-07
n,0.0, -5.0, -2.1855693432826229e-07
n,0.0, -5.0, -2.1855693432826229e-07
n,0.0, -5.0, -2.1855693432826229e-07
n,0.0, -5.0, -2.1855693432826229e-07
n,0.0, -5.0, -2.1855693432826229e-07
n,0.0, -5.0, -2.1855693432826229e-07
n,0.0, -5.0, -2.1855693432826229e-07
n,0.0, -5.0, -2.1855693432826229e-07
n,0.0, -5.0, -2.1855693432826229e-07
n,0.0, -5.0, -2.1855693432826229e-07
n,0.0, -5.0, -2.1855693432826229e-07
n,0.0, -5.0, -2.1855693432826229e-07
n,0.0, -5.0, -2.1855693432826229e-07
n,0.0, -5.0, -2.1855693432826229e-07
n,0.0, -5.0, -2.1855693432826229e-07
n,0.0, -5.0, -2.1855693432826229e-07
n,0.0, -5.0, -2.1855693432826229e-07
n,0.0, -5.0, -2.1855693432826229e-07
n,0.0, -5.0, -2.1855693432826229e-07
n,0.0, -5.0, -2.1855693432826229e-07
n,0.0, -5.0, -2.1855693432826229e-07
n,0.0, -5.0, -2.1855693432826229e-07
n,0.0, -5.0, -2.1855693432826229e-07
n,0.0, -5.0, -2.1855693432826229e-07
n,0.0, -5.0, -2.1855693432826229e-07
n,0.0, -5.0, -2.1855693432826229e-07
n,0.0, -5.0, -2.1855693432826229e-07
n,0.0, -5.0, -2.1855693432826229e-07
n,0.0, -5.0, -2.1855693432826229e-07
n,0.0, -5.0, -2.1855693432826229e-07
n,0.0, -5.0, -2.1855693432826229e-07
n,0.0, -5.0, -2.1855693432826229e-07
n,0.0, -5.0, -2.1855693432826229e-07
n,0.0, -5.0, -2.1855693432826229e-07
n,0.0, -5.0, -2.1855693432826229e-07
n,0.0, -5.0, -2.1855693432826229e-07
n,0.0, -5.0, -2.1855693432826229e-07
n,0.0, -5.0, -2.1855693432826229e-07
n,0.0, -5.0, -2.1855693432826229e-07
n,0.0, -5.0, -2.1855693432826229e-07
n,0.0, -5.0, -2.1855693432826229e-07
n,0.0, -5.0, -2.1855693432826229e-07
n,0.0, -5.0, -2.1855693432826229e-07
n,0.0, -5.0, -2.1855693432826229e-07
n,0.0, -5.0, -2.1855693432826229e-07
n,0.0, -5.0, -2.1855693432826229e-07
n,0.0, -5.0, -2.1855693432826229e-07
n,0.0, -5.0, -2.1855693432826229e-07
n,0.0, -5.0, -2.1855693432826229e-07
n,0.0, -5.0, -2.1855693432826229e-07
n,0.0, -5.0, -2.1855693432826229e-07
n,0.0, -5.0, -2.1855693432826229e-07
n,0.0, -5.0, -2.1855693432826229e-07
n,0.0, -5.0, -2.1855693432826229e-07
n,0.0, -5.0, -2.1855693432826229e-07
n,0.0, -5.0, -2.1855693432826229e-07
n,0.0, -5.0, -2.1855693432826229e-07
n,0.0, -5.0, -2.1855693432826229e-07
n,0.0, -5.0, -2.1855693432826229e-07
n,0.0, -5.0, -2.1855693432826229e-07
n,0.0, -5.0, -2.1855693432826229e-07
n,0.0, -5.0, -2.1855693432826229e-07
n,0.0, -5.0, -2.1855693432826229e-07
n,0.0, -5.0, -2.1855693432826229e-07
n,0.0, -5.0, -2.1855693432826229e-07
n,0.0, -5.0, -2.1855693432826229e-07
n,0.0, -5.0, -2.1855693432826229e-07
n,0.0, -5.0, -2.1855693432826229e-07
n,0.0, -5.0, -2.1855693432826229e-07
n,0.0, -5.0, -2.1855693432826229e-07
n,0.0, -5.0, -2.1855693432826229e-07
n,0.0, -5.0, -2.1855693432826229e-07
n,0.0, -5.0, -2.1855693432826229e-07
n,0.0, -5.0, -2.1855693432826229e-07
n,0.0, -5.0, -2.1855693432826229e-07
n,0.0, -5.0, -2.1855693432826229e-07
n,0.0, -5.0, -2.1855693432826229e-07
n,0.0, -5.0, -2.1855693432826229e-07
n,0.0, -5.0, -2.1855693432826229e-07
n,0.0, -5.0, -2.1855693432826229e-07
n,0.0, -5.0, -2.1855693432826229e-07
n,0.0, -5.0, -2.1855693432826229e-07
n,0.0, -5.0, -2.1855693432826229e-07
n,0.0, -5.0, -2.1855693432826229e-07
n,0.0, -5.0, -2.1855693432826229e-07
n,0.0, -5.0, -2.1855693432826229e-07
n,0.0, -5.0, -2.1855693432826229e-07
n,0.0, -5.0, -2.1855693432826229e-07
n,0.0, -5.0, -2.1855693432826229e-07
n,0.0, -5.0, -2.1855693432826229e-07
n,0.0, -5.0, -2.1855693432826229e-07
n,0.0, -5.0, -2.1855693432826229e-07
n,0.0, -5.0, -2.1855693432826229e-07
n,0.0, -5.0, -2.1855693432826229e-07
n,0.0, -5.0, -2.1855693432826229e-07
n,0.0, -5.0, -2.1855693432826229e-07
n,0.0, -5.0, -2.1855693432826229e-07
n,0.0, -5.0, -2.1855693432826229e-07
n,0.0, -5.0, -2.1855693432826229e-07
n,0.0, -5.0, -2.1855693432826229e-07
n,0.0, -5.0, -2.1855693432826229e-07
n,0.0, -5.0, -2.1855693432826229e-07
n,0.0, -5.0, -2.1855693432826229e-07
n,0.0, -5.0, -2.1855693432826229e-07
n,0.0, -5.0, -2.1855693432826229e-07
n,0.0, -5.0, -2.1855693432826229e-07
n,0.0, -5.0, -2.1855693432826229e-07
n,0.0, -5.0, -2.1855693432826229e-07
n,0.0, -5.0, -2.1855693432826229e-07
n,0.0, -5.0, -2.1855693432826229e-07
n,0.0, -5.0, -2.1855693432826229e-07
n,0.0, -5.0, -2.1855693432826229e-07
n,0.0, -5.0, -2.1855693432826229e-07
n,0.0, -5.0, -2.1855693432826229e-07
n,0.0, -5.0, -2.1855693432826229e-07
n,0.0, -5.0, -2.1855693432826229e-07
n,0.0, -5.0, -2.1855693432826229e-07
n,0.0, -5.0, -2.1855693432826229e-07
n,0.0, -5.0, -2.1855693432826229e-07
n,0.0, -5.0, -2.1855693432826229e-07
n,0.0, -5.0, -2.1855693432826229e-07
n,0.0, -5.0, -2.1855693432826229e-07
n,0.0, -5.0, -2.1855693432826229e-07
n,0.0, -5.0, -2.1855693432826229e-07
n,0.0, -5.0, -2.1855693432826229e-07
n,0.0, -5.0, -2.1855693432826229e-07
n,0.0, -5.0, -2.1855693432826229e-07
n,0.0, -5.0, -2.1855693432826229e-07
n,0.0, -5.0, -2.1855693432826229e-07
n,0.0, -5.0, -2.1855693432826229e-07
n,0.0, -5.0, -2.1855693432826229e-07
n,0.0, -5.0, -2.1855693432826229e-07
n,0.0, -5.0, -2.1855693432826229e-07
n,0.0, -5.0, -2.1855693432826229e-07
n,0.0, -5.0, -2.1855693432826229e-07
u,0.21444694697856903, 0.0, 0
u,0.21896162629127502, 0.0, 0
u,0.21670429408550262, 0.0, 0
u,0.21218961477279663, 0.0, 0
u,0.21896162629127502, 0.0, 0
u,0.21444694697856903, 0.0, 0
u,0.21218961477279663, 0.0, 0
u,0.22121895849704742, 0.0, 0
u,0.21896162629127502, 0.0, 0
u,0.20993228256702423, 0.0, 0
u,0.22121895849704742, 0.0, 0
u,0.21218961477279663, 0.0, 0
u,0.20993228256702423, 0.0, 0
u,0.22347629070281982, 0.0, 0
u,0.22121895849704742, 0.0, 0
u,0.20767495036125183, 0.0, 0
u,0.22347629070281982, 0.0, 0
u,0.20993228256702423, 0.0, 0
u,0.20767495036125183, 0.0, 0
u,0.22573363780975342, 0.0, 0
u,0.22347629070281982, 0.0, 0
u,0.20541760325431824, 0.0, 0
u,0.22573363780975342, 0.0, 0
u,0.20767495036125183, 0.0, 0
u,0.20541760325431824, 0.0, 0
u,0.22799097001552582, 0.0, 0
u,0.22573363780975342, 0.0, 0
u,0.20316027104854584, 0.0, 0
u,0.7336342930793762, 0.0, 0
u,0.20541760325431824, 0.0, 0
u,0.7336342930793762, 0.0, 0
u,0.7313769459724426, 0.0, 0
u,0.20541760325431824, 0.0, 0
u,0.7313769459724426, 0.0, 0
u,0.22799097001552582, 0.0, 0
u,0.20541760325431824, 0.0, 0
u,0.7291196584701538, 0.0, 0
u,0.22799097001552582, 0.0, 0
u,0.7313769459724426, 0.0, 0
u,0.20316027104854584, 0.0, 0
u,0.7358916401863098, 0.0, 0
u,0.7336342930793762, 0.0, 0
u,0.7268623113632202, 0.0, 0
u,0.22799097001552582, 0.0, 0
u,0.7291196584701538, 0.0, 0
u,0.20316027104854584, 0.0, 0
u,0.7381489872932434, 0.0, 0
u,0.7358916401863098, 0.0, 0
u,0.20316027104854584, 0.0, 0
u,0.740406334400177, 0.0, 0
u,0.7381489872932434, 0.0, 0
u,0.7268623113632202, 0.0, 0
u,0.23024830222129822, 0.0, 0
u,0.22799097001552582, 0.0, 0
u,0.7246049642562866, 0.0, 0
u,0.23024830222129822, 0.0, 0
u,0.7268623113632202, 0.0, 0
u,0.20316027104854584, 0.0, 0
u,0.7426636815071106, 0.0, 0
u,0.740406334400177, 0.0, 0
u,0.20090293884277344, 0.0, 0
u,0.7426636815071106, 0.0, 0
u,0.20316027104854584, 0.0, 0
u,0.20090293884277344, 0.0, 0
u,0.7449209690093994, 0.0, 0
u,0.7426636815071106, 0.0, 0
u,0.722347617149353, 0.0, 0
u,0.23024830222129822, 0.0, 0
u,0.7246049642562866, 0.0, 0
u,0.20090293884277344, 0.0, 0
u,0.747178316116333, 0.0, 0
u,0.7449209690093994, 0.0, 0
u,0.20090293884277344, 0.0, 0
u,0.7494356632232666, 0.0, 0
u,0.747178316116333, 0.0, 0
u,0.7200902700424194, 0.0, 0
u,0.23024830222129822, 0.0, 0
u,0.722347617149353, 0.0, 0
u,0.20090293884277344, 0.0, 0
u,0.7516930103302002, 0.0, 0
u,0.7494356632232666, 0.0, 0
u,0.19864559173583984, 0.0, 0
u,0.7516930103302002, 0.0, 0
u,0.20090293884277344, 0.0, 0
u,0.7200902700424194, 0.0, 0
u,0.2325056493282318, 0.0, 0
u,0.23024830222129822, 0.0, 0
u,0.19864559173583984, 0.0, 0
u,0.7539503574371338, 0.0, 0
u,0.7516930103302002, 0.0, 0
u,0.7178329825401306, 0.0, 0
u,0.2325056493282318, 0.0, 0
u,0.7200902700424194, 0.0, 0
u,0.19864559173583984, 0.0, 0
u,0.7562077045440674, 0.0, 0
u,0.7539503574371338, 0.0, 0
u,0.19864559173583984, 0.0, 0
u,0.7584649920463562, 0.0, 0
u,0.7562077045440674, 0.0, 0
u,0.19638825953006744, 0.0, 0
u,0.7584649920463562, 0.0, 0
u,0.19864559173583984, 0.0, 0
u,0.715575635433197, 0.0, 0
u,0.2325056493282318, 0.0, 0
u,0.7178329825401306, 0.0, 0
u,0.715575635433197, 0.0, 0
u,0.2347629815340042, 0.0, 0
u,0.2325056493282318, 0.0, 0
u,0.19638825953006744, 0.0, 0
u,0.7607223391532898, 0.0, 0
u,0.7584649920463562, 0.0, 0
u,0.19638825953006744, 0.0, 0
u,0.7629796862602234, 0.0, 0
u,0.7607223391532898, 0.0, 0
u,0.7133182883262634, 0.0, 0
u,0.2347629815340042, 0.0, 0
u,0.715575635433197, 0.0, 0
u,0.19413092732429504, 0.0, 0
u,0.7629796862602234, 0.0, 0
u,0.19638825953006744, 0.0, 0
u,0.19413092732429504, 0.0, 0
u,0.765237033367157, 0.0, 0
u,0.7629796862602234, 0.0, 0
u,0.7133182883262634, 0.0, 0
u,0.2370203137397766, 0.0, 0
u,0.2347629815340042, 0.0, 0
u,0.19413092732429504, 0.0, 0
u,0.7674943804740906, 0.0, 0
u,0.765237033367157, 0.0, 0
u,0.7110609412193298, 0.0, 0
u,0.2370203137397766, 0.0, 0
u,0.7133182883262634, 0.0, 0
u,0.19413092732429504, 0.0, 0
u,0.7697516679763794, 0.0, 0
u,0.7674943804740906, 0.0, 0
u,0.19187359511852264, 0.0, 0
u,0.7697516679763794, 0.0, 0
u,0.19413092732429504, 0.0, 0
u,0.19187359511852264, 0.0, 0
u,0.772009015083313, 0.0, 0
u,0.7697516679763794, 0.0, 0
u,0.7088035941123962, 0.0, 0
u,0.2370203137397766, 0.0, 0
u,0.7110609412193298, 0.0, 0
u,0.7088035941123962, 0.0, 0
u,0.239277645945549, 0.0, 0
u,0.2370203137397766, 0.0, 0
u,0.19187359511852264, 0.0, 0
u,0.7742663621902466, 0.0, 0
u,0.772009015083313, 0.0, 0
u,0.18961624801158905, 0.0, 0
u,0.7742663621902466, 0.0, 0
u,0.19187359511852264, 0.0, 0
u,0.18961624801158905, 0.0, 0
u,0.7765237092971802, 0.0, 0
u,0.7742663621902466, 0.0, 0
u,0.7065462470054626, 0.0, 0
u,0.239277645945549, 0.0, 0
u,0.7088035941123962, 0.0, 0
u,0.18961624801158905, 0.0, 0
u,0.7787810564041138, 0.0, 0
u,0.7765237092971802, 0.0, 0
u,0.7065462470054626, 0.0, 0
u,0.2415349930524826, 0.0, 0
u,0.239277645945549, 0.0, 0
u,0.18961624801158905, 0.0, 0
u,0.7810384035110474, 0.0, 0
u,0.7787810564041138, 0.0, 0
u,0.18735891580581665, 0.0, 0
u,0.7810384035110474, 0.0, 0
u,0.18961624801158905, 0.0, 0
u,0.7042889595031738, 0.0, 0
u,0.2415349930524826, 0.0, 0
u,0.7065462470054626, 0.0, 0
u,0.18735891580581665, 0.0, 0
u,0.7832956910133362, 0.0, 0
u,0.7810384035110474, 0.0, 0
u,0.18510158360004425, 0.0, 0
u,0.7832956910133362, 0.0, 0
u,0.18735891580581665, 0.0, 0
u,0.18510158360004425, 0.0, 0
u,0.7855530381202698, 0.0, 0
u,0.7832956910133362, 0.0, 0
u,0.7042889595031738, 0.0, 0
u,0.243792325258255, 0.0, 0
u,0.2415349930524826, 0.0, 0
u,0.7020316123962402, 0.0, 0
u,0.243792325258255, 0.0, 0
u,0.7042889595031738, 0.0, 0
u,0.18284423649311066, 0.0, 0
u,0.7855530381202698, 0.0, 0
u,0.18510158360004425, 0.0, 0
u,0.18284423649311066, 0.0, 0
u,0.7878103852272034, 0.0, 0
u,0.7855530381202698, 0.0, 0
u,0.18058690428733826, 0.0, 0
u,0.7878103852272034, 0.0, 0
u,0.18284423649311066, 0.0, 0
u,0.18058690428733826, 0.0, 0
u,0.790067732334137, 0.0, 0
u,0.7878103852272034, 0.0, 0
u,0.6997742652893066, 0.0, 0
u,0.243792325258255, 0.0, 0
u,0.7020316123962402, 0.0, 0
u,0.17832957208156586, 0.0, 0
u,0.790067732334137, 0.0, 0
u,0.18058690428733826, 0.0, 0
u,0.6997742652893066, 0.0, 0
u,0.2460496574640274, 0.0, 0
u,0.243792325258255, 0.0, 0
u,0.17832957208156586, 0.0, 0
u,0.7923250794410706, 0.0, 0
u,0.790067732334137, 0.0, 0
u,0.17607223987579346, 0.0, 0
u,0.7923250794410706, 0.0, 0
u,0.17832957208156586, 0.0, 0
u,0.17607223987579346, 0.0, 0
u,0.7945823669433594, 0.0, 0
u,0.7923250794410706, 0.0, 0
u,0.697516918182373, 0.0, 0
u,0.2460496574640274, 0.0, 0
u,0.6997742652893066, 0.0, 0
u,0.17607223987579346, 0.0, 0
u,0.796839714050293, 0.0, 0
u,0.7945823669433594, 0.0, 0
u,0.17381489276885986, 0.0, 0
u,0.796839714050293, 0.0, 0
u,0.17607223987579346, 0.0, 0
u,0.697516918182373, 0.0, 0
u,0.248307004570961, 0.0, 0
u,0.2460496574640274, 0.0, 0
u,0.17381489276885986, 0.0, 0
u,0.7990970611572266, 0.0, 0
u,0.796839714050293, 0.0, 0
u,0.6952595710754395, 0.0, 0
u,0.248307004570961, 0.0, 0
u,0.697516918182373, 0.0, 0
u,0.17155756056308746, 0.0, 0
u,0.7990970611572266, 0.0, 0
u,0.17381489276885986, 0.0, 0
u,0.17155756056308746, 0.0, 0
u,0.8013544082641602, 0.0, 0
u,0.7990970611572266, 0.0, 0
u,0.16930022835731506, 0.0, 0
u,0.8013544082641602, 0.0, 0
u,0.17155756056308746, 0.0, 0
u,0.6952595710754395, 0.0, 0
u,0.2505643367767334, 0.0, 0
u,0.248307004570961, 0.0, 0
u,0.6930022835731506, 0.0, 0
u,0.2505643367767334, 0.0, 0
u,0.6952595710754395, 0.0, 0
u,0.16930022835731506, 0.0, 0
u,0.8036117553710938, 0.0, 0
u,0.8013544082641602, 0.0, 0
u,0.16704289615154266, 0.0, 0
u,0.8036117553710938, 0.0, 0
u,0.16930022835731506, 0.0, 0
u,0.16704289615154266, 0.0, 0
u,0.8058691024780273, 0.0, 0
u,0.8036117553710938, 0.0, 0
u,0.16478554904460907, 0.0, 0
u,0.8058691024780273, 0.0, 0
u,0.16704289615154266, 0.0, 0
u,0.6930022835731506, 0.0, 0
u,0.252821683883667, 0.0, 0
u,0.2505643367767334, 0.0, 0
u,0.690744936466217, 0.0, 0
u,0.252821683883667, 0.0, 0
u,0.6930022835731506, 0.0, 0
u,0.16478554904460907, 0.0, 0
u,0.8081263899803162, 0.0, 0
u,0.8058691024780273, 0.0, 0
u,0.16252821683883667, 0.0, 0
u,0.8081263899803162, 0.0, 0
u,0.16478554904460907, 0.0, 0
u,0.16252821683883667, 0.0, 0
u,0.8103837370872498, 0.0, 0
u,0.8081263899803162, 0.0, 0
u,0.16027088463306427, 0.0, 0
u,0.8103837370872498, 0.0, 0
u,0.16252821683883667, 0.0, 0
u,0.6884875893592834, 0.0, 0
u,0.252821683883667, 0.0, 0
u,0.690744936466217, 0.0, 0
u,0.6884875893592834, 0.0, 0
u,0.2550790011882782, 0.0, 0
u,0.252821683883667, 0.0, 0
u,0.16027088463306427, 0.0, 0
u,0.8126410841941833, 0.0, 0
u,0.8103837370872498, 0.0, 0
u,0.15801353752613068, 0.0, 0
u,0.8126410841941833, 0.0, 0
u,0.16027088463306427, 0.0, 0
u,0.15801353752613068, 0.0, 0
u,0.8148984313011169, 0.0, 0
u,0.8126410841941833, 0.0, 0
u,0.6862302422523499, 0.0, 0
u,0.2550790011882782, 0.0, 0
u,0.6884875893592834, 0.0, 0
u,0.15575620532035828, 0.0, 0
u,0.8148984313011169, 0.0, 0
u,0.15801353752613068, 0.0, 0
u,0.6862302422523499, 0.0, 0
u,0.2573363482952118, 0.0, 0
u,0.2550790011882782, 0.0, 0
u,0.15575620532035828, 0.0, 0
u,0.8171557784080505, 0.0, 0
u,0.8148984313011169, 0.0, 0
u,0.15349887311458588, 0.0, 0
u,0.8171557784080505, 0.0, 0
u,0.15575620532035828, 0.0, 0
u,0.15349887311458588, 0.0, 0
u,0.8194130659103394, 0.0, 0
u,0.8171557784080505, 0.0, 0
u,0.6839728951454163, 0.0, 0
u,0.2573363482952118, 0.0, 0
u,0.6862302422523499, 0.0, 0
u,0.15124154090881348, 0.0, 0
u,0.8194130659103394, 0.0, 0
u,0.15349887311458588, 0.0, 0
u,0.15124154090881348, 0.0, 0
u,0.821670413017273, 0.0, 0
u,0.8194130659103394, 0.0, 0
u,0.6839728951454163, 0.0, 0
u,0.259593665599823, 0.0, 0
u,0.2573363482952118, 0.0, 0
u,0.14898419380187988, 0.0, 0
u,0.821670413017273, 0.0, 0
u,0.15124154090881348, 0.0, 0
u,0.6817155480384827, 0.0, 0
u,0.259593665599823, 0.0, 0
u,0.6839728951454163, 0.0, 0
u,0.14898419380187988, 0.0, 0
u,0.8239277601242065, 0.0, 0
u,0.821670413017273, 0.0, 0
u,0.14672686159610748, 0.0, 0
u,0.8239277601242065, 0.0, 0
u,0.14898419380187988, 0.0, 0
u,0.14672686159610748, 0.0, 0
u,0.8261851072311401, 0.0, 0
u,0.8239277601242065, 0.0, 0
u,0.6817155480384827, 0.0, 0
u,0.2618510127067566, 0.0, 0
u,0.259593665599823, 0.0, 0
u,0.14446952939033508, 0.0, 0
u,0.8261851072311401, 0.0, 0
u,0.14672686159610748, 0.0, 0
u,0.6794582605361938, 0.0, 0
u,0.2618510127067566, 0.0, 0
u,0.6817155480384827, 0.0, 0
u,0.14446952939033508, 0.0, 0
u,0.8284424543380737, 0.0, 0
u,0.8261851072311401, 0.0, 0
u,0.1422121822834015, 0.0, 0
u,0.8284424543380737, 0.0, 0
u,0.14446952939033508, 0.0, 0
u,0.1422121822834015, 0.0, 0
u,0.8306998014450073, 0.0, 0
u,0.8284424543380737, 0.0, 0
u,0.6794582605361938, 0.0, 0
u,0.2641083598136902, 0.0, 0
u,0.2618510127067566, 0.0, 0
u,0.1399548500776291, 0.0, 0
u,0.8306998014450073, 0.0, 0
u,0.1422121822834015, 0.0, 0
u,0.6772009134292603, 0.0, 0
u,0.2641083598136902, 0.0, 0
u,0.6794582605361938, 0.0, 0
u,0.1399548500776291, 0.0, 0
u,0.8329570889472961, 0.0, 0
u,0.8306998014450073, 0.0, 0
u,0.1399548500776291, 0.0, 0
u,0.8352144360542297, 0.0, 0
u,0.8329570889472961, 0.0, 0
u,0.1376975178718567, 0.0, 0
u,0.8352144360542297, 0.0, 0
u,0.1399548500776291, 0.0, 0
u,0.1376975178718567, 0.0, 0
u,0.8374717831611633, 0.0, 0
u,0.8352144360542297, 0.0, 0
u,1.0, 0.0, 0
u,0.2641083598136902, 0.0, 0
u,0.6772009134292603, 0.0, 0
u,0.1354401856660843, 0.0, 0
u,0.8374717831611633, 0.0, 0
u,0.1376975178718567, 0.0, 0
u,1.0, 0.0, 0
u,0.2663656771183014, 0.0, 0
u,0.2641083598136902, 0.0, 0
u,0.1354401856660843, 0.0, 0
u,0.8397291302680969, 0.0, 0
u,0.8374717831611633, 0.0, 0
u,0.1331828385591507, 0.0, 0
u,0.8397291302680969, 0.0, 0
u,0.1354401856660843, 0.0, 0
u,0.9977426528930664, 0.0, 0
u,0.2663656771183014, 0.0, 0
u,1.0, 0.0, 0
u,0.1331828385591507, 0.0, 0
u,0.8419864773750305, 0.0, 0
u,0.8397291302680969, 0.0, 0
u,0.9954853057861328, 0.0, 0
u,0.2663656771183014, 0.0, 0
u,0.9977426528930664, 0.0, 0
u,0.1309255063533783, 0.0, 0
u,0.8419864773750305, 0.0, 0
u,0.1331828385591507, 0.0, 0
u,0.9954853057861328, 0.0, 0
u,0.268623024225235, 0.0, 0
u,0.2663656771183014, 0.0, 0
u,0.1309255063533783, 0.0, 0
u,0.8442437648773193, 0.0, 0
u,0.8419864773750305, 0.0, 0
u,0.993228018283844, 0.0, 0
u,0.268623024225235, 0.0, 0
u,0.9954853057861328, 0.0, 0
u,0.1309255063533783, 0.0, 0
u,0.8465011119842529, 0.0, 0
u,0.8442437648773193, 0.0, 0
u,0.1286681741476059, 0.0, 0
u,0.8465011119842529, 0.0, 0
u,0.1309255063533783, 0.0, 0
u,0.9909706711769104, 0.0, 0
u,0.268623024225235, 0.0, 0
u,0.993228018283844, 0.0, 0
u,0.1286681741476059, 0.0, 0
u,0.8487584590911865, 0.0, 0
u,0.8465011119842529, 0.0, 0
u,0.9909706711769104, 0.0, 0
u,0.2708803713321686, 0.0, 0
u,0.268623024225235, 0.0, 0
u,0.1264108419418335, 0.0, 0
u,0.8487584590911865, 0.0, 0
u,0.1286681741476059, 0.0, 0
u,0.1264108419418335, 0.0, 0
u,0.8510158061981201, 0.0, 0
u,0.8487584590911865, 0.0, 0
u,0.9887133240699768, 0.0, 0
u,0.2708803713321686, 0.0, 0
u,0.9909706711769104, 0.0, 0
u,0.1264108419418335, 0.0, 0
u,0.8532731533050537, 0.0, 0
u,0.8510158061981201, 0.0, 0
u,0.9864559769630432, 0.0, 0
u,0.2708803713321686, 0.0, 0
u,0.9887133240699768, 0.0, 0
u,0.1241535022854805, 0.0, 0
u,0.8532731533050537, 0.0, 0
u,0.1264108419418335, 0.0, 0
u,0.1241535022854805, 0.0, 0
u,0.8555305004119873, 0.0, 0
u,0.8532731533050537, 0.0, 0
u,0.9864559769630432, 0.0, 0
u,0.2731376886367798, 0.0, 0
u,0.2708803713321686, 0.0, 0
u,0.9841986298561096, 0.0, 0
u,0.2731376886367798, 0.0, 0
u,0.9864559769630432, 0.0, 0
u,0.1218961626291275, 0.0, 0
u,0.8555305004119873, 0.0, 0
u,0.1241535022854805, 0.0, 0
u,0.1218961626291275, 0.0, 0
u,0.8577877879142761, 0.0, 0
u,0.8555305004119873, 0.0, 0
u,0.981941282749176, 0.0, 0
u,0.2731376886367798, 0.0, 0
u,0.9841986298561096, 0.0, 0
u,0.1218961626291275, 0.0, 0
u,0.8600451350212097, 0.0, 0
u,0.8577877879142761, 0.0, 0
u,0.1196388229727745, 0.0, 0
u,0.8600451350212097, 0.0, 0
u,0.1218961626291275, 0.0, 0
u,0.981941282749176, 0.0, 0
u,0.2753950357437134, 0.0, 0
u,0.2731376886367798, 0.0, 0
u,0.9796839952468872, 0.0, 0
u,0.2753950357437134, 0.0, 0
u,0.981941282749176, 0.0, 0
u,0.1196388229727745, 0.0, 0
u,0.8623024821281433, 0.0, 0
u,0.8600451350212097, 0.0, 0
u,0.1173814907670021, 0.0, 0
u,0.8623024821281433, 0.0, 0
u,0.1196388229727745, 0.0, 0
u,0.9774266481399536, 0.0, 0
u,0.2753950357437134, 0.0, 0
u,0.9796839952468872, 0.0, 0
u,0.1173814907670021, 0.0, 0
u,0.8645598292350769, 0.0, 0
u,0.8623024821281433, 0.0, 0
u,0.97516930103302, 0.0, 0
u,0.2753950357437134, 0.0, 0
u,0.9774266481399536, 0.0, 0
u,0.1173814907670021, 0.0, 0
u,0.8668171763420105, 0.0, 0
u,0.8645598292350769, 0.0, 0
u,0.97516930103302, 0.0, 0
u,0.277652382850647, 0.0, 0
u,0.2753950357437134, 0.0, 0
u,0.11512415111064911, 0.0, 0
u,0.8668171763420105, 0.0, 0
u,0.1173814907670021, 0.0, 0
u,0.11512415111064911, 0.0, 0
u,0.8690744638442993, 0.0, 0
u,0.8668171763420105, 0.0, 0
u,0.9729119539260864, 0.0, 0
u,0.277652382850647, 0.0, 0
u,0.97516930103302, 0.0, 0
u,0.11286681890487671, 0.0, 0
u,0.8690744638442993, 0.0, 0
u,0.11512415111064911, 0.0, 0
u,0.11286681890487671, 0.0, 0
u,0.8713318109512329, 0.0, 0
u,0.8690744638442993, 0.0, 0
u,0.9706546068191528, 0.0, 0
u,0.277652382850647, 0.0, 0
u,0.9729119539260864, 0.0, 0
u,0.9706546068191528, 0.0, 0
u,0.2799097001552582, 0.0, 0
u,0.277652382850647, 0.0, 0
u,0.11060947924852371, 0.0, 0
u,0.8713318109512329, 0.0, 0
u,0.11286681890487671, 0.0, 0
u,0.11060947924852371, 0.0, 0
u,0.8735891580581665, 0.0, 0
u,0.8713318109512329, 0.0, 0
u,0.968397319316864, 0.0, 0
u,0.2799097001552582, 0.0, 0
u,0.9706546068191528, 0.0, 0
u,0.11060947924852371, 0.0, 0
u,0.8758465051651001, 0.0, 0
u,0.8735891580581665, 0.0, 0
u,0.10835214704275131, 0.0, 0
u,0.8758465051651001, 0.0, 0
u,0.11060947924852371, 0.0, 0
u,0.9661399722099304, 0.0, 0
u,0.2799097001552582, 0.0, 0
u,0.968397319316864, 0.0, 0
u,0.9661399722099304, 0.0, 0
u,0.2821670472621918, 0.0, 0
u,0.2799097001552582, 0.0, 0
u,0.10835214704275131, 0.0, 0
u,0.8781038522720337, 0.0, 0
u,0.8758465051651001, 0.0, 0
u,0.9638826251029968, 0.0, 0
u,0.2821670472621918, 0.0, 0
u,0.9661399722099304, 0.0, 0
u,0.10609480738639832, 0.0, 0
u,0.8781038522720337, 0.0, 0
u,0.10835214704275131, 0.0, 0
u,0.10609480738639832, 0.0, 0
u,0.8803611993789673, 0.0, 0
u,0.8781038522720337, 0.0, 0
u,0.9616252779960632, 0.0, 0
u,0.2821670472621918, 0.0, 0
u,0.9638826251029968, 0.0, 0
u,0.10609480738639832, 0.0, 0
u,0.8826184868812561, 0.0, 0
u,0.8803611993789673, 0.0, 0
u,0.10383747518062592, 0.0, 0
u,0.8826184868812561, 0.0, 0
u,0.10609480738639832, 0.0, 0
u,0.9616252779960632, 0.0, 0
u,0.284424364566803, 0.0, 0
u,0.2821670472621918, 0.0, 0
u,0.9593679308891296, 0.0, 0
u,0.284424364566803, 0.0, 0
u,0.9616252779960632, 0.0, 0
u,0.10383747518062592, 0.0, 0
u,0.8848758339881897, 0.0, 0
u,0.8826184868812561, 0.0, 0
u,0.957110583782196, 0.0, 0
u,0.284424364566803, 0.0, 0
u,0.9593679308891296, 0.0, 0
u,0.10158013552427292, 0.0, 0
u,0.8848758339881897, 0.0, 0
u,0.10383747518062592, 0.0, 0
u,0.10158013552427292, 0.0, 0
u,0.8871331810951233, 0.0, 0
u,0.8848758339881897, 0.0, 0
u,0.9548532962799072, 0.0, 0
u,0.284424364566803, 0.0, 0
u,0.957110583782196, 0.0, 0
u,0.10158013552427292, 0.0, 0
u,0.8893905282020569, 0.0, 0
u,0.8871331810951233, 0.0, 0
u,0.09932279586791992, 0.0, 0
u,0.8893905282020569, 0.0, 0
u,0.10158013552427292, 0.0, 0
u,0.9548532962799072, 0.0, 0
u,0.2866817116737366, 0.0, 0
u,0.284424364566803, 0.0, 0
u,0.09932279586791992, 0.0, 0
u,0.8916478753089905, 0.0, 0
u,0.8893905282020569, 0.0, 0
u,0.9525959491729736, 0.0, 0
u,0.2866817116737366, 0.0, 0
u,0.9548532962799072, 0.0, 0
u,0.09706546366214752, 0.0, 0
u,0.8916478753089905, 0.0, 0
u,0.09932279586791992, 0.0, 0
u,0.09706546366214752, 0.0, 0
u,0.8939051628112793, 0.0, 0
u,0.8916478753089905, 0.0, 0
u,0.95033860206604, 0.0, 0
u,0.2866817116737366, 0.0, 0
u,0.9525959491729736, 0.0, 0
u,0.09706546366214752, 0.0, 0
u,0.8961625099182129, 0.0, 0
u,0.8939051628112793, 0.0, 0
u,0.9480812549591064, 0.0, 0
u,0.2866817116737366, 0.0, 0
u,0.95033860206604, 0.0, 0
u,0.09480812400579453, 0.0, 0
u,0.8961625099182129, 0.0, 0
u,0.09706546366214752, 0.0, 0
u,0.9480812549591064, 0.0, 0
u,0.0, 0.0, 0
u,0.2866817116737366, 0.0, 0
u,0.0, 0.0, 0
u,0.28893905878067017, 0.0, 0
u,0.2866817116737366, 0.0, 0
u,0.9458239078521729, 0.0, 0
u,0.0, 0.0, 0
u,0.9480812549591064, 0.0, 0
u,0.09480812400579453, 0.0, 0
u,0.8984198570251465, 0.0, 0
u,0.8961625099182129, 0.0, 0
u,0.9458239078521729, 0.0, 0
u,0.0022573363967239857, 0.0, 0
u,0.0, 0.0, 0
u,0.6749435663223267, 0.0, 0
u,0.28893905878067017, 0.0, 0
u,0.0, 0.0, 0
u,0.09255079180002213, 0.0, 0
u,0.8984198570251465, 0.0, 0
u,0.09480812400579453, 0.0, 0
u,0.9458239078521729, 0.0, 0
u,0.004514672793447971, 0.0, 0
u,0.0022573363967239857, 0.0, 0
u,0.943566620349884, 0.0, 0
u,0.004514672793447971, 0.0, 0
u,0.9458239078521729, 0.0, 0
u,0.09255079180002213, 0.0, 0
u,0.9006772041320801, 0.0, 0
u,0.8984198570251465, 0.0, 0
u,0.09029345214366913, 0.0, 0
u,0.9006772041320801, 0.0, 0
u,0.09255079180002213, 0.0, 0
u,0.943566620349884, 0.0, 0
u,0.006772009190171957, 0.0, 0
u,0.004514672793447971, 0.0, 0
u,0.9413092732429504, 0.0, 0
u,0.006772009190171957, 0.0, 0
u,0.943566620349884, 0.0, 0
u,0.6749435663223267, 0.0, 0
u,0.29119637608528137, 0.0, 0
u,0.28893905878067017, 0.0, 0
u,0.09029345214366913, 0.0, 0
u,0.9029345512390137, 0.0, 0
u,0.9006772041320801, 0.0, 0
u,0.9413092732429504, 0.0, 0
u,0.009029345586895943, 0.0, 0
u,0.006772009190171957, 0.0, 0
u,0.08803611993789673, 0.0, 0
u,0.9029345512390137, 0.0, 0
u,0.09029345214366913, 0.0, 0
u,0.9390519261360168, 0.0, 0
u,0.009029345586895943, 0.0, 0
u,0.9413092732429504, 0.0, 0
u,0.9390519261360168, 0.0, 0
u,0.011286681517958641, 0.0, 0
u,0.009029345586895943, 0.0, 0
u,0.08803611993789673, 0.0, 0
u,0.9051918983459473, 0.0, 0
u,0.9029345512390137, 0.0, 0
u,0.08577878028154373, 0.0, 0
u,0.9051918983459473, 0.0, 0
u,0.08803611993789673, 0.0, 0
u,0.6726862192153931, 0.0, 0
u,0.29119637608528137, 0.0, 0
u,0.6749435663223267, 0.0, 0
u,0.9367945790290833, 0.0, 0
u,0.011286681517958641, 0.0, 0
u,0.9390519261360168, 0.0, 0
u,0.9367945790290833, 0.0, 0
u,0.013544018380343914, 0.0, 0
u,0.011286681517958641, 0.0, 0
u,0.08577878028154373, 0.0, 0
u,0.9074491858482361, 0.0, 0
u,0.9051918983459473, 0.0, 0
u,0.9367945790290833, 0.0, 0
u,0.015801355242729187, 0.0, 0
u,0.013544018380343914, 0.0, 0
u,0.9345372319221497, 0.0, 0
u,0.015801355242729187, 0.0, 0
u,0.9367945790290833, 0.0, 0
u,0.08352144807577133, 0.0, 0
u,0.9074491858482361, 0.0, 0
u,0.08577878028154373, 0.0, 0
u,0.08352144807577133, 0.0, 0
u,0.9097065329551697, 0.0, 0
u,0.9074491858482361, 0.0, 0
u,0.6726862192153931, 0.0, 0
u,0.29345372319221497, 0.0, 0
u,0.29119637608528137, 0.0, 0
u,0.9345372319221497, 0.0, 0
u,0.018058691173791885, 0.0, 0
u,0.015801355242729187, 0.0, 0
u,0.9322798848152161, 0.0, 0
u,0.018058691173791885, 0.0, 0
u,0.9345372319221497, 0.0, 0
u,0.08352144807577133, 0.0, 0
u,0.9119638800621033, 0.0, 0
u,0.9097065329551697, 0.0, 0
u,0.9322798848152161, 0.0, 0
u,0.020316027104854584, 0.0, 0
u,0.018058691173791885, 0.0, 0
u,0.08126410841941833, 0.0, 0
u,0.9119638800621033, 0.0, 0
u,0.08352144807577133, 0.0, 0
u,0.9300225973129272, 0.0, 0
u,0.020316027104854584, 0.0, 0
u,0.9322798848152161, 0.0, 0
u,0.08126410841941833, 0.0, 0
u,0.9142212271690369, 0.0, 0
u,0.9119638800621033, 0.0, 0
u,0.9300225973129272, 0.0, 0
u,0.022573363035917282, 0.0, 0
u,0.020316027104854584, 0.0, 0
u,0.9277652502059937, 0.0, 0
u,0.022573363035917282, 0.0, 0
u,0.9300225973129272, 0.0, 0
u,0.07900676876306534, 0.0, 0
u,0.9142212271690369, 0.0, 0
u,0.08126410841941833, 0.0, 0
u,0.07900676876306534, 0.0, 0
u,0.9164785742759705, 0.0, 0
u,0.9142212271690369, 0.0, 0
u,0.9255079030990601, 0.0, 0
u,0.022573363035917282, 0.0, 0
u,0.9277652502059937, 0.0, 0
u,0.9255079030990601, 0.0, 0
u,0.02483069896697998, 0.0, 0
u,0.022573363035917282, 0.0, 0
u,0.07900676876306534, 0.0, 0
u,0.918735921382904, 0.0, 0
u,0.9164785742759705, 0.0, 0
u,0.9232505559921265, 0.0, 0
u,0.02483069896697998, 0.0, 0
u,0.9255079030990601, 0.0, 0
u,0.07900676876306534, 0.0, 0
u,0.9209932088851929, 0.0, 0
u,0.918735921382904, 0.0, 0
u,0.9209932088851929, 0.0, 0
u,0.02483069896697998, 0.0, 0
u,0.9232505559921265, 0.0, 0
u,0.07674943655729294, 0.0, 0
u,0.9209932088851929, 0.0, 0
u,0.07900676876306534, 0.0, 0
u,0.07674943655729294, 0.0, 0
u,0.02483069896697998, 0.0, 0
u,0.9209932088851929, 0.0, 0
u,0.07674943655729294, 0.0, 0
u,0.027088036760687828, 0.0, 0
u,0.02483069896697998, 0.0, 0
u,0.6704288721084595, 0.0, 0
u,0.29345372319221497, 0.0, 0
u,0.6726862192153931, 0.0, 0
u,0.07674943655729294, 0.0, 0
u,0.029345372691750526, 0.0, 0
u,0.027088036760687828, 0.0, 0
u,0.07449209690093994, 0.0, 0
u,0.029345372691750526, 0.0, 0
u,0.07674943655729294, 0.0, 0
u,0.07449209690093994, 0.0, 0
u,0.031602710485458374, 0.0, 0
u,0.029345372691750526, 0.0, 0
u,0.6704288721084595, 0.0, 0
u,0.29571107029914856, 0.0, 0
u,0.29345372319221497, 0.0, 0
u,0.07223476469516754, 0.0, 0
u,0.031602710485458374, 0.0, 0
u,0.07449209690093994, 0.0, 0
u,0.07223476469516754, 0.0, 0
u,0.03386004641652107, 0.0, 0
u,0.031602710485458374, 0.0, 0
u,0.06997742503881454, 0.0, 0
u,0.03386004641652107, 0.0, 0
u,0.07223476469516754, 0.0, 0
u,0.06997742503881454, 0.0, 0
u,0.03611738234758377, 0.0, 0
u,0.03386004641652107, 0.0, 0
u,0.06772009283304214, 0.0, 0
u,0.03611738234758377, 0.0, 0
u,0.06997742503881454, 0.0, 0
u,0.06772009283304214, 0.0, 0
u,0.03837471827864647, 0.0, 0
u,0.03611738234758377, 0.0, 0
u,0.06546275317668915, 0.0, 0
u,0.03837471827864647, 0.0, 0
u,0.06772009283304214, 0.0, 0
u,0.06546275317668915, 0.0, 0
u,0.04063205420970917, 0.0, 0
u,0.03837471827864647, 0.0, 0
u,0.06546275317668915, 0.0, 0
u,0.042889390140771866, 0.0, 0
u,0.04063205420970917, 0.0, 0
u,0.06320542097091675, 0.0, 0
u,0.042889390140771866, 0.0, 0
u,0.06546275317668915, 0.0, 0
u,0.06320542097091675, 0.0, 0
u,0.045146726071834564, 0.0, 0
u,0.042889390140771866, 0.0, 0
u,0.06094808131456375, 0.0, 0
u,0.045146726071834564, 0.0, 0
u,0.06320542097091675, 0.0, 0
u,0.06094808131456375, 0.0, 0
u,0.04740406200289726, 0.0, 0
u,0.045146726071834564, 0.0, 0
u,0.05869074538350105, 0.0, 0
u,0.04740406200289726, 0.0, 0
u,0.06094808131456375, 0.0, 0
u,0.05869074538350105, 0.0, 0
u,0.04966139793395996, 0.0, 0
u,0.04740406200289726, 0.0, 0
u,0.056433409452438354, 0.0, 0
u,0.04966139793395996, 0.0, 0
u,0.05869074538350105, 0.0, 0
u,0.056433409452438354, 0.0, 0
u,0.05191873759031296, 0.0, 0
u,0.04966139793395996, 0.0, 0
u,0.054176073521375656, 0.0, 0
u,0.05191873759031296, 0.0, 0
u,0.056433409452438354, 0.0, 0
u,0.6704288721084595, 0.0, 0
u,0.29796838760375977, 0.0, 0
u,0.29571107029914856, 0.0, 0
u,0.6681715846061707, 0.0, 0
u,0.29796838760375977, 0.0, 0
u,0.6704288721084595, 0.0, 0
u,0.6681715846061707, 0.0, 0
u,0.30022573471069336, 0.0, 0
u,0.29796838760375977, 0.0, 0
u,0.6659142374992371, 0.0, 0
u,0.30022573471069336, 0.0, 0
u,0.6681715846061707, 0.0, 0
u,0.6659142374992371, 0.0, 0
u,0.30248308181762695, 0.0, 0
u,0.30022573471069336, 0.0, 0
u,0.6636568903923035, 0.0, 0
u,0.30248308181762695, 0.0, 0
u,0.6659142374992371, 0.0, 0
u,0.6636568903923035, 0.0, 0
u,0.30474039912223816, 0.0, 0
u,0.30248308181762695, 0.0, 0
u,0.6613995432853699, 0.0, 0
u,0.30474039912223816, 0.0, 0
u,0.6636568903923035, 0.0, 0
u,0.6613995432853699, 0.0, 0
u,0.30699774622917175, 0.0, 0
u,0.30474039912223816, 0.0, 0
u,0.6613995432853699, 0.0, 0
u,0.30925509333610535, 0.0, 0
u,0.30699774622917175, 0.0, 0
u,0.6591421961784363, 0.0, 0
u,0.30925509333610535, 0.0, 0
u,0.6613995432853699, 0.0, 0
u,0.6591421961784363, 0.0, 0
u,0.31151241064071655, 0.0, 0
u,0.30925509333610535, 0.0, 0
u,0.6568848490715027, 0.0, 0
u,0.31151241064071655, 0.0, 0
u,0.6591421961784363, 0.0, 0
u,0.6568848490715027, 0.0, 0
u,0.31376975774765015, 0.0, 0
u,0.31151241064071655, 0.0, 0
u,0.6546275615692139, 0.0, 0
u,0.31376975774765015, 0.0, 0
u,0.6568848490715027, 0.0, 0
u,0.6546275615692139, 0.0, 0
u,0.31602707505226135, 0.0, 0
u,0.31376975774765015, 0.0, 0
u,0.6523702144622803, 0.0, 0
u,0.31602707505226135, 0.0, 0
u,0.6546275615692139, 0.0, 0
u,0.6523702144622803, 0.0, 0
u,0.31828442215919495, 0.0, 0
u,0.31602707505226135, 0.0, 0
u,0.6523702144622803, 0.0, 0
u,0.32054176926612854, 0.0, 0
u,0.31828442215919495, 0.0, 0
u,0.6501128673553467, 0.0, 0
u,0.32054176926612854, 0.0, 0
u,0.6523702144622803, 0.0, 0
u,0.4853273034095764, 0.0, 0
u,0.4898419976234436, 0.0, 0
u,0.48758465051651, 0.0, 0
u,0.4853273034095764, 0.0, 0
u,0.4920993149280548, 0.0, 0
u,0.4898419976234436, 0.0, 0
u,0.4830699861049652, 0.0, 0
u,0.4920993149280548, 0.0, 0
u,0.4853273034095764, 0.0, 0
u,0.4830699861049652, 0.0, 0
u,0.4943566620349884, 0.0, 0
u,0.4920993149280548, 0.0, 0
u,0.4830699861049652, 0.0, 0
u,0.496614009141922, 0.0, 0
u,0.4943566620349884, 0.0, 0
u,0.4808126389980316, 0.0, 0
u,0.496614009141922, 0.0, 0
u,0.4830699861049652, 0.0, 0
u,0.4808126389980316, 0.0, 0
u,0.4988713264465332, 0.0, 0
u,0.496614009141922, 0.0, 0
u,0.478555291891098, 0.0, 0
u,0.4988713264465332, 0.0, 0
u,0.4808126389980316, 0.0, 0
u,0.478555291891098, 0.0, 0
u,0.5011286735534668, 0.0, 0
u,0.4988713264465332, 0.0, 0
u,0.478555291891098, 0.0, 0
u,0.5033860206604004, 0.0, 0
u,0.5011286735534668, 0.0, 0
u,0.4762979745864868, 0.0, 0
u,0.5033860206604004, 0.0, 0
u,0.478555291891098, 0.0, 0
u,0.4762979745864868, 0.0, 0
u,0.505643367767334, 0.0, 0
u,0.5033860206604004, 0.0, 0
u,0.4762979745864868, 0.0, 0
u,0.5079006552696228, 0.0, 0
u,0.505643367767334, 0.0, 0
u,0.4740406274795532, 0.0, 0
u,0.5079006552696228, 0.0, 0
u,0.4762979745864868, 0.0, 0
u,0.4740406274795532, 0.0, 0
u,0.5101580023765564, 0.0, 0
u,0.5079006552696228, 0.0, 0
u,0.471783310174942, 0.0, 0
u,0.5101580023765564, 0.0, 0
u,0.4740406274795532, 0.0, 0
u,0.471783310174942, 0.0, 0
u,0.51241534948349, 0.0, 0
u,0.5101580023765564, 0.0, 0
u,0.471783310174942, 0.0, 0
u,0.5146726965904236, 0.0, 0
u,0.51241534948349, 0.0, 0
u,0.4695259630680084, 0.0, 0
u,0.5146726965904236, 0.0, 0
u,0.471783310174942, 0.0, 0
u,0.4695259630680084, 0.0, 0
u,0.5169300436973572, 0.0, 0
u,0.5146726965904236, 0.0, 0
u,0.46726861596107483, 0.0, 0
u,0.5169300436973572, 0.0, 0
u,0.4695259630680084, 0.0, 0
u,0.46726861596107483, 0.0, 0
u,0.519187331199646, 0.0, 0
u,0.5169300436973572, 0.0, 0
u,0.46726861596107483, 0.0, 0
u,0.5214446783065796, 0.0, 0
u,0.519187331199646, 0.0, 0
u,0.4650112986564636, 0.0, 0
u,0.5214446783065796, 0.0, 0
u,0.46726861596107483, 0.0, 0
u,0.6501128673553467, 0.0, 0
u,0.32279908657073975, 0.0, 0
u,0.32054176926612854, 0.0, 0
u,0.4650112986564636, 0.0, 0
u,0.5237020254135132, 0.0, 0
u,0.5214446783065796, 0.0, 0
u,0.46275395154953003, 0.0, 0
u,0.5237020254135132, 0.0, 0
u,0.4650112986564636, 0.0, 0
u,0.46275395154953003, 0.0, 0
u,0.5259593725204468, 0.0, 0
u,0.5237020254135132, 0.0, 0
u,0.46275395154953003, 0.0, 0
u,0.5282167196273804, 0.0, 0
u,0.5259593725204468, 0.0, 0
u,0.46049660444259644, 0.0, 0
u,0.5282167196273804, 0.0, 0
u,0.46275395154953003, 0.0, 0
u,0.46049660444259644, 0.0, 0
u,0.530474066734314, 0.0, 0
u,0.5282167196273804, 0.0, 0
u,0.45823928713798523, 0.0, 0
u,0.530474066734314, 0.0, 0
u,0.46049660444259644, 0.0, 0
u,0.6478555202484131, 0.0, 0
u,0.32279908657073975, 0.0, 0
u,0.6501128673553467, 0.0, 0
u,0.45823928713798523, 0.0, 0
u,0.5327313542366028, 0.0, 0
u,0.530474066734314, 0.0, 0
u,0.45823928713798523, 0.0, 0
u,0.5349887013435364, 0.0, 0
u,0.5327313542366028, 0.0, 0
u,0.45598194003105164, 0.0, 0
u,0.5349887013435364, 0.0, 0
u,0.45823928713798523, 0.0, 0
u,0.45598194003105164, 0.0, 0
u,0.53724604845047, 0.0, 0
u,0.5349887013435364, 0.0, 0
u,0.45372459292411804, 0.0, 0
u,0.53724604845047, 0.0, 0
u,0.45598194003105164, 0.0, 0
u,0.45372459292411804, 0.0, 0
u,0.5395033955574036, 0.0, 0
u,0.53724604845047, 0.0, 0
u,0.45372459292411804, 0.0, 0
u,0.5417607426643372, 0.0, 0
u,0.5395033955574036, 0.0, 0
u,0.45146727561950684, 0.0, 0
u,0.5417607426643372, 0.0, 0
u,0.45372459292411804, 0.0, 0
u,0.6478555202484131, 0.0, 0
u,0.32505643367767334, 0.0, 0
u,0.32279908657073975, 0.0, 0
u,0.45146727561950684, 0.0, 0
u,0.544018030166626, 0.0, 0
u,0.5417607426643372, 0.0, 0
u,0.44920992851257324, 0.0, 0
u,0.544018030166626, 0.0, 0
u,0.45146727561950684, 0.0, 0
u,0.44920992851257324, 0.0, 0
u,0.5462753772735596, 0.0, 0
u,0.544018030166626, 0.0, 0
u,0.44695258140563965, 0.0, 0
u,0.5462753772735596, 0.0, 0
u,0.44920992851257324, 0.0, 0
u,0.44695258140563965, 0.0, 0
u,0.5485327243804932, 0.0, 0
u,0.5462753772735596, 0.0, 0
u,0.44469526410102844, 0.0, 0
u,0.5485327243804932, 0.0, 0
u,0.44695258140563965, 0.0, 0
u,0.44469526410102844, 0.0, 0
u,0.5507900714874268, 0.0, 0
u,0.5485327243804932, 0.0, 0
u,0.6455981731414795, 0.0, 0
u,0.32505643367767334, 0.0, 0
u,0.6478555202484131, 0.0, 0
u,0.44469526410102844, 0.0, 0
u,0.5530474185943604, 0.0, 0
u,0.5507900714874268, 0.0, 0
u,0.44243791699409485, 0.0, 0
u,0.5530474185943604, 0.0, 0
u,0.44469526410102844, 0.0, 0
u,0.44243791699409485, 0.0, 0
u,0.555304765701294, 0.0, 0
u,0.5530474185943604, 0.0, 0
u,0.44018059968948364, 0.0, 0
u,0.555304765701294, 0.0, 0
u,0.44243791699409485, 0.0, 0
u,0.6455981731414795, 0.0, 0
u,0.32731378078460693, 0.0, 0
u,0.32505643367767334, 0.0, 0
u,0.44018059968948364, 0.0, 0
u,0.5575620532035828, 0.0, 0
u,0.555304765701294, 0.0, 0
u,0.43792325258255005, 0.0, 0
u,0.5575620532035828, 0.0, 0
u,0.44018059968948364, 0.0, 0
u,0.43792325258255005, 0.0, 0
u,0.5598194003105164, 0.0, 0
u,0.5575620532035828, 0.0, 0
u,0.43566590547561646, 0.0, 0
u,0.5598194003105164, 0.0, 0
u,0.43792325258255005, 0.0, 0
u,0.6455981731414795, 0.0, 0
u,0.32957109808921814, 0.0, 0
u,0.32731378078460693, 0.0, 0
u,0.43340858817100525, 0.0, 0
u,0.5598194003105164, 0.0, 0
u,0.43566590547561646, 0.0, 0
u,0.43340858817100525, 0.0, 0
u,0.56207674741745, 0.0, 0
u,0.5598194003105164, 0.0, 0
u,0.6433408856391907, 0.0, 0
u,0.32957109808921814, 0.0, 0
u,0.6455981731414795, 0.0, 0
u,0.43115124106407166, 0.0, 0
u,0.56207674741745, 0.0, 0
u,0.43340858817100525, 0.0, 0
u,0.43115124106407166, 0.0, 0
u,0.5643340945243835, 0.0, 0
u,0.56207674741745, 0.0, 0
u,0.6433408856391907, 0.0, 0
u,0.33182844519615173, 0.0, 0
u,0.32957109808921814, 0.0, 0
u,0.43115124106407166, 0.0, 0
u,0.5665914416313171, 0.0, 0
u,0.5643340945243835, 0.0, 0
u,0.42889389395713806, 0.0, 0
u,0.5665914416313171, 0.0, 0
u,0.43115124106407166, 0.0, 0
u,0.42889389395713806, 0.0, 0
u,0.568848729133606, 0.0, 0
u,0.5665914416313171, 0.0, 0
u,0.6410835385322571, 0.0, 0
u,0.33182844519615173, 0.0, 0
u,0.6433408856391907, 0.0, 0
u,0.6410835385322571, 0.0, 0
u,0.3340857923030853, 0.0, 0
u,0.33182844519615173, 0.0, 0
u,0.42663657665252686, 0.0, 0
u,0.568848729133606, 0.0, 0
u,0.42889389395713806, 0.0, 0
u,0.42663657665252686, 0.0, 0
u,0.5711060762405396, 0.0, 0
u,0.568848729133606, 0.0, 0
u,0.42437922954559326, 0.0, 0
u,0.5711060762405396, 0.0, 0
u,0.42663657665252686, 0.0, 0
u,0.42437922954559326, 0.0, 0
u,0.5733634233474731, 0.0, 0
u,0.5711060762405396, 0.0, 0
u,0.6410835385322571, 0.0, 0
u,0.33634310960769653, 0.0, 0
u,0.3340857923030853, 0.0, 0
u,0.42437922954559326, 0.0, 0
u,0.5756207704544067, 0.0, 0
u,0.5733634233474731, 0.0, 0
u,0.6388261914253235, 0.0, 0
u,0.33634310960769653, 0.0, 0
u,0.6410835385322571, 0.0, 0
u,0.42212188243865967, 0.0, 0
u,0.5756207704544067, 0.0, 0
u,0.42437922954559326, 0.0, 0
u,0.6388261914253235, 0.0, 0
u,0.3386004567146301, 0.0, 0
u,0.33634310960769653, 0.0, 0
u,0.42212188243865967, 0.0, 0
u,0.5778781175613403, 0.0, 0
u,0.5756207704544067, 0.0, 0
u,0.41986456513404846, 0.0, 0
u,0.5778781175613403, 0.0, 0
u,0.42212188243865967, 0.0, 0
u,0.41986456513404846, 0.0, 0
u,0.5801354646682739, 0.0, 0
u,0.5778781175613403, 0.0, 0
u,0.6388261914253235, 0.0, 0
u,0.34085777401924133, 0.0, 0
u,0.3386004567146301, 0.0, 0
u,0.6365688443183899, 0.0, 0
u,0.34085777401924133, 0.0, 0
u,0.6388261914253235, 0.0, 0
u,0.41760721802711487, 0.0, 0
u,0.5801354646682739, 0.0, 0
u,0.41986456513404846, 0.0, 0
u,0.41760721802711487, 0.0, 0
u,0.5823927521705627, 0.0, 0
u,0.5801354646682739, 0.0, 0
u,0.6365688443183899, 0.0, 0
u,0.3431151211261749, 0.0, 0
u,0.34085777401924133, 0.0, 0
u,0.41760721802711487, 0.0, 0
u,0.5846500992774963, 0.0, 0
u,0.5823927521705627, 0.0, 0
u,0.41534990072250366, 0.0, 0
u,0.5846500992774963, 0.0, 0
u,0.41760721802711487, 0.0, 0
u,0.41534990072250366, 0.0, 0
u,0.5869074463844299, 0.0, 0
u,0.5846500992774963, 0.0, 0
u,0.6343114972114563, 0.0, 0
u,0.3431151211261749, 0.0, 0
u,0.6365688443183899, 0.0, 0
u,0.6343114972114563, 0.0, 0
u,0.3453724682331085, 0.0, 0
u,0.3431151211261749, 0.0, 0
u,0.41309255361557007, 0.0, 0
u,0.5869074463844299, 0.0, 0
u,0.41534990072250366, 0.0, 0
u,0.41309255361557007, 0.0, 0
u,0.5891647934913635, 0.0, 0
u,0.5869074463844299, 0.0, 0
u,0.41309255361557007, 0.0, 0
u,0.5914221405982971, 0.0, 0
u,0.5891647934913635, 0.0, 0
u,0.4108352065086365, 0.0, 0
u,0.5914221405982971, 0.0, 0
u,0.41309255361557007, 0.0, 0
u,0.6343114972114563, 0.0, 0
u,0.3476297855377197, 0.0, 0
u,0.3453724682331085, 0.0, 0
u,0.6320541501045227, 0.0, 0
u,0.3476297855377197, 0.0, 0
u,0.6343114972114563, 0.0, 0
u,0.4108352065086365, 0.0, 0
u,0.5936794877052307, 0.0, 0
u,0.5914221405982971, 0.0, 0
u,0.4108352065086365, 0.0, 0
u,0.5959367752075195, 0.0, 0
u,0.5936794877052307, 0.0, 0
u,0.40857788920402527, 0.0, 0
u,0.5959367752075195, 0.0, 0
u,0.4108352065086365, 0.0, 0
u,0.6320541501045227, 0.0, 0
u,0.3498871326446533, 0.0, 0
u,0.3476297855377197, 0.0, 0
u,0.40857788920402527, 0.0, 0
u,0.5981941223144531, 0.0, 0
u,0.5959367752075195, 0.0, 0
u,0.6297968626022339, 0.0, 0
u,0.3498871326446533, 0.0, 0
u,0.6320541501045227, 0.0, 0
u,0.40857788920402527, 0.0, 0
u,0.6004514694213867, 0.0, 0
u,0.5981941223144531, 0.0, 0
u,0.4063205420970917, 0.0, 0
u,0.6004514694213867, 0.0, 0
u,0.40857788920402527, 0.0, 0
u,0.6297968626022339, 0.0, 0
u,0.3521444797515869, 0.0, 0
u,0.3498871326446533, 0.0, 0
u,0.4063205420970917, 0.0, 0
u,0.6027088165283203, 0.0, 0
u,0.6004514694213867, 0.0, 0
u,0.4063205420970917, 0.0, 0
u,0.6049661636352539, 0.0, 0
u,0.6027088165283203, 0.0, 0
u,0.6275395154953003, 0.0, 0
u,0.3521444797515869, 0.0, 0
u,0.6297968626022339, 0.0, 0
u,0.4040631949901581, 0.0, 0
u,0.6049661636352539, 0.0, 0
u,0.4063205420970917, 0.0, 0
u,0.4040631949901581, 0.0, 0
u,0.6072234511375427, 0.0, 0
u,0.6049661636352539, 0.0, 0
u,0.6275395154953003, 0.0, 0
u,0.3544017970561981, 0.0, 0
u,0.3521444797515869, 0.0, 0
u,0.4040631949901581, 0.0, 0
u,0.6094807982444763, 0.0, 0
u,0.6072234511375427, 0.0, 0
u,0.4040631949901581, 0.0, 0
u,0.6117381453514099, 0.0, 0
u,0.6094807982444763, 0.0, 0
u,0.6252821683883667, 0.0, 0
u,0.3544017970561981, 0.0, 0
u,0.6275395154953003, 0.0, 0
u,0.4040631949901581, 0.0, 0
u,0.6139954924583435, 0.0, 0
u,0.6117381453514099, 0.0, 0
u,0.4018058776855469, 0.0, 0
u,0.6139954924583435, 0.0, 0
u,0.4040631949901581, 0.0, 0
u,0.6252821683883667, 0.0, 0
u,0.3566591441631317, 0.0, 0
u,0.3544017970561981, 0.0, 0
u,0.4018058776855469, 0.0, 0
u,0.6162528395652771, 0.0, 0
u,0.6139954924583435, 0.0, 0
u,0.4018058776855469, 0.0, 0
u,0.6185101866722107, 0.0, 0
u,0.6162528395652771, 0.0, 0
u,0.6230248212814331, 0.0, 0
u,0.3566591441631317, 0.0, 0
u,0.6252821683883667, 0.0, 0
u,0.4018058776855469, 0.0, 0
u,0.6207674741744995, 0.0, 0
u,0.6185101866722107, 0.0, 0
u,0.4018058776855469, 0.0, 0
u,0.6230248212814331, 0.0, 0
u,0.6207674741744995, 0.0, 0
u,0.4018058776855469, 0.0, 0
u,0.3566591441631317, 0.0, 0
u,0.6230248212814331, 0.0, 0
u,0.3995485305786133, 0.0, 0
u,0.3566591441631317, 0.0, 0
u,0.4018058776855469, 0.0, 0
u,0.3995485305786133, 0.0, 0
u,0.3589164912700653, 0.0, 0
u,0.3566591441631317, 0.0, 0
u,0.3972911834716797, 0.0, 0
u,0.3589164912700653, 0.0, 0
u,0.3995485305786133, 0.0, 0
u,0.3972911834716797, 0.0, 0
u,0.3611738085746765, 0.0, 0
u,0.3589164912700653, 0.0, 0
u,0.3950338661670685, 0.0, 0
u,0.3611738085746765, 0.0, 0
u,0.3972911834716797, 0.0, 0
u,0.3950338661670685, 0.0, 0
u,0.3634311556816101, 0.0, 0
u,0.3611738085746765, 0.0, 0
u,0.3927765190601349, 0.0, 0
u,0.3634311556816101, 0.0, 0
u,0.3950338661670685, 0.0, 0
u,0.3927765190601349, 0.0, 0
u,0.3656884729862213, 0.0, 0
u,0.3634311556816101, 0.0, 0
u,0.3905192017555237, 0.0, 0
u,0.3656884729862213, 0.0, 0
u,0.3927765190601349, 0.0, 0
u,0.3905192017555237, 0.0, 0
u,0.3679458200931549, 0.0, 0
u,0.3656884729862213, 0.0, 0
u,0.3882618546485901, 0.0, 0
u,0.3679458200931549, 0.0, 0
u,0.3905192017555237, 0.0, 0
u,0.3882618546485901, 0.0, 0
u,0.3702031672000885, 0.0, 0
u,0.3679458200931549, 0.0, 0
u,0.3860045075416565, 0.0, 0
u,0.3702031672000885, 0.0, 0
u,0.3882618546485901, 0.0, 0
u,0.3860045075416565, 0.0, 0
u,0.3724604845046997, 0.0, 0
u,0.3702031672000885, 0.0, 0
u,0.3837471902370453, 0.0, 0
u,0.3724604845046997, 0.0, 0
u,0.3860045075416565, 0.0, 0
u,0.3837471902370453, 0.0, 0
u,0.3747178316116333, 0.0, 0
u,0.3724604845046997, 0.0, 0
u,0.3814898431301117, 0.0, 0
u,0.3747178316116333, 0.0, 0
u,0.3837471902370453, 0.0, 0
u,0.3814898431301117, 0.0, 0
u,0.3769751787185669, 0.0, 0
u,0.3747178316116333, 0.0, 0
u,0.3792324960231781, 0.0, 0
u,0.3769751787185669, 0.0, 0
u,0.3814898431301117, 0.0, 0
