s,-0.03645016998052597, -5.1580926196947985e-09, -0.0015358361415565014
b,0.03658737242221832, 6.713353484233409e-11, 0.11800340563058853
v,6.859749555587769e-05, -5.1580926196947985e-09, 0.11800340563058853
v,0.0015534795820713043, -5.155632365472229e-09, 0.11794711649417877
v,0.003021765500307083, -5.148250714626101e-09, 0.1177782416343689
v,0.0044734664261341095, -5.135948111245625e-09, 0.1174967885017395
v,0.005908571183681488, -5.1187241112415904e-09, 0.11710275709629059
v,0.007327083498239517, -5.096579158703207e-09, 0.11659613996744156
v,0.008729010820388794, -5.0695132536304754e-09, 0.11597694456577301
v,0.010114341974258423, -5.037526396023395e-09, 0.11524516344070435
v,0.011483084410429, -5.0006181417927564e-09, 0.11440080404281616
v,0.01283523440361023, -4.958788935027769e-09, 0.11344386637210846
v,0.014170795679092407, -4.912038775728433e-09, 0.11237434297800064
v,0.015489760786294937, -4.860367663894749e-09, 0.1111922487616539
v,0.01679214835166931, -4.803776931794346e-09, 0.10989760607481003
v,0.017431486397981644, -4.774457718070835e-09, 0.10922686010599136
v,0.018069643527269363, -4.743688553077163e-09, 0.1085229441523552
v,0.018706612288951874, -4.711468548634912e-09, 0.10778583586215973
v,0.019342396408319473, -4.6777985929225e-09, 0.10701555013656616
v,0.019976995885372162, -4.6426777977615075e-09, 0.1062120795249939
v,0.02061040699481964, -4.606106607241145e-09, 0.10537543147802353
v,0.02124263346195221, -4.568085021361412e-09, 0.10450559854507446
v,0.021873682737350464, -4.528613040122309e-09, 0.1036025881767273
v,0.02250353991985321, -4.487690663523836e-09, 0.10266639292240143
v,0.023132219910621643, -4.445317891565992e-09, 0.10169702023267746
v,0.023759707808494568, -4.401494724248778e-09, 0.1006944552063942
v,0.024386003613471985, -4.356220273393774e-09, 0.09965869784355164
v,0.025004014372825623, -4.3101437974257806e-09, 0.09860458970069885
v,0.025606617331504822, -4.26391144614513e-09, 0.09754692763090134
v,0.026193812489509583, -4.217524107730242e-09, 0.09648570418357849
v,0.0267656072974205, -4.170981338091906e-09, 0.09542092680931091
v,0.027321994304656982, -4.1242831372301225e-09, 0.0943525955080986
v,0.027862973511219025, -4.077429505144892e-09, 0.09328071027994156
v,0.02838854491710663, -4.030420441836213e-09, 0.09220527112483978
v,0.02889871597290039, -3.983255947304087e-09, 0.09112627804279327
v,0.029393479228019714, -3.935936465637724e-09, 0.09004372358322144
v,0.0298728346824646, -3.888461108658703e-09, 0.08895762264728546
v,0.030336782336235046, -3.840830764545444e-09, 0.08786796033382416
v,0.030785322189331055, -3.793044545119528e-09, 0.08677474409341812
v,0.031712040305137634, -3.6841081296756784e-09, 0.08428256958723068
v,0.03255816549062729, -3.5761040795279087e-09, 0.08181171864271164
v,0.03332372009754181, -3.4690321726316142e-09, 0.07936220616102219
v,0.034008681774139404, -3.362892853076005e-09, 0.07693401724100113
v,0.03461305797100067, -3.257685898816476e-09, 0.07452716678380966
v,0.03513685613870621, -3.153411531897632e-09, 0.07214163988828659
v,0.035580068826675415, -3.0500693082302632e-09, 0.06977745145559311
v,0.035942696034908295, -2.9476594498589748e-09, 0.06743458658456802
v,0.036224737763404846, -2.8461821788283714e-09, 0.06511306017637253
v,0.036426201462745667, -2.7456372730938483e-09, 0.06281285732984543
v,0.03654707968235016, -2.6460247326554054e-09, 0.06053398922085762
v,0.03658737242221832, -2.5473445575130427e-09, 0.058276452124118805
v,0.03654707968235016, -2.4486388472411136e-09, 0.056018322706222534
v,0.036426201462745667, -2.348948591190947e-09, 0.05373767763376236
v,0.036224737763404846, -2.2482742334517525e-09, 0.05143451690673828
v,0.035942696034908295, -2.1466155519789254e-09, 0.0491088405251503
v,0.035580068826675415, -2.0439727688170706e-09, 0.046760644763708115
v,0.03513685613870621, -1.940345883966188e-09, 0.044389937072992325
v,0.03461305797100067, -1.8357346753816728e-09, 0.04199671372771263
v,0.034008681774139404, -1.730139143063525e-09, 0.03958096727728844
v,0.03332372009754181, -1.6235593980340468e-09, 0.03714270889759064
v,0.03255816549062729, -1.515995551315541e-09, 0.034681934863328934
v,0.031712040305137634, -1.407447491885705e-09, 0.032198645174503326
v,0.030785322189331055, -1.2979149976999338e-09, 0.02969283238053322
v,0.030336782336235046, -1.2495591228400826e-09, 0.028586579486727715
v,0.029872827231884003, -1.2014622630118765e-09, 0.027486253529787064
v,0.029393471777439117, -1.153624529237618e-09, 0.026391852647066116
v,0.028898708522319794, -1.106045699472702e-09, 0.025303376838564873
v,0.02838854491710663, -1.058725884739431e-09, 0.024220824241638184
v,0.027862966060638428, -1.011665085037805e-09, 0.023144198581576347
v,0.027321986854076385, -9.648633003678242e-10, 0.022073497995734215
v,0.026765599846839905, -9.183204752183372e-10, 0.021008722484111786
v,0.026193812489509583, -8.720366651004952e-10, 0.01994987390935421
v,0.025606617331504822, -8.260118700142982e-10, 0.01889694854617119
v,0.025004014372825623, -7.802460899597463e-10, 0.01784995011985302
v,0.024386003613471985, -7.34739213914537e-10, 0.016808873042464256
v,0.023759707808494568, -6.900612858906641e-10, 0.015786761417984962
v,0.023132219910621643, -6.467819058109114e-10, 0.014796644449234009
v,0.02250353991985321, -6.049011291864304e-10, 0.013838523998856544
v,0.021873682737350464, -5.644189560172208e-10, 0.01291240006685257
v,0.02124263346195221, -5.25335441814434e-10, 0.012018273584544659
v,0.02061040699481964, -4.876504755557676e-10, 0.011156142689287663
v,0.019976995885372162, -4.513641960190995e-10, 0.010326008312404156
v,0.019342396408319473, -4.1647651993770296e-10, 0.009527872316539288
v,0.018706612288951874, -3.829874750671536e-10, 0.008761731907725334
v,0.018069643527269363, -3.5089703365187574e-10, 0.00802758801728487
v,0.017431486397981644, -3.2020519569186945e-10, 0.0073254406452178955
v,0.01679214835166931, -2.909119889427103e-10, 0.0066552902571856976
v,0.015476733446121216, -2.3372415114408795e-10, 0.005346985068172216
v,0.014147095382213593, -1.8150918268400318e-10, 0.004152446053922176
v,0.01280323788523674, -1.3426706968466817e-10, 0.0030716722831130028
v,0.01144515722990036, -9.199779826829513e-11, 0.002104664221405983
v,0.01007286086678505, -5.470138925156576e-11, 0.001251421868801117
v,0.00868634507060051, -2.237783396086268e-11, 0.0005119451670907438
v,0.007285606116056442, 4.972869338537578e-12, -0.00011376599286450073
v,0.005870644003152847, 2.7350718911911542e-11, -0.0006257115164771676
v,0.004441466182470322, 4.475571649398269e-11, -0.001023891381919384
v,0.0029980652034282684, 5.7187858615304066e-11, -0.0013083056546747684
v,0.0015404410660266876, 6.464714874532262e-11, -0.001478954334743321
v,6.859749555587769e-05, 6.713353484233409e-11, -0.0015358361415565014
v,-0.001390211284160614, 6.46471071119592e-11, -0.0014789532870054245
v,-0.0028371661901474, 5.7187820451387594e-11, -0.0013083048397675157
v,-0.004272274672985077, 4.4755688738407073e-11, -0.0010238907998427749
v,-0.005695529282093048, 2.735069809522983e-11, -0.0006257110508158803
v,-0.007106933742761612, 4.972857195473246e-12, -0.00011376570910215378
v,-0.008506488054990768, -2.2377837430309633e-11, 0.0005119452252984047
v,-0.009894188493490219, -5.4701385782118805e-11, 0.0012514217523857951
v,-0.011270042508840561, -9.199778439050732e-11, 0.0021046639885753393
v,-0.012634046375751495, -1.3426704192909256e-10, 0.0030716718174517155
v,-0.013986198231577873, -1.8150915492842756e-10, 0.004152445122599602
v,-0.015326501801609993, -2.337240956329367e-10, 0.005346984136849642
v,-0.01665494777262211, -2.909119889427103e-10, 0.0066552902571856976
v,-0.017280954867601395, -3.2020519569186945e-10, 0.0073254406452178955
v,-0.017907554283738136, -3.5089703365187574e-10, 0.00802758801728487
v,-0.018534747883677483, -3.829874750671536e-10, 0.008761731907725334
v,-0.019162531942129135, -4.1647651993770296e-10, 0.009527872316539288
v,-0.019790910184383392, -4.513641960190995e-10, 0.010326008312404156
v,-0.020419880747795105, -4.876504755557676e-10, 0.011156142689287663
v,-0.021049441769719124, -5.25335441814434e-10, 0.012018273584544659
v,-0.021679596975445747, -5.644189560172208e-10, 0.01291240006685257
v,-0.022310346364974976, -6.049011291864304e-10, 0.013838523998856544
v,-0.02294168621301651, -6.467819058109114e-10, 0.014796644449234009
v,-0.0235736183822155, -6.900612858906641e-10, 0.015786761417984962
v,-0.024206144735217094, -7.34739213914537e-10, 0.016808873042464256
v,-0.024830373004078865, -7.802460344485951e-10, 0.01784994825720787
v,-0.02543742023408413, -8.26011814503147e-10, 0.01889694668352604
v,-0.02602728269994259, -8.720366095893439e-10, 0.01994987204670906
v,-0.026599962264299393, -9.183204197071859e-10, 0.021008720621466637
v,-0.02715545892715454, -9.648631893455217e-10, 0.022073497995734215
v,-0.027693770825862885, -1.011665085037805e-09, 0.023144198581576347
v,-0.02821490168571472, -1.058725884739431e-09, 0.024220822378993034
v,-0.028718847781419754, -1.1060455884503995e-09, 0.025303373113274574
v,-0.02920561097562313, -1.1536244182153155e-09, 0.026391848921775818
v,-0.029675189405679703, -1.201462151989574e-09, 0.027486249804496765
v,-0.03012758493423462, -1.2495589007954777e-09, 0.028586575761437416
v,-0.03056279942393303, -1.2979149976999338e-09, 0.02969283238053322
v,-0.03150314465165138, -1.4080170362973377e-09, 0.03221167251467705
v,-0.0323617197573185, -1.5170312783752138e-09, 0.03470563143491745
v,-0.03313852474093437, -1.6249577239335622e-09, 0.03717469796538353
v,-0.03383356332778931, -1.7317963729723829e-09, 0.03961888328194618
v,-0.034446828067302704, -1.8375473365139783e-09, 0.04203818365931511
v,-0.03497833013534546, -1.9422103925137435e-09, 0.044432591646909714
v,-0.03542805835604668, -2.0457857630162835e-09, 0.04680211842060089
v,-0.035796020179986954, -2.1482731149546908e-09, 0.049146756529808044
v,-0.03608221188187599, -2.2496724483289654e-09, 0.051466505974531174
v,-0.03628663346171379, -2.349984429272922e-09, 0.053761374205350876
v,-0.03640928864479065, -2.4492083916527463e-09, 0.056031353771686554
v,-0.03645016998052597, -2.5473445575130427e-09, 0.058276452124118805
v,-0.03640928864479065, -2.6460247326554054e-09, 0.06053398922085762
v,-0.03628663346171379, -2.7456372730938483e-09, 0.06281285732984543
v,-0.03608221188187599, -2.8461821788283714e-09, 0.06511306017637253
v,-0.035796020179986954, -2.9476594498589748e-09, 0.06743458658456802
v,-0.03542805835604668, -3.0500693082302632e-09, 0.06977745145559311
v,-0.03497833013534546, -3.153411531897632e-09, 0.07214163988828659
v,-0.034446828067302704, -3.257685898816476e-09, 0.07452716678380966
v,-0.03383356332778931, -3.362892853076005e-09, 0.07693401724100113
v,-0.03313852474093437, -3.4690321726316142e-09, 0.07936220616102219
v,-0.0323617197573185, -3.5761040795279087e-09, 0.08181171864271164
v,-0.03150314465165138, -3.6841081296756784e-09, 0.08428256958723068
v,-0.03056279942393303, -3.793044545119528e-09, 0.08677474409341812
v,-0.03012758493423462, -3.840830764545444e-09, 0.08786796033382416
v,-0.029675189405679703, -3.888461108658703e-09, 0.08895762264728546
v,-0.02920560911297798, -3.935936465637724e-09, 0.09004372358322144
v,-0.028718847781419754, -3.983255947304087e-09, 0.09112627804279327
v,-0.028214899823069572, -4.030420441836213e-09, 0.09220527112483978
v,-0.027693770825862885, -4.077429505144892e-09, 0.09328071027994156
v,-0.027155457064509392, -4.1242831372301225e-09, 0.0943525955080986
v,-0.026599960401654243, -4.170981338091906e-09, 0.09542092680931091
v,-0.02602728083729744, -4.217524107730242e-09, 0.09648570418357849
v,-0.02543741837143898, -4.26391144614513e-09, 0.09754692763090134
v,-0.024830373004078865, -4.3101437974257806e-09, 0.09860458970069885
v,-0.024206144735217094, -4.356220273393774e-09, 0.09965869784355164
v,-0.02357362024486065, -4.401493836070358e-09, 0.100694440305233
v,-0.02294168807566166, -4.445317447476782e-09, 0.10169700533151627
v,-0.022310348227620125, -4.487690219434626e-09, 0.10266637802124023
v,-0.021679598838090897, -4.528612596033099e-09, 0.1036025807261467
v,-0.021049443632364273, -4.568085021361412e-09, 0.10450559854507446
v,-0.020419882610440254, -4.606106607241145e-09, 0.10537543147802353
v,-0.01979091204702854, -4.642678241850717e-09, 0.10621209442615509
v,-0.019162533804774284, -4.6777990370117095e-09, 0.10701556503772736
v,-0.018534749746322632, -4.711469436813331e-09, 0.10778585821390152
v,-0.017907556146383286, -4.743689441255583e-09, 0.10852296650409698
v,-0.017280954867601395, -4.774459494427674e-09, 0.10922689735889435
v,-0.01665494777262211, -4.803776931794346e-09, 0.10989760607481003
v,-0.015339532867074013, -4.860368996162379e-09, 0.11119227856397629
v,-0.014009896665811539, -4.912040107996063e-09, 0.11237438023090363
v,-0.012666041031479836, -4.9587907113846086e-09, 0.11344390362501144
v,-0.011307965964078903, -5.000619918149596e-09, 0.11440084129571915
v,-0.009935665875673294, -5.037527728291025e-09, 0.11524520069360733
v,-0.008549150079488754, -5.069515029987315e-09, 0.115976981818676
v,-0.007148411124944687, -5.096580935060047e-09, 0.11659617722034454
v,-0.005733449012041092, -5.11872588759843e-09, 0.11710279434919357
v,-0.004304267466068268, -5.135949443513255e-09, 0.11749682575464249
v,-0.0028608664870262146, -5.148252046893731e-09, 0.11777827888727188
v,-0.0014032423496246338, -5.155633697739859e-09, 0.11794715374708176
v,6.859749555587769e-05, -5.06858155446821e-09, 0.11595562845468521
v,-0.0004993416368961334, -5.067791519763887e-09, 0.11593755334615707
v,-0.0010655038058757782, -5.065421859740127e-09, 0.11588334292173386
v,-0.0016298852860927582, -5.06147213030772e-09, 0.11579298228025436
v,-0.0021924935281276703, -5.055942331466667e-09, 0.1156664714217186
v,-0.0027533210813999176, -5.048832907306178e-09, 0.11550382524728775
v,-0.003312375396490097, -5.040142969647832e-09, 0.11530502885580063
v,-0.0038696490228176117, -5.029873850759259e-09, 0.11507009714841843
v,-0.00442514568567276, -5.01802421837283e-09, 0.11479901522397995
v,-0.0049788616597652435, -5.004594960666964e-09, 0.1144917830824852
v,-0.005530804395675659, -4.989585633552451e-09, 0.11414841562509537
v,-0.00608096644282341, -4.972996681118502e-09, 0.11376889795064926
v,-0.0066293515264987946, -4.954827659275907e-09, 0.11335324496030807
v,-0.007171813398599625, -4.935260200511493e-09, 0.1129055842757225
v,-0.007704202085733414, -4.914475049133671e-09, 0.11243008822202682
v,-0.008226517587900162, -4.892473093320859e-09, 0.11192673444747925
v,-0.008738759905099869, -4.869253444894639e-09, 0.11139553040266037
v,-0.009240929037332535, -4.84481610385501e-09, 0.1108364686369896
v,-0.00973302498459816, -4.819161958380391e-09, 0.11024957150220871
v,-0.010215047746896744, -4.792290120292364e-09, 0.10963481664657593
v,-0.010686997324228287, -4.7642014777693475e-09, 0.10899221897125244
v,-0.011148873716592789, -4.734895142632922e-09, 0.10832177847623825
v,-0.01160067692399025, -4.704372003061508e-09, 0.10762348026037216
v,-0.01204240694642067, -4.672631614965894e-09, 0.10689734667539597
v,-0.0124740619212389, -4.639673090167662e-09, 0.10614334791898727
v,-0.012801138684153557, -4.613449178236806e-09, 0.10554341226816177
v,-0.013128215447068214, -4.585749113772408e-09, 0.10490971058607101
v,-0.013455294072628021, -4.556572452685259e-09, 0.1042422205209732
v,-0.013782370835542679, -4.5259191949753586e-09, 0.10354095697402954
v,-0.014109449461102486, -4.493789784731916e-09, 0.10280592739582062
v,-0.014436526224017143, -4.4601842219549326e-09, 0.10203712433576584
v,-0.0147636029869318, -4.425102506644407e-09, 0.1012345477938652
v,-0.015090681612491608, -4.38854419471113e-09, 0.10039818286895752
v,-0.015417758375406265, -4.350509730244312e-09, 0.09952805936336517
v,-0.015744837000966072, -4.310998669154742e-09, 0.09862415492534637
v,-0.01607191003859043, -4.2700114555316304e-09, 0.09768647700548172
v,-0.016398975625634193, -4.2275476452857674e-09, 0.09671501815319061
v,-0.016721311956644058, -4.1843848386236004e-09, 0.09572756290435791
v,-0.017034167423844337, -4.141299747573157e-09, 0.09474189579486847
v,-0.01733754388988018, -4.098292372134438e-09, 0.0937580019235611
v,-0.017631439492106438, -4.055362712307442e-09, 0.09277588129043579
v,-0.01791585423052311, -4.01251076809217e-09, 0.09179554134607315
v,-0.018190788105130196, -3.969736539488622e-09, 0.09081698209047318
v,-0.018456241115927696, -3.9270400264967975e-09, 0.08984019607305527
v,-0.01871221326291561, -3.884421229116697e-09, 0.08886519074440002
v,-0.01895870454609394, -3.84187970325911e-09, 0.08789195865392685
v,-0.019195716828107834, -3.799416337102457e-09, 0.08692050725221634
v,-0.01942324824631214, -3.757030242468318e-09, 0.0859508290886879
v,-0.019641296938061714, -3.714722085490507e-09, 0.08498293161392212
v,-0.020077399909496307, -3.6171556860864484e-09, 0.08275087922811508
v,-0.02047557942569256, -3.519641245119942e-09, 0.08052000403404236
v,-0.020835837349295616, -3.4221787625909883e-09, 0.07829032093286514
v,-0.02115817368030548, -3.324767572365772e-09, 0.07606181502342224
v,-0.021442586556077003, -3.2274085626227134e-09, 0.07383450120687485
v,-0.021689079701900482, -3.130101067227997e-09, 0.07160836458206177
v,-0.02189764939248562, -3.0328457523154384e-09, 0.0693834200501442
v,-0.022068297490477562, -2.9356419517512222e-09, 0.06715966016054153
v,-0.022201023995876312, -2.8384898875799536e-09, 0.06493707746267319
v,-0.02229582704603672, -2.7413897818462374e-09, 0.06271568685770035
v,-0.022352710366249084, -2.6443414125054687e-09, 0.06049547716975212
v,-0.022371673956513405, -2.5473445575130427e-09, 0.058276452124118805
v,-0.022352712228894234, -2.4503481466098265e-09, 0.05605743080377579
v,-0.02229583077132702, -2.353299777269058e-09, 0.05383722111582756
v,-0.02220102585852146, -2.2561996715353416e-09, 0.05161583051085472
v,-0.02206830121576786, -2.159047607364073e-09, 0.04939325153827667
v,-0.021897653117775917, -2.0618440288444617e-09, 0.04716948792338371
v,-0.02168908156454563, -1.964588269842693e-09, 0.04494453966617584
v,-0.021442590281367302, -1.867280996492582e-09, 0.04271840676665306
v,-0.02115817554295063, -1.7699217647049181e-09, 0.04049108922481537
v,-0.020835841074585915, -1.672510796524307e-09, 0.038262587040662766
v,-0.020475583150982857, -1.5750479809284457e-09, 0.03603289648890495
v,-0.020077401772141457, -1.477533428939637e-09, 0.03380202502012253
v,-0.019641296938061714, -1.3799670295355781e-09, 0.031569965183734894
v,-0.019423246383666992, -1.3364804818394305e-09, 0.030575109645724297
v,-0.019195714965462685, -1.2930456705362303e-09, 0.02958143688738346
v,-0.01895870268344879, -1.2496628176705826e-09, 0.028588950634002686
v,-0.018712209537625313, -1.20633159017558e-09, 0.02759764902293682
v,-0.018456237390637398, -1.1630522100958274e-09, 0.026607532054185867
v,-0.018190784379839897, -1.1198246774313247e-09, 0.025618601590394974
v,-0.01791585050523281, -1.0766488811597696e-09, 0.02463085576891899
v,-0.01763143576681614, -1.0335249323034645e-09, 0.02364429458975792
v,-0.017337540164589882, -9.90452719840107e-10, 0.02265891805291176
v,-0.017034165561199188, -9.474324658143018e-10, 0.021674728021025658
v,-0.01672131009399891, -9.04463892670293e-10, 0.02069172076880932
v,-0.016398975625634193, -8.615470004080805e-10, 0.01970989815890789
v,-0.016071898862719536, -8.194072087519544e-10, 0.018745852634310722
v,-0.015744823962450027, -7.787696598704485e-10, 0.017816172912716866
v,-0.01541774719953537, -7.396342982524118e-10, 0.01692086085677147
v,-0.015090668573975563, -7.020011794089953e-10, 0.016059914603829384
v,-0.014763591811060905, -6.658702478290479e-10, 0.015233335085213184
v,-0.014436515048146248, -6.31241614534872e-10, 0.01444112416356802
v,-0.014109436422586441, -5.98115112993014e-10, 0.013683279044926167
v,-0.013782359659671783, -5.664909097369275e-10, 0.012959800660610199
v,-0.013455281034111977, -5.363688937443101e-10, 0.012270689010620117
v,-0.013128204271197319, -5.077490650151617e-10, 0.011615944094955921
v,-0.012801127508282661, -4.806314235494824e-10, 0.010995565913617611
v,-0.0124740619212389, -4.550161636363015e-10, 0.010409556329250336
v,-0.012028776109218597, -4.20892543040452e-10, 0.009628898464143276
v,-0.011574603617191315, -3.8814162994782464e-10, 0.008879645727574825
v,-0.011111538857221603, -3.5676345211399507e-10, 0.008161796256899834
v,-0.01063958927989006, -3.2675798178338766e-10, 0.007475350983440876
v,-0.010158754885196686, -2.981251912004268e-10, 0.006820309441536665
v,-0.009669028222560883, -2.708651358762637e-10, 0.0061966716311872005
v,-0.00917041301727295, -2.449777880553228e-10, 0.005604438483715057
v,-0.008662912994623184, -2.2046317549317962e-10, 0.005043609533458948
v,-0.00814652070403099, -1.9732127043425862e-10, 0.0045141843147575855
v,-0.007621243596076965, -1.7555207287855978e-10, 0.004016163293272257
v,-0.00708707794547081, -1.5515561058165872e-10, 0.003549546469002962
v,-0.006544027477502823, -1.3613188354355543e-10, 0.0031143343076109886
v,-0.0059944577515125275, -1.1855853798703464e-10, 0.0027123030740767717
v,-0.0054407380521297455, -1.0251331727939572e-10, 0.0023452311288565397
v,-0.004882872104644775, -8.799620754285087e-11, 0.0020131187047809362
v,-0.004320856183767319, -7.500722265518789e-11, 0.0017159652197733521
v,-0.0037546977400779724, -6.354634873861897e-11, 0.001453771023079753
v,-0.0031843893229961395, -5.361359273203803e-11, 0.0012265359982848167
v,-0.00260993093252182, -4.5208954635445053e-11, 0.0010342602618038654
v,-0.002031322568655014, -3.8332430979393095e-11, 0.0008769437554292381
v,-0.0014485716819763184, -3.2984021763882154e-11, 0.0007545864791609347
v,-0.0008616708219051361, -2.9163733927806135e-11, 0.0006671884329989552
v,-0.00027062371373176575, -2.6871558797547657e-11, 0.0006147496169432998
v,0.0003245733678340912, -2.6107484230042388e-11, 0.0005972696235403419
v,0.0008519254624843597, -2.6897442606532707e-11, 0.0006153417634777725
v,0.00138164684176445, -2.926731773600366e-11, 0.0006695581832900643
v,0.0019137375056743622, -3.3217109618455254e-11, 0.0007599188829772174
v,0.002448197454214096, -3.8746821723334435e-11, 0.0008864239207468927
v,0.00298503041267395, -4.585645058119425e-11, 0.00104907329659909
v,0.003524232655763626, -5.4545992722587755e-11, 0.0012478668941184878
v,0.004065800458192825, -6.48154585558558e-11, 0.0014828047715127468
v,0.004609744995832443, -7.666484114210448e-11, 0.0017538870451971889
v,0.005156058818101883, -9.00941404813338e-11, 0.0020611134823411703
v,0.005704738199710846, -1.0510334963464985e-10, 0.0024044844321906567
v,0.006255794316530228, -1.2169248941873434e-10, 0.0027839995454996824
v,0.006809212267398834, -1.3986152513911776e-10, 0.003199658589437604
v,0.00735849142074585, -1.5942917819256053e-10, 0.0036473143845796585
v,0.00789710134267807, -1.8021416303692916e-10, 0.004122819285839796
v,0.008425045758485794, -2.0221646579443586e-10, 0.004626173060387373
v,0.008942324668169022, -2.25436058709505e-10, 0.005157375708222389
v,0.009448938071727753, -2.498729834155e-10, 0.005716427229344845
v,0.009944885969161987, -2.755272121568453e-10, 0.00630332762375474
v,0.010430168360471725, -3.023987449335408e-10, 0.006918076425790787
v,0.010904781520366669, -3.304876095011622e-10, 0.007560675032436848
v,0.011368732899427414, -3.597937781041338e-10, 0.00823112204670906
v,0.011822018772363663, -3.9031727849803133e-10, 0.00892941839993
v,0.012264639139175415, -4.220580829272791e-10, 0.009655563160777092
v,0.012696586549282074, -4.550161636363015e-10, 0.010409556329250336
v,0.013010334223508835, -4.806315345717849e-10, 0.01099556777626276
v,0.013325858861207962, -5.077491205263129e-10, 0.01161594595760107
v,0.013643156737089157, -5.363689492554613e-10, 0.012270690873265266
v,0.013962231576442719, -5.664909652480787e-10, 0.012959802523255348
v,0.014283083379268646, -5.981152240153165e-10, 0.013683280907571316
v,0.014605719596147537, -6.312416700460233e-10, 0.014441125094890594
v,0.014930129051208496, -6.658703033401991e-10, 0.015233336947858334
v,0.015256315469741821, -7.020011794089953e-10, 0.016059914603829384
v,0.015584278851747513, -7.396342982524118e-10, 0.01692086085677147
v,0.01591402292251587, -7.787696598704485e-10, 0.017816172912716866
v,0.016245543956756592, -8.194072087519544e-10, 0.018745852634310722
v,0.01657884195446968, -8.615470004080805e-10, 0.01970989815890789
v,0.016907397657632828, -9.044637816479906e-10, 0.02069171890616417
v,0.01722469925880432, -9.474323547919994e-10, 0.02167472429573536
v,0.017530739307403564, -9.90452719840107e-10, 0.02265891619026661
v,0.017825517803430557, -1.0335249323034645e-09, 0.02364429272711277
v,0.018109045922756195, -1.0766488811597696e-09, 0.024630853906273842
v,0.01838131621479988, -1.1198246774313247e-09, 0.025618601590394974
v,0.018642324954271317, -1.1630522100958274e-09, 0.026607532054185867
v,0.0188920721411705, -1.20633159017558e-09, 0.02759764902293682
v,0.019130561500787735, -1.2496628176705826e-09, 0.028588950634002686
v,0.019357800483703613, -1.2930456705362303e-09, 0.02958143688738346
v,0.01957377791404724, -1.3364804818394305e-09, 0.030575109645724297
v,0.019778497517108917, -1.3799670295355781e-09, 0.031569965183734894
v,0.020228222012519836, -1.4781031953958745e-09, 0.033815059810876846
v,0.0206388458609581, -1.5760840410550259e-09, 0.036056600511074066
v,0.02101036161184311, -1.6739094554907297e-09, 0.038294583559036255
v,0.021342769265174866, -1.771579438702986e-09, 0.04052901268005371
v,0.021636076271533966, -1.8690939906917947e-09, 0.042759887874126434
v,0.021890267729759216, -1.9664532224794584e-09, 0.04498720541596413
v,0.02210535854101181, -2.0636570230436746e-09, 0.047210969030857086
v,0.02228134125471115, -2.1607053923844433e-09, 0.049431174993515015
v,0.02241821587085724, -2.2575985525463693e-09, 0.05164783075451851
v,0.02251598984003067, -2.354336059440243e-09, 0.05386092886328697
v,0.02257464826107025, -2.450918135110669e-09, 0.0560704730451107
v,0.02259419858455658, -2.5473445575130427e-09, 0.058276452124118805
v,0.022574640810489655, -2.643771424004626e-09, 0.060482438653707504
v,0.022515974938869476, -2.7403532776304473e-09, 0.06269197911024094
v,0.022418208420276642, -2.837090784524321e-09, 0.0649050697684288
v,0.022281333804130554, -2.933983722641642e-09, 0.067121721804142
v,0.022105351090431213, -3.0310320919824107e-09, 0.06934192776679993
v,0.02189026027917862, -3.128235670502022e-09, 0.07156568765640259
v,0.021636061370372772, -3.2255949022896857e-09, 0.07379300892353058
v,0.02134276181459427, -3.323109343256192e-09, 0.0760238766670227
v,0.021010354161262512, -3.4207794374907508e-09, 0.07825830578804016
v,0.020638838410377502, -3.518604518859547e-09, 0.08049628883600235
v,0.02022821456193924, -3.616585475541001e-09, 0.08273782581090927
v,0.019778497517108917, -3.714722085490507e-09, 0.08498293161392212
v,0.01957377791404724, -3.757030242468318e-09, 0.0859508290886879
v,0.019357800483703613, -3.799415893013247e-09, 0.08692049980163574
v,0.019130561500787735, -3.84187970325911e-09, 0.08789195865392685
v,0.0188920721411705, -3.884420785027487e-09, 0.08886518329381943
v,0.018642324954271317, -3.927039582407588e-09, 0.08984019607305527
v,0.01838131621479988, -3.969736095399412e-09, 0.09081697463989258
v,0.018109045922756195, -4.01251032400296e-09, 0.09179553389549255
v,0.017825517803430557, -4.055362268218232e-09, 0.0927758738398552
v,0.017530739307403564, -4.098292372134438e-09, 0.0937579944729805
v,0.01722469925880432, -4.141299747573157e-09, 0.09474188834428787
v,0.016907397657632828, -4.184384394534391e-09, 0.09572755545377731
v,0.01657884195446968, -4.2275476452857674e-09, 0.09671501815319061
v,0.016245543956756592, -4.2700114555316304e-09, 0.09768646955490112
v,0.01591402292251587, -4.310998669154742e-09, 0.09862414747476578
v,0.015584278851747513, -4.350509286155102e-09, 0.09952805191278458
v,0.015256315469741821, -4.38854419471113e-09, 0.10039818286895752
v,0.014930129051208496, -4.425102506644407e-09, 0.1012345477938652
v,0.014605719596147537, -4.4601842219549326e-09, 0.10203712433576584
v,0.014283083379268646, -4.493789784731916e-09, 0.10280592739582062
v,0.013962231576442719, -4.5259191949753586e-09, 0.10354095697402954
v,0.013643156737089157, -4.556572452685259e-09, 0.1042422205209732
v,0.013325858861207962, -4.585749113772408e-09, 0.10490971058607101
v,0.013010334223508835, -4.613449622326016e-09, 0.10554342716932297
v,0.012696586549282074, -4.639673090167662e-09, 0.10614334791898727
v,0.012264929711818695, -4.6726307267874745e-09, 0.10689733177423477
v,0.011823199689388275, -4.704371558972298e-09, 0.10762347280979156
v,0.011371396481990814, -4.734894698543712e-09, 0.10832176357507706
v,0.010909520089626312, -4.764201033680138e-09, 0.10899221152067184
v,0.01043757051229477, -4.792289676203154e-09, 0.10963480919599533
v,0.009955547749996185, -4.8191615142911814e-09, 0.11024955660104752
v,0.00946345180273056, -4.8448156597658e-09, 0.110836461186409
v,0.008961282670497894, -4.869252556716219e-09, 0.11139551550149918
v,0.008449040353298187, -4.8924726492316495e-09, 0.11192672699689865
v,0.00792672485113144, -4.914474605044461e-09, 0.11243007332086563
v,0.00739433616399765, -4.935259756422283e-09, 0.1129055768251419
v,0.00685187429189682, -4.954827659275907e-09, 0.11335324496030807
v,0.00630289688706398, -4.972996681118502e-09, 0.11376889795064926
v,0.0057509541511535645, -4.989585633552451e-09, 0.11414841562509537
v,0.005196049809455872, -5.004594960666964e-09, 0.1144917830824852
v,0.0046381838619709015, -5.01802421837283e-09, 0.11479901522397995
v,0.004077352583408356, -5.029873850759259e-09, 0.11507009714841843
v,0.003513563424348831, -5.040142969647832e-09, 0.11530502885580063
v,0.002946808934211731, -5.048832907306178e-09, 0.11550382524728775
v,0.0023770928382873535, -5.055942331466667e-09, 0.1156664714217186
v,0.0018044151365756989, -5.06147213030772e-09, 0.11579298228025436
v,0.00122876837849617, -5.065421859740127e-09, 0.11588334292173386
v,0.0006501637399196625, -5.067791519763887e-09, 0.11593755334615707
i,191,1,0
i,190,1,191
i,190,2,1
i,189,2,190
i,189,3,2
i,188,3,189
i,188,4,3
i,187,4,188
i,187,5,4
i,186,5,187
i,186,6,5
i,185,193,186
i,193,192,186
i,192,6,186
i,192,431,6
i,431,7,6
i,185,194,193
i,430,7,431
i,185,195,194
i,429,7,430
i,185,196,195
i,428,7,429
i,185,197,196
i,427,7,428
i,185,198,197
i,426,7,427
i,185,199,198
i,425,7,426
i,184,199,185
i,425,8,7
i,184,200,199
i,424,8,425
i,184,201,200
i,423,8,424
i,184,202,201
i,422,8,423
i,183,202,184
i,422,9,8
i,183,203,202
i,421,9,422
i,183,204,203
i,420,9,421
i,182,204,183
i,420,10,9
i,182,205,204
i,419,10,420
i,182,206,205
i,418,10,419
i,182,207,206
i,417,10,418
i,181,207,182
i,417,11,10
i,181,208,207
i,416,11,417
i,181,209,208
i,415,11,416
i,180,209,181
i,415,12,11
i,180,210,209
i,414,12,415
i,180,211,210
i,413,12,414
i,179,211,180
i,413,13,12
i,179,212,211
i,412,13,413
i,178,212,179
i,412,14,13
i,178,213,212
i,411,14,412
i,177,213,178
i,411,15,14
i,177,214,213
i,410,15,411
i,176,214,177
i,410,16,15
i,176,215,214
i,409,16,410
i,175,215,176
i,409,17,16
i,175,216,215
i,408,17,409
i,174,216,175
i,408,18,17
i,174,217,216
i,407,18,408
i,406,18,407
i,174,218,217
i,173,218,174
i,406,19,18
i,173,219,218
i,405,19,406
i,172,219,173
i,405,20,19
i,172,220,219
i,404,20,405
i,404,21,20
i,171,220,172
i,171,221,220
i,403,21,404
i,171,222,221
i,402,21,403
i,402,22,21
i,170,222,171
i,170,223,222
i,401,22,402
i,401,23,22
i,169,223,170
i,169,224,223
i,400,23,401
i,400,24,23
i,168,224,169
i,168,225,224
i,399,24,400
i,167,225,168
i,399,25,24
i,167,226,225
i,398,25,399
i,167,227,226
i,397,25,398
i,166,227,167
i,397,26,25
i,166,228,227
i,396,26,397
i,165,228,166
i,396,27,26
i,165,229,228
i,395,27,396
i,164,229,165
i,395,28,27
i,164,230,229
i,394,28,395
i,163,230,164
i,394,29,28
i,163,231,230
i,393,29,394
i,162,231,163
i,393,30,29
i,162,232,231
i,392,30,393
i,161,232,162
i,392,31,30
i,161,233,232
i,391,31,392
i,160,233,161
i,391,32,31
i,160,234,233
i,390,32,391
i,159,234,160
i,390,33,32
i,159,235,234
i,389,33,390
i,158,235,159
i,389,34,33
i,158,236,235
i,388,34,389
i,157,236,158
i,388,35,34
i,157,237,236
i,387,35,388
i,157,238,237
i,386,35,387
i,156,238,157
i,386,36,35
i,156,239,238
i,385,36,386
i,155,239,156
i,385,37,36
i,155,240,239
i,384,37,385
i,155,241,240
i,383,37,384
i,154,241,155
i,383,38,37
i,154,242,241
i,382,38,383
i,153,242,154
i,382,39,38
i,153,243,242
i,381,39,382
i,152,243,153
i,381,40,39
i,152,244,243
i,380,40,381
i,151,244,152
i,380,41,40
i,151,245,244
i,379,41,380
i,150,245,151
i,379,42,41
i,150,246,245
i,378,42,379
i,149,246,150
i,378,43,42
i,149,247,246
i,377,43,378
i,148,247,149
i,377,44,43
i,148,248,247
i,376,44,377
i,147,248,148
i,376,45,44
i,147,249,248
i,375,45,376
i,146,249,147
i,375,46,45
i,146,250,249
i,374,46,375
i,145,250,146
i,374,47,46
i,145,251,250
i,373,47,374
i,144,251,145
i,373,48,47
i,144,252,251
i,372,48,373
i,143,252,144
i,143,253,252
i,371,48,372
i,371,49,48
i,370,49,371
i,143,254,253
i,142,254,143
i,370,50,49
i,369,50,370
i,142,255,254
i,141,255,142
i,369,51,50
i,368,51,369
i,141,256,255
i,140,256,141
i,368,52,51
i,367,52,368
i,140,257,256
i,139,257,140
i,367,53,52
i,366,53,367
i,139,258,257
i,138,258,139
i,366,54,53
i,365,54,366
i,138,259,258
i,137,259,138
i,365,55,54
i,364,55,365
i,137,260,259
i,136,260,137
i,364,56,55
i,363,56,364
i,136,261,260
i,135,261,136
i,363,57,56
i,362,57,363
i,135,262,261
i,134,262,135
i,362,58,57
i,361,58,362
i,134,263,262
i,133,263,134
i,361,59,58
i,360,59,361
i,133,264,263
i,132,264,133
i,360,60,59
i,132,265,264
i,359,60,360
i,132,266,265
i,358,60,359
i,131,266,132
i,358,61,60
i,131,267,266
i,357,61,358
i,131,268,267
i,356,61,357
i,356,62,61
i,130,268,131
i,130,269,268
i,355,62,356
i,355,63,62
i,129,269,130
i,129,270,269
i,354,63,355
i,354,64,63
i,128,270,129
i,128,271,270
i,353,64,354
i,353,65,64
i,127,271,128
i,127,272,271
i,352,65,353
i,352,66,65
i,126,272,127
i,126,273,272
i,351,66,352
i,351,67,66
i,125,273,126
i,125,274,273
i,350,67,351
i,350,68,67
i,124,274,125
i,124,275,274
i,349,68,350
i,349,69,68
i,123,275,124
i,123,276,275
i,348,69,349
i,348,70,69
i,122,276,123
i,122,277,276
i,347,70,348
i,347,71,70
i,121,277,122
i,121,278,277
i,346,71,347
i,346,72,71
i,120,278,121
i,120,279,278
i,345,72,346
i,120,280,279
i,344,72,345
i,119,280,120
i,344,73,72
i,119,281,280
i,343,73,344
i,118,281,119
i,343,74,73
i,342,74,343
i,118,282,281
i,117,282,118
i,342,75,74
i,341,75,342
i,117,283,282
i,116,283,117
i,341,76,75
i,340,76,341
i,116,284,283
i,339,76,340
i,116,285,284
i,115,285,116
i,339,77,76
i,338,77,339
i,115,286,285
i,114,286,115
i,338,78,77
i,337,78,338
i,114,287,286
i,113,287,114
i,337,79,78
i,336,79,337
i,113,288,287
i,113,289,288
i,335,79,336
i,112,289,113
i,335,80,79
i,334,80,335
i,112,290,289
i,111,290,112
i,334,81,80
i,333,81,334
i,111,291,290
i,110,291,111
i,333,82,81
i,332,82,333
i,110,292,291
i,109,292,110
i,332,83,82
i,331,83,332
i,109,293,292
i,108,293,109
i,331,84,83
i,330,84,331
i,108,294,293
i,107,294,108
i,330,85,84
i,329,85,330
i,107,295,294
i,328,85,329
i,107,296,295
i,328,86,85
i,106,296,107
i,327,86,328
i,106,297,296
i,326,86,327
i,106,298,297
i,326,87,86
i,105,298,106
i,325,87,326
i,105,299,298
i,324,87,325
i,105,300,299
i,323,87,324
i,105,301,300
i,323,88,87
i,104,301,105
i,322,88,323
i,104,302,301
i,321,88,322
i,104,303,302
i,321,89,88
i,103,303,104
i,320,89,321
i,103,304,303
i,319,89,320
i,103,305,304
i,318,89,319
i,103,306,305
i,318,90,89
i,102,306,103
i,317,90,318
i,102,307,306
i,316,90,317
i,102,308,307
i,315,90,316
i,102,309,308
i,314,90,315
i,102,310,309
i,313,90,314
i,102,311,310
i,312,90,313
i,102,312,311
i,102,90,312
i,101,90,102
i,101,91,90
i,100,91,101
i,100,92,91
i,99,92,100
i,99,93,92
i,98,93,99
i,98,94,93
i,97,94,98
i,97,95,94
i,96,95,97
n,0.0, -5.0, -2.1855693432826229e-07
n,0.0, -5.0, -2.1855693432826229e-07
n,0.0, -5.0, -2.1855693432826229e-07
n,0.0, -5.0, -2.1855693432826229e-07
n,0.0, -5.0, -2.1855693432826229e-07
n,0.0, -5.0, -2.1855693432826229e-07
n,0.0, -5.0, -2.1855693432826229e-07
n,0.0, -5.0, -2.1855693432826229e-07
n,0.0, -5.0, -2.1855693432826229e-07
n,0.0, -5.0, -2.1855693432826229e-07
n,0.0, -5.0, -2.1855693432826229e-07
n,0.0, -5.0, -2.1855693432826229e-07
n,0.0, -5.0, -2.1855693432826229e-07
n,0.0, -5.0, -2.1855693432826229e-07
n,0.0, -5.0, -2.1855693432826229e-07
n,0.0, -5.0, -2.1855693432826229e-07
n,0.0, -5.0, -2.1855693432826229e-07
n,0.0, -5.0, -2.1855693432826229e-07
n,0.0, -5.0, -2.1855693432826229e-07
n,0.0, -5.0, -2.1855693432826229e-07
n,0.0, -5.0, -2.1855693432826229e-07
n,0.0, -5.0, -2.1855693432826229e-07
n,0.0, -5.0, -2.1855693432826229e-07
n,0.0, -5.0, -2.1855693432826229e-07
n,0.0, -5.0, -2.1855693432826229e-07
n,0.0, -5.0, -2.1855693432826229e-07
n,0.0, -5.0, -2.1855693432826229e-07
n,0.0, -5.0, -2.1855693432826229e-07
n,0.0, -5.0, -2.1855693432826229e-07
n,0.0, -5.0, -2.1855693432826229e-07
n,0.0, -5.0, -2.1855693432826229e-07
n,0.0, -5.0, -2.1855693432826229e-07
n,0.0, -5.0, -2.1855693432826229e-07
n,0.0, -5.0, -2.1855693432826229e-07
n,0.0, -5.0, -2.1855693432826229e-07
n,0.0, -5.0, -2.1855693432826229e-07
n,0.0, -5.0, -2.1855693432826229e-07
n,0.0, -5.0, -2.1855693432826229e-07
n,0.0, -5.0, -2.1855693432826229e-07
n,0.0, -5.0, -2.1855693432826229e-07
n,0.0, -5.0, -2.1855693432826229e-07
n,0.0, -5.0, -2.1855693432826229e-07
n,0.0, -5.0, -2.1855693432826229e-07
n,0.0, -5.0, -2.1855693432826229e-07
n,0.0, -5.0, -2.1855693432826229e-07
n,0.0, -5.0, -2.1855693432826229e-07
n,0.0, -5.0, -2.1855693432826229e-07
n,0.0, -5.0, -2.1855693432826229e-07
n,0.0, -5.0, -2.1855693432826229e-07
n,0.0, -5.0, -2.1855693432826229e-07
n,0.0, -5.0, -2.1855693432826229e-07
n,0.0, -5.0, -2.1855693432826229e-07
n,0.0, -5.0, -2.1855693432826229e-07
n,0.0, -5.0, -2.1855693432826229e-07
n,0.0, -5.0, -2.1855693432826229e-07
n,0.0, -5.0, -2.1855693432826229e-07
n,0.0, -5.0, -2.1855693432826229e-07
n,0.0, -5.0, -2.1855693432826229e-07
n,0.0, -5.0, -2.1855693432826229e-07
n,0.0, -5.0, -2.1855693432826229e-07
n,0.0, -5.0, -2.1855693432826229e-07
n,0.0, -5.0, -2.1855693432826229e-07
n,0.0, -5.0, -2.1855693432826229e-07
n,0.0, -5.0, -2.1855693432826229e-07
n,0.0, -5.0, -2.1855693432826229e-07
n,0.0, -5.0, -2.1855693432826229e-07
n,0.0, -5.0, -2.1855693432826229e-07
n,0.0, -5.0, -2.1855693432826229e-07
n,0.0, -5.0, -2.1855693432826229e-07
n,0.0, -5.0, -2.1855693432826229e-07
n,0.0, -5.0, -2.1855693432826229e-07
n,0.0, -5.0, -2.1855693432826229e-07
n,0.0, -5.0, -2.1855693432826229e-07
n,0.0, -5.0, -2.1855693432826229e-07
n,0.0, -5.0, -2.1855693432826229e-07
n,0.0, -5.0, -2.1855693432826229e-07
n,0.0, -5.0, -2.1855693432826229e-07
n,0.0, -5.0, -2.1855693432826229e-07
n,0.0, -5.0, -2.1855693432826229e-07
n,0.0, -5.0, -2.1855693432826229e-07
n,0.0, -5.0, -2.1855693432826229e-07
n,0.0, -5.0, -2.1855693432826229e-07
n,0.0, -5.0, -2.1855693432826229e-07
n,0.0, -5.0, -2.1855693432826229e-07
n,0.0, -5.0, -2.1855693432826229e-07
n,0.0, -5.0, -2.1855693432826229e-07
n,0.0, -5.0, -2.1855693432826229e-07
n,0.0, -5.0, -2.1855693432826229e-07
n,0.0, -5.0, -2.1855693432826229e-07
n,0.0, -5.0, -2.1855693432826229e-07
n,0.0, -5.0, -2.1855693432826229e-07
n,0.0, -5.0, -2.1855693432826229e-07
n,0.0, -5.0, -2.1855693432826229e-07
n,0.0, -5.0, -2.1855693432826229e-07
n,0.0, -5.0, -2.1855693432826229e-07
n,0.0, -5.0, -2.1855693432826229e-07
n,0.0, -5.0, -2.1855693432826229e-07
n,0.0, -5.0, -2.1855693432826229e-07
n,0.0, -5.0, -2.1855693432826229e-07
n,0.0, -5.0, -2.1855693432826229e-07
n,0.0, -5.0, -2.1855693432826229e-07
n,0.0, -5.0, -2.1855693432826229e-07
n,0.0, -5.0, -2.1855693432826229e-07
n,0.0, -5.0, -2.1855693432826229e-07
n,0.0, -5.0, -2.1855693432826229e-07
n,0.0, -5.0, -2.1855693432826229e-07
n,0.0, -5.0, -2.1855693432826229e-07
n,0.0, -5.0, -2.1855693432826229e-07
n,0.0, -5.0, -2.1855693432826229e-07
n,0.0, -5.0, -2.1855693432826229e-07
n,0.0, -5.0, -2.1855693432826229e-07
n,0.0, -5.0, -2.1855693432826229e-07
n,0.0, -5.0, -2.1855693432826229e-07
n,0.0, -5.0, -2.1855693432826229e-07
n,0.0, -5.0, -2.1855693432826229e-07
n,0.0, -5.0, -2.1855693432826229e-07
n,0.0, -5.0, -2.1855693432826229e-07
n,0.0, -5.0, -2.1855693432826229e-07
n,0.0, -5.0, -2.1855693432826229e-07
n,0.0, -5.0, -2.1855693432826229e-07
n,0.0, -5.0, -2.1855693432826229e-07
n,0.0, -5.0, -2.1855693432826229e-07
n,0.0, -5.0, -2.1855693432826229e-07
n,0.0, -5.0, -2.1855693432826229e-07
n,0.0, -5.0, -2.1855693432826229e-07
n,0.0, -5.0, -2.1855693432826229e-07
n,0.0, -5.0, -2.1855693432826229e-07
n,0.0, -5.0, -2.1855693432826229e-07
n,0.0, -5.0, -2.1855693432826229e-07
n,0.0, -5.0, -2.1855693432826229e-07
n,0.0, -5.0, -2.1855693432826229e-07
n,0.0, -5.0, -2.1855693432826229e-07
n,0.0, -5.0, -2.1855693432826229e-07
n,0.0, -5.0, -2.1855693432826229e-07
n,0.0, -5.0, -2.1855693432826229e-07
n,0.0, -5.0, -2.1855693432826229e-07
n,0.0, -5.0, -2.1855693432826229e-07
n,0.0, -5.0, -2.1855693432826229e-07
n,0.0, -5.0, -2.1855693432826229e-07
n,0.0, -5.0, -2.1855693432826229e-07
n,0.0, -5.0, -2.1855693432826229e-07
n,0.0, -5.0, -2.1855693432826229e-07
n,0.0, -5.0, -2.1855693432826229e-07
n,0.0, -5.0, -2.1855693432826229e-07
n,0.0, -5.0, -2.1855693432826229e-07
n,0.0, -5.0, -2.1855693432826229e-07
n,0.0, -5.0, -2.1855693432826229e-07
n,0.0, -5.0, -2.1855693432826229e-07
n,0.0, -5.0, -2.1855693432826229e-07
n,0.0, -5.0, -2.1855693432826229e-07
n,0.0, -5.0, -2.1855693432826229e-07
n,0.0, -5.0, -2.1855693432826229e-07
n,0.0, -5.0, -2.1855693432826229e-07
n,0.0, -5.0, -2.1855693432826229e-07
n,0.0, -5.0, -2.1855693432826229e-07
n,0.0, -5.0, -2.1855693432826229e-07
n,0.0, -5.0, -2.1855693432826229e-07
n,0.0, -5.0, -2.1855693432826229e-07
n,0.0, -5.0, -2.1855693432826229e-07
n,0.0, -5.0, -2.1855693432826229e-07
n,0.0, -5.0, -2.1855693432826229e-07
n,0.0, -5.0, -2.1855693432826229e-07
n,0.0, -5.0, -2.1855693432826229e-07
n,0.0, -5.0, -2.1855693432826229e-07
n,0.0, -5.0, -2.1855693432826229e-07
n,0.0, -5.0, -2.1855693432826229e-07
n,0.0, -5.0, -2.1855693432826229e-07
n,0.0, -5.0, -2.1855693432826229e-07
n,0.0, -5.0, -2.1855693432826229e-07
n,0.0, -5.0, -2.1855693432826229e-07
n,0.0, -5.0, -2.1855693432826229e-07
n,0.0, -5.0, -2.1855693432826229e-07
n,0.0, -5.0, -2.1855693432826229e-07
n,0.0, -5.0, -2.1855693432826229e-07
n,0.0, -5.0, -2.1855693432826229e-07
n,0.0, -5.0, -2.1855693432826229e-07
n,0.0, -5.0, -2.1855693432826229e-07
n,0.0, -5.0, -2.1855693432826229e-07
n,0.0, -5.0, -2.1855693432826229e-07
n,0.0, -5.0, -2.1855693432826229e-07
n,0.0, -5.0, -2.1855693432826229e-07
n,0.0, -5.0, -2.1855693432826229e-07
n,0.0, -5.0, -2.1855693432826229e-07
n,0.0, -5.0, -2.1855693432826229e-07
n,0.0, -5.0, -2.1855693432826229e-07
n,0.0, -5.0, -2.1855693432826229e-07
n,0.0, -5.0, -2.1855693432826229e-07
n,0.0, -5.0, -2.1855693432826229e-07
n,0.0, -5.0, -2.1855693432826229e-07
n,0.0, -5.0, -2.1855693432826229e-07
n,0.0, -5.0, -2.1855693432826229e-07
n,0.0, -5.0, -2.1855693432826229e-07
n,0.0, -5.0, -2.1855693432826229e-07
n,0.0, -5.0, -2.1855693432826229e-07
n,0.0, -5.0, -2.1855693432826229e-07
n,0.0, -5.0, -2.1855693432826229e-07
n,0.0, -5.0, -2.1855693432826229e-07
n,0.0, -5.0, -2.1855693432826229e-07
n,0.0, -5.0, -2.1855693432826229e-07
n,0.0, -5.0, -2.1855693432826229e-07
n,0.0, -5.0, -2.1855693432826229e-07
n,0.0, -5.0, -2.1855693432826229e-07
n,0.0, -5.0, -2.1855693432826229e-07
n,0.0, -5.0, -2.1855693432826229e-07
n,0.0, -5.0, -2.1855693432826229e-07
n,0.0, -5.0, -2.1855693432826229e-07
n,0.0, -5.0, -2.1855693432826229e-07
n,0.0, -5.0, -2.1855693432826229e-07
n,0.0, -5.0, -2.1855693432826229e-07
n,0.0, -5.0, -2.1855693432826229e-07
n,0.0, -5.0, -2.1855693432826229e-07
n,0.0, -5.0, -2.1855693432826229e-07
n,0.0, -5.0, -2.1855693432826229e-07
n,0.0, -5.0, -2.1855693432826229e-07
n,0.0, -5.0, -2.1855693432826229e-07
n,0.0, -5.0, -2.1855693432826229e-07
n,0.0, -5.0, -2.1855693432826229e-07
n,0.0, -5.0, -2.1855693432826229e-07
n,0.0, -5.0, -2.1855693432826229e-07
n,0.0, -5.0, -2.1855693432826229e-07
n,0.0, -5.0, -2.1855693432826229e-07
n,0.0, -5.0, -2.1855693432826229e-07
n,0.0, -5.0, -2.1855693432826229e-07
n,0.0, -5.0, -2.1855693432826229e-07
n,0.0, -5.0, -2.1855693432826229e-07
n,0.0, -5.0, -2.1855693432826229e-07
n,0.0, -5.0, -2.1855693432826229e-07
n,0.0, -5.0, -2.1855693432826229e-07
n,0.0, -5.0, -2.1855693432826229e-07
n,0.0, -5.0, -2.1855693432826229e-07
n,0.0, -5.0, -2.1855693432826229e-07
n,0.0, -5.0, -2.1855693432826229e-07
n,0.0, -5.0, -2.1855693432826229e-07
n,0.0, -5.0, -2.1855693432826229e-07
n,0.0, -5.0, -2.1855693432826229e-07
n,0.0, -5.0, -2.1855693432826229e-07
n,0.0, -5.0, -2.1855693432826229e-07
n,0.0, -5.0, -2.1855693432826229e-07
n,0.0, -5.0, -2.1855693432826229e-07
n,0.0, -5.0, -2.1855693432826229e-07
n,0.0, -5.0, -2.1855693432826229e-07
n,0.0, -5.0, -2.1855693432826229e-07
n,0.0, -5.0, -2.1855693432826229e-07
n,0.0, -5.0, -2.1855693432826229e-07
n,0.0, -5.0, -2.1855693432826229e-07
n,0.0, -5.0, -2.1855693432826229e-07
n,0.0, -5.0, -2.1855693432826229e-07
n,0.0, -5.0, -2.1855693432826229e-07
n,0.0, -5.0, -2.1855693432826229e-07
n,0.0, -5.0, -2.1855693432826229e-07
n,0.0, -5.0, -2.1855693432826229e-07
n,0.0, -5.0, -2.1855693432826229e-07
n,0.0, -5.0, -2.1855693432826229e-07
n,0.0, -5.0, -2.1855693432826229e-07
n,0.0, -5.0, -2.1855693432826229e-07
n,0.0, -5.0, -2.1855693432826229e-07
n,0.0, -5.0, -2.1855693432826229e-07
n,0.0, -5.0, -2.1855693432826229e-07
n,0.0, -5.0, -2.1855693432826229e-07
n,0.0, -5.0, -2.1855693432826229e-07
n,0.0, -5.0, -2.1855693432826229e-07
n,0.0, -5.0, -2.1855693432826229e-07
n,0.0, -5.0, -2.1855693432826229e-07
n,0.0, -5.0, -2.1855693432826229e-07
n,0.0, -5.0, -2.1855693432826229e-07
n,0.0, -5.0, -2.1855693432826229e-07
n,0.0, -5.0, -2.1855693432826229e-07
n,0.0, -5.0, -2.1855693432826229e-07
n,0.0, -5.0, -2.1855693432826229e-07
n,0.0, -5.0, -2.1855693432826229e-07
n,0.0, -5.0, -2.1855693432826229e-07
n,0.0, -5.0, -2.1855693432826229e-07
n,0.0, -5.0, -2.1855693432826229e-07
n,0.0, -5.0, -2.1855693432826229e-07
n,0.0, -5.0, -2.1855693432826229e-07
n,0.0, -5.0, -2.1855693432826229e-07
n,0.0, -5.0, -2.1855693432826229e-07
n,0.0, -5.0, -2.1855693432826229e-07
n,0.0, -5.0, -2.1855693432826229e-07
n,0.0, -5.0, -2.1855693432826229e-07
n,0.0, -5.0, -2.1855693432826229e-07
n,0.0, -5.0, -2.1855693432826229e-07
n,0.0, -5.0, -2.1855693432826229e-07
n,0.0, -5.0, -2.1855693432826229e-07
n,0.0, -5.0, -2.1855693432826229e-07
n,0.0, -5.0, -2.1855693432826229e-07
n,0.0, -5.0, -2.1855693432826229e-07
n,0.0, -5.0, -2.1855693432826229e-07
n,0.0, -5.0, -2.1855693432826229e-07
n,0.0, -5.0, -2.1855693432826229e-07
n,0.0, -5.0, -2.1855693432826229e-07
n,0.0, -5.0, -2.1855693432826229e-07
n,0.0, -5.0, -2.1855693432826229e-07
n,0.0, -5.0, -2.1855693432826229e-07
n,0.0, -5.0, -2.1855693432826229e-07
n,0.0, -5.0, -2.1855693432826229e-07
n,0.0, -5.0, -2.1855693432826229e-07
n,0.0, -5.0, -2.1855693432826229e-07
n,0.0, -5.0, -2.1855693432826229e-07
n,0.0, -5.0, -2.1855693432826229e-07
n,0.0, -5.0, -2.1855693432826229e-07
n,0.0, -5.0, -2.1855693432826229e-07
n,0.0, -5.0, -2.1855693432826229e-07
n,0.0, -5.0, -2.1855693432826229e-07
n,0.0, -5.0, -2.1855693432826229e-07
n,0.0, -5.0, -2.1855693432826229e-07
n,0.0, -5.0, -2.1855693432826229e-07
n,0.0, -5.0, -2.1855693432826229e-07
n,0.0, -5.0, -2.1855693432826229e-07
n,0.0, -5.0, -2.1855693432826229e-07
n,0.0, -5.0, -2.1855693432826229e-07
n,0.0, -5.0, -2.1855693432826229e-07
n,0.0, -5.0, -2.1855693432826229e-07
n,0.0, -5.0, -2.1855693432826229e-07
n,0.0, -5.0, -2.1855693432826229e-07
n,0.0, -5.0, -2.1855693432826229e-07
n,0.0, -5.0, -2.1855693432826229e-07
n,0.0, -5.0, -2.1855693432826229e-07
n,0.0, -5.0, -2.1855693432826229e-07
n,0.0, -5.0, -2.1855693432826229e-07
n,0.0, -5.0, -2.1855693432826229e-07
n,0.0, -5.0, -2.1855693432826229e-07
n,0.0, -5.0, -2.1855693432826229e-07
n,0.0, -5.0, -2.1855693432826229e-07
n,0.0, -5.0, -2.1855693432826229e-07
n,0.0, -5.0, -2.1855693432826229e-07
n,0.0, -5.0, -2.1855693432826229e-07
n,0.0, -5.0, -2.1855693432826229e-07
n,0.0, -5.0, -2.1855693432826229e-07
n,0.0, -5.0, -2.1855693432826229e-07
n,0.0, -5.0, -2.1855693432826229e-07
n,0.0, -5.0, -2.1855693432826229e-07
n,0.0, -5.0, -2.1855693432826229e-07
n,0.0, -5.0, -2.1855693432826229e-07
n,0.0, -5.0, -2.1855693432826229e-07
n,0.0, -5.0, -2.1855693432826229e-07
n,0.0, -5.0, -2.1855693432826229e-07
n,0.0, -5.0, -2.1855693432826229e-07
n,0.0, -5.0, -2.1855693432826229e-07
n,0.0, -5.0, -2.1855693432826229e-07
n,0.0, -5.0, -2.1855693432826229e-07
n,0.0, -5.0, -2.1855693432826229e-07
n,0.0, -5.0, -2.1855693432826229e-07
n,0.0, -5.0, -2.1855693432826229e-07
n,0.0, -5.0, -2.1855693432826229e-07
n,0.0, -5.0, -2.1855693432826229e-07
n,0.0, -5.0, -2.1855693432826229e-07
n,0.0, -5.0, -2.1855693432826229e-07
n,0.0, -5.0, -2.1855693432826229e-07
n,0.0, -5.0, -2.1855693432826229e-07
n,0.0, -5.0, -2.1855693432826229e-07
n,0.0, -5.0, -2.1855693432826229e-07
n,0.0, -5.0, -2.1855693432826229e-07
n,0.0, -5.0, -2.1855693432826229e-07
n,0.0, -5.0, -2.1855693432826229e-07
n,0.0, -5.0, -2.1855693432826229e-07
n,0.0, -5.0, -2.1855693432826229e-07
n,0.0, -5.0, -2.1855693432826229e-07
n,0.0, -5.0, -2.1855693432826229e-07
n,0.0, -5.0, -2.1855693432826229e-07
n,0.0, -5.0, -2.1855693432826229e-07
n,0.0, -5.0, -2.1855693432826229e-07
n,0.0, -5.0, -2.1855693432826229e-07
n,0.0, -5.0, -2.1855693432826229e-07
n,0.0, -5.0, -2.1855693432826229e-07
n,0.0, -5.0, -2.1855693432826229e-07
n,0.0, -5.0, -2.1855693432826229e-07
n,0.0, -5.0, -2.1855693432826229e-07
n,0.0, -5.0, -2.1855693432826229e-07
n,0.0, -5.0, -2.1855693432826229e-07
n,0.0, -5.0, -2.1855693432826229e-07
n,0.0, -5.0, -2.1855693432826229e-07
n,0.0, -5.0, -2.1855693432826229e-07
n,0.0, -5.0, -2.1855693432826229e-07
n,0.0, -5.0, -2.1855693432826229e-07
n,0.0, -5.0, -2.1855693432826229e-07
n,0.0, -5.0, -2.1855693432826229e-07
n,0.0, -5.0, -2.1855693432826229e-07
n,0.0, -5.0, -2.1855693432826229e-07
n,0.0, -5.0, -2.1855693432826229e-07
n,0.0, -5.0, -2.1855693432826229e-07
n,0.0, -5.0, -2.1855693432826229e-07
n,0.0, -5.0, -2.1855693432826229e-07
n,0.0, -5.0, -2.1855693432826229e-07
n,0.0, -5.0, -2.1855693432826229e-07
n,0.0, -5.0, -2.1855693432826229e-07
n,0.0, -5.0, -2.1855693432826229e-07
n,0.0, -5.0, -2.1855693432826229e-07
n,0.0, -5.0, -2.1855693432826229e-07
n,0.0, -5.0, -2.1855693432826229e-07
n,0.0, -5.0, -2.1855693432826229e-07
n,0.0, -5.0, -2.1855693432826229e-07
n,0.0, -5.0, -2.1855693432826229e-07
n,0.0, -5.0, -2.1855693432826229e-07
n,0.0, -5.0, -2.1855693432826229e-07
n,0.0, -5.0, -2.1855693432826229e-07
n,0.0, -5.0, -2.1855693432826229e-07
n,0.0, -5.0, -2.1855693432826229e-07
n,0.0, -5.0, -2.1855693432826229e-07
n,0.0, -5.0, -2.1855693432826229e-07
n,0.0, -5.0, -2.1855693432826229e-07
n,0.0, -5.0, -2.1855693432826229e-07
n,0.0, -5.0, -2.1855693432826229e-07
n,0.0, -5.0, -2.1855693432826229e-07
n,0.0, -5.0, -2.1855693432826229e-07
n,0.0, -5.0, -2.1855693432826229e-07
n,0.0, -5.0, -2.1855693432826229e-07
n,0.0, -5.0, -2.1855693432826229e-07
n,0.0, -5.0, -2.1855693432826229e-07
n,0.0, -5.0, -2.1855693432826229e-07
n,0.0, -5.0, -2.1855693432826229e-07
n,0.0, -5.0, -2.1855693432826229e-07
n,0.0, -5.0, -2.1855693432826229e-07
n,0.0, -5.0, -2.1855693432826229e-07
n,0.0, -5.0, -2.1855693432826229e-07
n,0.0, -5.0, -2.1855693432826229e-07
n,0.0, -5.0, -2.1855693432826229e-07
n,0.0, -5.0, -2.1855693432826229e-07
n,0.0, -5.0, -2.1855693432826229e-07
n,0.0, -5.0, -2.1855693432826229e-07
n,0.0, -5.0, -2.1855693432826229e-07
n,0.0, -5.0, -2.1855693432826229e-07
n,0.0, -5.0, -2.1855693432826229e-07
n,0.0, -5.0, -2.1855693432826229e-07
n,0.0, -5.0, -2.1855693432826229e-07
n,0.0, -5.0, -2.1855693432826229e-07
n,0.0, -5.0, -2.1855693432826229e-07
n,0.0, -5.0, -2.1855693432826229e-07
n,0.0, -5.0, -2.1855693432826229e-07
n,0.0, -5.0, -2.1855693432826229e-07
n,0.0, -5.0, -2.1855693432826229e-07
n,0.0, -5.0, -2.1855693432826229e-07
u,0.443155437707901, 0.0, 0
u,0.002320185536518693, 0.0, 0
u,0.0, 0.0, 0
u,0.44083526730537415, 0.0, 0
u,0.002320185536518693, 0.0, 0
u,0.443155437707901, 0.0, 0
u,0.44083526730537415, 0.0, 0
u,0.004640371073037386, 0.0, 0
u,0.002320185536518693, 0.0, 0
u,0.4385150671005249, 0.0, 0
u,0.004640371073037386, 0.0, 0
u,0.44083526730537415, 0.0, 0
u,0.4385150671005249, 0.0, 0
u,0.0069605568423867226, 0.0, 0
u,0.004640371073037386, 0.0, 0
u,0.43619489669799805, 0.0, 0
u,0.0069605568423867226, 0.0, 0
u,0.4385150671005249, 0.0, 0
u,0.43619489669799805, 0.0, 0
u,0.009280742146074772, 0.0, 0
u,0.0069605568423867226, 0.0, 0
u,0.4338746964931488, 0.0, 0
u,0.009280742146074772, 0.0, 0
u,0.43619489669799805, 0.0, 0
u,0.4338746964931488, 0.0, 0
u,0.011600928381085396, 0.0, 0
u,0.009280742146074772, 0.0, 0
u,0.43155452609062195, 0.0, 0
u,0.011600928381085396, 0.0, 0
u,0.4338746964931488, 0.0, 0
u,0.43155452609062195, 0.0, 0
u,0.013921113684773445, 0.0, 0
u,0.011600928381085396, 0.0, 0
u,0.4292343258857727, 0.0, 0
u,0.4477958381175995, 0.0, 0
u,0.43155452609062195, 0.0, 0
u,0.4477958381175995, 0.0, 0
u,0.44547563791275024, 0.0, 0
u,0.43155452609062195, 0.0, 0
u,0.44547563791275024, 0.0, 0
u,0.013921113684773445, 0.0, 0
u,0.43155452609062195, 0.0, 0
u,0.44547563791275024, 0.0, 0
u,1.0, 0.0, 0
u,0.013921113684773445, 0.0, 0
u,1.0, 0.0, 0
u,0.016241298988461494, 0.0, 0
u,0.013921113684773445, 0.0, 0
u,0.4292343258857727, 0.0, 0
u,0.45011600852012634, 0.0, 0
u,0.4477958381175995, 0.0, 0
u,0.9976798295974731, 0.0, 0
u,0.016241298988461494, 0.0, 0
u,1.0, 0.0, 0
u,0.4292343258857727, 0.0, 0
u,0.4524362087249756, 0.0, 0
u,0.45011600852012634, 0.0, 0
u,0.9953595995903015, 0.0, 0
u,0.016241298988461494, 0.0, 0
u,0.9976798295974731, 0.0, 0
u,0.4292343258857727, 0.0, 0
u,0.45475637912750244, 0.0, 0
u,0.4524362087249756, 0.0, 0
u,0.9930394291877747, 0.0, 0
u,0.016241298988461494, 0.0, 0
u,0.9953595995903015, 0.0, 0
u,0.4292343258857727, 0.0, 0
u,0.4570765793323517, 0.0, 0
u,0.45475637912750244, 0.0, 0
u,0.9907192587852478, 0.0, 0
u,0.016241298988461494, 0.0, 0
u,0.9930394291877747, 0.0, 0
u,0.4292343258857727, 0.0, 0
u,0.45939674973487854, 0.0, 0
u,0.4570765793323517, 0.0, 0
u,0.988399088382721, 0.0, 0
u,0.016241298988461494, 0.0, 0
u,0.9907192587852478, 0.0, 0
u,0.4292343258857727, 0.0, 0
u,0.4617169499397278, 0.0, 0
u,0.45939674973487854, 0.0, 0
u,0.9860788583755493, 0.0, 0
u,0.016241298988461494, 0.0, 0
u,0.988399088382721, 0.0, 0
u,0.42691415548324585, 0.0, 0
u,0.4617169499397278, 0.0, 0
u,0.4292343258857727, 0.0, 0
u,0.9860788583755493, 0.0, 0
u,0.018561484292149544, 0.0, 0
u,0.016241298988461494, 0.0, 0
u,0.42691415548324585, 0.0, 0
u,0.46403712034225464, 0.0, 0
u,0.4617169499397278, 0.0, 0
u,0.9837586879730225, 0.0, 0
u,0.018561484292149544, 0.0, 0
u,0.9860788583755493, 0.0, 0
u,0.42691415548324585, 0.0, 0
u,0.4663573205471039, 0.0, 0
u,0.46403712034225464, 0.0, 0
u,0.9814385175704956, 0.0, 0
u,0.018561484292149544, 0.0, 0
u,0.9837586879730225, 0.0, 0
u,0.42691415548324585, 0.0, 0
u,0.46867749094963074, 0.0, 0
u,0.4663573205471039, 0.0, 0
u,0.9791183471679688, 0.0, 0
u,0.018561484292149544, 0.0, 0
u,0.9814385175704956, 0.0, 0
u,0.4245939552783966, 0.0, 0
u,0.46867749094963074, 0.0, 0
u,0.42691415548324585, 0.0, 0
u,0.9791183471679688, 0.0, 0
u,0.020881671458482742, 0.0, 0
u,0.018561484292149544, 0.0, 0
u,0.4245939552783966, 0.0, 0
u,0.47099769115448, 0.0, 0
u,0.46867749094963074, 0.0, 0
u,0.9767981171607971, 0.0, 0
u,0.020881671458482742, 0.0, 0
u,0.9791183471679688, 0.0, 0
u,0.4245939552783966, 0.0, 0
u,0.47331786155700684, 0.0, 0
u,0.47099769115448, 0.0, 0
u,0.9744779467582703, 0.0, 0
u,0.020881671458482742, 0.0, 0
u,0.9767981171607971, 0.0, 0
u,0.42227378487586975, 0.0, 0
u,0.47331786155700684, 0.0, 0
u,0.4245939552783966, 0.0, 0
u,0.9744779467582703, 0.0, 0
u,0.02320185676217079, 0.0, 0
u,0.020881671458482742, 0.0, 0
u,0.42227378487586975, 0.0, 0
u,0.4756380617618561, 0.0, 0
u,0.47331786155700684, 0.0, 0
u,0.9721577763557434, 0.0, 0
u,0.02320185676217079, 0.0, 0
u,0.9744779467582703, 0.0, 0
u,0.42227378487586975, 0.0, 0
u,0.47795823216438293, 0.0, 0
u,0.4756380617618561, 0.0, 0
u,0.9698376059532166, 0.0, 0
u,0.02320185676217079, 0.0, 0
u,0.9721577763557434, 0.0, 0
u,0.42227378487586975, 0.0, 0
u,0.4802784323692322, 0.0, 0
u,0.47795823216438293, 0.0, 0
u,0.9675173759460449, 0.0, 0
u,0.02320185676217079, 0.0, 0
u,0.9698376059532166, 0.0, 0
u,0.4199535846710205, 0.0, 0
u,0.4802784323692322, 0.0, 0
u,0.42227378487586975, 0.0, 0
u,0.9675173759460449, 0.0, 0
u,0.02552204206585884, 0.0, 0
u,0.02320185676217079, 0.0, 0
u,0.4199535846710205, 0.0, 0
u,0.48259860277175903, 0.0, 0
u,0.4802784323692322, 0.0, 0
u,0.9651972055435181, 0.0, 0
u,0.02552204206585884, 0.0, 0
u,0.9675173759460449, 0.0, 0
u,0.4199535846710205, 0.0, 0
u,0.4849188029766083, 0.0, 0
u,0.48259860277175903, 0.0, 0
u,0.9628770351409912, 0.0, 0
u,0.02552204206585884, 0.0, 0
u,0.9651972055435181, 0.0, 0
u,0.41763341426849365, 0.0, 0
u,0.4849188029766083, 0.0, 0
u,0.4199535846710205, 0.0, 0
u,0.9628770351409912, 0.0, 0
u,0.02784222736954689, 0.0, 0
u,0.02552204206585884, 0.0, 0
u,0.41763341426849365, 0.0, 0
u,0.48723897337913513, 0.0, 0
u,0.4849188029766083, 0.0, 0
u,0.9605568647384644, 0.0, 0
u,0.02784222736954689, 0.0, 0
u,0.9628770351409912, 0.0, 0
u,0.41763341426849365, 0.0, 0
u,0.4895591735839844, 0.0, 0
u,0.48723897337913513, 0.0, 0
u,0.9582366347312927, 0.0, 0
u,0.02784222736954689, 0.0, 0
u,0.9605568647384644, 0.0, 0
u,0.4153132140636444, 0.0, 0
u,0.4895591735839844, 0.0, 0
u,0.41763341426849365, 0.0, 0
u,0.9582366347312927, 0.0, 0
u,0.03016241267323494, 0.0, 0
u,0.02784222736954689, 0.0, 0
u,0.4153132140636444, 0.0, 0
u,0.49187934398651123, 0.0, 0
u,0.4895591735839844, 0.0, 0
u,0.9559164643287659, 0.0, 0
u,0.03016241267323494, 0.0, 0
u,0.9582366347312927, 0.0, 0
u,0.41299304366111755, 0.0, 0
u,0.49187934398651123, 0.0, 0
u,0.4153132140636444, 0.0, 0
u,0.9559164643287659, 0.0, 0
u,0.03248259797692299, 0.0, 0
u,0.03016241267323494, 0.0, 0
u,0.41299304366111755, 0.0, 0
u,0.4941995441913605, 0.0, 0
u,0.49187934398651123, 0.0, 0
u,0.953596293926239, 0.0, 0
u,0.03248259797692299, 0.0, 0
u,0.9559164643287659, 0.0, 0
u,0.4106728434562683, 0.0, 0
u,0.4941995441913605, 0.0, 0
u,0.41299304366111755, 0.0, 0
u,0.953596293926239, 0.0, 0
u,0.03480278328061104, 0.0, 0
u,0.03248259797692299, 0.0, 0
u,0.4106728434562683, 0.0, 0
u,0.49651971459388733, 0.0, 0
u,0.4941995441913605, 0.0, 0
u,0.9512761235237122, 0.0, 0
u,0.03480278328061104, 0.0, 0
u,0.953596293926239, 0.0, 0
u,0.40835267305374146, 0.0, 0
u,0.49651971459388733, 0.0, 0
u,0.4106728434562683, 0.0, 0
u,0.9512761235237122, 0.0, 0
u,0.03712296858429909, 0.0, 0
u,0.03480278328061104, 0.0, 0
u,0.40835267305374146, 0.0, 0
u,0.4988399147987366, 0.0, 0
u,0.49651971459388733, 0.0, 0
u,0.9489558935165405, 0.0, 0
u,0.03712296858429909, 0.0, 0
u,0.9512761235237122, 0.0, 0
u,0.4060324728488922, 0.0, 0
u,0.4988399147987366, 0.0, 0
u,0.40835267305374146, 0.0, 0
u,0.9489558935165405, 0.0, 0
u,0.03944315388798714, 0.0, 0
u,0.03712296858429909, 0.0, 0
u,0.4060324728488922, 0.0, 0
u,0.5011600852012634, 0.0, 0
u,0.4988399147987366, 0.0, 0
u,0.9466357231140137, 0.0, 0
u,0.03944315388798714, 0.0, 0
u,0.9489558935165405, 0.0, 0
u,0.40371230244636536, 0.0, 0
u,0.5011600852012634, 0.0, 0
u,0.4060324728488922, 0.0, 0
u,0.9466357231140137, 0.0, 0
u,0.041763342916965485, 0.0, 0
u,0.03944315388798714, 0.0, 0
u,0.40371230244636536, 0.0, 0
u,0.5034802556037903, 0.0, 0
u,0.5011600852012634, 0.0, 0
u,0.9443155527114868, 0.0, 0
u,0.041763342916965485, 0.0, 0
u,0.9466357231140137, 0.0, 0
u,0.94199538230896, 0.0, 0
u,0.041763342916965485, 0.0, 0
u,0.9443155527114868, 0.0, 0
u,0.40371230244636536, 0.0, 0
u,0.5058004856109619, 0.0, 0
u,0.5034802556037903, 0.0, 0
u,0.4013921022415161, 0.0, 0
u,0.5058004856109619, 0.0, 0
u,0.40371230244636536, 0.0, 0
u,0.94199538230896, 0.0, 0
u,0.044083528220653534, 0.0, 0
u,0.041763342916965485, 0.0, 0
u,0.4013921022415161, 0.0, 0
u,0.5081206560134888, 0.0, 0
u,0.5058004856109619, 0.0, 0
u,0.9396751523017883, 0.0, 0
u,0.044083528220653534, 0.0, 0
u,0.94199538230896, 0.0, 0
u,0.39907193183898926, 0.0, 0
u,0.5081206560134888, 0.0, 0
u,0.4013921022415161, 0.0, 0
u,0.9396751523017883, 0.0, 0
u,0.04640371352434158, 0.0, 0
u,0.044083528220653534, 0.0, 0
u,0.39907193183898926, 0.0, 0
u,0.5104408264160156, 0.0, 0
u,0.5081206560134888, 0.0, 0
u,0.9373549818992615, 0.0, 0
u,0.04640371352434158, 0.0, 0
u,0.9396751523017883, 0.0, 0
u,0.9373549818992615, 0.0, 0
u,0.04872389882802963, 0.0, 0
u,0.04640371352434158, 0.0, 0
u,0.39675173163414, 0.0, 0
u,0.5104408264160156, 0.0, 0
u,0.39907193183898926, 0.0, 0
u,0.39675173163414, 0.0, 0
u,0.5127609968185425, 0.0, 0
u,0.5104408264160156, 0.0, 0
u,0.9350348114967346, 0.0, 0
u,0.04872389882802963, 0.0, 0
u,0.9373549818992615, 0.0, 0
u,0.39675173163414, 0.0, 0
u,0.5150812268257141, 0.0, 0
u,0.5127609968185425, 0.0, 0
u,0.9327146410942078, 0.0, 0
u,0.04872389882802963, 0.0, 0
u,0.9350348114967346, 0.0, 0
u,0.9327146410942078, 0.0, 0
u,0.05104408413171768, 0.0, 0
u,0.04872389882802963, 0.0, 0
u,0.39443156123161316, 0.0, 0
u,0.5150812268257141, 0.0, 0
u,0.39675173163414, 0.0, 0
u,0.39443156123161316, 0.0, 0
u,0.517401397228241, 0.0, 0
u,0.5150812268257141, 0.0, 0
u,0.9303944110870361, 0.0, 0
u,0.05104408413171768, 0.0, 0
u,0.9327146410942078, 0.0, 0
u,0.9303944110870361, 0.0, 0
u,0.05336426943540573, 0.0, 0
u,0.05104408413171768, 0.0, 0
u,0.3921113610267639, 0.0, 0
u,0.517401397228241, 0.0, 0
u,0.39443156123161316, 0.0, 0
u,0.3921113610267639, 0.0, 0
u,0.5197215676307678, 0.0, 0
u,0.517401397228241, 0.0, 0
u,0.9280742406845093, 0.0, 0
u,0.05336426943540573, 0.0, 0
u,0.9303944110870361, 0.0, 0
u,0.9280742406845093, 0.0, 0
u,0.05568445473909378, 0.0, 0
u,0.05336426943540573, 0.0, 0
u,0.38979119062423706, 0.0, 0
u,0.5197215676307678, 0.0, 0
u,0.3921113610267639, 0.0, 0
u,0.38979119062423706, 0.0, 0
u,0.5220417380332947, 0.0, 0
u,0.5197215676307678, 0.0, 0
u,0.9257540702819824, 0.0, 0
u,0.05568445473909378, 0.0, 0
u,0.9280742406845093, 0.0, 0
u,0.3874709904193878, 0.0, 0
u,0.5220417380332947, 0.0, 0
u,0.38979119062423706, 0.0, 0
u,0.9257540702819824, 0.0, 0
u,0.05800464004278183, 0.0, 0
u,0.05568445473909378, 0.0, 0
u,0.3874709904193878, 0.0, 0
u,0.5243619680404663, 0.0, 0
u,0.5220417380332947, 0.0, 0
u,0.9234338998794556, 0.0, 0
u,0.05800464004278183, 0.0, 0
u,0.9257540702819824, 0.0, 0
u,0.3874709904193878, 0.0, 0
u,0.5266821384429932, 0.0, 0
u,0.5243619680404663, 0.0, 0
u,0.9211136698722839, 0.0, 0
u,0.05800464004278183, 0.0, 0
u,0.9234338998794556, 0.0, 0
u,0.38515082001686096, 0.0, 0
u,0.5266821384429932, 0.0, 0
u,0.3874709904193878, 0.0, 0
u,0.9211136698722839, 0.0, 0
u,0.06032482534646988, 0.0, 0
u,0.05800464004278183, 0.0, 0
u,0.38515082001686096, 0.0, 0
u,0.52900230884552, 0.0, 0
u,0.5266821384429932, 0.0, 0
u,0.9187934994697571, 0.0, 0
u,0.06032482534646988, 0.0, 0
u,0.9211136698722839, 0.0, 0
u,0.3828306198120117, 0.0, 0
u,0.52900230884552, 0.0, 0
u,0.38515082001686096, 0.0, 0
u,0.9187934994697571, 0.0, 0
u,0.06264501065015793, 0.0, 0
u,0.06032482534646988, 0.0, 0
u,0.3828306198120117, 0.0, 0
u,0.5313224792480469, 0.0, 0
u,0.52900230884552, 0.0, 0
u,0.9164733290672302, 0.0, 0
u,0.06264501065015793, 0.0, 0
u,0.9187934994697571, 0.0, 0
u,0.38051044940948486, 0.0, 0
u,0.5313224792480469, 0.0, 0
u,0.3828306198120117, 0.0, 0
u,0.9164733290672302, 0.0, 0
u,0.06496519595384598, 0.0, 0
u,0.06264501065015793, 0.0, 0
u,0.38051044940948486, 0.0, 0
u,0.5336427092552185, 0.0, 0
u,0.5313224792480469, 0.0, 0
u,0.9141531586647034, 0.0, 0
u,0.06496519595384598, 0.0, 0
u,0.9164733290672302, 0.0, 0
u,0.3781902492046356, 0.0, 0
u,0.5336427092552185, 0.0, 0
u,0.38051044940948486, 0.0, 0
u,0.9141531586647034, 0.0, 0
u,0.06728538125753403, 0.0, 0
u,0.06496519595384598, 0.0, 0
u,0.3781902492046356, 0.0, 0
u,0.5359628796577454, 0.0, 0
u,0.5336427092552185, 0.0, 0
u,0.9118329286575317, 0.0, 0
u,0.06728538125753403, 0.0, 0
u,0.9141531586647034, 0.0, 0
u,0.37587007880210876, 0.0, 0
u,0.5359628796577454, 0.0, 0
u,0.3781902492046356, 0.0, 0
u,0.9118329286575317, 0.0, 0
u,0.06960556656122208, 0.0, 0
u,0.06728538125753403, 0.0, 0
u,0.37587007880210876, 0.0, 0
u,0.5382830500602722, 0.0, 0
u,0.5359628796577454, 0.0, 0
u,0.9095127582550049, 0.0, 0
u,0.06960556656122208, 0.0, 0
u,0.9118329286575317, 0.0, 0
u,0.3735498785972595, 0.0, 0
u,0.5382830500602722, 0.0, 0
u,0.37587007880210876, 0.0, 0
u,0.9095127582550049, 0.0, 0
u,0.07192575186491013, 0.0, 0
u,0.06960556656122208, 0.0, 0
u,0.3735498785972595, 0.0, 0
u,0.5406032204627991, 0.0, 0
u,0.5382830500602722, 0.0, 0
u,0.907192587852478, 0.0, 0
u,0.07192575186491013, 0.0, 0
u,0.9095127582550049, 0.0, 0
u,0.37122970819473267, 0.0, 0
u,0.5406032204627991, 0.0, 0
u,0.3735498785972595, 0.0, 0
u,0.907192587852478, 0.0, 0
u,0.07424593716859818, 0.0, 0
u,0.07192575186491013, 0.0, 0
u,0.37122970819473267, 0.0, 0
u,0.5429234504699707, 0.0, 0
u,0.5406032204627991, 0.0, 0
u,0.9048724174499512, 0.0, 0
u,0.07424593716859818, 0.0, 0
u,0.907192587852478, 0.0, 0
u,0.3689095079898834, 0.0, 0
u,0.5429234504699707, 0.0, 0
u,0.37122970819473267, 0.0, 0
u,0.9048724174499512, 0.0, 0
u,0.07656612247228622, 0.0, 0
u,0.07424593716859818, 0.0, 0
u,0.3689095079898834, 0.0, 0
u,0.5452436208724976, 0.0, 0
u,0.5429234504699707, 0.0, 0
u,0.9025521874427795, 0.0, 0
u,0.07656612247228622, 0.0, 0
u,0.9048724174499512, 0.0, 0
u,0.36658933758735657, 0.0, 0
u,0.5452436208724976, 0.0, 0
u,0.3689095079898834, 0.0, 0
u,0.9025521874427795, 0.0, 0
u,0.07888630777597427, 0.0, 0
u,0.07656612247228622, 0.0, 0
u,0.36658933758735657, 0.0, 0
u,0.5475637912750244, 0.0, 0
u,0.5452436208724976, 0.0, 0
u,0.9002320170402527, 0.0, 0
u,0.07888630777597427, 0.0, 0
u,0.9025521874427795, 0.0, 0
u,0.3642691373825073, 0.0, 0
u,0.5475637912750244, 0.0, 0
u,0.36658933758735657, 0.0, 0
u,0.9002320170402527, 0.0, 0
u,0.08120649307966232, 0.0, 0
u,0.07888630777597427, 0.0, 0
u,0.3642691373825073, 0.0, 0
u,0.5498839616775513, 0.0, 0
u,0.5475637912750244, 0.0, 0
u,0.8979118466377258, 0.0, 0
u,0.08120649307966232, 0.0, 0
u,0.9002320170402527, 0.0, 0
u,0.3642691373825073, 0.0, 0
u,0.5522041916847229, 0.0, 0
u,0.5498839616775513, 0.0, 0
u,0.895591676235199, 0.0, 0
u,0.08120649307966232, 0.0, 0
u,0.8979118466377258, 0.0, 0
u,0.36194896697998047, 0.0, 0
u,0.5522041916847229, 0.0, 0
u,0.3642691373825073, 0.0, 0
u,0.895591676235199, 0.0, 0
u,0.08352668583393097, 0.0, 0
u,0.08120649307966232, 0.0, 0
u,0.36194896697998047, 0.0, 0
u,0.5545243620872498, 0.0, 0
u,0.5522041916847229, 0.0, 0
u,0.8932714462280273, 0.0, 0
u,0.08352668583393097, 0.0, 0
u,0.895591676235199, 0.0, 0
u,0.3596287667751312, 0.0, 0
u,0.5545243620872498, 0.0, 0
u,0.36194896697998047, 0.0, 0
u,0.8932714462280273, 0.0, 0
u,0.08584687113761902, 0.0, 0
u,0.08352668583393097, 0.0, 0
u,0.3596287667751312, 0.0, 0
u,0.5568445324897766, 0.0, 0
u,0.5545243620872498, 0.0, 0
u,0.8909512758255005, 0.0, 0
u,0.08584687113761902, 0.0, 0
u,0.8932714462280273, 0.0, 0
u,0.3596287667751312, 0.0, 0
u,0.5591647624969482, 0.0, 0
u,0.5568445324897766, 0.0, 0
u,0.8886311054229736, 0.0, 0
u,0.08584687113761902, 0.0, 0
u,0.8909512758255005, 0.0, 0
u,0.35730859637260437, 0.0, 0
u,0.5591647624969482, 0.0, 0
u,0.3596287667751312, 0.0, 0
u,0.8886311054229736, 0.0, 0
u,0.08816705644130707, 0.0, 0
u,0.08584687113761902, 0.0, 0
u,0.35730859637260437, 0.0, 0
u,0.5614849328994751, 0.0, 0
u,0.5591647624969482, 0.0, 0
u,0.886310875415802, 0.0, 0
u,0.08816705644130707, 0.0, 0
u,0.8886311054229736, 0.0, 0
u,0.3549883961677551, 0.0, 0
u,0.5614849328994751, 0.0, 0
u,0.35730859637260437, 0.0, 0
u,0.886310875415802, 0.0, 0
u,0.09048724174499512, 0.0, 0
u,0.08816705644130707, 0.0, 0
u,0.3549883961677551, 0.0, 0
u,0.563805103302002, 0.0, 0
u,0.5614849328994751, 0.0, 0
u,0.8839907050132751, 0.0, 0
u,0.09048724174499512, 0.0, 0
u,0.886310875415802, 0.0, 0
u,0.35266822576522827, 0.0, 0
u,0.563805103302002, 0.0, 0
u,0.3549883961677551, 0.0, 0
u,0.8839907050132751, 0.0, 0
u,0.09280742704868317, 0.0, 0
u,0.09048724174499512, 0.0, 0
u,0.35266822576522827, 0.0, 0
u,0.5661252737045288, 0.0, 0
u,0.563805103302002, 0.0, 0
u,0.8816705346107483, 0.0, 0
u,0.09280742704868317, 0.0, 0
u,0.8839907050132751, 0.0, 0
u,0.35034802556037903, 0.0, 0
u,0.5661252737045288, 0.0, 0
u,0.35266822576522827, 0.0, 0
u,0.8816705346107483, 0.0, 0
u,0.09512761235237122, 0.0, 0
u,0.09280742704868317, 0.0, 0
u,0.35034802556037903, 0.0, 0
u,0.5684455037117004, 0.0, 0
u,0.5661252737045288, 0.0, 0
u,0.8793503642082214, 0.0, 0
u,0.09512761235237122, 0.0, 0
u,0.8816705346107483, 0.0, 0
u,0.3480278551578522, 0.0, 0
u,0.5684455037117004, 0.0, 0
u,0.35034802556037903, 0.0, 0
u,0.8793503642082214, 0.0, 0
u,0.09744779765605927, 0.0, 0
u,0.09512761235237122, 0.0, 0
u,0.3480278551578522, 0.0, 0
u,0.5707656741142273, 0.0, 0
u,0.5684455037117004, 0.0, 0
u,0.8770301342010498, 0.0, 0
u,0.09744779765605927, 0.0, 0
u,0.8793503642082214, 0.0, 0
u,0.34570765495300293, 0.0, 0
u,0.5707656741142273, 0.0, 0
u,0.3480278551578522, 0.0, 0
u,0.8770301342010498, 0.0, 0
u,0.09976798295974731, 0.0, 0
u,0.09744779765605927, 0.0, 0
u,0.34570765495300293, 0.0, 0
u,0.5730858445167542, 0.0, 0
u,0.5707656741142273, 0.0, 0
u,0.874709963798523, 0.0, 0
u,0.09976798295974731, 0.0, 0
u,0.8770301342010498, 0.0, 0
u,0.3433874845504761, 0.0, 0
u,0.5730858445167542, 0.0, 0
u,0.34570765495300293, 0.0, 0
u,0.874709963798523, 0.0, 0
u,0.10208816826343536, 0.0, 0
u,0.09976798295974731, 0.0, 0
u,0.3433874845504761, 0.0, 0
u,0.575406014919281, 0.0, 0
u,0.5730858445167542, 0.0, 0
u,0.8723897933959961, 0.0, 0
u,0.10208816826343536, 0.0, 0
u,0.874709963798523, 0.0, 0
u,0.34106728434562683, 0.0, 0
u,0.575406014919281, 0.0, 0
u,0.3433874845504761, 0.0, 0
u,0.8723897933959961, 0.0, 0
u,0.10440835356712341, 0.0, 0
u,0.10208816826343536, 0.0, 0
u,0.34106728434562683, 0.0, 0
u,0.5777262449264526, 0.0, 0
u,0.575406014919281, 0.0, 0
u,0.8700696229934692, 0.0, 0
u,0.10440835356712341, 0.0, 0
u,0.8723897933959961, 0.0, 0
u,0.3387471139431, 0.0, 0
u,0.5777262449264526, 0.0, 0
u,0.34106728434562683, 0.0, 0
u,0.8700696229934692, 0.0, 0
u,0.10672853887081146, 0.0, 0
u,0.10440835356712341, 0.0, 0
u,0.3387471139431, 0.0, 0
u,0.5800464153289795, 0.0, 0
u,0.5777262449264526, 0.0, 0
u,0.8677493929862976, 0.0, 0
u,0.10672853887081146, 0.0, 0
u,0.8700696229934692, 0.0, 0
u,0.33642691373825073, 0.0, 0
u,0.5800464153289795, 0.0, 0
u,0.3387471139431, 0.0, 0
u,0.8677493929862976, 0.0, 0
u,0.10904872417449951, 0.0, 0
u,0.10672853887081146, 0.0, 0
u,0.33642691373825073, 0.0, 0
u,0.5823665857315063, 0.0, 0
u,0.5800464153289795, 0.0, 0
u,0.8654292225837708, 0.0, 0
u,0.10904872417449951, 0.0, 0
u,0.8677493929862976, 0.0, 0
u,0.3341067433357239, 0.0, 0
u,0.5823665857315063, 0.0, 0
u,0.33642691373825073, 0.0, 0
u,0.8654292225837708, 0.0, 0
u,0.11136890947818756, 0.0, 0
u,0.10904872417449951, 0.0, 0
u,0.3341067433357239, 0.0, 0
u,0.5846867561340332, 0.0, 0
u,0.5823665857315063, 0.0, 0
u,0.8631090521812439, 0.0, 0
u,0.11136890947818756, 0.0, 0
u,0.8654292225837708, 0.0, 0
u,0.33178654313087463, 0.0, 0
u,0.5846867561340332, 0.0, 0
u,0.3341067433357239, 0.0, 0
u,0.33178654313087463, 0.0, 0
u,0.5870069861412048, 0.0, 0
u,0.5846867561340332, 0.0, 0
u,0.860788881778717, 0.0, 0
u,0.11136890947818756, 0.0, 0
u,0.8631090521812439, 0.0, 0
u,0.860788881778717, 0.0, 0
u,0.11368909478187561, 0.0, 0
u,0.11136890947818756, 0.0, 0
u,0.8584686517715454, 0.0, 0
u,0.11368909478187561, 0.0, 0
u,0.860788881778717, 0.0, 0
u,0.33178654313087463, 0.0, 0
u,0.5893271565437317, 0.0, 0
u,0.5870069861412048, 0.0, 0
u,0.3294663429260254, 0.0, 0
u,0.5893271565437317, 0.0, 0
u,0.33178654313087463, 0.0, 0
u,0.8584686517715454, 0.0, 0
u,0.11600928008556366, 0.0, 0
u,0.11368909478187561, 0.0, 0
u,0.8561484813690186, 0.0, 0
u,0.11600928008556366, 0.0, 0
u,0.8584686517715454, 0.0, 0
u,0.3294663429260254, 0.0, 0
u,0.5916473269462585, 0.0, 0
u,0.5893271565437317, 0.0, 0
u,0.32714617252349854, 0.0, 0
u,0.5916473269462585, 0.0, 0
u,0.3294663429260254, 0.0, 0
u,0.8561484813690186, 0.0, 0
u,0.11832946538925171, 0.0, 0
u,0.11600928008556366, 0.0, 0
u,0.8538283109664917, 0.0, 0
u,0.11832946538925171, 0.0, 0
u,0.8561484813690186, 0.0, 0
u,0.32714617252349854, 0.0, 0
u,0.5939674973487854, 0.0, 0
u,0.5916473269462585, 0.0, 0
u,0.3248259723186493, 0.0, 0
u,0.5939674973487854, 0.0, 0
u,0.32714617252349854, 0.0, 0
u,0.8538283109664917, 0.0, 0
u,0.12064965069293976, 0.0, 0
u,0.11832946538925171, 0.0, 0
u,0.8515081405639648, 0.0, 0
u,0.12064965069293976, 0.0, 0
u,0.8538283109664917, 0.0, 0
u,0.3248259723186493, 0.0, 0
u,0.596287727355957, 0.0, 0
u,0.5939674973487854, 0.0, 0
u,0.32250580191612244, 0.0, 0
u,0.596287727355957, 0.0, 0
u,0.3248259723186493, 0.0, 0
u,0.8515081405639648, 0.0, 0
u,0.12296983599662781, 0.0, 0
u,0.12064965069293976, 0.0, 0
u,0.8491879105567932, 0.0, 0
u,0.12296983599662781, 0.0, 0
u,0.8515081405639648, 0.0, 0
u,0.32250580191612244, 0.0, 0
u,0.5986078977584839, 0.0, 0
u,0.596287727355957, 0.0, 0
u,0.3201856017112732, 0.0, 0
u,0.5986078977584839, 0.0, 0
u,0.32250580191612244, 0.0, 0
u,0.8491879105567932, 0.0, 0
u,0.12529002130031586, 0.0, 0
u,0.12296983599662781, 0.0, 0
u,0.8468677401542664, 0.0, 0
u,0.12529002130031586, 0.0, 0
u,0.8491879105567932, 0.0, 0
u,0.3201856017112732, 0.0, 0
u,0.6009280681610107, 0.0, 0
u,0.5986078977584839, 0.0, 0
u,0.31786543130874634, 0.0, 0
u,0.6009280681610107, 0.0, 0
u,0.3201856017112732, 0.0, 0
u,0.8468677401542664, 0.0, 0
u,0.1276102066040039, 0.0, 0
u,0.12529002130031586, 0.0, 0
u,0.8445475697517395, 0.0, 0
u,0.1276102066040039, 0.0, 0
u,0.8468677401542664, 0.0, 0
u,0.31786543130874634, 0.0, 0
u,0.6032482385635376, 0.0, 0
u,0.6009280681610107, 0.0, 0
u,0.3155452311038971, 0.0, 0
u,0.6032482385635376, 0.0, 0
u,0.31786543130874634, 0.0, 0
u,0.8445475697517395, 0.0, 0
u,0.12993039190769196, 0.0, 0
u,0.1276102066040039, 0.0, 0
u,0.8422273993492126, 0.0, 0
u,0.12993039190769196, 0.0, 0
u,0.8445475697517395, 0.0, 0
u,0.3155452311038971, 0.0, 0
u,0.6055684685707092, 0.0, 0
u,0.6032482385635376, 0.0, 0
u,0.31322506070137024, 0.0, 0
u,0.6055684685707092, 0.0, 0
u,0.3155452311038971, 0.0, 0
u,0.8422273993492126, 0.0, 0
u,0.13225057721138, 0.0, 0
u,0.12993039190769196, 0.0, 0
u,0.839907169342041, 0.0, 0
u,0.13225057721138, 0.0, 0
u,0.8422273993492126, 0.0, 0
u,0.31322506070137024, 0.0, 0
u,0.6078886389732361, 0.0, 0
u,0.6055684685707092, 0.0, 0
u,0.310904860496521, 0.0, 0
u,0.6078886389732361, 0.0, 0
u,0.31322506070137024, 0.0, 0
u,0.839907169342041, 0.0, 0
u,0.13457076251506805, 0.0, 0
u,0.13225057721138, 0.0, 0
u,0.8375869989395142, 0.0, 0
u,0.13457076251506805, 0.0, 0
u,0.839907169342041, 0.0, 0
u,0.310904860496521, 0.0, 0
u,0.6102088093757629, 0.0, 0
u,0.6078886389732361, 0.0, 0
u,0.30858469009399414, 0.0, 0
u,0.6102088093757629, 0.0, 0
u,0.310904860496521, 0.0, 0
u,0.8375869989395142, 0.0, 0
u,0.1368909478187561, 0.0, 0
u,0.13457076251506805, 0.0, 0
u,0.8352668285369873, 0.0, 0
u,0.1368909478187561, 0.0, 0
u,0.8375869989395142, 0.0, 0
u,0.30858469009399414, 0.0, 0
u,0.6125289797782898, 0.0, 0
u,0.6102088093757629, 0.0, 0
u,0.3062644898891449, 0.0, 0
u,0.6125289797782898, 0.0, 0
u,0.30858469009399414, 0.0, 0
u,0.8352668285369873, 0.0, 0
u,0.13921113312244415, 0.0, 0
u,0.1368909478187561, 0.0, 0
u,0.3062644898891449, 0.0, 0
u,0.6148492097854614, 0.0, 0
u,0.6125289797782898, 0.0, 0
u,0.8329466581344604, 0.0, 0
u,0.13921113312244415, 0.0, 0
u,0.8352668285369873, 0.0, 0
u,0.3062644898891449, 0.0, 0
u,0.6171693801879883, 0.0, 0
u,0.6148492097854614, 0.0, 0
u,0.8306264281272888, 0.0, 0
u,0.13921113312244415, 0.0, 0
u,0.8329466581344604, 0.0, 0
u,0.30394431948661804, 0.0, 0
u,0.6171693801879883, 0.0, 0
u,0.3062644898891449, 0.0, 0
u,0.8306264281272888, 0.0, 0
u,0.1415313184261322, 0.0, 0
u,0.13921113312244415, 0.0, 0
u,0.30394431948661804, 0.0, 0
u,0.6194895505905151, 0.0, 0
u,0.6171693801879883, 0.0, 0
u,0.828306257724762, 0.0, 0
u,0.1415313184261322, 0.0, 0
u,0.8306264281272888, 0.0, 0
u,0.30394431948661804, 0.0, 0
u,0.621809720993042, 0.0, 0
u,0.6194895505905151, 0.0, 0
u,0.8259860873222351, 0.0, 0
u,0.1415313184261322, 0.0, 0
u,0.828306257724762, 0.0, 0
u,0.8259860873222351, 0.0, 0
u,0.14385150372982025, 0.0, 0
u,0.1415313184261322, 0.0, 0
u,0.3016241192817688, 0.0, 0
u,0.621809720993042, 0.0, 0
u,0.30394431948661804, 0.0, 0
u,0.3016241192817688, 0.0, 0
u,0.6241299510002136, 0.0, 0
u,0.621809720993042, 0.0, 0
u,0.8236659169197083, 0.0, 0
u,0.14385150372982025, 0.0, 0
u,0.8259860873222351, 0.0, 0
u,0.8236659169197083, 0.0, 0
u,0.1461716890335083, 0.0, 0
u,0.14385150372982025, 0.0, 0
u,0.29930394887924194, 0.0, 0
u,0.6241299510002136, 0.0, 0
u,0.3016241192817688, 0.0, 0
u,0.29930394887924194, 0.0, 0
u,0.6264501214027405, 0.0, 0
u,0.6241299510002136, 0.0, 0
u,0.8213456869125366, 0.0, 0
u,0.1461716890335083, 0.0, 0
u,0.8236659169197083, 0.0, 0
u,0.8213456869125366, 0.0, 0
u,0.14849187433719635, 0.0, 0
u,0.1461716890335083, 0.0, 0
u,0.2969837486743927, 0.0, 0
u,0.6264501214027405, 0.0, 0
u,0.29930394887924194, 0.0, 0
u,0.2969837486743927, 0.0, 0
u,0.6287702918052673, 0.0, 0
u,0.6264501214027405, 0.0, 0
u,0.8190255165100098, 0.0, 0
u,0.14849187433719635, 0.0, 0
u,0.8213456869125366, 0.0, 0
u,0.8190255165100098, 0.0, 0
u,0.1508120596408844, 0.0, 0
u,0.14849187433719635, 0.0, 0
u,0.29466357827186584, 0.0, 0
u,0.6287702918052673, 0.0, 0
u,0.2969837486743927, 0.0, 0
u,0.29466357827186584, 0.0, 0
u,0.6310904622077942, 0.0, 0
u,0.6287702918052673, 0.0, 0
u,0.8167053461074829, 0.0, 0
u,0.1508120596408844, 0.0, 0
u,0.8190255165100098, 0.0, 0
u,0.8167053461074829, 0.0, 0
u,0.15313224494457245, 0.0, 0
u,0.1508120596408844, 0.0, 0
u,0.2923433780670166, 0.0, 0
u,0.6310904622077942, 0.0, 0
u,0.29466357827186584, 0.0, 0
u,0.2923433780670166, 0.0, 0
u,0.6334106922149658, 0.0, 0
u,0.6310904622077942, 0.0, 0
u,0.814385175704956, 0.0, 0
u,0.15313224494457245, 0.0, 0
u,0.8167053461074829, 0.0, 0
u,0.814385175704956, 0.0, 0
u,0.1554524302482605, 0.0, 0
u,0.15313224494457245, 0.0, 0
u,0.29002320766448975, 0.0, 0
u,0.6334106922149658, 0.0, 0
u,0.2923433780670166, 0.0, 0
u,0.29002320766448975, 0.0, 0
u,0.6357308626174927, 0.0, 0
u,0.6334106922149658, 0.0, 0
u,0.8120649456977844, 0.0, 0
u,0.1554524302482605, 0.0, 0
u,0.814385175704956, 0.0, 0
u,0.8120649456977844, 0.0, 0
u,0.15777261555194855, 0.0, 0
u,0.1554524302482605, 0.0, 0
u,0.2877030074596405, 0.0, 0
u,0.6357308626174927, 0.0, 0
u,0.29002320766448975, 0.0, 0
u,0.2877030074596405, 0.0, 0
u,0.6380510330200195, 0.0, 0
u,0.6357308626174927, 0.0, 0
u,0.8097447752952576, 0.0, 0
u,0.15777261555194855, 0.0, 0
u,0.8120649456977844, 0.0, 0
u,0.8097447752952576, 0.0, 0
u,0.1600928008556366, 0.0, 0
u,0.15777261555194855, 0.0, 0
u,0.28538283705711365, 0.0, 0
u,0.6380510330200195, 0.0, 0
u,0.2877030074596405, 0.0, 0
u,0.28538283705711365, 0.0, 0
u,0.6403712034225464, 0.0, 0
u,0.6380510330200195, 0.0, 0
u,0.8074246048927307, 0.0, 0
u,0.1600928008556366, 0.0, 0
u,0.8097447752952576, 0.0, 0
u,0.8074246048927307, 0.0, 0
u,0.16241298615932465, 0.0, 0
u,0.1600928008556366, 0.0, 0
u,0.2830626368522644, 0.0, 0
u,0.6403712034225464, 0.0, 0
u,0.28538283705711365, 0.0, 0
u,0.2830626368522644, 0.0, 0
u,0.642691433429718, 0.0, 0
u,0.6403712034225464, 0.0, 0
u,0.8051044344902039, 0.0, 0
u,0.16241298615932465, 0.0, 0
u,0.8074246048927307, 0.0, 0
u,0.8051044344902039, 0.0, 0
u,0.1647331714630127, 0.0, 0
u,0.16241298615932465, 0.0, 0
u,0.28074246644973755, 0.0, 0
u,0.642691433429718, 0.0, 0
u,0.2830626368522644, 0.0, 0
u,0.28074246644973755, 0.0, 0
u,0.6450116038322449, 0.0, 0
u,0.642691433429718, 0.0, 0
u,0.8027842044830322, 0.0, 0
u,0.1647331714630127, 0.0, 0
u,0.8051044344902039, 0.0, 0
u,0.8027842044830322, 0.0, 0
u,0.16705337166786194, 0.0, 0
u,0.1647331714630127, 0.0, 0
u,0.2784222662448883, 0.0, 0
u,0.6450116038322449, 0.0, 0
u,0.28074246644973755, 0.0, 0
u,0.2784222662448883, 0.0, 0
u,0.6473317742347717, 0.0, 0
u,0.6450116038322449, 0.0, 0
u,0.8004640340805054, 0.0, 0
u,0.16705337166786194, 0.0, 0
u,0.8027842044830322, 0.0, 0
u,0.2784222662448883, 0.0, 0
u,0.6496519446372986, 0.0, 0
u,0.6473317742347717, 0.0, 0
u,0.7981438636779785, 0.0, 0
u,0.16705337166786194, 0.0, 0
u,0.8004640340805054, 0.0, 0
u,0.27610209584236145, 0.0, 0
u,0.6496519446372986, 0.0, 0
u,0.2784222662448883, 0.0, 0
u,0.7981438636779785, 0.0, 0
u,0.16937355697155, 0.0, 0
u,0.16705337166786194, 0.0, 0
u,0.27610209584236145, 0.0, 0
u,0.6519721746444702, 0.0, 0
u,0.6496519446372986, 0.0, 0
u,0.7958236932754517, 0.0, 0
u,0.16937355697155, 0.0, 0
u,0.7981438636779785, 0.0, 0
u,0.2737818956375122, 0.0, 0
u,0.6519721746444702, 0.0, 0
u,0.27610209584236145, 0.0, 0
u,0.7958236932754517, 0.0, 0
u,0.17169374227523804, 0.0, 0
u,0.16937355697155, 0.0, 0
u,0.79350346326828, 0.0, 0
u,0.17169374227523804, 0.0, 0
u,0.7958236932754517, 0.0, 0
u,0.2737818956375122, 0.0, 0
u,0.6542923450469971, 0.0, 0
u,0.6519721746444702, 0.0, 0
u,0.27146172523498535, 0.0, 0
u,0.6542923450469971, 0.0, 0
u,0.2737818956375122, 0.0, 0
u,0.79350346326828, 0.0, 0
u,0.1740139275789261, 0.0, 0
u,0.17169374227523804, 0.0, 0
u,0.7911832928657532, 0.0, 0
u,0.1740139275789261, 0.0, 0
u,0.79350346326828, 0.0, 0
u,0.27146172523498535, 0.0, 0
u,0.6566125154495239, 0.0, 0
u,0.6542923450469971, 0.0, 0
u,0.2691415250301361, 0.0, 0
u,0.6566125154495239, 0.0, 0
u,0.27146172523498535, 0.0, 0
u,0.7911832928657532, 0.0, 0
u,0.17633411288261414, 0.0, 0
u,0.1740139275789261, 0.0, 0
u,0.7888631224632263, 0.0, 0
u,0.17633411288261414, 0.0, 0
u,0.7911832928657532, 0.0, 0
u,0.2691415250301361, 0.0, 0
u,0.6589326858520508, 0.0, 0
u,0.6566125154495239, 0.0, 0
u,0.7865429520606995, 0.0, 0
u,0.17633411288261414, 0.0, 0
u,0.7888631224632263, 0.0, 0
u,0.2691415250301361, 0.0, 0
u,0.6612529158592224, 0.0, 0
u,0.6589326858520508, 0.0, 0
u,0.26682135462760925, 0.0, 0
u,0.6612529158592224, 0.0, 0
u,0.2691415250301361, 0.0, 0
u,0.7865429520606995, 0.0, 0
u,0.17865429818630219, 0.0, 0
u,0.17633411288261414, 0.0, 0
u,0.7842227220535278, 0.0, 0
u,0.17865429818630219, 0.0, 0
u,0.7865429520606995, 0.0, 0
u,0.26682135462760925, 0.0, 0
u,0.6635730862617493, 0.0, 0
u,0.6612529158592224, 0.0, 0
u,0.26450115442276, 0.0, 0
u,0.6635730862617493, 0.0, 0
u,0.26682135462760925, 0.0, 0
u,0.7842227220535278, 0.0, 0
u,0.18097448348999023, 0.0, 0
u,0.17865429818630219, 0.0, 0
u,0.781902551651001, 0.0, 0
u,0.18097448348999023, 0.0, 0
u,0.7842227220535278, 0.0, 0
u,0.26450115442276, 0.0, 0
u,0.6658932566642761, 0.0, 0
u,0.6635730862617493, 0.0, 0
u,0.26218098402023315, 0.0, 0
u,0.6658932566642761, 0.0, 0
u,0.26450115442276, 0.0, 0
u,0.781902551651001, 0.0, 0
u,0.18329466879367828, 0.0, 0
u,0.18097448348999023, 0.0, 0
u,0.7795823812484741, 0.0, 0
u,0.18329466879367828, 0.0, 0
u,0.781902551651001, 0.0, 0
u,0.26218098402023315, 0.0, 0
u,0.6682134866714478, 0.0, 0
u,0.6658932566642761, 0.0, 0
u,0.26218098402023315, 0.0, 0
u,0.6705336570739746, 0.0, 0
u,0.6682134866714478, 0.0, 0
u,0.7772621512413025, 0.0, 0
u,0.18329466879367828, 0.0, 0
u,0.7795823812484741, 0.0, 0
u,0.2598607838153839, 0.0, 0
u,0.6705336570739746, 0.0, 0
u,0.26218098402023315, 0.0, 0
u,0.7772621512413025, 0.0, 0
u,0.18561485409736633, 0.0, 0
u,0.18329466879367828, 0.0, 0
u,0.7749419808387756, 0.0, 0
u,0.18561485409736633, 0.0, 0
u,0.7772621512413025, 0.0, 0
u,0.2598607838153839, 0.0, 0
u,0.6728538274765015, 0.0, 0
u,0.6705336570739746, 0.0, 0
u,0.25754061341285706, 0.0, 0
u,0.6728538274765015, 0.0, 0
u,0.2598607838153839, 0.0, 0
u,0.7749419808387756, 0.0, 0
u,0.18793503940105438, 0.0, 0
u,0.18561485409736633, 0.0, 0
u,0.7726218104362488, 0.0, 0
u,0.18793503940105438, 0.0, 0
u,0.7749419808387756, 0.0, 0
u,0.25754061341285706, 0.0, 0
u,0.6751739978790283, 0.0, 0
u,0.6728538274765015, 0.0, 0
u,0.2552204132080078, 0.0, 0
u,0.6751739978790283, 0.0, 0
u,0.25754061341285706, 0.0, 0
u,0.7726218104362488, 0.0, 0
u,0.19025522470474243, 0.0, 0
u,0.18793503940105438, 0.0, 0
u,0.7703016400337219, 0.0, 0
u,0.19025522470474243, 0.0, 0
u,0.7726218104362488, 0.0, 0
u,0.2552204132080078, 0.0, 0
u,0.6774942278862, 0.0, 0
u,0.6751739978790283, 0.0, 0
u,0.25290024280548096, 0.0, 0
u,0.6774942278862, 0.0, 0
u,0.2552204132080078, 0.0, 0
u,0.7703016400337219, 0.0, 0
u,0.19257541000843048, 0.0, 0
u,0.19025522470474243, 0.0, 0
u,0.7679814100265503, 0.0, 0
u,0.19257541000843048, 0.0, 0
u,0.7703016400337219, 0.0, 0
u,0.25290024280548096, 0.0, 0
u,0.6798143982887268, 0.0, 0
u,0.6774942278862, 0.0, 0
u,0.2505800426006317, 0.0, 0
u,0.6798143982887268, 0.0, 0
u,0.25290024280548096, 0.0, 0
u,0.7679814100265503, 0.0, 0
u,0.19489559531211853, 0.0, 0
u,0.19257541000843048, 0.0, 0
u,0.7656612396240234, 0.0, 0
u,0.19489559531211853, 0.0, 0
u,0.7679814100265503, 0.0, 0
u,0.2505800426006317, 0.0, 0
u,0.6821345686912537, 0.0, 0
u,0.6798143982887268, 0.0, 0
u,0.24825985729694366, 0.0, 0
u,0.6821345686912537, 0.0, 0
u,0.2505800426006317, 0.0, 0
u,0.7656612396240234, 0.0, 0
u,0.19721578061580658, 0.0, 0
u,0.19489559531211853, 0.0, 0
u,0.7633410692214966, 0.0, 0
u,0.19721578061580658, 0.0, 0
u,0.7656612396240234, 0.0, 0
u,0.24825985729694366, 0.0, 0
u,0.6844547390937805, 0.0, 0
u,0.6821345686912537, 0.0, 0
u,0.7610208988189697, 0.0, 0
u,0.19721578061580658, 0.0, 0
u,0.7633410692214966, 0.0, 0
u,0.24825985729694366, 0.0, 0
u,0.6867749691009521, 0.0, 0
u,0.6844547390937805, 0.0, 0
u,0.7610208988189697, 0.0, 0
u,0.19953596591949463, 0.0, 0
u,0.19721578061580658, 0.0, 0
u,0.24593967199325562, 0.0, 0
u,0.6867749691009521, 0.0, 0
u,0.24825985729694366, 0.0, 0
u,0.7587006688117981, 0.0, 0
u,0.19953596591949463, 0.0, 0
u,0.7610208988189697, 0.0, 0
u,0.24593967199325562, 0.0, 0
u,0.689095139503479, 0.0, 0
u,0.6867749691009521, 0.0, 0
u,0.7563804984092712, 0.0, 0
u,0.19953596591949463, 0.0, 0
u,0.7587006688117981, 0.0, 0
u,0.24593967199325562, 0.0, 0
u,0.6914153099060059, 0.0, 0
u,0.689095139503479, 0.0, 0
u,0.7563804984092712, 0.0, 0
u,0.20185615122318268, 0.0, 0
u,0.19953596591949463, 0.0, 0
u,0.24361948668956757, 0.0, 0
u,0.6914153099060059, 0.0, 0
u,0.24593967199325562, 0.0, 0
u,0.7540603280067444, 0.0, 0
u,0.20185615122318268, 0.0, 0
u,0.7563804984092712, 0.0, 0
u,0.24361948668956757, 0.0, 0
u,0.6937354803085327, 0.0, 0
u,0.6914153099060059, 0.0, 0
u,0.7517401576042175, 0.0, 0
u,0.20185615122318268, 0.0, 0
u,0.7540603280067444, 0.0, 0
u,0.24361948668956757, 0.0, 0
u,0.6960557103157043, 0.0, 0
u,0.6937354803085327, 0.0, 0
u,0.7494199275970459, 0.0, 0
u,0.20185615122318268, 0.0, 0
u,0.7517401576042175, 0.0, 0
u,0.24361948668956757, 0.0, 0
u,0.6983758807182312, 0.0, 0
u,0.6960557103157043, 0.0, 0
u,0.7494199275970459, 0.0, 0
u,0.20417633652687073, 0.0, 0
u,0.20185615122318268, 0.0, 0
u,0.24129930138587952, 0.0, 0
u,0.6983758807182312, 0.0, 0
u,0.24361948668956757, 0.0, 0
u,0.747099757194519, 0.0, 0
u,0.20417633652687073, 0.0, 0
u,0.7494199275970459, 0.0, 0
u,0.24129930138587952, 0.0, 0
u,0.7006960511207581, 0.0, 0
u,0.6983758807182312, 0.0, 0
u,0.7447795867919922, 0.0, 0
u,0.20417633652687073, 0.0, 0
u,0.747099757194519, 0.0, 0
u,0.24129930138587952, 0.0, 0
u,0.7030162215232849, 0.0, 0
u,0.7006960511207581, 0.0, 0
u,0.7447795867919922, 0.0, 0
u,0.20649652183055878, 0.0, 0
u,0.20417633652687073, 0.0, 0
u,0.23897911608219147, 0.0, 0
u,0.7030162215232849, 0.0, 0
u,0.24129930138587952, 0.0, 0
u,0.7424594163894653, 0.0, 0
u,0.20649652183055878, 0.0, 0
u,0.7447795867919922, 0.0, 0
u,0.23897911608219147, 0.0, 0
u,0.7053364515304565, 0.0, 0
u,0.7030162215232849, 0.0, 0
u,0.7401391863822937, 0.0, 0
u,0.20649652183055878, 0.0, 0
u,0.7424594163894653, 0.0, 0
u,0.23897911608219147, 0.0, 0
u,0.7076566219329834, 0.0, 0
u,0.7053364515304565, 0.0, 0
u,0.7378190159797668, 0.0, 0
u,0.20649652183055878, 0.0, 0
u,0.7401391863822937, 0.0, 0
u,0.23897911608219147, 0.0, 0
u,0.7099767923355103, 0.0, 0
u,0.7076566219329834, 0.0, 0
u,0.7378190159797668, 0.0, 0
u,0.20881670713424683, 0.0, 0
u,0.20649652183055878, 0.0, 0
u,0.23665893077850342, 0.0, 0
u,0.7099767923355103, 0.0, 0
u,0.23897911608219147, 0.0, 0
u,0.73549884557724, 0.0, 0
u,0.20881670713424683, 0.0, 0
u,0.7378190159797668, 0.0, 0
u,0.23665893077850342, 0.0, 0
u,0.7122969627380371, 0.0, 0
u,0.7099767923355103, 0.0, 0
u,0.7331786751747131, 0.0, 0
u,0.20881670713424683, 0.0, 0
u,0.73549884557724, 0.0, 0
u,0.23665893077850342, 0.0, 0
u,0.7146171927452087, 0.0, 0
u,0.7122969627380371, 0.0, 0
u,0.7308584451675415, 0.0, 0
u,0.20881670713424683, 0.0, 0
u,0.7331786751747131, 0.0, 0
u,0.23665893077850342, 0.0, 0
u,0.7169373631477356, 0.0, 0
u,0.7146171927452087, 0.0, 0
u,0.7285382747650146, 0.0, 0
u,0.20881670713424683, 0.0, 0
u,0.7308584451675415, 0.0, 0
u,0.23665893077850342, 0.0, 0
u,0.7192575335502625, 0.0, 0
u,0.7169373631477356, 0.0, 0
u,0.7262181043624878, 0.0, 0
u,0.20881670713424683, 0.0, 0
u,0.7285382747650146, 0.0, 0
u,0.23665893077850342, 0.0, 0
u,0.7215777039527893, 0.0, 0
u,0.7192575335502625, 0.0, 0
u,0.7238979339599609, 0.0, 0
u,0.20881670713424683, 0.0, 0
u,0.7262181043624878, 0.0, 0
u,0.23665893077850342, 0.0, 0
u,0.7238979339599609, 0.0, 0
u,0.7215777039527893, 0.0, 0
u,0.23665893077850342, 0.0, 0
u,0.20881670713424683, 0.0, 0
u,0.7238979339599609, 0.0, 0
u,0.23433874547481537, 0.0, 0
u,0.20881670713424683, 0.0, 0
u,0.23665893077850342, 0.0, 0
u,0.23433874547481537, 0.0, 0
u,0.21113689243793488, 0.0, 0
u,0.20881670713424683, 0.0, 0
u,0.23201856017112732, 0.0, 0
u,0.21113689243793488, 0.0, 0
u,0.23433874547481537, 0.0, 0
u,0.23201856017112732, 0.0, 0
u,0.21345707774162292, 0.0, 0
u,0.21113689243793488, 0.0, 0
u,0.22969837486743927, 0.0, 0
u,0.21345707774162292, 0.0, 0
u,0.23201856017112732, 0.0, 0
u,0.22969837486743927, 0.0, 0
u,0.21577726304531097, 0.0, 0
u,0.21345707774162292, 0.0, 0
u,0.22737818956375122, 0.0, 0
u,0.21577726304531097, 0.0, 0
u,0.22969837486743927, 0.0, 0
u,0.22737818956375122, 0.0, 0
u,0.21809744834899902, 0.0, 0
u,0.21577726304531097, 0.0, 0
u,0.22505800426006317, 0.0, 0
u,0.21809744834899902, 0.0, 0
u,0.22737818956375122, 0.0, 0
u,0.22505800426006317, 0.0, 0
u,0.22041763365268707, 0.0, 0
u,0.21809744834899902, 0.0, 0
u,0.22273781895637512, 0.0, 0
u,0.22041763365268707, 0.0, 0
u,0.22505800426006317, 0.0, 0
