s,86.565185546875, 85.66796875, -1.372696876525879
b,91.57373046875, 87.9521484375, 2.6817450523376465
v,89.141845703125, 87.619140625, 2.387579917907715
v,89.152587890625, 87.1611328125, 2.3875679969787598
v,90.041015625, 87.1826171875, 2.3875927925109863
v,90.03076171875, 87.6396484375, 2.3876047134399414
v,87.657958984375, 87.9482421875, -1.3726108074188232
v,87.6640625, 87.7998046875, -1.3726146221160889
v,91.489501953125, 87.9521484375, -1.3725059032440186
v,91.57373046875, 85.875, -1.3725578784942627
v,87.748291015625, 85.7236328125, -1.3726670742034912
v,87.748779296875, 85.7119140625, -1.3726670742034912
v,86.65576171875, 85.66796875, -1.372696876525879
v,86.565185546875, 87.9033203125, -1.372640609741211
v,87.666748046875, 87.734375, 1.9090585708618164
v,87.6728515625, 87.5859375, 1.9090547561645508
v,89.1416015625, 87.619140625, 1.9090943336486816
v,90.030517578125, 87.6396484375, 1.9091196060180664
v,91.43408203125, 87.6728515625, 1.9091606140136719
v,91.425537109375, 87.8837890625, 1.909165382385254
v,87.6728515625, 87.5859375, 1.9090547561645508
v,87.745361328125, 85.7900390625, 1.9090094566345215
v,91.50439453125, 85.939453125, 1.909116268157959
v,91.43408203125, 87.6728515625, 1.9091606140136719
v,90.030517578125, 87.6396484375, 1.9091196060180664
v,90.040771484375, 87.1826171875, 1.9091076850891113
v,89.15234375, 87.1611328125, 1.9090824127197266
v,89.1416015625, 87.619140625, 1.9090943336486816
v,91.573486328125, 85.875, 2.1311521530151367
v,91.4892578125, 87.9521484375, 2.131204605102539
v,87.6640625, 87.7998046875, 2.1310954093933105
v,87.666748046875, 87.734375, 2.1310935020446777
v,91.425537109375, 87.8837890625, 2.1312003135681152
v,91.50439453125, 85.939453125, 2.1311511993408203
v,87.745361328125, 85.7900390625, 2.131044387817383
v,87.748046875, 85.7236328125, 2.131042957305908
v,86.719482421875, 85.736328125, 2.6816630363464355
v,86.63427734375, 87.83984375, 2.681715965270996
v,86.565185546875, 87.9033203125, 2.681715965270996
v,86.655517578125, 85.66796875, 2.68165922164917
v,87.67919921875, 85.7763671875, 2.4596543312072754
v,87.593994140625, 87.87890625, 2.4597067832946777
v,86.63427734375, 87.83984375, 2.459681510925293
v,86.719482421875, 85.736328125, 2.459628105163574
v,87.74853515625, 85.7119140625, 2.6816892623901367
v,87.657958984375, 87.9482421875, 2.6817450523376465
v,86.565185546875, 87.9033203125, 2.681715965270996
v,86.63427734375, 87.83984375, 2.681715965270996
v,87.593994140625, 87.87890625, 2.681741714477539
v,87.67919921875, 85.7763671875, 2.6816892623901367
v,86.719482421875, 85.736328125, 2.6816630363464355
v,86.655517578125, 85.66796875, 2.68165922164917
v,90.040771484375, 87.1826171875, 1.9091076850891113
v,90.030517578125, 87.6396484375, 1.9091196060180664
v,90.030517578125, 87.6396484375, 2.3876047134399414
v,90.040771484375, 87.1826171875, 2.3875927925109863
v,89.15234375, 87.1611328125, 2.3875679969787598
v,89.15234375, 87.1611328125, 1.9090824127197266
v,90.040771484375, 87.1826171875, 1.9091076850891113
v,90.040771484375, 87.1826171875, 2.3875927925109863
v,89.1416015625, 87.619140625, 2.387579917907715
v,89.1416015625, 87.619140625, 1.9090943336486816
v,89.15234375, 87.1611328125, 1.9090824127197266
v,89.15234375, 87.1611328125, 2.3875679969787598
v,90.030517578125, 87.6396484375, 2.3876047134399414
v,90.030517578125, 87.6396484375, 1.9091196060180664
v,89.1416015625, 87.619140625, 1.9090943336486816
v,89.1416015625, 87.619140625, 2.387579917907715
v,87.666748046875, 87.734375, 2.1310935020446777
v,87.666748046875, 87.734375, 1.9090585708618164
v,91.425537109375, 87.8837890625, 1.909165382385254
v,91.425537109375, 87.8837890625, 2.1312003135681152
v,91.50439453125, 85.939453125, 2.1311511993408203
v,91.425537109375, 87.8837890625, 2.1312003135681152
v,91.425537109375, 87.8837890625, 1.909165382385254
v,91.43408203125, 87.6728515625, 1.9091606140136719
v,91.50439453125, 85.939453125, 1.909116268157959
v,87.745361328125, 85.7900390625, 1.9090094566345215
v,87.745361328125, 85.7900390625, 2.131044387817383
v,91.50439453125, 85.939453125, 2.1311511993408203
v,91.50439453125, 85.939453125, 1.909116268157959
v,87.6640625, 87.7998046875, -1.3726146221160889
v,87.6640625, 87.7998046875, 2.1310954093933105
v,91.4892578125, 87.9521484375, 2.131204605102539
v,91.489501953125, 87.9521484375, -1.3725059032440186
v,91.4892578125, 87.9521484375, 2.131204605102539
v,91.573486328125, 85.875, 2.1311521530151367
v,91.57373046875, 85.875, -1.3725578784942627
v,91.489501953125, 87.9521484375, -1.3725059032440186
v,87.748046875, 85.7236328125, 2.131042957305908
v,87.748291015625, 85.7236328125, -1.3726670742034912
v,91.57373046875, 85.875, -1.3725578784942627
v,91.573486328125, 85.875, 2.1311521530151367
v,87.657958984375, 87.9482421875, 2.6817450523376465
v,87.74853515625, 85.7119140625, 2.6816892623901367
v,87.748779296875, 85.7119140625, -1.3726670742034912
v,87.748291015625, 85.7236328125, -1.3726670742034912
v,87.748046875, 85.7236328125, 2.131042957305908
v,87.745361328125, 85.7900390625, 2.131044387817383
v,87.745361328125, 85.7900390625, 1.9090094566345215
v,87.6728515625, 87.5859375, 1.9090547561645508
v,87.666748046875, 87.734375, 1.9090585708618164
v,87.666748046875, 87.734375, 2.1310935020446777
v,87.6640625, 87.7998046875, 2.1310954093933105
v,87.6640625, 87.7998046875, -1.3726146221160889
v,87.657958984375, 87.9482421875, -1.3726108074188232
v,86.655517578125, 85.66796875, 2.68165922164917
v,86.565185546875, 87.9033203125, 2.681715965270996
v,86.565185546875, 87.9033203125, -1.372640609741211
v,86.65576171875, 85.66796875, -1.372696876525879
v,86.565185546875, 87.9033203125, -1.372640609741211
v,86.565185546875, 87.9033203125, 2.681715965270996
v,87.657958984375, 87.9482421875, 2.6817450523376465
v,87.657958984375, 87.9482421875, -1.3726108074188232
v,87.748779296875, 85.7119140625, -1.3726670742034912
v,87.74853515625, 85.7119140625, 2.6816892623901367
v,86.655517578125, 85.66796875, 2.68165922164917
v,86.65576171875, 85.66796875, -1.372696876525879
v,86.719482421875, 85.736328125, 2.6816630363464355
v,87.67919921875, 85.7763671875, 2.6816892623901367
v,87.67919921875, 85.7763671875, 2.4596543312072754
v,86.719482421875, 85.736328125, 2.459628105163574
v,86.63427734375, 87.83984375, 2.681715965270996
v,86.719482421875, 85.736328125, 2.6816630363464355
v,86.719482421875, 85.736328125, 2.459628105163574
v,86.63427734375, 87.83984375, 2.459681510925293
v,87.593994140625, 87.87890625, 2.681741714477539
v,86.63427734375, 87.83984375, 2.681715965270996
v,86.63427734375, 87.83984375, 2.459681510925293
v,87.593994140625, 87.87890625, 2.4597067832946777
v,87.67919921875, 85.7763671875, 2.6816892623901367
v,87.593994140625, 87.87890625, 2.681741714477539
v,87.593994140625, 87.87890625, 2.4597067832946777
v,87.67919921875, 85.7763671875, 2.4596543312072754
i,1,3,0
i,5,8,10
i,15,16,17
i,19,23,24
i,26,27,31
i,35,37,34
i,38,40,41
i,42,43,47
i,51,53,50
i,54,56,57
i,59,61,58
i,63,65,62
i,66,68,69
i,71,72,73
i,76,78,75
i,79,81,82
i,84,86,83
i,88,90,87
i,92,98,100
i,104,106,107
i,109,111,108
i,113,115,112
i,116,118,119
i,121,123,120
i,125,127,124
i,128,130,131
i,1,2,3
i,11,4,5
i,5,6,8
i,6,7,8
i,8,9,10
i,10,11,5
i,17,12,14
i,12,13,14
i,14,15,17
i,25,18,24
i,18,19,24
i,19,20,23
i,20,21,23
i,21,22,23
i,27,28,30
i,28,29,30
i,32,33,31
i,33,26,31
i,27,30,31
i,35,36,37
i,38,39,40
i,43,44,45
i,43,45,46
i,48,49,42
i,43,46,47
i,47,48,42
i,51,52,53
i,54,55,56
i,59,60,61
i,63,64,65
i,66,67,68
i,74,70,73
i,70,71,73
i,76,77,78
i,79,80,81
i,84,85,86
i,88,89,90
i,92,93,95
i,93,94,95
i,102,103,101
i,103,91,101
i,91,92,100
i,92,95,96
i,96,97,98
i,92,96,98
i,100,101,91
i,98,99,100
i,104,105,106
i,109,110,111
i,113,114,115
i,116,117,118
i,121,122,123
i,125,126,127
i,128,129,130
n,-0.00012175648589618504, -0.00011950248881476, 4.50379753112793
n,0.00011619459837675095, 0.00011861392704304308, -4.50379753112793
n,-0.00012779647659044713, -0.00011339099728502333, 4.50379753112793
n,-0.0001262527657672763, -0.00010969959112117067, 4.50379753112793
n,-0.00016709529154468328, -0.00012064337352057919, 4.50379753112793
n,-0.00011131979408673942, -0.00011877372162416577, 4.50379753112793
n,-0.00011827283015009016, -0.00011905543215107173, 4.50379753112793
n,-0.00010855516302399337, -0.00011699018796207383, 4.50379753112793
n,4.502678871154785, 0.10039179027080536, 0.0
n,0.10550302267074585, -4.502561569213867, 0.0
n,-4.502535820007324, -0.10659412294626236, 0.0
n,-0.10103540867567062, 4.502664566040039, 0.0
n,0.1796450912952423, -4.500213146209717, 0.0
n,-4.5000200271606445, -0.18442703783512115, 0.0
n,-0.17859801650047302, 4.500255107879639, 0.0
n,-0.17958009243011475, 4.500216007232666, -1.1113507753179874e-05
n,4.500089168548584, 0.18272805213928223, 0.0002784928947221488
n,0.17855125665664673, -4.5002570152282715, 1.1049839486076962e-05
n,4.500106334686279, 0.18230204284191132, 0.0012776745716109872
n,-4.500099182128906, -0.18248365819454193, -0.00024066967307589948
n,-0.18571293354034424, 4.499966621398926, 0.0
n,0.18214742839336395, -4.500113010406494, 9.74142130871769e-06
n,-0.18707264959812164, 4.499910354614258, 0.0
n,4.500105381011963, 0.1823238730430603, 0.0
n,0.18301263451576233, -4.500077724456787, 0.0
n,-4.500102519989014, -0.1823989748954773, 0.0
n,-0.00012172773131169379, -0.0001195553268189542, 4.50379753112793
n,0.00011719862959580496, 0.00012054075341438875, -4.50379753112793
n,0.0001233978837262839, 0.00011890578753082082, -4.50379753112793
n,0.00012395343219395727, 0.0001179733662866056, -4.50379753112793
n,0.00012198343029012904, 4.691670255851932e-06, -4.50379753112793
n,0.00011698265006998554, 0.00011824122339021415, -4.50379753112793
n,-0.00012133929703850299, -0.0001637227542232722, 4.50379753112793
n,-0.00011899130186066031, -0.0001334744883934036, 4.50379753112793
n,-0.00012594803411047906, -0.0001239326666109264, 4.50379753112793
n,-0.00011931439075851813, -0.0001194446740555577, 4.50379753112793
n,-0.00011873283074237406, -0.00011741573689505458, 4.50379753112793
n,-0.00012332228652667254, -0.0001145317146438174, 4.50379753112793
n,-0.00012766377767547965, -0.00011964426812482998, 4.50379753112793
n,-0.00012764862913172692, -0.00011968734179390594, 4.50379753112793
n,-0.00012207217514514923, -0.00016479611804243177, 4.50379753112793
n,-0.0001230606867466122, -0.00012060080916853622, 4.50379753112793
n,-0.00012314345804043114, -0.00011903779522981495, 4.50379753112793
n,-0.00012562089250423014, -7.594630005769432e-05, 4.50379753112793
n,-0.00016950932331383228, -0.00012066157796652988, 4.50379753112793
n,-0.00010869729158002883, -0.00011874805932166055, 4.50379753112793
n,-0.00011448355508036911, -0.00011713650019373745, 4.50379753112793
n,-0.00011356259346939623, -0.00012406324094627053, 4.50379753112793
n,-0.00011460034147603437, -0.00011426480341469869, 4.50379753112793
n,-0.0001176032455987297, -0.0001129078445956111, 4.50379753112793
n,-0.00011161155271111056, -0.00011702008487191051, 4.50379753112793
n,-0.00011793829617090523, -0.00012710242299363017, 4.50379753112793
n,4.502678871154785, 0.10039179027080536, 0.0
n,0.10550303012132645, -4.502562046051025, 0.0
n,-4.502535820007324, -0.10659413039684296, 0.0
n,-0.10103539377450943, 4.502664566040039, 0.0
n,0.1796450912952423, -4.500213146209717, 0.0
n,-4.500101089477539, -0.1824365109205246, 0.0
n,-4.500092029571533, -0.18265309929847717, -0.001693558064289391
n,-0.17859801650047302, 4.500255107879639, 0.0
n,-0.17959024012088776, 4.500215530395508, 0.0
n,4.500089168548584, 0.18272805213928223, 0.00027849292382597923
n,0.17855124175548553, -4.5002570152282715, 1.104983857658226e-05
n,4.500003337860107, 0.18483036756515503, 0.00024066453624982387
n,4.500470161437988, 0.1730949878692627, 0.00027851646882481873
n,4.500028610229492, 0.18421168625354767, 0.0
n,4.500028610229492, 0.18421168625354767, 0.0
n,4.500119686126709, 0.1819772869348526, 8.317162428284064e-05
n,4.500383377075195, 0.17533960938453674, 4.60295777884312e-05
n,4.500115871429443, 0.18206989765167236, 0.0
n,4.500110626220703, 0.1821957379579544, 0.0010194556089118123
n,4.500292778015137, 0.1776430755853653, 0.0017721052281558514
n,4.500028610229492, 0.18421168625354767, 0.0
n,-4.50011682510376, -0.1820477843284607, 0.0
n,-0.18571293354034424, 4.499967098236084, 0.0
n,0.18214742839336395, -4.500113010406494, 9.74142130871769e-06
n,-0.18707264959812164, 4.499910354614258, 0.0
n,4.500105381011963, 0.1823238730430603, 0.0
n,0.18301263451576233, -4.500077724456787, 0.0
n,-4.500102519989014, -0.1823989748954773, 0.0
u,0.7858505249023438, 0.8523991703987122, 0
u,0.8468847870826721, 0.9131845831871033, 0
u,0.7863937020301819, 0.9153584837913513, 0
u,0.0, 0.0, 0
u,0.0, 0.0, 0
u,0.0, 0.0, 0
u,0.8468847870826721, 0.9131845831871033, 0
u,0.9423909187316895, 0.9097524285316467, 0
u,0.9423953890800476, 0.9388439059257507, 0
u,0.6863827705383301, 0.6718472838401794, 0
u,0.8463132977485657, 0.850287675857544, 0
u,0.7858505249023438, 0.8523991703987122, 0
u,0.9468849897384644, 0.6620628237724304, 0
u,0.9469286799430847, 0.9479948878288269, 0
u,0.9423546195030212, 0.6712340116500854, 0
u,0.6165500283241272, 0.959713876247406, 0
u,0.6119577884674072, 0.6611375212669373, 0
u,0.6164914965629578, 0.6702978014945984, 0
u,0.6818506717681885, 0.6702978014945984, 0
u,0.6165500283241272, 0.959713876247406, 0
u,0.6164914965629578, 0.6702978014945984, 0
u,0.6863806843757629, 0.6611375212669373, 0
u,0.6864433288574219, 0.9688745737075806, 0
u,0.6818506717681885, 0.6702978014945984, 0
u,0.9784783124923706, 0.7981206774711609, 0
u,0.9484173059463501, 0.7400305271148682, 0
u,0.9784783124923706, 0.7400305271148682, 0
u,0.9484173059463501, 0.6271576285362244, 0
u,0.9784783124923706, 0.7400305271148682, 0
u,0.9484173059463501, 0.7400305271148682, 0
u,0.9784783124923706, 0.9110475182533264, 0
u,0.9484173059463501, 0.9691942930221558, 0
u,0.9484173059463501, 0.9110475182533264, 0
u,0.9784783124923706, 0.7981206774711609, 0
u,0.9484173059463501, 0.9110475182533264, 0
u,0.9484173059463501, 0.7981206774711609, 0
u,0.5939338803291321, 0.521327018737793, 0
u,0.35799288749694824, 0.5494735836982727, 0
u,0.35799288749694824, 0.521327018737793, 0
u,0.35799288749694824, 0.521327018737793, 0
u,0.35799288749694824, 0.5494735836982727, 0
u,0.34472620487213135, 0.5494735836982727, 0
u,0.0, 0.521327018737793, 0
u,0.23595359921455383, 0.5494735836982727, 0
u,0.0, 0.5494735836982727, 0
u,0.6098126769065857, 0.5545024275779724, 0
u,0.3700217008590698, 0.9980515241622925, 0
u,0.3700217008590698, 0.5545024275779724, 0
u,0.23980440199375153, 0.9980515241622925, 0
u,0.3700217008590698, 0.5545024275779724, 0
u,0.3700217008590698, 0.9980515241622925, 0
u,0.0, 0.5545024275779724, 0
u,0.23980440199375153, 0.9980515241622925, 0
u,0.0, 0.9980515241622925, 0
u,0.20978519320487976, 0.5184034109115601, 0
u,0.327831894159317, 0.42005738615989685, 0
u,0.3371835947036743, 0.4483177959918976, 0
u,0.140905499458313, 0.5184034109115601, 0
u,0.0, 0.0023696001153439283, 0
u,0.140905499458313, 0.0023696001153439283, 0
u,0.41957101225852966, 0.5184034109115601, 0
u,0.3506908118724823, 0.0023696001153439283, 0
u,0.41957101225852966, 0.0023696001153439283, 0
u,0.20978519320487976, 0.5184034109115601, 0
u,0.140905499458313, 0.0023696001153439283, 0
u,0.20978519320487976, 0.0023696001153439283, 0
u,0.865668773651123, 1.0, 0
u,0.8051270842552185, 0.9717161059379578, 0
u,0.865668773651123, 0.9717161059379578, 0
u,0.865668773651123, 1.0, 0
u,0.9982960820198059, 0.9717161059379578, 0
u,0.9982960820198059, 1.0, 0
u,0.6119577884674072, 1.0, 0
u,0.6724997162818909, 0.9717161059379578, 0
u,0.6724997162818909, 1.0, 0
u,0.8051270842552185, 1.0, 0
u,0.6724997162818909, 0.9717161059379578, 0
u,0.8051270842552185, 0.9717161059379578, 0
u,0.7858505249023438, 0.8523991703987122, 0
u,0.8463132977485657, 0.850287675857544, 0
u,0.8468847870826721, 0.9131845831871033, 0
u,0.0, 0.0, 0
u,0.0, 0.0, 0
u,0.0, 0.0, 0
u,0.0, 0.0, 0
u,0.0, 0.0, 0
u,0.0, 0.0, 0
u,0.0, 0.0, 0
u,0.0, 0.0, 0
u,0.0, 0.0, 0
u,0.0, 0.0, 0
u,0.0, 0.0, 0
u,0.0, 0.0, 0
u,0.0, 0.0, 0
u,0.0, 0.0, 0
u,0.0, 0.0, 0
u,0.9423953890800476, 0.9388439059257507, 0
u,0.68643718957901, 0.9393749833106995, 0
u,0.7863937020301819, 0.9153584837913513, 0
u,0.68643718957901, 0.9393749833106995, 0
u,0.6864330768585205, 0.9189509153366089, 0
u,0.7863937020301819, 0.9153584837913513, 0
u,0.7863937020301819, 0.9153584837913513, 0
u,0.8468847870826721, 0.9131845831871033, 0
u,0.9423953890800476, 0.9388439059257507, 0
u,0.7863937020301819, 0.9153584837913513, 0
u,0.6864330768585205, 0.9189509153366089, 0
u,0.7858505249023438, 0.8523991703987122, 0
u,0.6864330768585205, 0.9189509153366089, 0
u,0.6863827705383301, 0.6718472838401794, 0
u,0.7858505249023438, 0.8523991703987122, 0
u,0.6863827705383301, 0.6718472838401794, 0
u,0.9423546195030212, 0.6712340116500854, 0
u,0.8463132977485657, 0.850287675857544, 0
u,0.9423546195030212, 0.6712340116500854, 0
u,0.9423909187316895, 0.9097524285316467, 0
u,0.8463132977485657, 0.850287675857544, 0
u,0.9423909187316895, 0.9097524285316467, 0
u,0.8468847870826721, 0.9131845831871033, 0
u,0.8463132977485657, 0.850287675857544, 0
u,0.9469286799430847, 0.9479948878288269, 0
u,0.6864392161369324, 0.9485353827476501, 0
u,0.9423953890800476, 0.9388439059257507, 0
u,0.6864392161369324, 0.9485353827476501, 0
u,0.68643718957901, 0.9393749833106995, 0
u,0.9423953890800476, 0.9388439059257507, 0
u,0.6863827705383301, 0.6718472838401794, 0
u,0.6863809823989868, 0.6626868844032288, 0
u,0.9423546195030212, 0.6712340116500854, 0
u,0.6863809823989868, 0.6626868844032288, 0
u,0.9468849897384644, 0.6620628237724304, 0
u,0.9423546195030212, 0.6712340116500854, 0
u,0.9469286799430847, 0.9479948878288269, 0
u,0.9423953890800476, 0.9388439059257507, 0
u,0.9423546195030212, 0.6712340116500854, 0
u,0.6165500283241272, 0.959713876247406, 0
u,0.6120200157165527, 0.9688742160797119, 0
u,0.6119577884674072, 0.6611375212669373, 0
u,0.6818506717681885, 0.6702978014945984, 0
u,0.6819095015525818, 0.9597141742706299, 0
u,0.6165500283241272, 0.959713876247406, 0
u,0.6864433288574219, 0.9688745737075806, 0
u,0.6120200157165527, 0.9688742160797119, 0
u,0.6165500283241272, 0.959713876247406, 0
u,0.6864433288574219, 0.9688745737075806, 0
u,0.6165500283241272, 0.959713876247406, 0
u,0.6819095015525818, 0.9597141742706299, 0
u,0.6164914965629578, 0.6702978014945984, 0
u,0.6119577884674072, 0.6611375212669373, 0
u,0.6863806843757629, 0.6611375212669373, 0
u,0.6864433288574219, 0.9688745737075806, 0
u,0.6819095015525818, 0.9597141742706299, 0
u,0.6818506717681885, 0.6702978014945984, 0
u,0.6818506717681885, 0.6702978014945984, 0
u,0.6164914965629578, 0.6702978014945984, 0
u,0.6863806843757629, 0.6611375212669373, 0
u,0.9784783124923706, 0.7981206774711609, 0
u,0.9484173059463501, 0.7981206774711609, 0
u,0.9484173059463501, 0.7400305271148682, 0
u,0.9484173059463501, 0.6271576285362244, 0
u,0.9784783124923706, 0.6271576285362244, 0
u,0.9784783124923706, 0.7400305271148682, 0
u,0.9784783124923706, 0.9110475182533264, 0
u,0.9784783124923706, 0.9691942930221558, 0
u,0.9484173059463501, 0.9691942930221558, 0
u,0.9784783124923706, 0.7981206774711609, 0
u,0.9784783124923706, 0.9110475182533264, 0
u,0.9484173059463501, 0.9110475182533264, 0
u,0.5939338803291321, 0.521327018737793, 0
u,0.5939338803291321, 0.5494735836982727, 0
u,0.35799288749694824, 0.5494735836982727, 0
u,0.23595359921455383, 0.5494735836982727, 0
u,0.23595359921455383, 0.521327018737793, 0
u,0.34472620487213135, 0.5494735836982727, 0
u,0.23595359921455383, 0.521327018737793, 0
u,0.35799288749694824, 0.521327018737793, 0
u,0.34472620487213135, 0.5494735836982727, 0
u,0.0, 0.521327018737793, 0
u,0.23595359921455383, 0.521327018737793, 0
u,0.23595359921455383, 0.5494735836982727, 0
u,0.6098126769065857, 0.5545024275779724, 0
u,0.6098126769065857, 0.9980515241622925, 0
u,0.3700217008590698, 0.9980515241622925, 0
u,0.23980440199375153, 0.9980515241622925, 0
u,0.23980440199375153, 0.5545024275779724, 0
u,0.3700217008590698, 0.5545024275779724, 0
u,0.0, 0.5545024275779724, 0
u,0.23980440199375153, 0.5545024275779724, 0
u,0.23980440199375153, 0.9980515241622925, 0
u,0.20978519320487976, 0.5184034109115601, 0
u,0.20978519320487976, 0.0023696001153439283, 0
u,0.21049469709396362, 0.4483177959918976, 0
u,0.20978519320487976, 0.0023696001153439283, 0
u,0.21049469709396362, 0.0023696001153439283, 0
u,0.21049469709396362, 0.4483177959918976, 0
u,0.3413779139518738, 0.0023696001153439283, 0
u,0.3506908118724823, 0.0023696001153439283, 0
u,0.3413779139518738, 0.4483177959918976, 0
u,0.3506908118724823, 0.0023696001153439283, 0
u,0.3506908118724823, 0.5184034109115601, 0
u,0.3413779139518738, 0.4483177959918976, 0
u,0.3506908118724823, 0.5184034109115601, 0
u,0.20978519320487976, 0.5184034109115601, 0
u,0.3371835947036743, 0.4483177959918976, 0
u,0.20978519320487976, 0.5184034109115601, 0
u,0.21049469709396362, 0.4483177959918976, 0
u,0.2146890014410019, 0.4483177959918976, 0
u,0.2146890014410019, 0.4483177959918976, 0
u,0.2146890014410019, 0.42005738615989685, 0
u,0.327831894159317, 0.42005738615989685, 0
u,0.20978519320487976, 0.5184034109115601, 0
u,0.2146890014410019, 0.4483177959918976, 0
u,0.327831894159317, 0.42005738615989685, 0
u,0.3371835947036743, 0.4483177959918976, 0
u,0.3413779139518738, 0.4483177959918976, 0
u,0.3506908118724823, 0.5184034109115601, 0
u,0.327831894159317, 0.42005738615989685, 0
u,0.3371835947036743, 0.42005738615989685, 0
u,0.3371835947036743, 0.4483177959918976, 0
u,0.140905499458313, 0.5184034109115601, 0
u,0.0, 0.5184034109115601, 0
u,0.0, 0.0023696001153439283, 0
u,0.41957101225852966, 0.5184034109115601, 0
u,0.3506908118724823, 0.5184034109115601, 0
u,0.3506908118724823, 0.0023696001153439283, 0
u,0.20978519320487976, 0.5184034109115601, 0
u,0.140905499458313, 0.5184034109115601, 0
u,0.140905499458313, 0.0023696001153439283, 0
u,0.865668773651123, 1.0, 0
u,0.8051270842552185, 1.0, 0
u,0.8051270842552185, 0.9717161059379578, 0
u,0.865668773651123, 1.0, 0
u,0.865668773651123, 0.9717161059379578, 0
u,0.9982960820198059, 0.9717161059379578, 0
u,0.6119577884674072, 1.0, 0
u,0.6119577884674072, 0.9717161059379578, 0
u,0.6724997162818909, 0.9717161059379578, 0
u,0.8051270842552185, 1.0, 0
u,0.6724997162818909, 1.0, 0
u,0.6724997162818909, 0.9717161059379578, 0
