s,123.102783203125, 86.904296875, -0.6844096183776855
b,125.951416015625, 90.0556640625, 3.9433908462524414
v,124.5234375, 89.634765625, 2.2281246185302734
v,124.5234375, 89.634765625, 3.152899742126465
v,125.316650390625, 87.505859375, 3.1528825759887695
v,125.316650390625, 87.505859375, 2.228107452392578
v,123.967041015625, 86.9052734375, -0.6844096183776855
v,123.102783203125, 89.2314453125, -0.6843910217285156
v,125.331787109375, 90.0556640625, -0.6842522621154785
v,125.951416015625, 88.38671875, -0.6842656135559082
v,125.61962890625, 87.5458984375, -0.6843061447143555
v,125.13671875, 88.318359375, 3.8878307342529297
v,125.802978515625, 88.5546875, 3.8878726959228516
v,125.608642578125, 89.1005859375, 3.887876510620117
v,124.942626953125, 88.8642578125, 3.8878355026245117
v,124.942626953125, 88.8642578125, 3.9433441162109375
v,125.608642578125, 89.1005859375, 3.943385124206543
v,125.802978515625, 88.5546875, 3.9433813095092773
v,125.887939453125, 88.5146484375, 3.943385124206543
v,125.649169921875, 89.185546875, 3.9433908462524414
v,124.857666015625, 88.9052734375, 3.943340301513672
v,125.09619140625, 88.2333984375, 3.9433345794677734
v,125.13671875, 88.318359375, 3.943340301513672
v,125.802978515625, 88.5546875, 3.9433813095092773
v,125.13671875, 88.318359375, 3.943340301513672
v,125.09619140625, 88.2333984375, 3.9433345794677734
v,125.887939453125, 88.5146484375, 3.943385124206543
v,124.5068359375, 89.6796875, 2.22812557220459
v,124.523193359375, 89.634765625, 2.2281246185302734
v,125.31640625, 87.505859375, 2.228107452392578
v,125.31884765625, 87.5, 2.228107452392578
v,125.568359375, 87.5966796875, 2.228123664855957
v,125.8798828125, 88.38671875, 2.2281618118286133
v,125.839111328125, 88.4970703125, 2.2281627655029297
v,125.096435546875, 88.2333984375, 2.228116035461426
v,124.857666015625, 88.9052734375, 2.228121757507324
v,125.5908203125, 89.166015625, 2.2281675338745117
v,125.292236328125, 89.9697265625, 2.2281742095947266
v,124.271484375, 87.1171875, 2.228043556213379
v,123.477783203125, 89.24609375, 2.228059768676758
v,124.523193359375, 89.634765625, 2.2281246185302734
v,124.5068359375, 89.6796875, 2.22812557220459
v,123.1884765625, 89.1923828125, 2.228043556213379
v,124.005859375, 86.990234375, 2.228025436401367
v,125.31884765625, 87.5, 2.228107452392578
v,125.31640625, 87.505859375, 2.228107452392578
v,123.102783203125, 89.2314453125, 2.283548355102539
v,123.966796875, 86.904296875, 2.2835302352905273
v,125.619384765625, 87.544921875, 2.2836341857910156
v,125.951171875, 88.3857421875, 2.2836742401123047
v,125.8798828125, 88.38671875, 2.283670425415039
v,125.568359375, 87.5966796875, 2.283632278442383
v,124.005859375, 86.990234375, 2.283534049987793
v,123.1884765625, 89.1923828125, 2.2835521697998047
v,123.1884765625, 89.1923828125, 2.2835521697998047
v,125.292236328125, 89.9697265625, 2.2836828231811523
v,125.5908203125, 89.166015625, 2.2836761474609375
v,125.649169921875, 89.185546875, 2.283679962158203
v,125.88818359375, 88.5146484375, 2.2836742401123047
v,125.839111328125, 88.4970703125, 2.2836713790893555
v,125.8798828125, 88.38671875, 2.283670425415039
v,125.951171875, 88.3857421875, 2.2836742401123047
v,125.33154296875, 90.0556640625, 2.2836875915527344
v,123.102783203125, 89.2314453125, 2.283548355102539
v,125.31640625, 87.505859375, 3.1528825759887695
v,124.523193359375, 89.634765625, 3.152899742126465
v,123.477783203125, 89.24609375, 3.152834892272949
v,124.271484375, 87.1171875, 3.152817726135254
v,124.942626953125, 88.8642578125, 3.9433441162109375
v,125.13671875, 88.318359375, 3.943340301513672
v,125.13671875, 88.318359375, 3.8878307342529297
v,124.942626953125, 88.8642578125, 3.8878355026245117
v,125.608642578125, 89.1005859375, 3.943385124206543
v,124.942626953125, 88.8642578125, 3.9433441162109375
v,124.942626953125, 88.8642578125, 3.8878355026245117
v,125.608642578125, 89.1005859375, 3.887876510620117
v,125.802978515625, 88.5546875, 3.9433813095092773
v,125.608642578125, 89.1005859375, 3.943385124206543
v,125.608642578125, 89.1005859375, 3.887876510620117
v,125.802978515625, 88.5546875, 3.8878726959228516
v,125.13671875, 88.318359375, 3.943340301513672
v,125.802978515625, 88.5546875, 3.9433813095092773
v,125.802978515625, 88.5546875, 3.8878726959228516
v,125.13671875, 88.318359375, 3.8878307342529297
v,124.857666015625, 88.9052734375, 2.228121757507324
v,124.857666015625, 88.9052734375, 3.943340301513672
v,125.649169921875, 89.185546875, 3.9433908462524414
v,125.649169921875, 89.185546875, 2.283679962158203
v,125.5908203125, 89.166015625, 2.2836761474609375
v,125.5908203125, 89.166015625, 2.2281675338745117
v,125.88818359375, 88.5146484375, 2.2836742401123047
v,125.649169921875, 89.185546875, 2.283679962158203
v,125.649169921875, 89.185546875, 3.9433908462524414
v,125.887939453125, 88.5146484375, 3.943385124206543
v,125.839111328125, 88.4970703125, 2.2281627655029297
v,125.839111328125, 88.4970703125, 2.2836713790893555
v,125.88818359375, 88.5146484375, 2.2836742401123047
v,125.887939453125, 88.5146484375, 3.943385124206543
v,125.09619140625, 88.2333984375, 3.9433345794677734
v,125.096435546875, 88.2333984375, 2.228116035461426
v,124.857666015625, 88.9052734375, 3.943340301513672
v,124.857666015625, 88.9052734375, 2.228121757507324
v,125.096435546875, 88.2333984375, 2.228116035461426
v,125.09619140625, 88.2333984375, 3.9433345794677734
v,125.568359375, 87.5966796875, 2.283632278442383
v,125.8798828125, 88.38671875, 2.283670425415039
v,125.8798828125, 88.38671875, 2.2281618118286133
v,125.568359375, 87.5966796875, 2.228123664855957
v,124.005859375, 86.990234375, 2.228025436401367
v,124.005859375, 86.990234375, 2.283534049987793
v,125.568359375, 87.5966796875, 2.283632278442383
v,125.568359375, 87.5966796875, 2.228123664855957
v,125.31884765625, 87.5, 2.228107452392578
v,123.1884765625, 89.1923828125, 2.228043556213379
v,123.1884765625, 89.1923828125, 2.2835521697998047
v,124.005859375, 86.990234375, 2.283534049987793
v,124.005859375, 86.990234375, 2.228025436401367
v,125.292236328125, 89.9697265625, 2.2281742095947266
v,125.292236328125, 89.9697265625, 2.2836828231811523
v,123.1884765625, 89.1923828125, 2.2835521697998047
v,123.1884765625, 89.1923828125, 2.228043556213379
v,124.5068359375, 89.6796875, 2.22812557220459
v,125.839111328125, 88.4970703125, 2.2836713790893555
v,125.839111328125, 88.4970703125, 2.2281627655029297
v,125.8798828125, 88.38671875, 2.2281618118286133
v,125.8798828125, 88.38671875, 2.283670425415039
v,125.5908203125, 89.166015625, 2.2281675338745117
v,125.5908203125, 89.166015625, 2.2836761474609375
v,125.292236328125, 89.9697265625, 2.2836828231811523
v,125.292236328125, 89.9697265625, 2.2281742095947266
v,125.61962890625, 87.5458984375, -0.6843061447143555
v,125.619384765625, 87.544921875, 2.2836341857910156
v,123.966796875, 86.904296875, 2.2835302352905273
v,123.967041015625, 86.9052734375, -0.6844096183776855
v,123.967041015625, 86.9052734375, -0.6844096183776855
v,123.966796875, 86.904296875, 2.2835302352905273
v,123.102783203125, 89.2314453125, 2.283548355102539
v,123.102783203125, 89.2314453125, -0.6843910217285156
v,123.102783203125, 89.2314453125, -0.6843910217285156
v,123.102783203125, 89.2314453125, 2.283548355102539
v,125.33154296875, 90.0556640625, 2.2836875915527344
v,125.331787109375, 90.0556640625, -0.6842522621154785
v,125.331787109375, 90.0556640625, -0.6842522621154785
v,125.33154296875, 90.0556640625, 2.2836875915527344
v,125.951171875, 88.3857421875, 2.2836742401123047
v,125.951416015625, 88.38671875, -0.6842656135559082
v,125.951171875, 88.3857421875, 2.2836742401123047
v,125.619384765625, 87.544921875, 2.2836341857910156
v,125.61962890625, 87.5458984375, -0.6843061447143555
v,125.951416015625, 88.38671875, -0.6842656135559082
v,125.31640625, 87.505859375, 2.228107452392578
v,125.31640625, 87.505859375, 3.1528825759887695
v,124.271484375, 87.1171875, 3.152817726135254
v,124.271484375, 87.1171875, 2.228043556213379
v,124.271484375, 87.1171875, 2.228043556213379
v,124.271484375, 87.1171875, 3.152817726135254
v,123.477783203125, 89.24609375, 3.152834892272949
v,123.477783203125, 89.24609375, 2.228059768676758
v,123.477783203125, 89.24609375, 2.228059768676758
v,123.477783203125, 89.24609375, 3.152834892272949
v,124.523193359375, 89.634765625, 3.152899742126465
v,124.523193359375, 89.634765625, 2.2281246185302734
i,0,2,3
i,5,7,8
i,9,11,12
i,14,17,18
i,21,23,24
i,32,33,26
i,37,40,41
i,45,46,50
i,55,59,60
i,63,65,62
i,67,69,66
i,71,73,70
i,74,76,77
i,78,80,81
i,84,85,86
i,89,91,88
i,96,97,93
i,99,101,98
i,102,104,105
i,108,109,110
i,111,113,114
i,117,118,119
i,121,123,120
i,125,127,124
i,129,131,128
i,132,134,135
i,136,138,139
i,141,143,140
i,144,146,147
i,148,150,151
i,153,155,152
i,157,159,156
i,0,1,2
i,8,4,5
i,5,6,7
i,9,10,11
i,14,15,16
i,18,19,13
i,19,20,13
i,14,16,17
i,18,13,14
i,21,22,23
i,35,25,26
i,26,27,32
i,27,28,29
i,32,27,29
i,29,30,32
i,30,31,32
i,33,34,35
i,33,35,26
i,37,38,39
i,41,42,36
i,42,43,36
i,37,39,40
i,41,36,37
i,51,44,50
i,44,45,50
i,46,47,49
i,47,48,49
i,46,49,50
i,61,52,60
i,52,53,60
i,53,54,55
i,56,57,58
i,56,58,59
i,55,56,59
i,60,53,55
i,63,64,65
i,67,68,69
i,71,72,73
i,74,75,76
i,78,79,80
i,87,82,86
i,82,83,86
i,83,84,86
i,89,90,91
i,97,92,93
i,93,94,95
i,95,96,93
i,99,100,101
i,102,103,104
i,110,106,107
i,107,108,110
i,111,112,113
i,119,115,116
i,116,117,119
i,121,122,123
i,125,126,127
i,129,130,131
i,132,133,134
i,136,137,138
i,141,142,143
i,144,145,146
i,148,149,150
i,153,154,155
i,157,158,159
n,4.220488548278809, 1.5721535682678223, 0.0
n,0.00023518672969657928, 0.00012490370136220008, -4.50379753112793
n,-0.00023805373348295689, -0.00011973804794251919, 4.50379753112793
n,-0.00022718541731592268, -0.00016090327699203044, 4.50379753112793
n,-0.0002391822636127472, -0.00012710658484138548, 4.50379753112793
n,-0.00023658272402826697, -0.00012398736726026982, 4.50379753112793
n,-0.00023988015891518444, -0.00012547285587061197, 4.50379753112793
n,-0.00024061066505964845, -0.00011163719318574294, 4.50379753112793
n,-0.00048367478302679956, -0.00021608178212773055, 4.50379753112793
n,-0.00023520314425695688, -0.00012344523565843701, 4.50379753112793
n,4.242786407470703, 1.5109446048736572, 0.0
n,1.508488655090332, -4.2436604499816895, 0.0
n,-4.243544578552246, -1.508815884590149, 0.0
n,-1.50357985496521, 4.245401859283447, 0.0
n,-1.4574506282806396, 4.261458873748779, 0.0
n,4.243024826049805, 1.5102756023406982, 0.0005543247680179775
n,1.5068470239639282, -4.244243621826172, 0.00019048941612709314
n,-4.243457794189453, -1.509059190750122, 0.0
n,-4.189788341522217, 1.6522300243377686, 0.0
n,-1.633616328239441, 4.197081089019775, 0.0
n,4.222074508666992, 1.5678901672363281, 0.0
n,1.5618797540664673, -4.224301338195801, 0.0
n,-4.223831653594971, -1.5631502866744995, 0.0
n,-4.222069263458252, -1.5679043531417847, 0.0
n,1.6285022497177124, -4.199068069458008, -0.0011081222910434008
n,-4.221804618835449, -1.5686160326004028, 0.0
n,-1.5630022287368774, 4.223886013031006, -0.00011418938811402768
n,4.222065448760986, 1.5679136514663696, 0.0003084545023739338
n,4.189812660217285, -1.65216863155365, -0.000176716479472816
n,1.5697672367095947, -4.221376895904541, 0.0
n,-4.220207214355469, -1.5729082822799683, 0.0
n,-1.569195032119751, 4.2215895652771, 0.0
n,4.220488548278809, 1.5721535682678223, 0.0
n,0.00023390172282233834, 0.000122984463814646, -4.50379753112793
n,0.00023485768178943545, 0.00012379295367281884, -4.50379753112793
n,-0.00023825198877602816, -0.00011961848213104531, 4.50379753112793
n,-0.00023514968052040786, -0.00011851543968077749, 4.50379753112793
n,-0.00023943274572957307, -0.00012492446694523096, 4.50379753112793
n,-0.00028123933589085937, -0.0001351173414150253, 4.50379753112793
n,-0.00027562552713789046, -0.0001377953594783321, 4.50379753112793
n,-0.00023758193128742278, -0.0001210653135785833, 4.50379753112793
n,-0.00022290753258857876, -0.00016294399392791092, 4.50379753112793
n,-0.00021950090012978762, -0.00016801482706796378, 4.50379753112793
n,-0.00023581022105645388, -0.00012367137242108583, 4.50379753112793
n,-0.00025189618463627994, -9.895920811686665e-05, 4.50379753112793
n,-0.00024225971719715744, -0.00012562006304506212, 4.50379753112793
n,-0.0002388270222581923, -0.00012307593715377152, 4.50379753112793
n,-0.00023883786343503743, -0.0001230206253239885, 4.50379753112793
n,-0.0002361693186685443, -0.00012566041550599039, 4.50379753112793
n,-0.0002383197715971619, -0.0001247826439794153, 4.50379753112793
n,-0.0002154504181817174, -0.00016650583711452782, 4.50379753112793
n,-0.000195708402316086, -0.00022210503811948001, 4.50379753112793
n,-0.00024209033290389925, -9.510691597824916e-05, 4.50379753112793
n,-0.000245716015342623, -9.455682447878644e-05, 4.50379753112793
n,-0.00024158599262591451, -0.0001258720876649022, 4.50379753112793
n,-0.0002344080276088789, -0.00012344073911663145, 4.50379753112793
n,-0.00022384397743735462, -0.00011918220116058365, 4.50379753112793
n,-0.0002611077798064798, -0.00011014798656105995, 4.50379753112793
n,-0.0002155043330276385, -0.000132273169583641, 4.50379753112793
n,-0.00024616782320663333, -9.545704233460128e-05, 4.50379753112793
n,-0.0002347406989429146, -0.00012417077959980816, 4.50379753112793
n,-0.0002393509930698201, -0.00011273299605818465, 4.50379753112793
n,-0.00022060528863221407, -0.00011988057667622343, 4.50379753112793
n,-0.00019564593094401062, -0.00010703620500862598, 4.50379753112793
n,-0.00021518216817639768, -0.00010577366629149765, 4.50379753112793
n,-0.0002933198120445013, -0.0001441825443180278, 4.50379753112793
n,-0.0002221624308731407, -0.00012058938591508195, 4.50379753112793
n,-0.00023510180471930653, -0.00012345537834335119, 4.50379753112793
n,4.242786407470703, 1.5109446048736572, 0.0
n,1.508488655090332, -4.2436604499816895, 0.0
n,-4.243544578552246, -1.508815884590149, 0.0
n,-1.50357985496521, 4.245401859283447, 0.0
n,-1.5104986429214478, 4.242945194244385, 0.0
n,-1.5104986429214478, 4.242945671081543, 0.0
n,-1.506613850593567, 4.244326114654541, 0.0019336699042469263
n,4.243457317352295, 1.5090590715408325, 0.0
n,1.5068597793579102, -4.244239330291748, 0.0
n,1.5028843879699707, -4.245648384094238, 0.00019634248747024685
n,1.5066137313842773, -4.244326114654541, 7.289992208825424e-05
n,-4.243024826049805, -1.5102756023406982, -0.000536385749001056
n,-4.189788341522217, 1.6522300243377686, 0.0
n,-1.628334403038025, 4.199133396148682, 0.0
n,-1.6291558742523193, 4.198751449584961, -0.02296994999051094
n,4.222074508666992, 1.5678901672363281, 0.0
n,1.562334656715393, -4.224133014678955, 0.0
n,1.5620486736297607, -4.224236488342285, 0.004584808833897114
n,-4.223831653594971, -1.5631502866744995, 0.0
n,-4.222069263458252, -1.5679043531417847, 0.0
n,1.6285022497177124, -4.19906759262085, -0.0011081226402893662
n,-4.222124099731445, -1.5677566528320312, -0.0007666057208552957
n,-1.563136100769043, 4.223836898803711, 0.0
n,4.222331523895264, 1.5671979188919067, 0.00076645752415061
n,4.189812660217285, -1.6521683931350708, -0.0001767164358170703
n,1.5697672367095947, -4.221376895904541, 0.0
n,-4.220207214355469, -1.5729082822799683, 0.0
n,-1.569195032119751, 4.2215895652771, 0.0
u,0.19528819620609283, 0.24336279928684235, 0
u,0.3262403905391693, 0.007974100299179554, 0
u,0.3262403905391693, 0.24336279928684235, 0
u,0.0, 0.0, 0
u,0.0, 0.0, 0
u,0.0, 0.0, 0
u,0.6245701909065247, 0.5925757884979248, 0
u,0.6666427254676819, 0.7405645847320557, 0
u,0.6250460743904114, 0.7431718111038208, 0
u,0.6666427254676819, 0.7405645847320557, 0
u,0.6706168055534363, 0.7576233744621277, 0
u,0.6211820840835571, 0.7607219219207764, 0
u,0.6661593914031982, 0.5898802280426025, 0
u,0.6205968856811523, 0.5755254030227661, 0
u,0.6700224876403809, 0.5723217725753784, 0
u,0.6205968856811523, 0.5755254030227661, 0
u,0.6211820840835571, 0.7607219219207764, 0
u,0.6176949143409729, 0.9687544703483582, 0
u,0.5520712733268738, 0.968682587146759, 0
u,0.5349811911582947, 0.9815797805786133, 0
u,0.5349811911582947, 0.371538907289505, 0
u,0.531062126159668, 0.3539822995662689, 0
u,0.6353573799133301, 0.3606005907058716, 0
u,0.5349811911582947, 0.371538907289505, 0
u,0.6706168055534363, 0.7576233744621277, 0
u,0.6708899736404419, 0.5355005860328674, 0
u,0.6708961129188538, 0.998094916343689, 0
u,0.6176949143409729, 0.9687544703483582, 0
u,0.5522276759147644, 0.3782202899456024, 0
u,0.6178358793258667, 0.3784942924976349, 0
u,0.8547093868255615, 0.6640130877494812, 0
u,0.8579484224319458, 0.813382625579834, 0
u,0.8547093868255615, 0.813382625579834, 0
u,0.8547093868255615, 0.813382625579834, 0
u,0.8579484224319458, 0.9955751895904541, 0
u,0.8547093868255615, 0.9955751895904541, 0
u,0.8547093868255615, 0.4818519949913025, 0
u,0.8579484224319458, 0.33239439129829407, 0
u,0.8579484224319458, 0.4818519949913025, 0
u,0.8547093868255615, 0.6640130877494812, 0
u,0.8579484224319458, 0.4818519949913025, 0
u,0.8579484224319458, 0.6640130877494812, 0
u,0.713758111000061, 0.9955751895904541, 0
u,0.713758111000061, 0.5700454115867615, 0
u,0.7173532843589783, 0.5700454115867615, 0
u,0.713758111000061, 0.5700454115867615, 0
u,0.6723446846008301, 0.9955751895904541, 0
u,0.6723446846008301, 0.5700454115867615, 0
u,0.8039360046386719, 0.9955751895904541, 0
u,0.8039360046386719, 0.5558136105537415, 0
u,0.849704384803772, 0.5700454115867615, 0
u,0.7625463008880615, 0.5558136105537415, 0
u,0.8039360046386719, 0.9955751895904541, 0
u,0.7625463008880615, 0.9955751895904541, 0
u,0.5869355201721191, 0.32743358612060547, 0
u,0.5378233790397644, 0.31326618790626526, 0
u,0.5869355201721191, 0.31326618790626526, 0
u,0.5869355201721191, 0.32743358612060547, 0
u,0.5869355201721191, 0.31326618790626526, 0
u,0.6024088859558105, 0.31326618790626526, 0
u,0.8195204734802246, 0.31326618790626526, 0
u,0.6838111877441406, 0.32743358612060547, 0
u,0.6838111877441406, 0.31326618790626526, 0
u,0.8195204734802246, 0.32743358612060547, 0
u,0.8195204734802246, 0.31326618790626526, 0
u,0.9007725715637207, 0.31326618790626526, 0
u,0.531062126159668, 0.31326618790626526, 0
u,0.5378233790397644, 0.32743358612060547, 0
u,0.531062126159668, 0.32743358612060547, 0
u,0.9987878799438477, 0.32743358612060547, 0
u,0.9491884112358093, 0.31326618790626526, 0
u,0.9987878799438477, 0.31326618790626526, 0
u,0.28762900829315186, 0.2552297115325928, 0
u,0.3883728086948395, 1.0, 0
u,0.28762900829315186, 1.0, 0
u,0.3883728086948395, 1.0, 0
u,0.529430627822876, 0.2552297115325928, 0
u,0.529430627822876, 1.0, 0
u,0.0, 1.0, 0
u,0.13505850732326508, 0.2552297115325928, 0
u,0.13505850732326508, 1.0, 0
u,0.13505850732326508, 0.2552297115325928, 0
u,0.2362367957830429, 1.0, 0
u,0.13505850732326508, 1.0, 0
u,0.2362367957830429, 0.2552297115325928, 0
u,0.28762900829315186, 1.0, 0
u,0.2362367957830429, 1.0, 0
u,0.3262403905391693, 0.24336279928684235, 0
u,0.3905164897441864, 0.007974100299179554, 0
u,0.3905164897441864, 0.24336279928684235, 0
u,0.0, 0.007974100299179554, 0
u,0.13099710643291473, 0.24336279928684235, 0
u,0.0, 0.24336279928684235, 0
u,0.13099710643291473, 0.007974100299179554, 0
u,0.19528819620609283, 0.24336279928684235, 0
u,0.13099710643291473, 0.24336279928684235, 0
u,0.19528819620609283, 0.24336279928684235, 0
u,0.19528819620609283, 0.007974100299179554, 0
u,0.3262403905391693, 0.007974100299179554, 0
u,0.0, 0.0, 0
u,0.0, 0.0, 0
u,0.0, 0.0, 0
u,0.0, 0.0, 0
u,0.0, 0.0, 0
u,0.0, 0.0, 0
u,0.6245701909065247, 0.5925757884979248, 0
u,0.6661593914031982, 0.5898802280426025, 0
u,0.6666427254676819, 0.7405645847320557, 0
u,0.6666427254676819, 0.7405645847320557, 0
u,0.6661593914031982, 0.5898802280426025, 0
u,0.6700224876403809, 0.5723217725753784, 0
u,0.6211820840835571, 0.7607219219207764, 0
u,0.6205968856811523, 0.5755254030227661, 0
u,0.6250460743904114, 0.7431718111038208, 0
u,0.6205968856811523, 0.5755254030227661, 0
u,0.6245701909065247, 0.5925757884979248, 0
u,0.6250460743904114, 0.7431718111038208, 0
u,0.6666427254676819, 0.7405645847320557, 0
u,0.6700224876403809, 0.5723217725753784, 0
u,0.6706168055534363, 0.7576233744621277, 0
u,0.6211820840835571, 0.7607219219207764, 0
u,0.6250460743904114, 0.7431718111038208, 0
u,0.6666427254676819, 0.7405645847320557, 0
u,0.6661593914031982, 0.5898802280426025, 0
u,0.6245701909065247, 0.5925757884979248, 0
u,0.6205968856811523, 0.5755254030227661, 0
u,0.6669769287109375, 0.980811595916748, 0
u,0.6176918745040894, 0.9810984134674072, 0
u,0.6176949143409729, 0.9687544703483582, 0
u,0.6176949143409729, 0.9687544703483582, 0
u,0.6178358793258667, 0.3784942924976349, 0
u,0.6205968856811523, 0.5755254030227661, 0
u,0.6178358793258667, 0.3784942924976349, 0
u,0.6178364157676697, 0.376796692609787, 0
u,0.6335858106613159, 0.37779611349105835, 0
u,0.6205968856811523, 0.5755254030227661, 0
u,0.6178358793258667, 0.3784942924976349, 0
u,0.6335858106613159, 0.37779611349105835, 0
u,0.6335858106613159, 0.37779611349105835, 0
u,0.6669710278511047, 0.5421264171600342, 0
u,0.6205968856811523, 0.5755254030227661, 0
u,0.6669710278511047, 0.5421264171600342, 0
u,0.6669713854789734, 0.5725194811820984, 0
u,0.6205968856811523, 0.5755254030227661, 0
u,0.6211820840835571, 0.7607219219207764, 0
u,0.666973888874054, 0.7578517198562622, 0
u,0.6669769287109375, 0.980811595916748, 0
u,0.6211820840835571, 0.7607219219207764, 0
u,0.6669769287109375, 0.980811595916748, 0
u,0.6176949143409729, 0.9687544703483582, 0
u,0.5520712733268738, 0.968682587146759, 0
u,0.6176949143409729, 0.9687544703483582, 0
u,0.6176918745040894, 0.9810984134674072, 0
u,0.5349811911582947, 0.371538907289505, 0
u,0.6178364157676697, 0.376796692609787, 0
u,0.5522276759147644, 0.3782202899456024, 0
u,0.6178364157676697, 0.376796692609787, 0
u,0.6178358793258667, 0.3784942924976349, 0
u,0.5522276759147644, 0.3782202899456024, 0
u,0.5520712733268738, 0.968682587146759, 0
u,0.6176918745040894, 0.9810984134674072, 0
u,0.5349811911582947, 0.9815797805786133, 0
u,0.5349811911582947, 0.371538907289505, 0
u,0.5522276759147644, 0.3782202899456024, 0
u,0.5520712733268738, 0.968682587146759, 0
u,0.5349811911582947, 0.9815797805786133, 0
u,0.531062126159668, 0.9989088177680969, 0
u,0.5349811911582947, 0.371538907289505, 0
u,0.531062126159668, 0.9989088177680969, 0
u,0.531062126159668, 0.3539822995662689, 0
u,0.5349811911582947, 0.371538907289505, 0
u,0.6353573799133301, 0.3606005907058716, 0
u,0.6708899736404419, 0.5355005860328674, 0
u,0.6335858106613159, 0.37779611349105835, 0
u,0.6708899736404419, 0.5355005860328674, 0
u,0.6669710278511047, 0.5421264171600342, 0
u,0.6335858106613159, 0.37779611349105835, 0
u,0.6353573799133301, 0.3606005907058716, 0
u,0.6335858106613159, 0.37779611349105835, 0
u,0.5349811911582947, 0.371538907289505, 0
u,0.531062126159668, 0.9989088177680969, 0
u,0.5349811911582947, 0.9815797805786133, 0
u,0.6708961129188538, 0.998094916343689, 0
u,0.5349811911582947, 0.9815797805786133, 0
u,0.6669769287109375, 0.980811595916748, 0
u,0.6708961129188538, 0.998094916343689, 0
u,0.6669769287109375, 0.980811595916748, 0
u,0.666973888874054, 0.7578517198562622, 0
u,0.6706168055534363, 0.7576233744621277, 0
u,0.6700224876403809, 0.5723217725753784, 0
u,0.6669713854789734, 0.5725194811820984, 0
u,0.6669710278511047, 0.5421264171600342, 0
u,0.6700224876403809, 0.5723217725753784, 0
u,0.6669710278511047, 0.5421264171600342, 0
u,0.6708899736404419, 0.5355005860328674, 0
u,0.6706168055534363, 0.7576233744621277, 0
u,0.6700224876403809, 0.5723217725753784, 0
u,0.6708899736404419, 0.5355005860328674, 0
u,0.6708961129188538, 0.998094916343689, 0
u,0.6669769287109375, 0.980811595916748, 0
u,0.6706168055534363, 0.7576233744621277, 0
u,0.6176949143409729, 0.9687544703483582, 0
u,0.5520712733268738, 0.968682587146759, 0
u,0.5522276759147644, 0.3782202899456024, 0
u,0.8547093868255615, 0.6640130877494812, 0
u,0.8579484224319458, 0.6640130877494812, 0
u,0.8579484224319458, 0.813382625579834, 0
u,0.8547093868255615, 0.813382625579834, 0
u,0.8579484224319458, 0.813382625579834, 0
u,0.8579484224319458, 0.9955751895904541, 0
u,0.8547093868255615, 0.4818519949913025, 0
u,0.8547093868255615, 0.33239439129829407, 0
u,0.8579484224319458, 0.33239439129829407, 0
u,0.8547093868255615, 0.6640130877494812, 0
u,0.8547093868255615, 0.4818519949913025, 0
u,0.8579484224319458, 0.4818519949913025, 0
u,0.7173532843589783, 0.5558136105537415, 0
u,0.7625463008880615, 0.5558136105537415, 0
u,0.7173532843589783, 0.5700454115867615, 0
u,0.7625463008880615, 0.5558136105537415, 0
u,0.7625463008880615, 0.9955751895904541, 0
u,0.7173532843589783, 0.5700454115867615, 0
u,0.7625463008880615, 0.9955751895904541, 0
u,0.713758111000061, 0.9955751895904541, 0
u,0.7173532843589783, 0.5700454115867615, 0
u,0.713758111000061, 0.5700454115867615, 0
u,0.713758111000061, 0.9955751895904541, 0
u,0.6723446846008301, 0.9955751895904541, 0
u,0.8039360046386719, 0.5558136105537415, 0
u,0.849704384803772, 0.5558136105537415, 0
u,0.849704384803772, 0.5700454115867615, 0
u,0.849704384803772, 0.5700454115867615, 0
u,0.8527156114578247, 0.5700454115867615, 0
u,0.8527156114578247, 0.9955751895904541, 0
u,0.8527156114578247, 0.9955751895904541, 0
u,0.8039360046386719, 0.9955751895904541, 0
u,0.849704384803772, 0.5700454115867615, 0
u,0.7625463008880615, 0.5558136105537415, 0
u,0.8039360046386719, 0.5558136105537415, 0
u,0.8039360046386719, 0.9955751895904541, 0
u,0.5869355201721191, 0.32743358612060547, 0
u,0.5378233790397644, 0.32743358612060547, 0
u,0.5378233790397644, 0.31326618790626526, 0
u,0.6024088859558105, 0.31326618790626526, 0
u,0.6838111877441406, 0.31326618790626526, 0
u,0.6838111877441406, 0.32743358612060547, 0
u,0.6838111877441406, 0.32743358612060547, 0
u,0.5869355201721191, 0.32743358612060547, 0
u,0.6024088859558105, 0.31326618790626526, 0
u,0.8195204734802246, 0.31326618790626526, 0
u,0.8195204734802246, 0.32743358612060547, 0
u,0.6838111877441406, 0.32743358612060547, 0
u,0.9007725715637207, 0.31326618790626526, 0
u,0.9491884112358093, 0.31326618790626526, 0
u,0.9491884112358093, 0.32743358612060547, 0
u,0.9491884112358093, 0.32743358612060547, 0
u,0.8195204734802246, 0.32743358612060547, 0
u,0.9007725715637207, 0.31326618790626526, 0
u,0.531062126159668, 0.31326618790626526, 0
u,0.5378233790397644, 0.31326618790626526, 0
u,0.5378233790397644, 0.32743358612060547, 0
u,0.9987878799438477, 0.32743358612060547, 0
u,0.9491884112358093, 0.32743358612060547, 0
u,0.9491884112358093, 0.31326618790626526, 0
u,0.28762900829315186, 0.2552297115325928, 0
u,0.3883728086948395, 0.2552297115325928, 0
u,0.3883728086948395, 1.0, 0
u,0.3883728086948395, 1.0, 0
u,0.3883728086948395, 0.2552297115325928, 0
u,0.529430627822876, 0.2552297115325928, 0
u,0.0, 1.0, 0
u,0.0, 0.2552297115325928, 0
u,0.13505850732326508, 0.2552297115325928, 0
u,0.13505850732326508, 0.2552297115325928, 0
u,0.2362367957830429, 0.2552297115325928, 0
u,0.2362367957830429, 1.0, 0
u,0.2362367957830429, 0.2552297115325928, 0
u,0.28762900829315186, 0.2552297115325928, 0
u,0.28762900829315186, 1.0, 0
u,0.3262403905391693, 0.24336279928684235, 0
u,0.3262403905391693, 0.007974100299179554, 0
u,0.3905164897441864, 0.007974100299179554, 0
u,0.0, 0.007974100299179554, 0
u,0.13099710643291473, 0.007974100299179554, 0
u,0.13099710643291473, 0.24336279928684235, 0
u,0.13099710643291473, 0.007974100299179554, 0
u,0.19528819620609283, 0.007974100299179554, 0
u,0.19528819620609283, 0.24336279928684235, 0
