s,137.056396484375, 62.0478515625, 0.9926900863647461
b,142.74951171875, 67.3447265625, 12.639823913574219
v,137.43212890625, 65.4775390625, 0.9926953315734863
v,138.0849609375, 63.482421875, 0.9927148818969727
v,138.084228515625, 63.482421875, 11.262937545776367
v,137.431640625, 65.4775390625, 11.262918472290039
v,138.60400390625, 65.861328125, 0.992772102355957
v,138.690185546875, 65.8896484375, 0.9927773475646973
v,138.7470703125, 65.7158203125, 0.9927792549133301
v,140.197021484375, 66.1796875, 0.9928755760192871
v,140.25244140625, 66.0068359375, 0.9928770065307617
v,140.642578125, 66.4111328125, 0.9929060935974121
v,141.388427734375, 66.6796875, 0.9929571151733398
v,142.74951171875, 65.640625, 0.9930329322814941
v,142.198974609375, 64.9638671875, 0.9929895401000977
v,140.129150390625, 62.0478515625, 0.9928293228149414
v,138.191162109375, 63.517578125, 0.9927215576171875
v,138.084716796875, 63.482421875, 0.9927148818969727
v,137.431884765625, 65.4775390625, 0.9926953315734863
v,137.53369140625, 65.5107421875, 0.9927020072937012
v,137.05712890625, 67.001953125, 0.9926900863647461
v,138.1298828125, 67.3447265625, 0.992760181427002
v,142.654052734375, 65.62890625, 7.795064449310303
v,141.37646484375, 66.6044921875, 7.794992923736572
v,140.67724609375, 66.3564453125, 7.794945240020752
v,140.2744140625, 65.935546875, 7.794914722442627
v,140.3330078125, 65.7529296875, 7.79491662979126
v,141.14111328125, 66.0146484375, 7.794970989227295
v,142.268310546875, 65.1552734375, 7.795033931732178
v,142.7490234375, 65.640625, 8.017105102539062
v,141.38818359375, 66.6796875, 8.01702880859375
v,140.64208984375, 66.4111328125, 8.016979217529297
v,140.251953125, 66.0068359375, 8.016948699951172
v,140.2744140625, 65.935546875, 8.016950607299805
v,140.67724609375, 66.3564453125, 8.01698112487793
v,141.37646484375, 66.6044921875, 8.017026901245117
v,142.654052734375, 65.62890625, 8.017099380493164
v,142.268310546875, 65.1552734375, 8.017068862915039
v,142.31103515625, 65.123046875, 8.017070770263672
v,142.198486328125, 64.9638671875, 8.017061233520508
v,138.746337890625, 65.7158203125, 10.06401252746582
v,138.767333984375, 65.65234375, 10.064014434814453
v,140.1533203125, 66.095703125, 10.064105987548828
v,140.26953125, 65.7314453125, 10.064107894897461
v,140.332763671875, 65.7529296875, 10.064111709594727
v,140.1962890625, 66.1796875, 10.064107894897461
v,138.767333984375, 65.65234375, 9.841978073120117
v,138.887939453125, 65.283203125, 9.841981887817383
v,140.26953125, 65.7314453125, 9.842073440551758
v,140.1533203125, 66.095703125, 9.842069625854492
v,140.353271484375, 65.689453125, 10.06411361694336
v,140.28955078125, 65.66796875, 10.064107894897461
v,140.2919921875, 65.6611328125, 10.064107894897461
v,140.35546875, 65.681640625, 10.06411361694336
v,137.596435546875, 65.53125, 9.841903686523438
v,138.5400390625, 65.8408203125, 9.84196662902832
v,138.086181640625, 67.2607421875, 9.841955184936523
v,137.140380859375, 66.958984375, 9.84189224243164
v,138.5400390625, 65.8408203125, 10.064001083374023
v,138.603271484375, 65.861328125, 10.064004898071289
v,138.12939453125, 67.3447265625, 10.063993453979492
v,137.056396484375, 67.0009765625, 10.063924789428711
v,137.532958984375, 65.5107421875, 10.063936233520508
v,137.596435546875, 65.53125, 10.063940048217773
v,137.140380859375, 66.958984375, 10.063926696777344
v,138.086181640625, 67.2607421875, 10.063989639282227
v,142.21923828125, 65.109375, 10.161920547485352
v,140.1142578125, 62.142578125, 10.16175651550293
v,138.267333984375, 63.54296875, 10.16165542602539
v,138.1904296875, 63.517578125, 10.161649703979492
v,140.128662109375, 62.0478515625, 10.16175651550293
v,142.31103515625, 65.123046875, 10.161928176879883
v,141.14111328125, 66.0146484375, 10.161861419677734
v,138.8876953125, 65.283203125, 10.161710739135742
v,138.90869140625, 65.2197265625, 10.161712646484375
v,141.12841796875, 65.939453125, 10.161861419677734
v,140.353271484375, 65.689453125, 9.939773559570312
v,140.35546875, 65.681640625, 9.939773559570312
v,140.2919921875, 65.6611328125, 9.939769744873047
v,140.28955078125, 65.66796875, 9.939769744873047
v,139.802734375, 65.5107421875, 9.939737319946289
v,140.011962890625, 64.8720703125, 9.939743041992188
v,140.564208984375, 63.1884765625, 9.939762115478516
v,140.656494140625, 62.9072265625, 9.939764022827148
v,142.139892578125, 64.9970703125, 9.93988037109375
v,142.123291015625, 65.009765625, 9.93988037109375
v,141.718505859375, 64.4990234375, 9.939847946166992
v,141.19482421875, 64.9150390625, 9.9398193359375
v,141.599609375, 65.42578125, 9.939849853515625
v,141.00244140625, 65.8994140625, 9.939817428588867
v,141.00244140625, 65.8994140625, 9.939817428588867
v,141.599609375, 65.42578125, 9.939849853515625
v,142.123291015625, 65.009765625, 9.93988037109375
v,142.139892578125, 64.9970703125, 9.93988037109375
v,142.21923828125, 65.109375, 9.939886093139648
v,141.12841796875, 65.939453125, 9.939825057983398
v,139.342529296875, 63.8935546875, 9.939689636230469
v,138.267333984375, 63.54296875, 9.939620971679688
v,140.1142578125, 62.142578125, 9.939722061157227
v,140.656494140625, 62.9072265625, 9.939764022827148
v,140.564208984375, 63.1884765625, 9.939762115478516
v,140.004150390625, 63.0048828125, 9.93972396850586
v,139.45166015625, 64.6884765625, 9.939704895019531
v,140.011962890625, 64.8720703125, 9.939743041992188
v,139.802734375, 65.5107421875, 9.939737319946289
v,138.90869140625, 65.2197265625, 9.939678192138672
v,141.599609375, 65.42578125, 12.639793395996094
v,141.194580078125, 64.9150390625, 12.639762878417969
v,141.71826171875, 64.4990234375, 12.639793395996094
v,142.123046875, 65.009765625, 12.639823913574219
v,140.011962890625, 64.8720703125, 10.730188369750977
v,139.45166015625, 64.6884765625, 10.73015022277832
v,140.00390625, 63.0048828125, 10.730167388916016
v,140.56396484375, 63.1884765625, 10.730205535888672
v,139.342529296875, 63.8935546875, 11.263019561767578
v,138.689697265625, 65.8896484375, 11.262998580932617
v,137.431396484375, 65.4775390625, 11.262918472290039
v,138.083984375, 63.482421875, 11.262937545776367
v,140.2744140625, 65.935546875, 7.794914722442627
v,140.67724609375, 66.3564453125, 7.794945240020752
v,140.67724609375, 66.3564453125, 8.01698112487793
v,140.2744140625, 65.935546875, 8.016950607299805
v,141.37646484375, 66.6044921875, 8.017026901245117
v,140.67724609375, 66.3564453125, 8.01698112487793
v,140.67724609375, 66.3564453125, 7.794945240020752
v,141.37646484375, 66.6044921875, 7.794992923736572
v,142.654052734375, 65.62890625, 7.795064449310303
v,142.654052734375, 65.62890625, 8.017099380493164
v,141.37646484375, 66.6044921875, 8.017026901245117
v,141.37646484375, 66.6044921875, 7.794992923736572
v,142.268310546875, 65.1552734375, 7.795033931732178
v,142.268310546875, 65.1552734375, 8.017068862915039
v,142.654052734375, 65.62890625, 8.017099380493164
v,142.654052734375, 65.62890625, 7.795064449310303
v,140.64208984375, 66.4111328125, 8.016979217529297
v,141.38818359375, 66.6796875, 8.01702880859375
v,141.388427734375, 66.6796875, 0.9929571151733398
v,140.642578125, 66.4111328125, 0.9929060935974121
v,141.388427734375, 66.6796875, 0.9929571151733398
v,141.38818359375, 66.6796875, 8.01702880859375
v,142.7490234375, 65.640625, 8.017105102539062
v,142.74951171875, 65.640625, 0.9930329322814941
v,142.198486328125, 64.9638671875, 8.017061233520508
v,142.198974609375, 64.9638671875, 0.9929895401000977
v,142.74951171875, 65.640625, 0.9930329322814941
v,142.7490234375, 65.640625, 8.017105102539062
v,140.251953125, 66.0068359375, 8.016948699951172
v,140.64208984375, 66.4111328125, 8.016979217529297
v,140.642578125, 66.4111328125, 0.9929060935974121
v,140.25244140625, 66.0068359375, 0.9928770065307617
v,140.197021484375, 66.1796875, 0.9928755760192871
v,140.1962890625, 66.1796875, 10.064107894897461
v,140.332763671875, 65.7529296875, 10.064111709594727
v,140.3330078125, 65.7529296875, 7.79491662979126
v,140.2744140625, 65.935546875, 7.794914722442627
v,140.2744140625, 65.935546875, 8.016950607299805
v,140.251953125, 66.0068359375, 8.016948699951172
v,140.25244140625, 66.0068359375, 0.9928770065307617
v,140.1962890625, 66.1796875, 10.064107894897461
v,140.197021484375, 66.1796875, 0.9928755760192871
v,138.7470703125, 65.7158203125, 0.9927792549133301
v,138.746337890625, 65.7158203125, 10.06401252746582
v,138.767333984375, 65.65234375, 10.064014434814453
v,138.767333984375, 65.65234375, 9.841978073120117
v,140.1533203125, 66.095703125, 9.842069625854492
v,140.1533203125, 66.095703125, 10.064105987548828
v,140.1533203125, 66.095703125, 9.842069625854492
v,140.26953125, 65.7314453125, 9.842073440551758
v,140.26953125, 65.7314453125, 10.064107894897461
v,140.1533203125, 66.095703125, 10.064105987548828
v,140.353271484375, 65.689453125, 9.939773559570312
v,140.353271484375, 65.689453125, 10.06411361694336
v,140.35546875, 65.681640625, 10.06411361694336
v,140.35546875, 65.681640625, 9.939773559570312
v,140.2919921875, 65.6611328125, 9.939769744873047
v,140.35546875, 65.681640625, 9.939773559570312
v,140.35546875, 65.681640625, 10.06411361694336
v,140.2919921875, 65.6611328125, 10.064107894897461
v,140.28955078125, 65.66796875, 10.064107894897461
v,140.28955078125, 65.66796875, 9.939769744873047
v,140.2919921875, 65.6611328125, 9.939769744873047
v,140.2919921875, 65.6611328125, 10.064107894897461
v,137.596435546875, 65.53125, 10.063940048217773
v,137.596435546875, 65.53125, 9.841903686523438
v,137.140380859375, 66.958984375, 9.84189224243164
v,137.140380859375, 66.958984375, 10.063926696777344
v,138.086181640625, 67.2607421875, 10.063989639282227
v,137.140380859375, 66.958984375, 10.063926696777344
v,137.140380859375, 66.958984375, 9.84189224243164
v,138.086181640625, 67.2607421875, 9.841955184936523
v,138.5400390625, 65.8408203125, 9.84196662902832
v,138.5400390625, 65.8408203125, 10.064001083374023
v,138.086181640625, 67.2607421875, 10.063989639282227
v,138.086181640625, 67.2607421875, 9.841955184936523
v,138.12939453125, 67.3447265625, 10.063993453979492
v,138.1298828125, 67.3447265625, 0.992760181427002
v,137.05712890625, 67.001953125, 0.9926900863647461
v,137.056396484375, 67.0009765625, 10.063924789428711
v,138.603271484375, 65.861328125, 10.064004898071289
v,138.60400390625, 65.861328125, 0.992772102355957
v,138.1298828125, 67.3447265625, 0.992760181427002
v,138.12939453125, 67.3447265625, 10.063993453979492
v,137.05712890625, 67.001953125, 0.9926900863647461
v,137.53369140625, 65.5107421875, 0.9927020072937012
v,137.532958984375, 65.5107421875, 10.063936233520508
v,137.056396484375, 67.0009765625, 10.063924789428711
v,142.31103515625, 65.123046875, 10.161928176879883
v,140.128662109375, 62.0478515625, 10.16175651550293
v,140.129150390625, 62.0478515625, 0.9928293228149414
v,142.198974609375, 64.9638671875, 0.9929895401000977
v,142.198486328125, 64.9638671875, 8.017061233520508
v,142.31103515625, 65.123046875, 8.017070770263672
v,138.191162109375, 63.517578125, 0.9927215576171875
v,140.129150390625, 62.0478515625, 0.9928293228149414
v,140.128662109375, 62.0478515625, 10.16175651550293
v,138.1904296875, 63.517578125, 10.161649703979492
v,141.14111328125, 66.0146484375, 10.161861419677734
v,142.31103515625, 65.123046875, 10.161928176879883
v,142.31103515625, 65.123046875, 8.017070770263672
v,142.268310546875, 65.1552734375, 8.017068862915039
v,142.268310546875, 65.1552734375, 7.795033931732178
v,141.14111328125, 66.0146484375, 7.794970989227295
v,140.26953125, 65.7314453125, 9.842073440551758
v,138.887939453125, 65.283203125, 9.841981887817383
v,138.8876953125, 65.283203125, 10.161710739135742
v,141.14111328125, 66.0146484375, 10.161861419677734
v,141.14111328125, 66.0146484375, 7.794970989227295
v,140.3330078125, 65.7529296875, 7.79491662979126
v,140.332763671875, 65.7529296875, 10.064111709594727
v,140.26953125, 65.7314453125, 10.064107894897461
v,140.28955078125, 65.66796875, 10.064107894897461
v,140.353271484375, 65.689453125, 10.06411361694336
v,140.353271484375, 65.689453125, 9.939773559570312
v,141.00244140625, 65.8994140625, 9.939817428588867
v,141.12841796875, 65.939453125, 9.939825057983398
v,141.12841796875, 65.939453125, 10.161861419677734
v,138.90869140625, 65.2197265625, 10.161712646484375
v,138.90869140625, 65.2197265625, 9.939678192138672
v,139.802734375, 65.5107421875, 9.939737319946289
v,140.28955078125, 65.66796875, 9.939769744873047
v,142.21923828125, 65.109375, 10.161920547485352
v,141.12841796875, 65.939453125, 10.161861419677734
v,141.12841796875, 65.939453125, 9.939825057983398
v,142.21923828125, 65.109375, 9.939886093139648
v,140.1142578125, 62.142578125, 9.939722061157227
v,140.1142578125, 62.142578125, 10.16175651550293
v,142.21923828125, 65.109375, 10.161920547485352
v,142.21923828125, 65.109375, 9.939886093139648
v,142.139892578125, 64.9970703125, 9.93988037109375
v,140.656494140625, 62.9072265625, 9.939764022827148
v,138.267333984375, 63.54296875, 10.16165542602539
v,140.1142578125, 62.142578125, 10.16175651550293
v,140.1142578125, 62.142578125, 9.939722061157227
v,138.267333984375, 63.54296875, 9.939620971679688
v,141.718505859375, 64.4990234375, 9.939847946166992
v,142.123291015625, 65.009765625, 9.93988037109375
v,142.123046875, 65.009765625, 12.639823913574219
v,141.71826171875, 64.4990234375, 12.639793395996094
v,141.194580078125, 64.9150390625, 12.639762878417969
v,141.19482421875, 64.9150390625, 9.9398193359375
v,141.718505859375, 64.4990234375, 9.939847946166992
v,141.71826171875, 64.4990234375, 12.639793395996094
v,141.599609375, 65.42578125, 12.639793395996094
v,141.599609375, 65.42578125, 9.939849853515625
v,141.19482421875, 64.9150390625, 9.9398193359375
v,141.194580078125, 64.9150390625, 12.639762878417969
v,142.123046875, 65.009765625, 12.639823913574219
v,142.123291015625, 65.009765625, 9.93988037109375
v,141.599609375, 65.42578125, 9.939849853515625
v,141.599609375, 65.42578125, 12.639793395996094
v,140.564208984375, 63.1884765625, 9.939762115478516
v,140.56396484375, 63.1884765625, 10.730205535888672
v,140.00390625, 63.0048828125, 10.730167388916016
v,140.004150390625, 63.0048828125, 9.93972396850586
v,140.004150390625, 63.0048828125, 9.93972396850586
v,140.00390625, 63.0048828125, 10.730167388916016
v,139.45166015625, 64.6884765625, 10.73015022277832
v,139.45166015625, 64.6884765625, 9.939704895019531
v,139.45166015625, 64.6884765625, 9.939704895019531
v,139.45166015625, 64.6884765625, 10.73015022277832
v,140.011962890625, 64.8720703125, 10.730188369750977
v,140.011962890625, 64.8720703125, 9.939743041992188
v,140.011962890625, 64.8720703125, 9.939743041992188
v,140.011962890625, 64.8720703125, 10.730188369750977
v,140.56396484375, 63.1884765625, 10.730205535888672
v,140.564208984375, 63.1884765625, 9.939762115478516
v,138.191162109375, 63.517578125, 0.9927215576171875
v,138.1904296875, 63.517578125, 10.161649703979492
v,138.267333984375, 63.54296875, 10.16165542602539
v,138.267333984375, 63.54296875, 9.939620971679688
v,139.342529296875, 63.8935546875, 9.939689636230469
v,139.342529296875, 63.8935546875, 11.263019561767578
v,138.083984375, 63.482421875, 11.262937545776367
v,138.084716796875, 63.482421875, 0.9927148818969727
v,137.596435546875, 65.53125, 10.063940048217773
v,137.532958984375, 65.5107421875, 10.063936233520508
v,137.53369140625, 65.5107421875, 0.9927020072937012
v,137.431884765625, 65.4775390625, 0.9926953315734863
v,137.431396484375, 65.4775390625, 11.262918472290039
v,138.689697265625, 65.8896484375, 11.262998580932617
v,138.690185546875, 65.8896484375, 0.9927773475646973
v,138.60400390625, 65.861328125, 0.992772102355957
v,138.603271484375, 65.861328125, 10.064004898071289
v,138.5400390625, 65.8408203125, 10.064001083374023
v,138.5400390625, 65.8408203125, 9.84196662902832
v,137.596435546875, 65.53125, 9.841903686523438
v,138.767333984375, 65.65234375, 9.841978073120117
v,138.767333984375, 65.65234375, 10.064014434814453
v,138.746337890625, 65.7158203125, 10.06401252746582
v,138.7470703125, 65.7158203125, 0.9927792549133301
v,138.690185546875, 65.8896484375, 0.9927773475646973
v,138.689697265625, 65.8896484375, 11.262998580932617
v,139.342529296875, 63.8935546875, 11.263019561767578
v,139.342529296875, 63.8935546875, 9.939689636230469
v,138.90869140625, 65.2197265625, 9.939678192138672
v,138.90869140625, 65.2197265625, 10.161712646484375
v,138.8876953125, 65.283203125, 10.161710739135742
v,138.887939453125, 65.283203125, 9.841981887817383
i,1,3,0
i,6,8,14
i,25,22,24
i,34,27,28
i,40,42,43
i,45,47,44
i,48,50,51
i,53,55,52
i,62,63,58
i,69,70,64
i,85,80,84
i,92,93,89
i,102,103,100
i,105,107,104
i,109,111,108
i,113,115,112
i,117,119,116
i,121,123,120
i,124,126,127
i,129,131,128
i,132,134,135
i,136,138,139
i,141,143,140
i,145,147,144
i,149,153,154
i,156,158,159
i,160,162,163
i,165,167,164
i,169,171,168
i,173,175,172
i,177,179,176
i,181,183,180
i,185,187,184
i,188,190,191
i,192,194,195
i,196,198,199
i,201,203,200
i,206,207,208
i,210,212,213
i,217,218,219
i,222,223,227
i,228,229,233
i,239,241,238
i,247,244,246
i,248,250,251
i,253,255,252
i,256,258,259
i,261,263,260
i,265,267,264
i,269,271,268
i,272,274,275
i,276,278,279
i,280,282,283
i,286,289,290
i,297,301,292
i,309,310,313
i,1,2,3
i,4,5,6
i,6,7,8
i,8,9,12
i,9,10,12
i,10,11,12
i,12,13,8
i,13,14,8
i,14,15,17
i,15,16,17
i,17,18,4
i,18,19,4
i,14,17,6
i,17,4,6
i,26,20,25
i,20,21,25
i,21,22,25
i,22,23,24
i,29,30,32
i,30,31,32
i,36,37,27
i,34,35,36
i,29,32,33
i,34,36,27
i,28,29,33
i,33,34,28
i,43,38,40
i,38,39,40
i,40,41,42
i,45,46,47
i,48,49,50
i,53,54,55
i,63,56,57
i,59,60,62
i,60,61,62
i,63,57,58
i,59,62,58
i,65,66,67
i,70,71,73
i,71,72,73
i,65,67,68
i,70,73,64
i,64,65,69
i,65,68,69
i,87,74,75
i,76,77,78
i,86,87,85
i,87,75,85
i,76,78,79
i,75,76,79
i,85,75,79
i,79,80,85
i,81,82,84
i,82,83,84
i,80,81,84
i,93,88,89
i,89,90,92
i,90,91,92
i,94,95,99
i,95,96,99
i,96,97,99
i,97,98,99
i,103,94,100
i,100,94,99
i,101,102,100
i,105,106,107
i,109,110,111
i,113,114,115
i,117,118,119
i,121,122,123
i,124,125,126
i,129,130,131
i,132,133,134
i,136,137,138
i,141,142,143
i,145,146,147
i,155,148,154
i,148,149,154
i,149,150,153
i,150,151,153
i,151,152,153
i,156,157,158
i,160,161,162
i,165,166,167
i,169,170,171
i,173,174,175
i,177,178,179
i,181,182,183
i,185,186,187
i,188,189,190
i,192,193,194
i,196,197,198
i,201,202,203
i,209,204,208
i,204,205,208
i,205,206,208
i,210,211,212
i,219,214,217
i,214,215,217
i,215,216,217
i,227,220,221
i,223,224,226
i,224,225,226
i,227,221,222
i,223,226,227
i,229,230,231
i,231,232,233
i,233,234,228
i,234,235,236
i,228,234,236
i,236,237,228
i,229,231,233
i,239,240,241
i,247,242,243
i,243,244,247
i,244,245,246
i,248,249,250
i,253,254,255
i,256,257,258
i,261,262,263
i,265,266,267
i,269,270,271
i,272,273,274
i,276,277,278
i,280,281,282
i,291,284,285
i,286,287,288
i,290,291,285
i,286,288,289
i,290,285,286
i,293,294,295
i,297,298,300
i,298,299,300
i,293,295,296
i,302,303,292
i,292,293,296
i,296,297,292
i,297,300,301
i,301,302,292
i,315,304,305
i,306,307,308
i,314,315,305
i,306,308,309
i,314,305,309
i,305,306,309
i,311,312,313
i,310,311,313
i,313,314,309
n,-4.280521392822266, -1.4004749059677124, -0.00027111853705719113
n,0.00028378699789755046, 4.622203414328396e-05, -4.50379753112793
n,-0.00028519282932393253, -5.218190199229866e-05, 4.50379753112793
n,-0.0002768970443867147, -3.5957738873548806e-05, 4.50379753112793
n,-0.00026140702539123595, -4.7791250835871324e-05, 4.50379753112793
n,-0.0002810784208122641, -5.05803145642858e-05, 4.50379753112793
n,-0.00032872657175175846, -0.00010044423106592149, 4.50379753112793
n,-0.0002818772627506405, -5.2625517128035426e-05, 4.50379753112793
n,-0.0002876626094803214, -3.383242437848821e-05, 4.50379753112793
n,-0.000319746759487316, -8.579353743698448e-05, 4.50379753112793
n,-0.0002844496048055589, -4.633884964277968e-05, 4.50379753112793
n,-0.0003100235771853477, -7.647065649507567e-05, 4.50379753112793
n,-0.0002802862145472318, -5.6632139603607357e-05, 4.50379753112793
n,-0.00029031268786638975, -5.357738336897455e-05, 4.50379753112793
n,-0.0002838918589986861, -4.777556023327634e-05, 4.50379753112793
n,-0.00028191402088850737, -4.635073128156364e-05, 4.50379753112793
n,3.2526655197143555, -3.1151816844940186, 0.0
n,1.50611412525177, -4.244503974914551, 0.0
n,-2.7318387031555176, -3.5806772708892822, 0.0
n,-3.493701457977295, 2.8422250747680664, 0.0
n,-1.527268409729004, 4.236937999725342, -9.429258352611214e-05
n,2.73293137550354, 3.579843521118164, 0.00016872947162482888
n,3.493267297744751, -2.8427584171295166, 0.0002156721311621368
n,-3.2397987842559814, 3.12856125831604, -0.00020002317614853382
n,4.293157577514648, 1.361245036125183, 0.0016414348501712084
n,-1.3704131841659546, 4.2902398109436035, -9.827151370700449e-05
n,1.3717714548110962, -4.289805889129639, 0.0
n,-4.29071044921875, -1.368940830230713, 0.0
n,4.30721378326416, 1.31609308719635, 0.0
n,1.3492141962051392, -4.2969536781311035, 0.0
n,-4.259181022644043, -1.4640934467315674, 0.0
n,4.290258884429932, 1.3703545331954956, 0.0
n,1.3692213296890259, -4.29062032699585, 0.0
n,-4.289974212646484, -1.3712456226348877, 0.0
n,-1.3731515407562256, 4.289364814758301, 0.0003116491425316781
n,4.290035247802734, 1.371055006980896, 0.0003076358698308468
n,-4.290176868438721, -1.3706117868423462, -0.00043869364890269935
n,3.6725878715515137, -2.6069693565368652, 0.00022674327192362398
n,-2.7206807136535645, -3.589162588119507, -0.00019301960128359497
n,2.7310731410980225, 3.581260919570923, 0.0
n,-1.390047311782837, 4.283917427062988, 0.003908601123839617
n,1.4015741348266602, -4.277685165405273, -0.1455712765455246
n,-2.728980779647827, -3.582855701446533, 0.0
n,-3.67293119430542, 2.606485605239868, -0.0006384867592714727
n,2.7206506729125977, 3.5891854763031006, 0.0
n,3.529846429824829, -2.797208547592163, 0.0002834798360709101
n,-2.7992234230041504, -3.5282490253448486, -0.00022480396728496999
n,-3.5291171073913574, 2.798128604888916, 0.0
n,2.7999351024627686, 3.527684450149536, 0.0002248612290713936
n,1.4048285484313965, -4.279094696044922, 0.00038536626379936934
n,-4.279245376586914, -1.40436851978302, 0.0
n,-1.403847098350525, 4.279416561126709, -0.0003850962093565613
n,4.279571533203125, 1.4033732414245605, 0.0011739528272300959
n,1.3985308408737183, -4.281156539916992, 0.00030672273715026677
n,-1.4041508436203003, 4.279316425323486, 0.0018621806520968676
n,4.280563831329346, 1.4003452062606812, -0.00017654270050115883
n,-4.280521392822266, -1.4004749059677124, -0.00027111859526485205
n,0.00027274046442471445, 4.534010076895356e-05, -4.50379753112793
n,0.0002837410429492593, 4.646005618269555e-05, -4.50379753112793
n,0.00028672427288256586, 4.874107617069967e-05, -4.50379753112793
n,0.00028856907738372684, 5.0725764594972134e-05, -4.50379753112793
n,0.00029013887979090214, 5.1467410230543464e-05, -4.50379753112793
n,0.00028503130306489766, 4.557977445074357e-05, -4.50379753112793
n,0.00028454430866986513, 4.559492663247511e-05, -4.50379753112793
n,0.0002717789902817458, 4.5626176870428026e-05, -4.50379753112793
n,0.00028421118622645736, 4.900409112451598e-05, -4.50379753112793
n,0.0002767763799056411, 5.2623992814915255e-05, -4.50379753112793
n,0.0002766048419289291, 5.239134407020174e-05, -4.50379753112793
n,0.0002780122449621558, 4.7682231524959207e-05, -4.50379753112793
n,0.00027760042576119304, 5.0113270845031366e-05, -4.50379753112793
n,-0.0002907946764025837, -5.289397813612595e-05, 4.50379753112793
n,-0.00029062756220810115, -5.2237501222407445e-05, 4.50379753112793
n,-0.00028645896236412227, -5.390035221353173e-05, 4.50379753112793
n,-0.0002881544060073793, -5.049261380918324e-05, 4.50379753112793
n,-0.0002921728591900319, -4.819873720407486e-05, 4.50379753112793
n,-0.0002981666475534439, -4.090356742381118e-05, 4.50379753112793
n,-0.00021861640561837703, -0.00010967110574711114, 4.50379753112793
n,-0.00030125657212920487, -4.4382908527040854e-05, 4.50379753112793
n,-0.0002891676267609, -4.6266824938356876e-05, 4.50379753112793
n,-0.0002736780443228781, -6.307160947471857e-05, 4.50379753112793
n,-0.00028642886900343, -5.6663102441234514e-05, 4.50379753112793
n,-0.0002932021743617952, -5.5612068535992876e-05, 4.50379753112793
n,-0.00028927167295478284, -3.3350974263157696e-05, 4.50379753112793
n,-0.0003038421564269811, 2.0606406906154007e-05, 4.50379753112793
n,-0.00023058430815581232, -3.167937393300235e-05, 4.50379753112793
n,-0.00028256623772904277, -4.826408621738665e-05, 4.50379753112793
n,-0.00032379679032601416, -0.00011130514758406207, 4.50379753112793
n,-0.0002817258355207741, -5.243597479420714e-05, 4.50379753112793
n,-0.0002292723802383989, -3.566977466107346e-05, 4.50379753112793
n,-0.0001953191967913881, -2.661579128471203e-05, 4.50379753112793
n,-0.0002292268181918189, -3.5808407119475305e-05, 4.50379753112793
n,-0.0002611238742247224, -4.7443772928090766e-05, 4.50379753112793
n,-0.0002490643528290093, -0.0001327350182691589, 4.50379753112793
n,-0.00028244408895261586, -4.560429442790337e-05, 4.50379753112793
n,-0.0002839554217644036, -5.358298585633747e-05, 4.50379753112793
n,-0.0003055331180803478, 2.0050478269695304e-05, 4.50379753112793
n,-0.0002806770789902657, -4.3131567508680746e-05, 4.50379753112793
n,-0.0002915928198490292, -5.227308429311961e-05, 4.50379753112793
n,-0.0003304609563201666, -1.4979462321207393e-05, 4.50379753112793
n,-0.00029026929405517876, -4.460560739971697e-05, 4.50379753112793
n,-0.00027808378217741847, -8.49700445542112e-05, 4.50379753112793
n,-0.0002678146993275732, -9.206130198435858e-05, 4.50379753112793
n,-0.00027992099057883024, -4.700086356024258e-05, 4.50379753112793
n,-0.0002901873958762735, -4.9008915084414184e-05, 4.50379753112793
n,-0.0002790273865684867, -5.570064240600914e-05, 4.50379753112793
n,-0.00021562674373853952, -7.818696758477017e-05, 4.50379753112793
n,-0.0002885626454371959, -4.723025267594494e-05, 4.50379753112793
n,-0.0002886498114094138, -4.480388088268228e-05, 4.50379753112793
n,-0.000314575619995594, -2.4961698727565818e-05, 4.50379753112793
n,-0.00013780574954580516, -0.00017455396300647408, 4.50379753112793
n,-0.0002904559951275587, -4.104800973436795e-05, 4.50379753112793
n,-0.0002853714977391064, -5.3876370657235384e-05, 4.50379753112793
n,-0.0002866729046218097, -3.077687870245427e-05, 4.50379753112793
n,-0.00013803811452817172, -0.00017484829004388303, 4.50379753112793
n,-0.00027917130501009524, -3.610569183365442e-05, 4.50379753112793
n,-0.0002818836073856801, -4.486488978727721e-05, 4.50379753112793
n,-0.0002874924975913018, -4.558151340461336e-05, 4.50379753112793
n,-0.0002866227878257632, -3.9791902963770553e-05, 4.50379753112793
n,-0.00027279197820462286, -4.8978956328937784e-05, 4.50379753112793
n,-0.0002927827590610832, -4.6234592446126044e-05, 4.50379753112793
n,-0.0002809728030115366, -5.6338991271331906e-05, 4.50379753112793
n,-0.0002919695689342916, -3.745302456081845e-05, 4.50379753112793
n,-0.0002839802182279527, -4.784112024935894e-05, 4.50379753112793
n,-0.00027532438980415463, -4.8008831072365865e-05, 4.50379753112793
n,3.2526655197143555, -3.1151816844940186, 0.0
n,1.50611412525177, -4.244503974914551, 0.0
n,-2.7318387031555176, -3.5806772708892822, 0.0
n,-3.493701457977295, 2.8422250747680664, 0.0
n,-1.527268409729004, 4.236937999725342, -9.429259807802737e-05
n,2.73293137550354, 3.579843521118164, 0.00016872947162482888
n,3.493267297744751, -2.8427581787109375, 0.0002156721311621368
n,-3.2397987842559814, 3.128561019897461, -0.00020002313249278814
n,4.291079521179199, 1.3677817583084106, 0.0002649285888765007
n,4.289034843444824, 1.3741816282272339, 0.0004389530804473907
n,4.290006160736084, 1.3711453676223755, 0.00034263829002156854
n,4.289787769317627, 1.371828317642212, 0.0004099067591596395
n,4.289643287658691, 1.3722792863845825, 0.0
n,-1.3727412223815918, 4.289495944976807, 0.0003116911102551967
n,1.3717714548110962, -4.289805889129639, 0.0
n,-4.29071044921875, -1.368940830230713, 0.0
n,4.30721378326416, 1.31609308719635, 0.0
n,1.3492143154144287, -4.2969536781311035, 0.0
n,-4.259181022644043, -1.4640934467315674, 0.0
n,4.290258884429932, 1.3703545331954956, 0.0
n,1.3692213296890259, -4.29062032699585, 0.0
n,-4.289974212646484, -1.3712456226348877, 0.0
n,-1.3700051307678223, 4.290369987487793, -9.824224252952263e-05
n,4.290035247802734, 1.3710551261901855, 0.0003076358698308468
n,-4.289945602416992, -1.3713351488113403, -0.0003076294087804854
n,3.676393508911133, -2.6016006469726562, 0.0
n,3.6727840900421143, -2.6066927909851074, 0.0005655820714309812
n,3.6726479530334473, -2.606884479522705, 0.00017370484420098364
n,-2.720874071121216, -3.5890159606933594, -0.00012868888734374195
n,2.7310733795166016, 3.581261157989502, 0.0
n,2.730135917663574, 3.5819756984710693, -0.0007788639632053673
n,2.705202102661133, 3.6008431911468506, 0.0
n,-1.3904950618743896, 4.283773422241211, 0.0
n,-1.388318419456482, 4.28447961807251, 0.0
n,-1.388655662536621, 4.284370422363281, -0.00013269171176943928
n,-1.3903577327728271, 4.283817768096924, -0.0009429001365788281
n,-1.4056668281555176, 4.275542736053467, 0.16740965843200684
n,1.3855217695236206, -4.285384654998779, 0.0
n,1.386556625366211, -4.285049915313721, 0.0
n,1.3893847465515137, -4.28407096862793, -0.02325374446809292
n,1.3920845985412598, -4.283257484436035, 0.0
n,1.390412449836731, -4.283793926239014, -0.007435724604874849
n,1.388696312904358, -4.284357070922852, 0.0
n,1.3856232166290283, -4.285351753234863, 0.0005849919398315251
n,-2.728980779647827, -3.582855701446533, 0.0
n,-3.6728312969207764, 2.606626272201538, 0.0
n,-3.6729283332824707, 2.606490135192871, -0.0007047834806144238
n,-3.6735293865203857, 2.6056430339813232, 0.0
n,2.7206506729125977, 3.5891854763031006, 0.0
n,3.529846668243408, -2.797208547592163, 0.00028348001069389284
n,-2.7992234230041504, -3.5282487869262695, -0.00022480406914837658
n,-3.529846668243408, 2.797208547592163, -0.00028348001069389284
n,2.7992234230041504, 3.5282490253448486, 0.0
n,1.4048285484313965, -4.279094696044922, 0.00038536626379936934
n,-4.2794084548950195, -1.4038708209991455, -0.0011739080073311925
n,-1.4043375253677368, 4.279255390167236, 0.0
n,4.279572010040283, 1.4033732414245605, 0.0011739503825083375
n,1.3954131603240967, -4.282174110412598, 9.899805445456877e-05
n,1.3988149166107178, -4.281064033508301, 0.0
n,1.3962401151657104, -4.281904697418213, 8.843471005093306e-05
n,1.3988149166107178, -4.281064033508301, 0.0
n,1.3988761901855469, -4.281044006347656, 0.00037039429298602045
n,-1.3885490894317627, 4.284404277801514, -9.957201109500602e-05
n,-1.3778018951416016, 4.287872791290283, -8.726687519811094e-05
n,-1.3789007663726807, 4.287519454956055, -9.888014756143093e-05
n,-1.3894881010055542, 4.284100532531738, -8.800703653832898e-05
n,-1.4041508436203003, 4.2793169021606445, 0.0
n,-1.4066307544708252, 4.278501987457275, -0.001695881481282413
n,-1.4014137983322144, 4.280213832855225, -0.0009011736256070435
n,-1.4066308736801147, 4.278501510620117, 0.0022046423982828856
n,-1.4041508436203003, 4.2793169021606445, 0.0
n,4.280895709991455, 1.3993302583694458, 0.0
n,4.28010892868042, 1.401735544204712, 0.000306924048345536
n,4.281409740447998, 1.3977534770965576, 0.002903527347370982
n,4.280663013458252, 1.40004301071167, 0.0002711275592446327
n,4.281539440155029, 1.3973571062088013, 0.0012437250697985291
n,4.278502464294434, 1.4066309928894043, -0.0007843425264582038
n,4.280520439147949, 1.400477647781372, 0.0
n,4.280519962310791, 1.4004775285720825, 0.0
n,4.278500556945801, 1.4066301584243774, -0.0044080461375415325
u,0.5891193747520447, 0.4578661024570465, 0
u,0.0, 0.33330169320106506, 0
u,0.5891193747520447, 0.33330169320106506, 0
u,0.0, 0.0, 0
u,0.0, 0.0, 0
u,0.0, 0.0, 0
u,0.7180390954017639, 0.7622131109237671, 0
u,0.7182170748710632, 0.7975127100944519, 0
u,0.6772922277450562, 0.7927479147911072, 0
u,0.7524104714393616, 0.6734294891357422, 0
u,0.7562652230262756, 0.6691309809684753, 0
u,0.7584720849990845, 0.7740026116371155, 0
u,0.687466025352478, 0.8140426278114319, 0
u,0.6772922277450562, 0.7927479147911072, 0
u,0.692979097366333, 0.8149279952049255, 0
u,0.6044455766677856, 0.8473377227783203, 0
u,0.687466025352478, 0.8140426278114319, 0
u,0.6178926825523376, 0.8666418790817261, 0
u,0.6749634146690369, 0.7894551157951355, 0
u,0.6715049743652344, 0.7914751172065735, 0
u,0.6746891736984253, 0.7890673875808716, 0
u,0.6189547777175903, 0.8846595883369446, 0
u,0.6235924959182739, 0.9942991137504578, 0
u,0.571227490901947, 0.9202002882957458, 0
u,0.6235924959182739, 0.9942991137504578, 0
u,0.6710758209228516, 0.9584072828292847, 0
u,0.6765881180763245, 0.9592937231063843, 0
u,0.7162066102027893, 0.6721311211585999, 0
u,0.7180390954017639, 0.7622131109237671, 0
u,0.7123433947563171, 0.6761593818664551, 0
u,0.6673160195350647, 0.7198529839515686, 0
u,0.5627251267433167, 0.6887667775154114, 0
u,0.665718674659729, 0.6789495944976807, 0
u,0.7123433947563171, 0.6761593818664551, 0
u,0.7140523195266724, 0.7601627111434937, 0
u,0.705872118473053, 0.7182468771934509, 0
u,0.6472145915031433, 0.810249388217926, 0
u,0.6021398901939392, 0.8440275192260742, 0
u,0.5956307053565979, 0.7979406118392944, 0
u,0.6673160195350647, 0.7198529839515686, 0
u,0.7042747735977173, 0.6773434281349182, 0
u,0.705872118473053, 0.7182468771934509, 0
u,0.5956307053565979, 0.7979406118392944, 0
u,0.5627251267433167, 0.6887667775154114, 0
u,0.6239874958992004, 0.7768524885177612, 0
u,0.6265196204185486, 0.8790264129638672, 0
u,0.4902153015136719, 0.8220896124839783, 0
u,0.5538343787193298, 0.7746813893318176, 0
u,0.5214868187904358, 0.6405045986175537, 0
u,0.4902153015136719, 0.6528339982032776, 0
u,0.4902153015136719, 0.6405045986175537, 0
u,0.5214868187904358, 0.6528339982032776, 0
u,0.5613116025924683, 0.6405045986175537, 0
u,0.5613116025924683, 0.6528339982032776, 0
u,0.6476076245307922, 0.6405045986175537, 0
u,0.5613116025924683, 0.6528339982032776, 0
u,0.5613116025924683, 0.6405045986175537, 0
u,0.6804155111312866, 0.6528339982032776, 0
u,0.6476076245307922, 0.6405045986175537, 0
u,0.6804155111312866, 0.6405045986175537, 0
u,0.9245200157165527, 0.9989879131317139, 0
u,0.8859633207321167, 0.6456503868103027, 0
u,0.9245200157165527, 0.6456503868103027, 0
u,0.8859633207321167, 0.6456503868103027, 0
u,0.8026803731918335, 0.9989879131317139, 0
u,0.8026803731918335, 0.6456503868103027, 0
u,0.7602739930152893, 0.6456503868103027, 0
u,0.8026803731918335, 0.9989879131317139, 0
u,0.7602739930152893, 0.9989879131317139, 0
u,0.9245200157165527, 0.9989879131317139, 0
u,0.9518535733222961, 0.6456503868103027, 0
u,0.9518535733222961, 0.9989879131317139, 0
u,0.9254704713821411, 0.12006770074367523, 0
u,0.9397510886192322, 0.23824459314346313, 0
u,0.93561190366745, 0.23824459314346313, 0
u,0.9254704713821411, 0.12006770074367523, 0
u,0.8405088186264038, 0.6437246799468994, 0
u,0.8405088186264038, 0.12006770074367523, 0
u,0.4902153015136719, 0.6386638879776001, 0
u,0.5736693143844604, 0.6254935264587402, 0
u,0.5736693143844604, 0.6386638879776001, 0
u,0.595594584941864, 0.6254935264587402, 0
u,0.5736693143844604, 0.6386638879776001, 0
u,0.5736693143844604, 0.6254935264587402, 0
u,0.4944514036178589, 0.6227027177810669, 0
u,0.4940052926540375, 0.615384578704834, 0
u,0.4944514036178589, 0.615384578704834, 0
u,0.4940052926540375, 0.615384578704834, 0
u,0.4902153015136719, 0.6227027177810669, 0
u,0.4902153015136719, 0.615384578704834, 0
u,0.49706459045410156, 0.6150978803634644, 0
u,0.49749770760536194, 0.6224697232246399, 0
u,0.49706459045410156, 0.6224697232246399, 0
u,0.4902153015136719, 0.6548439860343933, 0
u,0.5761573910713196, 0.6680161952972412, 0
u,0.4902153015136719, 0.6680161952972412, 0
u,0.5761573910713196, 0.6680161952972412, 0
u,0.6331179141998291, 0.6548439860343933, 0
u,0.6331179141998291, 0.6680161952972412, 0
u,0.7186552286148071, 0.6548439860343933, 0
u,0.6331179141998291, 0.6680161952972412, 0
u,0.6331179141998291, 0.6548439860343933, 0
u,0.0, 0.09331700205802917, 0
u,0.519683301448822, 0.16006900370121002, 0
u,0.0, 0.16006900370121002, 0
u,0.0, 0.0010121000232174993, 0
u,0.519683301448822, 0.09331700205802917, 0
u,0.0, 0.09331700205802917, 0
u,0.519683301448822, 0.25284838676452637, 0
u,0.0, 0.16006900370121002, 0
u,0.519683301448822, 0.16006900370121002, 0
u,0.3702217936515808, 0.9998422265052795, 0
u,0.19624799489974976, 0.9998422265052795, 0
u,0.19624799489974976, 0.6463907957077026, 0
u,0.4885393977165222, 0.9998422265052795, 0
u,0.3702217936515808, 0.5384616255760193, 0
u,0.4885393977165222, 0.5384616255760193, 0
u,0.18418149650096893, 0.6463907957077026, 0
u,0.18418149650096893, 0.6575636267662048, 0
u,0.11523730307817459, 0.6575636267662048, 0
u,0.0, 0.5384616255760193, 0
u,0.11523730307817459, 0.5384616255760193, 0
u,0.07066039741039276, 0.5433775186538696, 0
u,0.9584035873413086, 0.250864714384079, 0
u,0.9584035873413086, 0.2546522915363312, 0
u,0.9530333280563354, 0.3010044991970062, 0
u,0.9530333280563354, 0.3010044991970062, 0
u,0.9652385711669922, 0.37900638580322266, 0
u,0.9530333280563354, 0.37900638580322266, 0
u,0.9652385711669922, 0.5325530171394348, 0
u,0.9530333280563354, 0.37900638580322266, 0
u,0.9652385711669922, 0.38680389523506165, 0
u,0.9530333280563354, 0.7176113128662109, 0
u,0.9652385711669922, 0.585842490196228, 0
u,0.9652385711669922, 0.7176113128662109, 0
u,0.655437707901001, 0.5361369252204895, 0
u,0.6872503161430359, 0.39979758858680725, 0
u,0.6872503161430359, 0.5361369252204895, 0
u,0.7198771238327026, 0.39979758858680725, 0
u,0.6872503161430359, 0.5361369252204895, 0
u,0.6872503161430359, 0.39979758858680725, 0
u,0.6228107810020447, 0.5361369252204895, 0
u,0.590998113155365, 0.39979758858680725, 0
u,0.6228107810020447, 0.39979758858680725, 0
u,0.655437707901001, 0.5361369252204895, 0
u,0.6228107810020447, 0.39979758858680725, 0
u,0.655437707901001, 0.39979758858680725, 0
u,0.9982712268829346, 0.963301420211792, 0
u,0.9530333280563354, 0.998202383518219, 0
u,0.9530333280563354, 0.963301420211792, 0
u,0.9530333280563354, 0.7186235189437866, 0
u,0.9982712268829346, 0.8235039710998535, 0
u,0.9530333280563354, 0.8235039710998535, 0
u,0.9530333280563354, 0.8235039710998535, 0
u,0.9982712268829346, 0.8584210276603699, 0
u,0.9530333280563354, 0.8584210276603699, 0
u,0.9530333280563354, 0.8584210276603699, 0
u,0.9982712268829346, 0.963301420211792, 0
u,0.9530333280563354, 0.963301420211792, 0
u,0.06317219883203506, 0.4693180024623871, 0
u,0.0, 0.5364372730255127, 0
u,0.0, 0.4578661024570465, 0
u,0.0, 0.2547324001789093, 0
u,0.0687761977314949, 0.26407289505004883, 0
u,0.0687761977314949, 0.32300299406051636, 0
u,0.7211350202560425, 0.049268800765275955, 0
u,0.8386284708976746, 0.049268800765275955, 0
u,0.7605441212654114, 0.11301329731941223, 0
u,0.5891193747520447, 0.4578661024570465, 0
u,0.0, 0.4578661024570465, 0
u,0.0, 0.33330169320106506, 0
u,0.0, 0.0, 0
u,0.0, 0.0, 0
u,0.0, 0.0, 0
u,0.0, 0.0, 0
u,0.0, 0.0, 0
u,0.0, 0.0, 0
u,0.0, 0.0, 0
u,0.0, 0.0, 0
u,0.0, 0.0, 0
u,0.0, 0.0, 0
u,0.0, 0.0, 0
u,0.0, 0.0, 0
u,0.0, 0.0, 0
u,0.0, 0.0, 0
u,0.0, 0.0, 0
u,0.0, 0.0, 0
u,0.0, 0.0, 0
u,0.0, 0.0, 0
u,0.0, 0.0, 0
u,0.0, 0.0, 0
u,0.0, 0.0, 0
u,0.0, 0.0, 0
u,0.0, 0.0, 0
u,0.0, 0.0, 0
u,0.0, 0.0, 0
u,0.0, 0.0, 0
u,0.0, 0.0, 0
u,0.0, 0.0, 0
u,0.0, 0.0, 0
u,0.0, 0.0, 0
u,0.0, 0.0, 0
u,0.0, 0.0, 0
u,0.0, 0.0, 0
u,0.0, 0.0, 0
u,0.0, 0.0, 0
u,0.0, 0.0, 0
u,0.0, 0.0, 0
u,0.0, 0.0, 0
u,0.0, 0.0, 0
u,0.7162734866142273, 0.6754236817359924, 0
u,0.7524104714393616, 0.6734294891357422, 0
u,0.7180390954017639, 0.7622131109237671, 0
u,0.7524104714393616, 0.6734294891357422, 0
u,0.7544819712638855, 0.7718694806098938, 0
u,0.7180390954017639, 0.7622131109237671, 0
u,0.7544819712638855, 0.7718694806098938, 0
u,0.7182170748710632, 0.7975127100944519, 0
u,0.7180390954017639, 0.7622131109237671, 0
u,0.7182170748710632, 0.7975127100944519, 0
u,0.6840324997901917, 0.8022781014442444, 0
u,0.6772922277450562, 0.7927479147911072, 0
u,0.7195929884910583, 0.8012228012084961, 0
u,0.686625599861145, 0.8059446215629578, 0
u,0.7182170748710632, 0.7975127100944519, 0
u,0.686625599861145, 0.8059446215629578, 0
u,0.6840324997901917, 0.8022781014442444, 0
u,0.7182170748710632, 0.7975127100944519, 0
u,0.7162066102027893, 0.6721311211585999, 0
u,0.7047038078308105, 0.6719765067100525, 0
u,0.7562652230262756, 0.6691309809684753, 0
u,0.7524104714393616, 0.6734294891357422, 0
u,0.7162734866142273, 0.6754236817359924, 0
u,0.7162066102027893, 0.6721311211585999, 0
u,0.7195929884910583, 0.8012228012084961, 0
u,0.7182170748710632, 0.7975127100944519, 0
u,0.7544819712638855, 0.7718694806098938, 0
u,0.7524104714393616, 0.6734294891357422, 0
u,0.7162066102027893, 0.6721311211585999, 0
u,0.7562652230262756, 0.6691309809684753, 0
u,0.7584720849990845, 0.7740026116371155, 0
u,0.7195929884910583, 0.8012228012084961, 0
u,0.7544819712638855, 0.7718694806098938, 0
u,0.7544819712638855, 0.7718694806098938, 0
u,0.7524104714393616, 0.6734294891357422, 0
u,0.7584720849990845, 0.7740026116371155, 0
u,0.692979097366333, 0.8149279952049255, 0
u,0.6201986074447632, 0.8699520826339722, 0
u,0.687466025352478, 0.8140426278114319, 0
u,0.6201986074447632, 0.8699520826339722, 0
u,0.6178926825523376, 0.8666418790817261, 0
u,0.687466025352478, 0.8140426278114319, 0
u,0.687466025352478, 0.8140426278114319, 0
u,0.6740980744361877, 0.7951415181159973, 0
u,0.6772922277450562, 0.7927479147911072, 0
u,0.6044455766677856, 0.8473377227783203, 0
u,0.6740980744361877, 0.7951415181159973, 0
u,0.687466025352478, 0.8140426278114319, 0
u,0.6749634146690369, 0.7894551157951355, 0
u,0.6717692017555237, 0.7918487191200256, 0
u,0.6715049743652344, 0.7914751172065735, 0
u,0.6189547777175903, 0.8846595883369446, 0
u,0.6710758209228516, 0.9584072828292847, 0
u,0.6235924959182739, 0.9942991137504578, 0
u,0.6710758209228516, 0.9584072828292847, 0
u,0.6189547777175903, 0.8846595883369446, 0
u,0.6221559047698975, 0.8822758793830872, 0
u,0.6227356195449829, 1.0, 0
u,0.5680264234542847, 0.9225841164588928, 0
u,0.6235924959182739, 0.9942991137504578, 0
u,0.5680264234542847, 0.9225841164588928, 0
u,0.571227490901947, 0.9202002882957458, 0
u,0.6235924959182739, 0.9942991137504578, 0
u,0.6710758209228516, 0.9584072828292847, 0
u,0.6221559047698975, 0.8822758793830872, 0
u,0.6765881180763245, 0.9592937231063843, 0
u,0.6227356195449829, 1.0, 0
u,0.6235924959182739, 0.9942991137504578, 0
u,0.6765881180763245, 0.9592937231063843, 0
u,0.4969745874404907, 0.673265278339386, 0
u,0.4994877874851227, 0.8151798248291016, 0
u,0.4955942928791046, 0.8180810809135437, 0
u,0.7180390954017639, 0.7622131109237671, 0
u,0.6044455766677856, 0.8473377227783203, 0
u,0.7140523195266724, 0.7601627111434937, 0
u,0.6044455766677856, 0.8473377227783203, 0
u,0.6021398901939392, 0.8440275192260742, 0
u,0.7140523195266724, 0.7601627111434937, 0
u,0.4969745874404907, 0.673265278339386, 0
u,0.4955942928791046, 0.8180810809135437, 0
u,0.4929564893245697, 0.6691309809684753, 0
u,0.7180390954017639, 0.7622131109237671, 0
u,0.7140523195266724, 0.7601627111434937, 0
u,0.7123433947563171, 0.6761593818664551, 0
u,0.7123433947563171, 0.6761593818664551, 0
u,0.4969745874404907, 0.673265278339386, 0
u,0.7162066102027893, 0.6721311211585999, 0
u,0.4969745874404907, 0.673265278339386, 0
u,0.4929564893245697, 0.6691309809684753, 0
u,0.7162066102027893, 0.6721311211585999, 0
u,0.7076951265335083, 0.7649266123771667, 0
u,0.6749634146690369, 0.7894551157951355, 0
u,0.6746891736984253, 0.7890673875808716, 0
u,0.6715049743652344, 0.7914751172065735, 0
u,0.6717692017555237, 0.7918487191200256, 0
u,0.6472145915031433, 0.810249388217926, 0
u,0.705872118473053, 0.7182468771934509, 0
u,0.7076951265335083, 0.7649266123771667, 0
u,0.6673160195350647, 0.7198529839515686, 0
u,0.7076951265335083, 0.7649266123771667, 0
u,0.6746891736984253, 0.7890673875808716, 0
u,0.6673160195350647, 0.7198529839515686, 0
u,0.6715049743652344, 0.7914751172065735, 0
u,0.6472145915031433, 0.810249388217926, 0
u,0.6239874958992004, 0.7768524885177612, 0
u,0.6746891736984253, 0.7890673875808716, 0
u,0.6715049743652344, 0.7914751172065735, 0
u,0.6239874958992004, 0.7768524885177612, 0
u,0.6673160195350647, 0.7198529839515686, 0
u,0.6746891736984253, 0.7890673875808716, 0
u,0.6239874958992004, 0.7768524885177612, 0
u,0.6239874958992004, 0.7768524885177612, 0
u,0.5627251267433167, 0.6887667775154114, 0
u,0.6673160195350647, 0.7198529839515686, 0
u,0.5524625778198242, 0.6740109920501709, 0
u,0.7042242884635925, 0.6760503053665161, 0
u,0.665718674659729, 0.6789495944976807, 0
u,0.7042242884635925, 0.6760503053665161, 0
u,0.7042747735977173, 0.6773434281349182, 0
u,0.665718674659729, 0.6789495944976807, 0
u,0.5627251267433167, 0.6887667775154114, 0
u,0.5524625778198242, 0.6740109920501709, 0
u,0.665718674659729, 0.6789495944976807, 0
u,0.7140523195266724, 0.7601627111434937, 0
u,0.7076951265335083, 0.7649266123771667, 0
u,0.705872118473053, 0.7182468771934509, 0
u,0.705872118473053, 0.7182468771934509, 0
u,0.7042747735977173, 0.6773434281349182, 0
u,0.7123433947563171, 0.6761593818664551, 0
u,0.7042747735977173, 0.6773434281349182, 0
u,0.7042242884635925, 0.6760503053665161, 0
u,0.7123433947563171, 0.6761593818664551, 0
u,0.5538343787193298, 0.7746813893318176, 0
u,0.4994877874851227, 0.8151798248291016, 0
u,0.5343812108039856, 0.7098451256752014, 0
u,0.4994877874851227, 0.8151798248291016, 0
u,0.4969745874404907, 0.673265278339386, 0
u,0.5343812108039856, 0.7098451256752014, 0
u,0.4969745874404907, 0.673265278339386, 0
u,0.5524625778198242, 0.6740109920501709, 0
u,0.5343812108039856, 0.7098451256752014, 0
u,0.5524625778198242, 0.6740109920501709, 0
u,0.5627251267433167, 0.6887667775154114, 0
u,0.5343812108039856, 0.7098451256752014, 0
u,0.6021398901939392, 0.8440275192260742, 0
u,0.5538343787193298, 0.7746813893318176, 0
u,0.5956307053565979, 0.7979406118392944, 0
u,0.5956307053565979, 0.7979406118392944, 0
u,0.5538343787193298, 0.7746813893318176, 0
u,0.5343812108039856, 0.7098451256752014, 0
u,0.6239874958992004, 0.7768524885177612, 0
u,0.6472145915031433, 0.810249388217926, 0
u,0.5956307053565979, 0.7979406118392944, 0
u,0.6673160195350647, 0.7198529839515686, 0
u,0.665718674659729, 0.6789495944976807, 0
u,0.7042747735977173, 0.6773434281349182, 0
u,0.5956307053565979, 0.7979406118392944, 0
u,0.5343812108039856, 0.7098451256752014, 0
u,0.5627251267433167, 0.6887667775154114, 0
u,0.6265196204185486, 0.8790264129638672, 0
u,0.5628867149353027, 0.926411509513855, 0
u,0.4902153015136719, 0.8220896124839783, 0
u,0.5214868187904358, 0.6405045986175537, 0
u,0.5214868187904358, 0.6528339982032776, 0
u,0.4902153015136719, 0.6528339982032776, 0
u,0.5214868187904358, 0.6528339982032776, 0
u,0.5214868187904358, 0.6405045986175537, 0
u,0.5613116025924683, 0.6405045986175537, 0
u,0.6476076245307922, 0.6405045986175537, 0
u,0.6476076245307922, 0.6528339982032776, 0
u,0.5613116025924683, 0.6528339982032776, 0
u,0.6804155111312866, 0.6528339982032776, 0
u,0.6476076245307922, 0.6528339982032776, 0
u,0.6476076245307922, 0.6405045986175537, 0
u,0.9245200157165527, 0.9989879131317139, 0
u,0.8859633207321167, 0.9989879131317139, 0
u,0.8859633207321167, 0.6456503868103027, 0
u,0.8859633207321167, 0.6456503868103027, 0
u,0.8859633207321167, 0.9989879131317139, 0
u,0.8026803731918335, 0.9989879131317139, 0
u,0.7602739930152893, 0.6456503868103027, 0
u,0.8026803731918335, 0.6456503868103027, 0
u,0.8026803731918335, 0.9989879131317139, 0
u,0.9245200157165527, 0.9989879131317139, 0
u,0.9245200157165527, 0.6456503868103027, 0
u,0.9518535733222961, 0.6456503868103027, 0
u,0.93561190366745, 0.6437246799468994, 0
u,0.9254704713821411, 0.6437246799468994, 0
u,0.93561190366745, 0.23824459314346313, 0
u,0.9254704713821411, 0.6437246799468994, 0
u,0.9254704713821411, 0.12006770074367523, 0
u,0.93561190366745, 0.23824459314346313, 0
u,0.9254704713821411, 0.12006770074367523, 0
u,0.950509786605835, 0.12006770074367523, 0
u,0.9397510886192322, 0.23824459314346313, 0
u,0.950509786605835, 0.12006770074367523, 0
u,0.950509786605835, 0.2510620057582855, 0
u,0.9397510886192322, 0.23824459314346313, 0
u,0.950509786605835, 0.2510620057582855, 0
u,0.9397510886192322, 0.2510620057582855, 0
u,0.9397510886192322, 0.23824459314346313, 0
u,0.9254704713821411, 0.12006770074367523, 0
u,0.9254704713821411, 0.6437246799468994, 0
u,0.8405088186264038, 0.6437246799468994, 0
u,0.4902153015136719, 0.6386638879776001, 0
u,0.4902153015136719, 0.6254935264587402, 0
u,0.5736693143844604, 0.6254935264587402, 0
u,0.595594584941864, 0.6254935264587402, 0
u,0.595594584941864, 0.6386638879776001, 0
u,0.5736693143844604, 0.6386638879776001, 0
u,0.4944514036178589, 0.6227027177810669, 0
u,0.4940052926540375, 0.6227027177810669, 0
u,0.4940052926540375, 0.615384578704834, 0
u,0.4940052926540375, 0.615384578704834, 0
u,0.4940052926540375, 0.6227027177810669, 0
u,0.4902153015136719, 0.6227027177810669, 0
u,0.49706459045410156, 0.6150978803634644, 0
u,0.49749770760536194, 0.6150978803634644, 0
u,0.49749770760536194, 0.6224697232246399, 0
u,0.4902153015136719, 0.6548439860343933, 0
u,0.5761573910713196, 0.6548439860343933, 0
u,0.5761573910713196, 0.6680161952972412, 0
u,0.5761573910713196, 0.6680161952972412, 0
u,0.5761573910713196, 0.6548439860343933, 0
u,0.6331179141998291, 0.6548439860343933, 0
u,0.7186552286148071, 0.6548439860343933, 0
u,0.7186552286148071, 0.6680161952972412, 0
u,0.6331179141998291, 0.6680161952972412, 0
u,0.0, 0.09331700205802917, 0
u,0.519683301448822, 0.09331700205802917, 0
u,0.519683301448822, 0.16006900370121002, 0
u,0.0, 0.0010121000232174993, 0
u,0.519683301448822, 0.0010121000232174993, 0
u,0.519683301448822, 0.09331700205802917, 0
u,0.519683301448822, 0.25284838676452637, 0
u,0.0, 0.25284838676452637, 0
u,0.0, 0.16006900370121002, 0
u,0.18679720163345337, 0.6463907957077026, 0
u,0.18679720163345337, 0.5384616255760193, 0
u,0.19624799489974976, 0.6463907957077026, 0
u,0.18679720163345337, 0.5384616255760193, 0
u,0.3702217936515808, 0.5384616255760193, 0
u,0.19624799489974976, 0.6463907957077026, 0
u,0.3702217936515808, 0.5384616255760193, 0
u,0.3702217936515808, 0.9998422265052795, 0
u,0.19624799489974976, 0.6463907957077026, 0
u,0.4885393977165222, 0.9998422265052795, 0
u,0.3702217936515808, 0.9998422265052795, 0
u,0.3702217936515808, 0.5384616255760193, 0
u,0.11523730307817459, 0.6575636267662048, 0
u,0.11523730307817459, 0.5384616255760193, 0
u,0.18418149650096893, 0.6463907957077026, 0
u,0.11523730307817459, 0.5384616255760193, 0
u,0.18679720163345337, 0.5384616255760193, 0
u,0.18418149650096893, 0.6463907957077026, 0
u,0.18679720163345337, 0.5384616255760193, 0
u,0.18679720163345337, 0.6463907957077026, 0
u,0.18418149650096893, 0.6463907957077026, 0
u,0.07066039741039276, 0.5433775186538696, 0
u,0.07066039741039276, 0.554550290107727, 0
u,0.0, 0.554550290107727, 0
u,0.11523730307817459, 0.5384616255760193, 0
u,0.11523730307817459, 0.6575636267662048, 0
u,0.07390079647302628, 0.5433775186538696, 0
u,0.11523730307817459, 0.6575636267662048, 0
u,0.07390079647302628, 0.6575636267662048, 0
u,0.07390079647302628, 0.5433775186538696, 0
u,0.07066039741039276, 0.5433775186538696, 0
u,0.0, 0.554550290107727, 0
u,0.0, 0.5384616255760193, 0
u,0.11523730307817459, 0.5384616255760193, 0
u,0.07390079647302628, 0.5433775186538696, 0
u,0.07066039741039276, 0.5433775186538696, 0
u,0.9584035873413086, 0.2546522915363312, 0
u,0.9652385711669922, 0.2546522915363312, 0
u,0.9652385711669922, 0.29346609115600586, 0
u,0.9652385711669922, 0.29346609115600586, 0
u,0.9652385711669922, 0.3010044991970062, 0
u,0.9530333280563354, 0.3010044991970062, 0
u,0.9530333280563354, 0.3010044991970062, 0
u,0.9530333280563354, 0.16829709708690643, 0
u,0.9584035873413086, 0.250864714384079, 0
u,0.9530333280563354, 0.16829709708690643, 0
u,0.9652385711669922, 0.16829709708690643, 0
u,0.9652385711669922, 0.2217472940683365, 0
u,0.9584035873413086, 0.250864714384079, 0
u,0.9530333280563354, 0.16829709708690643, 0
u,0.9652385711669922, 0.2217472940683365, 0
u,0.9652385711669922, 0.2217472940683365, 0
u,0.9652385711669922, 0.250864714384079, 0
u,0.9584035873413086, 0.250864714384079, 0
u,0.9584035873413086, 0.2546522915363312, 0
u,0.9652385711669922, 0.29346609115600586, 0
u,0.9530333280563354, 0.3010044991970062, 0
u,0.9530333280563354, 0.3010044991970062, 0
u,0.9652385711669922, 0.3010044991970062, 0
u,0.9652385711669922, 0.37900638580322266, 0
u,0.9652385711669922, 0.5325530171394348, 0
u,0.9652385711669922, 0.585842490196228, 0
u,0.9530333280563354, 0.585842490196228, 0
u,0.9530333280563354, 0.585842490196228, 0
u,0.9530333280563354, 0.37900638580322266, 0
u,0.9652385711669922, 0.5325530171394348, 0
u,0.9530333280563354, 0.37900638580322266, 0
u,0.9652385711669922, 0.37900638580322266, 0
u,0.9652385711669922, 0.38680389523506165, 0
u,0.9530333280563354, 0.7176113128662109, 0
u,0.9530333280563354, 0.585842490196228, 0
u,0.9652385711669922, 0.585842490196228, 0
u,0.655437707901001, 0.5361369252204895, 0
u,0.655437707901001, 0.39979758858680725, 0
u,0.6872503161430359, 0.39979758858680725, 0
u,0.7198771238327026, 0.39979758858680725, 0
u,0.7198771238327026, 0.5361369252204895, 0
u,0.6872503161430359, 0.5361369252204895, 0
u,0.6228107810020447, 0.5361369252204895, 0
u,0.590998113155365, 0.5361369252204895, 0
u,0.590998113155365, 0.39979758858680725, 0
u,0.655437707901001, 0.5361369252204895, 0
u,0.6228107810020447, 0.5361369252204895, 0
u,0.6228107810020447, 0.39979758858680725, 0
u,0.9982712268829346, 0.963301420211792, 0
u,0.9982712268829346, 0.998202383518219, 0
u,0.9530333280563354, 0.998202383518219, 0
u,0.9530333280563354, 0.7186235189437866, 0
u,0.9982712268829346, 0.7186235189437866, 0
u,0.9982712268829346, 0.8235039710998535, 0
u,0.9530333280563354, 0.8235039710998535, 0
u,0.9982712268829346, 0.8235039710998535, 0
u,0.9982712268829346, 0.8584210276603699, 0
u,0.9530333280563354, 0.8584210276603699, 0
u,0.9982712268829346, 0.8584210276603699, 0
u,0.9982712268829346, 0.963301420211792, 0
u,0.5891193747520447, 0.4578661024570465, 0
u,0.5891193747520447, 0.46450939774513245, 0
u,0.06317219883203506, 0.46450939774513245, 0
u,0.06317219883203506, 0.4693180024623871, 0
u,0.0759086012840271, 0.4693180024623871, 0
u,0.0759086012840271, 0.5364372730255127, 0
u,0.0, 0.4578661024570465, 0
u,0.5891193747520447, 0.4578661024570465, 0
u,0.06317219883203506, 0.46450939774513245, 0
u,0.06317219883203506, 0.4693180024623871, 0
u,0.0759086012840271, 0.5364372730255127, 0
u,0.0, 0.5364372730255127, 0
u,0.0, 0.4578661024570465, 0
u,0.06317219883203506, 0.46450939774513245, 0
u,0.06317219883203506, 0.4693180024623871, 0
u,0.0687761977314949, 0.32695549726486206, 0
u,0.5891193747520447, 0.32695549726486206, 0
u,0.5891193747520447, 0.33330169320106506, 0
u,0.0, 0.2547324001789093, 0
u,0.5891193747520447, 0.2547324001789093, 0
u,0.0687761977314949, 0.2601203918457031, 0
u,0.5891193747520447, 0.2547324001789093, 0
u,0.5891193747520447, 0.2601203918457031, 0
u,0.0687761977314949, 0.2601203918457031, 0
u,0.0687761977314949, 0.32695549726486206, 0
u,0.5891193747520447, 0.33330169320106506, 0
u,0.0, 0.33330169320106506, 0
u,0.08151260018348694, 0.26407289505004883, 0
u,0.08151260018348694, 0.32300299406051636, 0
u,0.0687761977314949, 0.32300299406051636, 0
u,0.0687761977314949, 0.32300299406051636, 0
u,0.0687761977314949, 0.32695549726486206, 0
u,0.0, 0.33330169320106506, 0
u,0.0, 0.33330169320106506, 0
u,0.0, 0.2547324001789093, 0
u,0.0687761977314949, 0.32300299406051636, 0
u,0.0, 0.2547324001789093, 0
u,0.0687761977314949, 0.2601203918457031, 0
u,0.0687761977314949, 0.26407289505004883, 0
u,0.0687761977314949, 0.26407289505004883, 0
u,0.08151260018348694, 0.26407289505004883, 0
u,0.0687761977314949, 0.32300299406051636, 0
u,0.7568168044090271, 0.13151979446411133, 0
u,0.7350800037384033, 0.13151979446411133, 0
u,0.7350800037384033, 0.1186681017279625, 0
u,0.731352686882019, 0.1186681017279625, 0
u,0.731352686882019, 0.6437246799468994, 0
u,0.7211350202560425, 0.6437246799468994, 0
u,0.7568168044090271, 0.11301329731941223, 0
u,0.7568168044090271, 0.13151979446411133, 0
u,0.7350800037384033, 0.1186681017279625, 0
u,0.731352686882019, 0.1186681017279625, 0
u,0.7211350202560425, 0.6437246799468994, 0
u,0.7211350202560425, 0.049268800765275955, 0
u,0.7568168044090271, 0.11301329731941223, 0
u,0.7350800037384033, 0.1186681017279625, 0
u,0.7211350202560425, 0.049268800765275955, 0
u,0.7350800037384033, 0.1186681017279625, 0
u,0.731352686882019, 0.1186681017279625, 0
u,0.7211350202560425, 0.049268800765275955, 0
u,0.8386284708976746, 0.12586499750614166, 0
u,0.7605441212654114, 0.12586499750614166, 0
u,0.7605441212654114, 0.11301329731941223, 0
u,0.8386284708976746, 0.049268800765275955, 0
u,0.8386284708976746, 0.12586499750614166, 0
u,0.7605441212654114, 0.11301329731941223, 0
u,0.7605441212654114, 0.11301329731941223, 0
u,0.7568168044090271, 0.11301329731941223, 0
u,0.7211350202560425, 0.049268800765275955, 0
