s,51.028564453125, 203.4814453125, -0.7759594917297363
b,53.5263671875, 205.8623046875, 1.107377052307129
v,53.193603515625, 203.4814453125, 1.1071176528930664
v,51.02880859375, 203.8857421875, 1.1071596145629883
v,51.02880859375, 203.8857421875, -0.7759175300598145
v,53.193603515625, 203.4814453125, -0.7759594917297363
v,53.5263671875, 205.0126953125, -0.7757916450500488
v,53.193359375, 203.4814453125, -0.7759594917297363
v,51.028564453125, 203.8857421875, -0.7759175300598145
v,51.373291015625, 205.8623046875, -0.775700569152832
v,51.028564453125, 203.8857421875, 1.1071596145629883
v,53.193359375, 203.4814453125, 1.1071176528930664
v,53.5263671875, 205.0126953125, 1.107285976409912
v,51.373046875, 205.8623046875, 1.107377052307129
v,51.373046875, 205.8623046875, 1.107377052307129
v,53.5263671875, 205.0126953125, 1.107285976409912
v,53.5263671875, 205.0126953125, -0.7757916450500488
v,51.373291015625, 205.8623046875, -0.775700569152832
v,53.5263671875, 205.0126953125, 1.107285976409912
v,53.193359375, 203.4814453125, 1.1071176528930664
v,53.193359375, 203.4814453125, -0.7759594917297363
v,53.5263671875, 205.0126953125, -0.7757916450500488
v,51.028564453125, 203.8857421875, 1.1071596145629883
v,51.373046875, 205.8623046875, 1.107377052307129
v,51.373291015625, 205.8623046875, -0.775700569152832
v,51.028564453125, 203.8857421875, -0.7759175300598145
i,0,2,3
i,4,6,7
i,8,10,11
i,13,15,12
i,17,19,16
i,20,22,23
i,0,1,2
i,4,5,6
i,8,9,10
i,13,14,15
i,17,18,19
i,20,21,22
n,-0.8265710473060608, -4.427298545837402, 0.0
n,4.63849801235483e-06, 0.0004942100495100021, -4.50379753112793
n,-4.6382488108065445e-06, -0.0004942106315866113, 4.50379753112793
n,1.6535955667495728, 4.1892499923706055, 0.000190406761248596
n,4.400846481323242, -0.9574646949768066, 0.0
n,-4.43681526184082, 0.7738630771636963, 0.0
n,-0.826570987701416, -4.427298545837402, 0.0
n,4.92505932925269e-06, 0.0004935747128911316, -4.50379753112793
n,-4.92505932925269e-06, -0.0004935747128911316, 4.50379753112793
n,1.6537398099899292, 4.189192771911621, 0.0
n,4.400846481323242, -0.9574646949768066, 0.0
n,-4.436897277832031, 0.7733907699584961, -0.0005108958575874567
u,0.8032463192939758, 1.0, 0
u,0.5320807099342346, 0.5221061706542969, 0
u,0.8032463192939758, 0.5221061706542969, 0
u,0.0, 0.0, 0
u,0.0, 0.0, 0
u,0.0, 0.0, 0
u,0.005040300078690052, 0.0, 0
u,0.28139349818229675, 0.39663541316986084, 0
u,0.0021277000196278095, 0.5082110166549683, 0
u,0.0, 1.0, 0
u,0.28503280878067017, 0.5221061706542969, 0
u,0.28503280878067017, 1.0, 0
u,0.8032463192939758, 1.0, 0
u,0.996127724647522, 0.5221061706542969, 0
u,0.996127724647522, 1.0, 0
u,0.5320807099342346, 1.0, 0
u,0.28503280878067017, 0.5221061706542969, 0
u,0.5320807099342346, 0.5221061706542969, 0
u,0.8032463192939758, 1.0, 0
u,0.5320807099342346, 1.0, 0
u,0.5320807099342346, 0.5221061706542969, 0
u,0.0, 0.0, 0
u,0.0, 0.0, 0
u,0.0, 0.0, 0
u,0.005040300078690052, 0.0, 0
u,0.27566349506378174, 0.0, 0
u,0.28139349818229675, 0.39663541316986084, 0
u,0.0, 1.0, 0
u,0.0, 0.5221061706542969, 0
u,0.28503280878067017, 0.5221061706542969, 0
u,0.8032463192939758, 1.0, 0
u,0.8032463192939758, 0.5221061706542969, 0
u,0.996127724647522, 0.5221061706542969, 0
u,0.5320807099342346, 1.0, 0
u,0.28503280878067017, 1.0, 0
u,0.28503280878067017, 0.5221061706542969, 0
