s,94.66455078125, 156.4853515625, -1.7598357200622559
b,97.9990234375, 160.240234375, 0.024682998657226562
v,95.03515625, 157.6103515625, -0.3463258743286133
v,95.012939453125, 157.6103515625, -0.3463268280029297
v,95.012939453125, 157.6103515625, -1.1201186180114746
v,95.03515625, 157.6103515625, -1.1201176643371582
v,96.053955078125, 160.240234375, -1.7595643997192383
v,97.9990234375, 159.28515625, -1.7595751285552979
v,96.600830078125, 156.4853515625, -1.7598357200622559
v,94.66455078125, 157.447265625, -1.7598240375518799
v,94.94677734375, 157.7255859375, -0.34632015228271484
v,95.001708984375, 157.6298828125, -0.3463258743286133
v,95.0126953125, 157.6103515625, -0.3463268280029297
v,95.091796875, 157.47265625, -0.34633493423461914
v,94.87548828125, 157.5791015625, -0.34633350372314453
v,95.8203125, 157.2265625, -0.3463306427001953
v,95.83154296875, 157.24609375, -0.3463292121887207
v,95.8203125, 157.2646484375, -0.3463277816772461
v,95.942138671875, 157.2646484375, -0.34632396697998047
v,95.8603515625, 157.09765625, -0.34633922576904297
v,95.5166015625, 157.265625, -0.34633731842041016
v,95.798095703125, 157.2646484375, -0.3463287353515625
v,95.787109375, 157.24609375, -0.3463301658630371
v,95.798095703125, 157.2265625, -0.3463315963745117
v,96.888427734375, 159.4541015625, -0.34612512588500977
v,96.8662109375, 159.4541015625, -0.34612560272216797
v,96.85498046875, 159.43359375, -0.3461275100708008
v,96.747314453125, 159.62109375, -0.3461165428161621
v,97.025390625, 159.4853515625, -0.3461179733276367
v,96.93359375, 159.2978515625, -0.34613561630249023
v,96.8662109375, 159.4150390625, -0.3461289405822754
v,96.888427734375, 159.4150390625, -0.346127986907959
v,96.8994140625, 159.43359375, -0.34612607955932617
v,96.10302734375, 159.8369140625, -0.34612083435058594
v,96.080810546875, 159.8369140625, -0.34612131118774414
v,96.06982421875, 159.818359375, -0.34612321853637695
v,96.014892578125, 159.9130859375, -0.3461174964904785
v,96.041015625, 159.966796875, -0.3461127281188965
v,96.747314453125, 159.62109375, -0.3461165428161621
v,96.85498046875, 159.43359375, -0.3461275100708008
v,96.8662109375, 159.4150390625, -0.3461289405822754
v,96.93359375, 159.2978515625, -0.34613561630249023
v,96.6748046875, 158.7666015625, -0.34618520736694336
v,96.080810546875, 159.798828125, -0.34612417221069336
v,96.10302734375, 159.798828125, -0.34612369537353516
v,96.114013671875, 159.818359375, -0.34612131118774414
v,95.03515625, 157.6484375, -0.34632301330566406
v,95.0126953125, 157.6484375, -0.34632396697998047
v,95.001708984375, 157.6298828125, -0.3463258743286133
v,94.94677734375, 157.7255859375, -0.34632015228271484
v,96.014892578125, 159.9130859375, -0.3461174964904785
v,96.06982421875, 159.818359375, -0.34612321853637695
v,96.080810546875, 159.798828125, -0.34612417221069336
v,96.6748046875, 158.7666015625, -0.34618520736694336
v,95.942138671875, 157.2646484375, -0.34632396697998047
v,95.8203125, 157.2646484375, -0.3463277816772461
v,95.798095703125, 157.2646484375, -0.3463287353515625
v,95.5166015625, 157.265625, -0.34633731842041016
v,95.091796875, 157.47265625, -0.34633493423461914
v,95.0126953125, 157.6103515625, -0.3463268280029297
v,95.034912109375, 157.6103515625, -0.3463258743286133
v,95.046142578125, 157.6298828125, -0.34632444381713867
v,97.432861328125, 159.4140625, -1.1199016571044922
v,96.888427734375, 159.4150390625, -1.1199193000793457
v,96.8662109375, 159.4150390625, -1.119920253753662
v,95.793212890625, 159.4169921875, -1.1199545860290527
v,94.89501953125, 157.6103515625, -1.120121955871582
v,95.0126953125, 157.6103515625, -1.1201186180114746
v,95.001708984375, 157.6298828125, -1.1201171875
v,95.0126953125, 157.6484375, -1.1201152801513672
v,95.03515625, 157.6484375, -1.120114803314209
v,95.046142578125, 157.6298828125, -1.1201157569885254
v,95.03515625, 157.6103515625, -1.1201176643371582
v,97.012451171875, 157.6083984375, -1.1200547218322754
v,97.81982421875, 159.2236328125, -1.119903564453125
v,95.8203125, 157.2646484375, -1.1201190948486328
v,95.83154296875, 157.24609375, -1.1201200485229492
v,95.8203125, 157.2265625, -1.1201224327087402
v,96.8212890625, 157.224609375, -1.1200900077819824
v,97.012451171875, 157.6083984375, -1.1200547218322754
v,95.03515625, 157.6103515625, -1.1201176643371582
v,95.0126953125, 157.6103515625, -1.1201186180114746
v,94.89501953125, 157.6103515625, -1.120121955871582
v,94.78369140625, 157.38671875, -1.1201424598693848
v,95.10546875, 157.2275390625, -1.1201448440551758
v,95.798095703125, 157.2265625, -1.1201229095458984
v,95.787109375, 157.24609375, -1.120121955871582
v,95.798095703125, 157.2646484375, -1.120119571685791
v,96.8212890625, 157.224609375, -1.1200900077819824
v,95.8203125, 157.2265625, -1.1201224327087402
v,95.798095703125, 157.2265625, -1.1201229095458984
v,95.10546875, 157.2275390625, -1.1201448440551758
v,96.4814453125, 156.544921875, -1.1201529502868652
v,96.651611328125, 159.7978515625, -1.1198973655700684
v,96.10302734375, 159.798828125, -1.1199145317077637
v,96.080810546875, 159.798828125, -1.11991548538208
v,95.983154296875, 159.798828125, -1.1199183464050293
v,95.793212890625, 159.4169921875, -1.1199545860290527
v,96.8662109375, 159.4150390625, -1.119920253753662
v,96.855224609375, 159.4345703125, -1.1199188232421875
v,96.8662109375, 159.4541015625, -1.119917392730713
v,96.888427734375, 159.4541015625, -1.1199164390563965
v,96.8994140625, 159.43359375, -1.119917869567871
v,96.888427734375, 159.4150390625, -1.1199193000793457
v,97.432861328125, 159.4140625, -1.1199016571044922
v,96.103271484375, 159.8369140625, -1.1199116706848145
v,96.1142578125, 159.818359375, -1.119913101196289
v,96.10302734375, 159.798828125, -1.1199145317077637
v,96.651611328125, 159.7978515625, -1.1198973655700684
v,96.1142578125, 160.0615234375, -1.119894027709961
v,95.983154296875, 159.798828125, -1.1199183464050293
v,96.080810546875, 159.798828125, -1.11991548538208
v,96.06982421875, 159.818359375, -1.1199145317077637
v,96.080810546875, 159.8369140625, -1.1199126243591309
v,96.1142578125, 160.0615234375, -0.9200625419616699
v,97.81982421875, 159.2236328125, -0.920072078704834
v,96.4814453125, 156.544921875, -0.920320987701416
v,96.600830078125, 156.4853515625, -0.9203219413757324
v,97.998779296875, 159.28515625, -0.9200615882873535
v,96.053955078125, 160.240234375, -0.920051097869873
v,94.66455078125, 157.4462890625, -0.9203104972839355
v,94.78369140625, 157.38671875, -0.920311450958252
v,94.87548828125, 157.5791015625, -0.2797231674194336
v,96.520751953125, 159.7314453125, 0.024682998657226562
v,96.041015625, 159.966796875, -0.27950191497802734
v,95.35205078125, 157.3466796875, 0.024461746215820312
v,96.520751953125, 159.7314453125, 0.024682998657226562
v,94.87548828125, 157.5791015625, -0.2797231674194336
v,96.520751953125, 159.7314453125, 0.024682998657226562
v,95.35205078125, 157.3466796875, 0.024461746215820312
v,97.025390625, 159.4853515625, -0.2795076370239258
v,97.025390625, 159.4853515625, -0.2795076370239258
v,95.35205078125, 157.3466796875, 0.024461746215820312
v,95.8603515625, 157.09765625, -0.27972888946533203
v,96.600830078125, 156.4853515625, -1.7598357200622559
v,96.600830078125, 156.4853515625, -0.9203219413757324
v,96.4814453125, 156.544921875, -0.920320987701416
v,96.4814453125, 156.544921875, -1.1201529502868652
v,95.10546875, 157.2275390625, -1.1201448440551758
v,94.78369140625, 157.38671875, -1.1201424598693848
v,94.78369140625, 157.38671875, -0.920311450958252
v,94.66455078125, 157.4462890625, -0.9203104972839355
v,94.66455078125, 157.447265625, -1.7598240375518799
v,96.053955078125, 160.240234375, -1.7595643997192383
v,94.66455078125, 157.447265625, -1.7598240375518799
v,94.66455078125, 157.4462890625, -0.9203104972839355
v,96.053955078125, 160.240234375, -0.920051097869873
v,97.998779296875, 159.28515625, -0.9200615882873535
v,97.9990234375, 159.28515625, -1.7595751285552979
v,96.053955078125, 160.240234375, -1.7595643997192383
v,96.053955078125, 160.240234375, -0.920051097869873
v,97.998779296875, 159.28515625, -0.9200615882873535
v,96.600830078125, 156.4853515625, -0.9203219413757324
v,96.600830078125, 156.4853515625, -1.7598357200622559
v,97.9990234375, 159.28515625, -1.7595751285552979
v,96.1142578125, 160.0615234375, -0.9200625419616699
v,94.78369140625, 157.38671875, -0.920311450958252
v,94.78369140625, 157.38671875, -1.1201424598693848
v,94.89501953125, 157.6103515625, -1.120121955871582
v,95.793212890625, 159.4169921875, -1.1199545860290527
v,95.983154296875, 159.798828125, -1.1199183464050293
v,96.1142578125, 160.0615234375, -1.119894027709961
v,97.81982421875, 159.2236328125, -0.920072078704834
v,96.1142578125, 160.0615234375, -0.9200625419616699
v,96.1142578125, 160.0615234375, -1.119894027709961
v,96.651611328125, 159.7978515625, -1.1198973655700684
v,97.432861328125, 159.4140625, -1.1199016571044922
v,97.81982421875, 159.2236328125, -1.119903564453125
v,96.4814453125, 156.544921875, -0.920320987701416
v,97.81982421875, 159.2236328125, -0.920072078704834
v,97.81982421875, 159.2236328125, -1.119903564453125
v,97.012451171875, 157.6083984375, -1.1200547218322754
v,96.8212890625, 157.224609375, -1.1200900077819824
v,96.4814453125, 156.544921875, -1.1201529502868652
v,96.8662109375, 159.4150390625, -0.3461289405822754
v,96.85498046875, 159.43359375, -0.3461275100708008
v,96.855224609375, 159.4345703125, -1.1199188232421875
v,96.8662109375, 159.4150390625, -1.119920253753662
v,96.85498046875, 159.43359375, -0.3461275100708008
v,96.8662109375, 159.4541015625, -0.34612560272216797
v,96.8662109375, 159.4541015625, -1.119917392730713
v,96.855224609375, 159.4345703125, -1.1199188232421875
v,96.8662109375, 159.4541015625, -0.34612560272216797
v,96.888427734375, 159.4541015625, -0.34612512588500977
v,96.888427734375, 159.4541015625, -1.1199164390563965
v,96.8662109375, 159.4541015625, -1.119917392730713
v,96.888427734375, 159.4541015625, -0.34612512588500977
v,96.8994140625, 159.43359375, -0.34612607955932617
v,96.8994140625, 159.43359375, -1.119917869567871
v,96.888427734375, 159.4541015625, -1.1199164390563965
v,96.8994140625, 159.43359375, -0.34612607955932617
v,96.888427734375, 159.4150390625, -0.346127986907959
v,96.888427734375, 159.4150390625, -1.1199193000793457
v,96.8994140625, 159.43359375, -1.119917869567871
v,96.888427734375, 159.4150390625, -0.346127986907959
v,96.8662109375, 159.4150390625, -0.3461289405822754
v,96.8662109375, 159.4150390625, -1.119920253753662
v,96.888427734375, 159.4150390625, -1.1199193000793457
v,95.35205078125, 157.3466796875, 0.024461746215820312
v,94.87548828125, 157.5791015625, -0.2797231674194336
v,95.8603515625, 157.09765625, -0.27972888946533203
v,96.520751953125, 159.7314453125, 0.024682998657226562
v,97.025390625, 159.4853515625, -0.2795076370239258
v,96.041015625, 159.966796875, -0.27950191497802734
v,95.8603515625, 157.09765625, -0.34633922576904297
v,95.942138671875, 157.2646484375, -0.34632396697998047
v,96.6748046875, 158.7666015625, -0.34618520736694336
v,96.93359375, 159.2978515625, -0.34613561630249023
v,97.025390625, 159.4853515625, -0.3461179733276367
v,97.025390625, 159.4853515625, -0.2795076370239258
v,95.8603515625, 157.09765625, -0.27972888946533203
v,94.87548828125, 157.5791015625, -0.34633350372314453
v,95.091796875, 157.47265625, -0.34633493423461914
v,95.5166015625, 157.265625, -0.34633731842041016
v,95.8603515625, 157.09765625, -0.34633922576904297
v,95.8603515625, 157.09765625, -0.27972888946533203
v,94.87548828125, 157.5791015625, -0.2797231674194336
v,96.041015625, 159.966796875, -0.3461127281188965
v,96.014892578125, 159.9130859375, -0.3461174964904785
v,94.94677734375, 157.7255859375, -0.34632015228271484
v,94.87548828125, 157.5791015625, -0.34633350372314453
v,94.87548828125, 157.5791015625, -0.2797231674194336
v,96.041015625, 159.966796875, -0.27950191497802734
v,97.025390625, 159.4853515625, -0.3461179733276367
v,96.747314453125, 159.62109375, -0.3461165428161621
v,96.041015625, 159.966796875, -0.3461127281188965
v,96.041015625, 159.966796875, -0.27950191497802734
v,97.025390625, 159.4853515625, -0.2795076370239258
v,95.798095703125, 157.2265625, -0.3463315963745117
v,95.787109375, 157.24609375, -0.3463301658630371
v,95.787109375, 157.24609375, -1.120121955871582
v,95.798095703125, 157.2265625, -1.1201229095458984
v,95.787109375, 157.24609375, -0.3463301658630371
v,95.798095703125, 157.2646484375, -0.3463287353515625
v,95.798095703125, 157.2646484375, -1.120119571685791
v,95.787109375, 157.24609375, -1.120121955871582
v,95.798095703125, 157.2646484375, -0.3463287353515625
v,95.8203125, 157.2646484375, -0.3463277816772461
v,95.8203125, 157.2646484375, -1.1201190948486328
v,95.798095703125, 157.2646484375, -1.120119571685791
v,95.8203125, 157.2646484375, -0.3463277816772461
v,95.83154296875, 157.24609375, -0.3463292121887207
v,95.83154296875, 157.24609375, -1.1201200485229492
v,95.8203125, 157.2646484375, -1.1201190948486328
v,95.83154296875, 157.24609375, -0.3463292121887207
v,95.8203125, 157.2265625, -0.3463306427001953
v,95.8203125, 157.2265625, -1.1201224327087402
v,95.83154296875, 157.24609375, -1.1201200485229492
v,95.8203125, 157.2265625, -0.3463306427001953
v,95.798095703125, 157.2265625, -0.3463315963745117
v,95.798095703125, 157.2265625, -1.1201229095458984
v,95.8203125, 157.2265625, -1.1201224327087402
v,95.0126953125, 157.6103515625, -0.3463268280029297
v,95.001708984375, 157.6298828125, -0.3463258743286133
v,95.001708984375, 157.6298828125, -1.1201171875
v,95.0126953125, 157.6103515625, -1.1201186180114746
v,95.001708984375, 157.6298828125, -0.3463258743286133
v,95.0126953125, 157.6484375, -0.34632396697998047
v,95.0126953125, 157.6484375, -1.1201152801513672
v,95.001708984375, 157.6298828125, -1.1201171875
v,95.0126953125, 157.6484375, -0.34632396697998047
v,95.03515625, 157.6484375, -0.34632301330566406
v,95.03515625, 157.6484375, -1.120114803314209
v,95.0126953125, 157.6484375, -1.1201152801513672
v,95.03515625, 157.6484375, -0.34632301330566406
v,95.046142578125, 157.6298828125, -0.34632444381713867
v,95.046142578125, 157.6298828125, -1.1201157569885254
v,95.03515625, 157.6484375, -1.120114803314209
v,95.046142578125, 157.6298828125, -0.34632444381713867
v,95.034912109375, 157.6103515625, -0.3463258743286133
v,95.03515625, 157.6103515625, -1.1201176643371582
v,95.046142578125, 157.6298828125, -1.1201157569885254
v,96.080810546875, 159.798828125, -0.34612417221069336
v,96.06982421875, 159.818359375, -0.34612321853637695
v,96.06982421875, 159.818359375, -1.1199145317077637
v,96.080810546875, 159.798828125, -1.11991548538208
v,96.06982421875, 159.818359375, -0.34612321853637695
v,96.080810546875, 159.8369140625, -0.34612131118774414
v,96.080810546875, 159.8369140625, -1.1199126243591309
v,96.06982421875, 159.818359375, -1.1199145317077637
v,96.080810546875, 159.8369140625, -0.34612131118774414
v,96.10302734375, 159.8369140625, -0.34612083435058594
v,96.103271484375, 159.8369140625, -1.1199116706848145
v,96.080810546875, 159.8369140625, -1.1199126243591309
v,96.10302734375, 159.8369140625, -0.34612083435058594
v,96.114013671875, 159.818359375, -0.34612131118774414
v,96.1142578125, 159.818359375, -1.119913101196289
v,96.103271484375, 159.8369140625, -1.1199116706848145
v,96.114013671875, 159.818359375, -0.34612131118774414
v,96.10302734375, 159.798828125, -0.34612369537353516
v,96.10302734375, 159.798828125, -1.1199145317077637
v,96.1142578125, 159.818359375, -1.119913101196289
v,96.10302734375, 159.798828125, -0.34612369537353516
v,96.080810546875, 159.798828125, -0.34612417221069336
v,96.080810546875, 159.798828125, -1.11991548538208
v,96.10302734375, 159.798828125, -1.1199145317077637
i,0,2,3
i,4,6,7
i,10,11,12
i,13,17,21
i,22,26,30
i,40,42,37
i,44,47,51
i,64,66,67
i,82,84,85
i,87,88,90
i,98,91,97
i,103,107,111
i,113,116,117
i,120,121,122
i,123,124,125
i,126,127,128
i,129,130,131
i,136,137,140
i,142,144,141
i,145,147,148
i,150,152,149
i,156,157,154
i,163,164,160
i,167,168,169
i,172,174,175
i,176,178,179
i,180,182,183
i,185,187,184
i,189,191,188
i,193,195,192
i,196,197,198
i,199,200,201
i,207,208,204
i,214,211,213
i,217,219,220
i,222,224,225
i,226,228,229
i,230,232,233
i,235,237,234
i,239,241,238
i,243,245,242
i,247,249,246
i,250,252,253
i,254,256,257
i,258,260,261
i,263,265,262
i,267,269,266
i,270,272,273
i,274,276,277
i,279,281,278
i,283,285,282
i,287,289,286
i,291,293,290
i,0,1,2
i,4,5,6
i,12,8,9
i,9,10,12
i,14,15,16
i,18,19,20
i,18,20,21
i,14,16,13
i,16,17,13
i,17,18,21
i,23,24,25
i,27,28,29
i,27,29,30
i,23,25,22
i,25,26,22
i,26,27,30
i,32,33,34
i,34,35,32
i,35,36,31
i,37,38,40
i,38,39,40
i,35,31,32
i,36,37,42
i,31,36,43
i,43,36,42
i,40,41,42
i,45,46,47
i,47,48,49
i,49,50,47
i,50,51,47
i,51,52,53
i,53,54,44
i,54,55,59
i,44,54,59
i,55,56,59
i,56,57,58
i,56,58,59
i,51,53,44
i,44,45,47
i,72,60,71
i,60,61,71
i,62,63,71
i,63,64,67
i,61,62,71
i,70,71,69
i,69,71,68
i,68,71,63
i,63,67,68
i,64,65,66
i,74,75,76
i,76,77,73
i,77,78,73
i,79,80,81
i,78,79,82
i,73,78,85
i,73,74,76
i,85,78,82
i,79,81,82
i,82,83,84
i,90,86,87
i,88,89,90
i,102,91,99
i,91,92,97
i,99,91,98
i,93,94,95
i,92,93,95
i,100,101,102
i,99,100,102
i,95,96,97
i,95,97,92
i,104,105,106
i,108,109,110
i,108,110,111
i,104,106,107
i,103,104,107
i,107,108,111
i,113,114,115
i,117,118,112
i,118,119,112
i,113,115,116
i,117,112,113
i,132,133,135
i,133,134,135
i,138,139,137
i,139,140,137
i,140,132,136
i,132,135,136
i,142,143,144
i,145,146,147
i,150,151,152
i,159,153,158
i,153,154,157
i,158,153,157
i,154,155,156
i,165,160,164
i,160,161,163
i,161,162,163
i,171,166,170
i,166,167,169
i,170,166,169
i,172,173,174
i,176,177,178
i,180,181,182
i,185,186,187
i,189,190,191
i,193,194,195
i,208,202,203
i,203,204,208
i,204,205,207
i,205,206,207
i,214,209,210
i,210,211,214
i,211,212,213
i,220,215,216
i,217,218,219
i,220,216,217
i,225,221,222
i,222,223,224
i,226,227,228
i,230,231,232
i,235,236,237
i,239,240,241
i,243,244,245
i,247,248,249
i,250,251,252
i,254,255,256
i,258,259,260
i,263,264,265
i,267,268,269
i,270,271,272
i,274,275,276
i,279,280,281
i,283,284,285
i,287,288,289
i,291,292,293
n,0.0, -4.50379753112793, 0.0
n,0.0001448665134375915, 0.00034647141001187265, -4.50379753112793
n,0.00014186627231538296, 0.0003442048910073936, -4.50379753112793
n,0.00017247999494429678, 0.0003487221256364137, -4.50379753112793
n,0.00013969489373266697, 0.00036428129533305764, -4.50379753112793
n,0.0001467711408622563, 0.00034926997614093125, -4.50379753112793
n,0.00014535403170157224, 0.0003429955686442554, -4.50379753112793
n,-0.00013962667435407639, -0.0003189199778717011, 4.50379753112793
n,-0.00013994253822602332, -0.00041869693086482584, 4.50379753112793
n,-8.623999747214839e-05, -0.0002851076715160161, 4.50379753112793
n,-0.0001159552120952867, -0.0003326386504340917, 4.50379753112793
n,-0.00017080543329939246, -0.00034820567816495895, 4.50379753112793
n,-0.00014765915693715215, -0.0003503328189253807, 4.50379753112793
n,-2.0025482177734375, 0.9770883917808533, 3.9139864444732666
n,-2.0126020908355713, 0.9858123064041138, 3.906635284423828
n,1.9263917207717896, -0.9442996382713318, 3.9599881172180176
n,1.9162074327468872, -0.9353283643722534, 3.9670517444610596
n,-2.0010974407196045, -4.034821033477783, -0.004408983513712883
n,-4.032566547393799, 2.005641460418701, 0.0
n,1.9865317344665527, 4.0420145988464355, 0.0
n,4.029191970825195, -2.01241135597229, 0.0010406660148873925
n,4.032570838928223, -2.0056326389312744, -0.0011979368282482028
n,-1.987640619277954, -4.04146146774292, 0.008266633376479149
n,-4.028967380523682, 2.012861728668213, 0.0
n,-3.9390451908111572, -2.183601140975952, 0.0
n,-3.896693229675293, 2.2583107948303223, 0.0014393575256690383
n,0.0, 4.50379753112793, 0.0
n,3.9390451908111572, 2.183601140975952, 0.0
n,3.896693706512451, -2.2583112716674805, 0.0
n,0.0, -4.50379753112793, 0.0
n,-1.9777277708053589, -4.046324253082275, 0.006690659560263157
n,1.9784317016601562, 4.0459818840026855, 0.005399662535637617
n,4.047667026519775, -1.9749456644058228, -0.013195034116506577
n,-1.9777159690856934, -4.046299934387207, -0.017086459323763847
n,-4.0473785400390625, 1.975540280342102, 0.012624728493392467
n,1.9784226417541504, 4.045963287353516, 0.014736957848072052
n,-3.8966939449310303, -2.2583112716674805, 0.0
n,-3.896693706512451, 2.2583112716674805, 0.0
n,0.0, 4.50379753112793, 0.0
n,3.87743878364563, 2.2912137508392334, 0.0010865309741348028
n,3.87743878364563, -2.2912139892578125, 0.0
n,0.0, -4.50379753112793, 0.0
n,-3.896693706512451, -2.2583112716674805, 0.0
n,-3.896693706512451, 2.2583115100860596, 0.0
n,0.0, 4.50379753112793, 0.0
n,3.896693706512451, 2.2583112716674805, 0.0
n,3.87743878364563, -2.2912137508392334, 0.0
n,-3.896693706512451, -2.2583112716674805, 0.0
n,-3.896693706512451, 2.2583112716674805, 0.0
n,0.0, 4.50379753112793, 0.0
n,3.896693229675293, 2.2583112716674805, 0.0010919271735474467
n,3.896693706512451, -2.2583115100860596, 0.0010919265914708376
n,0.0, -4.50379753112793, 0.0
n,0.0, -4.50379753112793, 0.0
n,0.00014528473548125476, 0.0003465322661213577, -4.50379753112793
n,0.00014741209452040493, 0.0003446579212322831, -4.50379753112793
n,0.00013406384096015245, 0.0003775760706048459, -4.50379753112793
n,0.00014086889859754592, 0.00038312069955281913, -4.50379753112793
n,0.00014329217083286494, 0.0003167956310790032, -4.50379753112793
n,0.00014838889183010906, 0.00038587808376178145, -4.50379753112793
n,0.0001536502968519926, 0.00030904661980457604, -4.50379753112793
n,0.00014399425708688796, 0.00033988006180152297, -4.50379753112793
n,0.00014114371151663363, 0.00033363234251737595, -4.50379753112793
n,0.00010335086699342355, 0.0003240399237256497, -4.50379753112793
n,0.00017247999494429678, 0.00035997212398797274, -4.50379753112793
n,0.00011031029134755954, 0.0003359101538080722, -4.50379753112793
n,0.00017247999494429678, 0.0003731108736246824, -4.50379753112793
n,0.00014328406541608274, 0.0003485287888906896, -4.50379753112793
n,0.00014742604980710894, 0.0003452482051216066, -4.50379753112793
n,0.00019047495152335614, 0.00038941108505241573, -4.50379753112793
n,0.00012663980305660516, 0.00033428071765229106, -4.50379753112793
n,0.0001472573640057817, 0.00035108847077935934, -4.50379753112793
n,0.00010340807057218626, 0.00036098473356105387, -4.50379753112793
n,0.00015021894068922848, 0.00034715142101049423, -4.50379753112793
n,8.623999747214839e-05, 0.00032180832931771874, -4.50379753112793
n,0.00014656674466095865, 0.0003488490474410355, -4.50379753112793
n,0.0001198798927362077, 0.0002693958522286266, -4.50379753112793
n,0.000162268421263434, 0.000405758066335693, -4.50379753112793
n,8.623999747214839e-05, 0.00031573622254654765, -4.50379753112793
n,0.00012121133477194235, 0.00032959249801933765, -4.50379753112793
n,0.00012945261551067233, 0.00035432324511930346, -4.50379753112793
n,0.00020057373330928385, 0.0003161615750286728, -4.50379753112793
n,0.00014233015826903284, 0.0003480116429273039, -4.50379753112793
n,0.00014086889859754592, 0.00034775538370013237, -4.50379753112793
n,0.00017247999494429678, 0.00040706057916395366, -4.50379753112793
n,0.00014338687469717115, 0.0003475240373518318, -4.50379753112793
n,0.00016734570090193301, 0.00039686443051323295, -4.50379753112793
n,0.00014139729319140315, 0.0003449541691225022, -4.50379753112793
n,0.00017247999494429678, 0.00036177405854687095, -4.50379753112793
n,0.0001089076031348668, 0.000335485499817878, -4.50379753112793
n,0.0001428941759513691, 0.00034660330857150257, -4.50379753112793
n,0.00017080543329939246, 0.0003724237612914294, -4.50379753112793
n,-0.00015025718312244862, -0.00034634131588973105, 4.50379753112793
n,-0.00014768615073990077, -0.00034693966154009104, 4.50379753112793
n,-0.00014453139738179743, -0.0003463805478531867, 4.50379753112793
n,-0.00012847629841417074, -0.0003533214039634913, 4.50379753112793
n,-0.00017247999494429678, -0.0003486447676550597, 4.50379753112793
n,-0.00014413060853257775, -0.00031630974262952805, 4.50379753112793
n,-0.0001448752445867285, -0.00038384177605621517, 4.50379753112793
n,-0.00014409699360840023, -0.0003460876177996397, 4.50379753112793
n,-0.00017080543329939246, -0.00033463365980423987, 4.50379753112793
n,-0.00012959822197444737, -0.0003749880415853113, 4.50379753112793
n,-0.0001455150340916589, -0.0004138138028793037, 4.50379753112793
n,-0.00014526057930197567, -0.00034546630922704935, 4.50379753112793
n,-0.0001441739295842126, -0.0003492380492389202, 4.50379753112793
n,-0.00012959822197444737, -0.00035323991323821247, 4.50379753112793
n,-0.00017080543329939246, -0.0003498226578813046, 4.50379753112793
n,-8.540271664969623e-05, -0.00021586124785244465, 4.50379753112793
n,-0.00014275680587161332, -0.00028265404398553073, 4.50379753112793
n,-0.00014391762670129538, -0.0003448800416663289, 4.50379753112793
n,-0.00014018258661963046, -0.0003424094174988568, 4.50379753112793
n,-0.0001435658778063953, -0.00028312293579801917, 4.50379753112793
n,-0.00014539147377945483, -0.00034249061718583107, 4.50379753112793
n,-0.00014364042726811022, -0.0003426541807129979, 4.50379753112793
n,-0.00014835262845735997, -0.00035128628951497376, 4.50379753112793
n,-0.00014310159895103425, -0.00034784775925800204, 4.50379753112793
n,-0.00017247999494429678, -0.0003678776556625962, 4.50379753112793
n,-0.00013683413271792233, -0.0003558374592103064, 4.50379753112793
n,-0.00017247999494429678, -0.00032902220846153796, 4.50379753112793
n,-0.00014763411309104413, -0.000314279313897714, 4.50379753112793
n,-0.00014971177733968943, -0.0003698341315612197, 4.50379753112793
n,-0.00014456469216383994, -0.00036698085023090243, 4.50379753112793
n,-0.00014483157428912818, -0.0003514199343044311, 4.50379753112793
n,-0.00014305015793070197, -0.00031531034619547427, 4.50379753112793
n,-0.00013683413271792233, -0.0003791815834119916, 4.50379753112793
n,-0.0001516634365543723, -0.00031194413895718753, 4.50379753112793
n,-0.0001444187219021842, -0.00035217221011407673, 4.50379753112793
n,-9.022974700201303e-05, -0.00035217221011407673, 4.50379753112793
n,-0.00013542415399570018, -0.0003534650313667953, 4.50379753112793
n,-0.00014036029460839927, -0.0003484967746771872, 4.50379753112793
n,-0.0001431644632248208, -0.0003472101525403559, 4.50379753112793
n,-0.00014046410797163844, -0.0003487067006062716, 4.50379753112793
n,-0.00014969227777328342, -0.00034434199915267527, 4.50379753112793
n,-0.00014651169476564974, -0.00034833941026590765, 4.50379753112793
n,-1.9965238571166992, -4.037088871002197, 0.0
n,-1.9965238571166992, -4.037088394165039, 0.0
n,-1.9965239763259888, -4.037088871002197, 0.0
n,-2.0021326541900635, -4.034307479858398, -0.0041679497808218
n,-2.002223253250122, -4.034263610839844, -0.0034412129316478968
n,-2.0014336109161377, -4.034656524658203, -0.001139606349170208
n,-4.0328145027160645, 2.0051422119140625, 0.002071565482765436
n,1.9863532781600952, 4.042102813720703, 0.0005130383651703596
n,4.0290679931640625, -2.0126612186431885, 0.0
n,4.030975818634033, -2.008836269378662, 0.0
n,4.032493591308594, -2.005786180496216, -0.003149696858599782
n,4.032877445220947, -2.005007028579712, -0.006281137000769377
n,4.0329976081848145, -2.004775047302246, 0.0
n,-1.9842050075531006, -4.043157577514648, 0.0
n,-1.985740303993225, -4.042399883270264, -0.005540559999644756
n,-1.9840812683105469, -4.04321813583374, 0.0
n,-4.028832912445068, 2.013131618499756, 0.0
n,-4.02910041809082, 2.0125937461853027, 0.0027046212926506996
n,-4.030128479003906, 2.0105059146881104, -0.011140145361423492
n,-3.8774375915527344, -2.291212797164917, -0.003654693951830268
n,-3.9208388328552246, 2.2161262035369873, 0.0
n,0.0, 4.50379753112793, 0.0
n,3.9390451908111572, 2.183601140975952, 0.0
n,3.896693706512451, -2.2583112716674805, 0.0
n,0.0, -4.50379753112793, 0.0
n,4.047014236450195, -1.976326823234558, 0.0
n,4.047984600067139, -1.9743281602859497, 0.006215719971805811
n,4.047923564910889, -1.9743530750274658, -0.020927872508764267
n,4.045032024383545, -1.9803802967071533, 0.0
n,-1.9784044027328491, -4.045999050140381, 0.0
n,-1.9752144813537598, -4.047537326812744, 0.012805702164769173
n,-1.9804019927978516, -4.045022010803223, 0.0
n,-4.041482448577881, 1.9876142740249634, 0.0
n,-4.049654483795166, 1.9709116220474243, 0.0
n,-4.047371864318848, 1.9755589962005615, 0.011874765157699585
n,1.9812817573547363, 4.044590950012207, 0.0
n,1.9773114919662476, 4.046533107757568, 0.0
n,-3.896693706512451, -2.2583112716674805, 0.0
n,-3.896693706512451, 2.2583115100860596, 0.0
n,0.0, 4.50379753112793, 0.0
n,3.896693706512451, 2.2583115100860596, 0.0
n,3.87743878364563, -2.2912137508392334, 0.0
n,0.0, -4.50379753112793, 0.0
n,-3.896693706512451, -2.2583112716674805, 0.0
n,-3.896693706512451, 2.2583112716674805, 0.0
n,0.0, 4.50379753112793, 0.0
n,3.896693706512451, 2.2583112716674805, 0.0
n,3.896693706512451, -2.2583115100860596, 0.0010919265914708376
n,-3.896693706512451, -2.2583115100860596, 0.0
n,-3.896693706512451, 2.2583112716674805, 0.0
n,0.0, 4.50379753112793, 0.0
n,3.896693706512451, 2.2583112716674805, 0.0010919265914708376
n,3.87743878364563, -2.2912139892578125, 0.0
n,0.0, -4.50379753112793, 0.0
u,0.6894211769104004, 0.8116896748542786, 0
u,0.651282012462616, 0.8179296255111694, 0
u,0.651282012462616, 0.8116896748542786, 0
u,0.0, 0.0, 0
u,0.0, 0.0, 0
u,0.0, 0.0, 0
u,0.32342541217803955, 0.4633677899837494, 0
u,0.32822850346565247, 0.42286399006843567, 0
u,0.32821768522262573, 0.49707600474357605, 0
u,0.32294169068336487, 0.18781410157680511, 0
u,0.32826709747314453, 0.15926440060138702, 0
u,0.3234665095806122, 0.19396670162677765, 0
u,0.1894553005695343, 0.19299760460853577, 0
u,0.18465369939804077, 0.15938429534435272, 0
u,0.1901274025440216, 0.18732990324497223, 0
u,0.22786620259284973, 0.15934810042381287, 0
u,0.191293403506279, 0.45718351006507874, 0
u,0.19117699563503265, 0.19963499903678894, 0
u,0.3210316002368927, 0.46239811182022095, 0
u,0.3194282054901123, 0.49707600474357605, 0
u,0.22786620259284973, 0.15934810042381287, 0
u,0.01458279974758625, 0.6866735219955444, 0
u,0.01835319958627224, 0.657707929611206, 0
u,0.01964610069990158, 0.6572399139404297, 0
u,2.809999932651408e-05, 0.5671362280845642, 0
u,0.018692700192332268, 0.36684659123420715, 0
u,0.019985700026154518, 0.3663784861564636, 0
u,0.018550600856542587, 0.35407790541648865, 0
u,0.017975199967622757, 0.36069628596305847, 0
u,0.00011559999984456226, 0.05608019977807999, 0
u,0.16208669543266296, 0.3724763095378876, 0
u,0.17451609671115875, 0.487490713596344, 0
u,0.1607937067747116, 0.3729444146156311, 0
u,0.16231149435043335, 0.6566839218139648, 0
u,0.1743451952934265, 0.6866735219955444, 0
u,0.16173620522022247, 0.6633021831512451, 0
u,0.17488759756088257, 0.054430700838565826, 0
u,0.18269899487495422, 0.01003629993647337, 0
u,0.18208050727844238, 0.7309942245483398, 0
u,0.18461540341377258, 0.7300016283988953, 0
u,0.35412779450416565, 0.5073174238204956, 0
u,0.35412779450416565, 0.7309942245483398, 0
u,0.1846448928117752, 0.5076053738594055, 0
u,0.35412779450416565, 0.5073174238204956, 0
u,0.18461540341377258, 0.7300016283988953, 0
u,0.521696925163269, 0.7366741895675659, 0
u,0.3558973968029022, 0.7368420958518982, 0
u,0.5217385292053223, 0.5094513297080994, 0
u,0.5217385292053223, 0.5094513297080994, 0
u,0.3558973968029022, 0.7368420958518982, 0
u,0.3558973968029022, 0.508227527141571, 0
u,0.19255469739437103, 0.9370660781860352, 0
u,0.17340600490570068, 0.9370660781860352, 0
u,0.16630619764328003, 0.7426900863647461, 0
u,0.16630619764328003, 0.7426900863647461, 0
u,0.0, 0.997787594795227, 0
u,0.0, 0.7426900863647461, 0
u,0.4482797086238861, 0.997787594795227, 0
u,0.5637717247009277, 0.7426900863647461, 0
u,0.5637717247009277, 0.997787594795227, 0
u,0.281520813703537, 0.997787594795227, 0
u,0.4482797086238861, 0.7426900863647461, 0
u,0.4482797086238861, 0.997787594795227, 0
u,0.5788583755493164, 0.9373732805252075, 0
u,0.6897199749946594, 0.9373732805252075, 0
u,0.5651282072067261, 1.0, 0
u,0.7622674703598022, 0.9373732805252075, 0
u,0.81012362241745, 0.9373732805252075, 0
u,0.833817183971405, 1.0, 0
u,0.833817183971405, 1.0, 0
u,0.833817183971405, 0.9373732805252075, 0
u,0.9331318140029907, 0.9373732805252075, 0
u,0.606959879398346, 0.8167213201522827, 0
u,0.5651282072067261, 0.8235654234886169, 0
u,0.5651282072067261, 0.8167213201522827, 0
u,0.606959879398346, 0.8235654234886169, 0
u,0.5651282072067261, 0.8304092884063721, 0
u,0.5651282072067261, 0.8235654234886169, 0
u,0.606959879398346, 0.7893453240394592, 0
u,0.5651282072067261, 0.7961891889572144, 0
u,0.5651282072067261, 0.7893453240394592, 0
u,0.606959879398346, 0.803033173084259, 0
u,0.5651282072067261, 0.7961891889572144, 0
u,0.606959879398346, 0.7961891889572144, 0
u,0.606959879398346, 0.8098772764205933, 0
u,0.5651282072067261, 0.803033173084259, 0
u,0.606959879398346, 0.803033173084259, 0
u,0.606959879398346, 0.8167213201522827, 0
u,0.5651282072067261, 0.8098772764205933, 0
u,0.606959879398346, 0.8098772764205933, 0
u,0.5510472059249878, 0.7092391848564148, 0
u,0.5246152877807617, 0.6228070259094238, 0
u,0.5792493224143982, 0.6228070259094238, 0
u,0.5512492060661316, 0.5058478713035583, 0
u,0.579230010509491, 0.5922802090644836, 0
u,0.5246152877807617, 0.5922802090644836, 0
u,0.5666667222976685, 0.8495277762413025, 0
u,0.6988639235496521, 0.8495277762413025, 0
u,0.6064441800117493, 0.8684210777282715, 0
u,0.7030768990516663, 0.899010181427002, 0
u,0.7385842800140381, 0.880116879940033, 0
u,0.7576141953468323, 0.899010181427002, 0
u,0.6907628774642944, 0.9021592736244202, 0
u,0.6988537907600403, 0.9210525751113892, 0
u,0.5666667222976685, 0.9210525751113892, 0
u,0.8016880750656128, 0.8931623101234436, 0
u,0.7625641226768494, 0.8742690086364746, 0
u,0.8170819878578186, 0.8742690086364746, 0
u,0.8624238967895508, 0.9161105155944824, 0
u,0.8205127716064453, 0.9229676127433777, 0
u,0.8205127716064453, 0.9161105155944824, 0
u,0.8624238967895508, 0.9229676127433777, 0
u,0.8205127716064453, 0.9298245906829834, 0
u,0.8205127716064453, 0.9229676127433777, 0
u,0.8624238967895508, 0.8955395221710205, 0
u,0.8205127716064453, 0.88868248462677, 0
u,0.8624238967895508, 0.88868248462677, 0
u,0.8624238967895508, 0.9023965001106262, 0
u,0.8205127716064453, 0.8955395221710205, 0
u,0.8624238967895508, 0.8955395221710205, 0
u,0.8624238967895508, 0.9092534780502319, 0
u,0.8205127716064453, 0.9023965001106262, 0
u,0.8624238967895508, 0.9023965001106262, 0
u,0.8624238967895508, 0.9161105155944824, 0
u,0.8205127716064453, 0.9092534780502319, 0
u,0.8624238967895508, 0.9092534780502319, 0
u,0.6894211769104004, 0.8179296255111694, 0
u,0.651282012462616, 0.8241695165634155, 0
u,0.651282012462616, 0.8179296255111694, 0
u,0.6894211769104004, 0.8241695165634155, 0
u,0.651282012462616, 0.8304092884063721, 0
u,0.651282012462616, 0.8241695165634155, 0
u,0.6894211769104004, 0.7929700016975403, 0
u,0.651282012462616, 0.7992098927497864, 0
u,0.651282012462616, 0.7929700016975403, 0
u,0.6894211769104004, 0.8054497838020325, 0
u,0.651282012462616, 0.7992098927497864, 0
u,0.6894211769104004, 0.7992098927497864, 0
u,0.6894211769104004, 0.8116896748542786, 0
u,0.651282012462616, 0.8054497838020325, 0
u,0.6894211769104004, 0.8054497838020325, 0
u,0.6500220894813538, 0.8167260885238647, 0
u,0.6082050800323486, 0.8235676884651184, 0
u,0.6082050800323486, 0.8167260885238647, 0
u,0.6500220894813538, 0.8235676884651184, 0
u,0.6082050800323486, 0.8304092884063721, 0
u,0.6082050800323486, 0.8235676884651184, 0
u,0.6500220894813538, 0.7962012887001038, 0
u,0.6082050800323486, 0.7893596887588501, 0
u,0.6500220894813538, 0.7893596887588501, 0
u,0.6500220894813538, 0.8030428886413574, 0
u,0.6082050800323486, 0.7962012887001038, 0
u,0.6500220894813538, 0.7962012887001038, 0
u,0.6500220894813538, 0.8098844885826111, 0
u,0.6082050800323486, 0.8030428886413574, 0
u,0.6500220894813538, 0.8030428886413574, 0
u,0.6500220894813538, 0.8167260885238647, 0
u,0.6082050800323486, 0.8098844885826111, 0
u,0.6500220894813538, 0.8098844885826111, 0
u,0.6894211769104004, 0.8116896748542786, 0
u,0.6894211769104004, 0.8179296255111694, 0
u,0.651282012462616, 0.8179296255111694, 0
u,0.0, 0.0, 0
u,0.0, 0.0, 0
u,0.0, 0.0, 0
u,0.32821768522262573, 0.49707600474357605, 0
u,0.3194282054901123, 0.49707600474357605, 0
u,0.3227533996105194, 0.46903538703918457, 0
u,0.3227533996105194, 0.46903538703918457, 0
u,0.32342541217803955, 0.4633677899837494, 0
u,0.32821768522262573, 0.49707600474357605, 0
u,0.32174479961395264, 0.18732920289039612, 0
u,0.32107269763946533, 0.19299690425395966, 0
u,0.3181960880756378, 0.159272700548172, 0
u,0.32824981212615967, 0.2771379053592682, 0
u,0.32159748673439026, 0.1991495043039322, 0
u,0.3227944076061249, 0.19963429868221283, 0
u,0.32824981212615967, 0.2771379053592682, 0
u,0.3227944076061249, 0.19963429868221283, 0
u,0.3234665095806122, 0.19396670162677765, 0
u,0.32174479961395264, 0.18732920289039612, 0
u,0.3181960880756378, 0.159272700548172, 0
u,0.32294169068336487, 0.18781410157680511, 0
u,0.3181960880756378, 0.159272700548172, 0
u,0.32826709747314453, 0.15926440060138702, 0
u,0.32294169068336487, 0.18781410157680511, 0
u,0.32826709747314453, 0.15926440060138702, 0
u,0.32824981212615967, 0.2771379053592682, 0
u,0.3234665095806122, 0.19396670162677765, 0
u,0.18998010456562042, 0.19915010035037994, 0
u,0.19117699563503265, 0.19963499903678894, 0
u,0.18464289605617523, 0.25473669171333313, 0
u,0.1959511935710907, 0.15937480330467224, 0
u,0.19184909760951996, 0.19396740198135376, 0
u,0.19132429361343384, 0.18781480193138123, 0
u,0.1959511935710907, 0.15937480330467224, 0
u,0.19132429361343384, 0.18781480193138123, 0
u,0.1901274025440216, 0.18732990324497223, 0
u,0.18998010456562042, 0.19915010035037994, 0
u,0.18464289605617523, 0.25473669171333313, 0
u,0.1894553005695343, 0.19299760460853577, 0
u,0.18464289605617523, 0.25473669171333313, 0
u,0.18465369939804077, 0.15938429534435272, 0
u,0.1894553005695343, 0.19299760460853577, 0
u,0.18465369939804077, 0.15938429534435272, 0
u,0.1959511935710907, 0.15937480330467224, 0
u,0.1901274025440216, 0.18732990324497223, 0
u,0.18994930386543274, 0.4685189127922058, 0
u,0.19114619493484497, 0.46900370717048645, 0
u,0.18781720101833344, 0.49707600474357605, 0
u,0.18781720101833344, 0.49707600474357605, 0
u,0.18461540341377258, 0.49707600474357605, 0
u,0.18994930386543274, 0.4685189127922058, 0
u,0.18461540341377258, 0.49707600474357605, 0
u,0.18464289605617523, 0.25473669171333313, 0
u,0.18942449986934662, 0.4623663127422333, 0
u,0.19117699563503265, 0.19963499903678894, 0
u,0.19184909760951996, 0.19396740198135376, 0
u,0.22786620259284973, 0.15934810042381287, 0
u,0.19184909760951996, 0.19396740198135376, 0
u,0.1959511935710907, 0.15937480330467224, 0
u,0.22786620259284973, 0.15934810042381287, 0
u,0.18461540341377258, 0.49707600474357605, 0
u,0.18942449986934662, 0.4623663127422333, 0
u,0.18994930386543274, 0.4685189127922058, 0
u,0.18464289605617523, 0.25473669171333313, 0
u,0.19117699563503265, 0.19963499903678894, 0
u,0.191293403506279, 0.45718351006507874, 0
u,0.18942449986934662, 0.4623663127422333, 0
u,0.18464289605617523, 0.25473669171333313, 0
u,0.19009660184383392, 0.4566986858844757, 0
u,0.19009660184383392, 0.4566986858844757, 0
u,0.18464289605617523, 0.25473669171333313, 0
u,0.191293403506279, 0.45718351006507874, 0
u,0.22786620259284973, 0.15934810042381287, 0
u,0.19181829690933228, 0.46333611011505127, 0
u,0.191293403506279, 0.45718351006507874, 0
u,0.3215563893318176, 0.46855059266090393, 0
u,0.3227533996105194, 0.46903538703918457, 0
u,0.3194282054901123, 0.49707600474357605, 0
u,0.3194282054901123, 0.49707600474357605, 0
u,0.18781720101833344, 0.49707600474357605, 0
u,0.19114619493484497, 0.46900370717048645, 0
u,0.19114619493484497, 0.46900370717048645, 0
u,0.19181829690933228, 0.46333611011505127, 0
u,0.3194282054901123, 0.49707600474357605, 0
u,0.19181829690933228, 0.46333611011505127, 0
u,0.22786620259284973, 0.15934810042381287, 0
u,0.3194282054901123, 0.49707600474357605, 0
u,0.22786620259284973, 0.15934810042381287, 0
u,0.3181960880756378, 0.159272700548172, 0
u,0.32107269763946533, 0.19299690425395966, 0
u,0.32107269763946533, 0.19299690425395966, 0
u,0.32159748673439026, 0.1991495043039322, 0
u,0.3210316002368927, 0.46239811182022095, 0
u,0.32159748673439026, 0.1991495043039322, 0
u,0.32824981212615967, 0.2771379053592682, 0
u,0.32170370221138, 0.4567303955554962, 0
u,0.3210316002368927, 0.46239811182022095, 0
u,0.32159748673439026, 0.1991495043039322, 0
u,0.32170370221138, 0.4567303955554962, 0
u,0.32824981212615967, 0.2771379053592682, 0
u,0.32822850346565247, 0.42286399006843567, 0
u,0.32170370221138, 0.4567303955554962, 0
u,0.32822850346565247, 0.42286399006843567, 0
u,0.32342541217803955, 0.4633677899837494, 0
u,0.32290059328079224, 0.45721518993377686, 0
u,0.32822850346565247, 0.42286399006843567, 0
u,0.32290059328079224, 0.45721518993377686, 0
u,0.32170370221138, 0.4567303955554962, 0
u,0.22786620259284973, 0.15934810042381287, 0
u,0.32107269763946533, 0.19299690425395966, 0
u,0.3210316002368927, 0.46239811182022095, 0
u,0.3210316002368927, 0.46239811182022095, 0
u,0.3215563893318176, 0.46855059266090393, 0
u,0.3194282054901123, 0.49707600474357605, 0
u,0.17488759756088257, 0.054430700838565826, 0
u,0.17476460337638855, 0.19783809781074524, 0
u,0.06946119666099548, 0.055425599217414856, 0
u,0.17476460337638855, 0.19783809781074524, 0
u,0.16065150499343872, 0.3601757884025574, 0
u,0.06946119666099548, 0.055425599217414856, 0
u,0.16007620096206665, 0.36679399013519287, 0
u,0.13226699829101562, 0.6866735219955444, 0
u,0.06946119666099548, 0.055425599217414856, 0
u,0.13226699829101562, 0.6866735219955444, 0
u,0.01458279974758625, 0.6866735219955444, 0
u,0.01964610069990158, 0.6572399139404297, 0
u,0.16065150499343872, 0.3601757884025574, 0
u,0.16007620096206665, 0.36679399013519287, 0
u,0.06946119666099548, 0.055425599217414856, 0
u,0.0182109996676445, 0.6449394226074219, 0
u,0.06946119666099548, 0.055425599217414856, 0
u,0.01950399950146675, 0.644471287727356, 0
u,0.01950399950146675, 0.644471287727356, 0
u,0.06946119666099548, 0.055425599217414856, 0
u,0.020221499726176262, 0.6506214737892151, 0
u,0.020221499726176262, 0.6506214737892151, 0
u,0.06946119666099548, 0.055425599217414856, 0
u,0.13226699829101562, 0.6866735219955444, 0
u,0.13226699829101562, 0.6866735219955444, 0
u,0.01964610069990158, 0.6572399139404297, 0
u,0.020221499726176262, 0.6506214737892151, 0
u,0.01458279974758625, 0.6866735219955444, 0
u,0.01763569936156273, 0.6515576839447021, 0
u,0.01835319958627224, 0.657707929611206, 0
u,0.01984350010752678, 0.3536098897457123, 0
u,0.018550600856542587, 0.35407790541648865, 0
u,0.04449379816651344, 0.05566129833459854, 0
u,0.04449379816651344, 0.05566129833459854, 0
u,0.06946119666099548, 0.055425599217414856, 0
u,0.02056100033223629, 0.35976019501686096, 0
u,0.06946119666099548, 0.055425599217414856, 0
u,0.0182109996676445, 0.6449394226074219, 0
u,0.02056100033223629, 0.35976019501686096, 0
u,0.01763569936156273, 0.6515576839447021, 0
u,0.01458279974758625, 0.6866735219955444, 0
u,7.60000011723605e-06, 0.6866735219955444, 0
u,0.0182109996676445, 0.6449394226074219, 0
u,0.01763569936156273, 0.6515576839447021, 0
u,2.809999932651408e-05, 0.5671362280845642, 0
u,0.02056100033223629, 0.35976019501686096, 0
u,0.0182109996676445, 0.6449394226074219, 0
u,0.019985700026154518, 0.3663784861564636, 0
u,0.02056100033223629, 0.35976019501686096, 0
u,0.01984350010752678, 0.3536098897457123, 0
u,0.04449379816651344, 0.05566129833459854, 0
u,0.019985700026154518, 0.3663784861564636, 0
u,0.0182109996676445, 0.6449394226074219, 0
u,2.809999932651408e-05, 0.5671362280845642, 0
u,0.01763569936156273, 0.6515576839447021, 0
u,7.60000011723605e-06, 0.6866735219955444, 0
u,2.809999932651408e-05, 0.5671362280845642, 0
u,2.809999932651408e-05, 0.5671362280845642, 0
u,0.017975199967622757, 0.36069628596305847, 0
u,0.018692700192332268, 0.36684659123420715, 0
u,0.00011559999984456226, 0.05608019977807999, 0
u,0.04449379816651344, 0.05566129833459854, 0
u,0.018550600856542587, 0.35407790541648865, 0
u,0.017975199967622757, 0.36069628596305847, 0
u,2.809999932651408e-05, 0.5671362280845642, 0
u,0.00011559999984456226, 0.05608019977807999, 0
u,0.17476460337638855, 0.19783809781074524, 0
u,0.17451609671115875, 0.487490713596344, 0
u,0.16266199946403503, 0.3658579885959625, 0
u,0.17451609671115875, 0.487490713596344, 0
u,0.1603011041879654, 0.6510016918182373, 0
u,0.1607937067747116, 0.3729444146156311, 0
u,0.16266199946403503, 0.3658579885959625, 0
u,0.17451609671115875, 0.487490713596344, 0
u,0.16208669543266296, 0.3724763095378876, 0
u,0.15972569584846497, 0.6576200127601624, 0
u,0.1571999043226242, 0.6866735219955444, 0
u,0.13226699829101562, 0.6866735219955444, 0
u,0.1603011041879654, 0.6510016918182373, 0
u,0.15972569584846497, 0.6576200127601624, 0
u,0.13226699829101562, 0.6866735219955444, 0
u,0.16194449365139008, 0.3597078025341034, 0
u,0.16065150499343872, 0.3601757884025574, 0
u,0.17476460337638855, 0.19783809781074524, 0
u,0.16266199946403503, 0.3658579885959625, 0
u,0.16194449365139008, 0.3597078025341034, 0
u,0.17476460337638855, 0.19783809781074524, 0
u,0.13226699829101562, 0.6866735219955444, 0
u,0.16007620096206665, 0.36679399013519287, 0
u,0.1607937067747116, 0.3729444146156311, 0
u,0.13226699829101562, 0.6866735219955444, 0
u,0.1607937067747116, 0.3729444146156311, 0
u,0.1603011041879654, 0.6510016918182373, 0
u,0.16159400343894958, 0.6505336761474609, 0
u,0.1603011041879654, 0.6510016918182373, 0
u,0.17451609671115875, 0.487490713596344, 0
u,0.1571999043226242, 0.6866735219955444, 0
u,0.15972569584846497, 0.6576200127601624, 0
u,0.16044320166110992, 0.6637701988220215, 0
u,0.1571999043226242, 0.6866735219955444, 0
u,0.16044320166110992, 0.6637701988220215, 0
u,0.16173620522022247, 0.6633021831512451, 0
u,0.16159400343894958, 0.6505336761474609, 0
u,0.17451609671115875, 0.487490713596344, 0
u,0.1743451952934265, 0.6866735219955444, 0
u,0.16231149435043335, 0.6566839218139648, 0
u,0.16159400343894958, 0.6505336761474609, 0
u,0.1743451952934265, 0.6866735219955444, 0
u,0.1743451952934265, 0.6866735219955444, 0
u,0.1571999043226242, 0.6866735219955444, 0
u,0.16173620522022247, 0.6633021831512451, 0
u,0.17488759756088257, 0.054430700838565826, 0
u,0.00011559999984456226, 0.05608019977807999, 0
u,0.00012320000678300858, 0.011759299784898758, 0
u,0.18208050727844238, 0.7309942245483398, 0
u,0.0, 0.7309942245483398, 0
u,0.1743451952934265, 0.6866735219955444, 0
u,0.0, 0.7309942245483398, 0
u,7.60000011723605e-06, 0.6866735219955444, 0
u,0.1743451952934265, 0.6866735219955444, 0
u,0.17488759756088257, 0.054430700838565826, 0
u,0.00012320000678300858, 0.011759299784898758, 0
u,0.18269899487495422, 0.01003629993647337, 0
u,0.18208050727844238, 0.7309942245483398, 0
u,0.1743451952934265, 0.6866735219955444, 0
u,0.17488759756088257, 0.054430700838565826, 0
u,0.281520813703537, 0.7426900863647461, 0
u,0.281520813703537, 0.997787594795227, 0
u,0.2744210958480835, 0.9370660781860352, 0
u,0.281520813703537, 0.997787594795227, 0
u,0.2744210958480835, 0.997787594795227, 0
u,0.2744210958480835, 0.9370660781860352, 0
u,0.17340600490570068, 0.997787594795227, 0
u,0.16630619764328003, 0.997787594795227, 0
u,0.17340600490570068, 0.9370660781860352, 0
u,0.16630619764328003, 0.997787594795227, 0
u,0.16630619764328003, 0.7426900863647461, 0
u,0.17340600490570068, 0.9370660781860352, 0
u,0.16630619764328003, 0.7426900863647461, 0
u,0.281520813703537, 0.7426900863647461, 0
u,0.19255469739437103, 0.9370660781860352, 0
u,0.281520813703537, 0.7426900863647461, 0
u,0.2744210958480835, 0.9370660781860352, 0
u,0.19255469739437103, 0.9370660781860352, 0
u,0.16630619764328003, 0.7426900863647461, 0
u,0.16630619764328003, 0.997787594795227, 0
u,0.0, 0.997787594795227, 0
u,0.4482797086238861, 0.997787594795227, 0
u,0.4482797086238861, 0.7426900863647461, 0
u,0.5637717247009277, 0.7426900863647461, 0
u,0.281520813703537, 0.997787594795227, 0
u,0.281520813703537, 0.7426900863647461, 0
u,0.4482797086238861, 0.7426900863647461, 0
u,0.7293586730957031, 0.9373732805252075, 0
u,0.7293586730957031, 1.0, 0
u,0.7132074236869812, 0.9373732805252075, 0
u,0.7293586730957031, 1.0, 0
u,0.5651282072067261, 1.0, 0
u,0.6897199749946594, 0.9373732805252075, 0
u,0.7132074236869812, 0.9373732805252075, 0
u,0.7293586730957031, 1.0, 0
u,0.6897199749946594, 0.9373732805252075, 0
u,0.5651282072067261, 1.0, 0
u,0.5651282072067261, 0.9373732805252075, 0
u,0.5788583755493164, 0.9373732805252075, 0
u,0.833817183971405, 0.9373732805252075, 0
u,0.833817183971405, 1.0, 0
u,0.81012362241745, 0.9373732805252075, 0
u,0.833817183971405, 1.0, 0
u,0.7293586730957031, 1.0, 0
u,0.7622674703598022, 0.9373732805252075, 0
u,0.7293586730957031, 1.0, 0
u,0.7293586730957031, 0.9373732805252075, 0
u,0.7622674703598022, 0.9373732805252075, 0
u,0.9984573125839233, 0.9373732805252075, 0
u,0.9984573125839233, 1.0, 0
u,0.9566516876220703, 0.9373732805252075, 0
u,0.9984573125839233, 1.0, 0
u,0.833817183971405, 1.0, 0
u,0.9331318140029907, 0.9373732805252075, 0
u,0.9566516876220703, 0.9373732805252075, 0
u,0.9984573125839233, 1.0, 0
u,0.9331318140029907, 0.9373732805252075, 0
u,0.606959879398346, 0.8167213201522827, 0
u,0.606959879398346, 0.8235654234886169, 0
u,0.5651282072067261, 0.8235654234886169, 0
u,0.606959879398346, 0.8235654234886169, 0
u,0.606959879398346, 0.8304092884063721, 0
u,0.5651282072067261, 0.8304092884063721, 0
u,0.606959879398346, 0.7893453240394592, 0
u,0.606959879398346, 0.7961891889572144, 0
u,0.5651282072067261, 0.7961891889572144, 0
u,0.606959879398346, 0.803033173084259, 0
u,0.5651282072067261, 0.803033173084259, 0
u,0.5651282072067261, 0.7961891889572144, 0
u,0.606959879398346, 0.8098772764205933, 0
u,0.5651282072067261, 0.8098772764205933, 0
u,0.5651282072067261, 0.803033173084259, 0
u,0.606959879398346, 0.8167213201522827, 0
u,0.5651282072067261, 0.8167213201522827, 0
u,0.5651282072067261, 0.8098772764205933, 0
u,0.6988639235496521, 0.8495277762413025, 0
u,0.6988639235496521, 0.8684210777282715, 0
u,0.689593493938446, 0.8684210777282715, 0
u,0.689593493938446, 0.8684210777282715, 0
u,0.6064441800117493, 0.8684210777282715, 0
u,0.6988639235496521, 0.8495277762413025, 0
u,0.6064441800117493, 0.8684210777282715, 0
u,0.5770661234855652, 0.8684210777282715, 0
u,0.5666667222976685, 0.8495277762413025, 0
u,0.5770661234855652, 0.8684210777282715, 0
u,0.5666667222976685, 0.8684210777282715, 0
u,0.5666667222976685, 0.8495277762413025, 0
u,0.7030768990516663, 0.899010181427002, 0
u,0.7030768990516663, 0.880116879940033, 0
u,0.7150580286979675, 0.880116879940033, 0
u,0.7150580286979675, 0.880116879940033, 0
u,0.7385842800140381, 0.880116879940033, 0
u,0.7030768990516663, 0.899010181427002, 0
u,0.7385842800140381, 0.880116879940033, 0
u,0.7576141953468323, 0.880116879940033, 0
u,0.7576141953468323, 0.899010181427002, 0
u,0.5666667222976685, 0.9210525751113892, 0
u,0.5666667222976685, 0.9021592736244202, 0
u,0.5696139931678772, 0.9021592736244202, 0
u,0.6907628774642944, 0.9021592736244202, 0
u,0.6988537907600403, 0.9021592736244202, 0
u,0.6988537907600403, 0.9210525751113892, 0
u,0.5666667222976685, 0.9210525751113892, 0
u,0.5696139931678772, 0.9021592736244202, 0
u,0.6907628774642944, 0.9021592736244202, 0
u,0.8170819878578186, 0.8742690086364746, 0
u,0.8170819878578186, 0.8931623101234436, 0
u,0.8016880750656128, 0.8931623101234436, 0
u,0.8016880750656128, 0.8931623101234436, 0
u,0.7625641226768494, 0.8931623101234436, 0
u,0.7625641226768494, 0.8742690086364746, 0
u,0.8624238967895508, 0.9161105155944824, 0
u,0.8624238967895508, 0.9229676127433777, 0
u,0.8205127716064453, 0.9229676127433777, 0
u,0.8624238967895508, 0.9229676127433777, 0
u,0.8624238967895508, 0.9298245906829834, 0
u,0.8205127716064453, 0.9298245906829834, 0
u,0.8624238967895508, 0.8955395221710205, 0
u,0.8205127716064453, 0.8955395221710205, 0
u,0.8205127716064453, 0.88868248462677, 0
u,0.8624238967895508, 0.9023965001106262, 0
u,0.8205127716064453, 0.9023965001106262, 0
u,0.8205127716064453, 0.8955395221710205, 0
u,0.8624238967895508, 0.9092534780502319, 0
u,0.8205127716064453, 0.9092534780502319, 0
u,0.8205127716064453, 0.9023965001106262, 0
u,0.8624238967895508, 0.9161105155944824, 0
u,0.8205127716064453, 0.9161105155944824, 0
u,0.8205127716064453, 0.9092534780502319, 0
u,0.6894211769104004, 0.8179296255111694, 0
u,0.6894211769104004, 0.8241695165634155, 0
u,0.651282012462616, 0.8241695165634155, 0
u,0.6894211769104004, 0.8241695165634155, 0
u,0.6894211769104004, 0.8304092884063721, 0
u,0.651282012462616, 0.8304092884063721, 0
u,0.6894211769104004, 0.7929700016975403, 0
u,0.6894211769104004, 0.7992098927497864, 0
u,0.651282012462616, 0.7992098927497864, 0
u,0.6894211769104004, 0.8054497838020325, 0
u,0.651282012462616, 0.8054497838020325, 0
u,0.651282012462616, 0.7992098927497864, 0
u,0.6894211769104004, 0.8116896748542786, 0
u,0.651282012462616, 0.8116896748542786, 0
u,0.651282012462616, 0.8054497838020325, 0
u,0.6500220894813538, 0.8167260885238647, 0
u,0.6500220894813538, 0.8235676884651184, 0
u,0.6082050800323486, 0.8235676884651184, 0
u,0.6500220894813538, 0.8235676884651184, 0
u,0.6500220894813538, 0.8304092884063721, 0
u,0.6082050800323486, 0.8304092884063721, 0
u,0.6500220894813538, 0.7962012887001038, 0
u,0.6082050800323486, 0.7962012887001038, 0
u,0.6082050800323486, 0.7893596887588501, 0
u,0.6500220894813538, 0.8030428886413574, 0
u,0.6082050800323486, 0.8030428886413574, 0
u,0.6082050800323486, 0.7962012887001038, 0
u,0.6500220894813538, 0.8098844885826111, 0
u,0.6082050800323486, 0.8098844885826111, 0
u,0.6082050800323486, 0.8030428886413574, 0
u,0.6500220894813538, 0.8167260885238647, 0
u,0.6082050800323486, 0.8167260885238647, 0
u,0.6082050800323486, 0.8098844885826111, 0
