s,206.62744140625, 92.7041015625, -0.4545154571533203
b,209.687744140625, 95.0546875, 6.586509704589844
v,209.6103515625, 93.08203125, 6.586509704589844
v,209.01953125, 92.8935546875, 6.586438179016113
v,209.0205078125, 92.8935546875, -0.454287052154541
v,209.041259765625, 92.900390625, -0.45428466796875
v,209.04052734375, 92.900390625, 5.198722839355469
v,209.1259765625, 92.927734375, 5.198732376098633
v,209.126708984375, 92.927734375, -0.45427417755126953
v,209.611328125, 93.08203125, -0.45421504974365234
v,209.451171875, 93.5849609375, -0.45421791076660156
v,209.611083984375, 93.08203125, -0.45421504974365234
v,209.12646484375, 92.927734375, -0.45427417755126953
v,209.135009765625, 92.8974609375, -0.45427417755126953
v,209.041015625, 92.900390625, -0.45428466796875
v,209.020263671875, 92.8935546875, -0.454287052154541
v,209.017822265625, 92.9013671875, -0.454287052154541
v,207.91748046875, 92.94140625, -0.4544081687927246
v,207.916015625, 92.947265625, -0.4544081687927246
v,207.114990234375, 92.7041015625, -0.45450448989868164
v,206.628173828125, 94.0888671875, -0.4545154571533203
v,206.883056640625, 94.1669921875, -0.4544849395751953
v,206.84228515625, 94.3046875, -0.4544849395751953
v,209.280029296875, 95.0546875, -0.454190731048584
v,209.687744140625, 93.658203125, -0.45418882369995117
v,208.040283203125, 93.150390625, 5.321847915649414
v,207.250732421875, 92.9072265625, 5.321752548217773
v,206.88232421875, 94.166015625, 5.321751594543457
v,206.62744140625, 94.0888671875, 5.321721076965332
v,207.1142578125, 92.7041015625, 5.3217315673828125
v,208.086181640625, 92.9990234375, 5.3218488693237305
v,208.751708984375, 93.736328125, 5.557302474975586
v,209.34228515625, 93.9248046875, 5.557374954223633
v,209.450439453125, 93.5849609375, 5.557374954223633
v,209.68701171875, 93.658203125, 5.557404518127441
v,209.279052734375, 95.0546875, 5.557403564453125
v,206.841796875, 94.3046875, 5.5571088790893555
v,207.250732421875, 92.9072265625, 5.557109832763672
v,208.85791015625, 93.40234375, 5.557303428649902
v,208.040283203125, 93.150390625, 5.1986188888549805
v,208.086181640625, 92.9990234375, 5.1986188888549805
v,207.915283203125, 92.947265625, 5.198598861694336
v,207.9169921875, 92.94140625, 5.198598861694336
v,209.01708984375, 92.9013671875, 5.1987199783325195
v,208.85791015625, 93.40234375, 5.19871711730957
v,209.125732421875, 92.927734375, 5.198732376098633
v,209.04052734375, 92.900390625, 5.198722839355469
v,209.13427734375, 92.8974609375, 5.198732376098633
v,209.342041015625, 93.9248046875, 6.586505889892578
v,208.75146484375, 93.736328125, 6.586433410644531
v,209.019287109375, 92.8935546875, 6.586438179016113
v,209.6103515625, 93.08203125, 6.586509704589844
v,207.1142578125, 92.7041015625, 5.3217315673828125
v,206.62744140625, 94.0888671875, 5.321721076965332
v,206.628173828125, 94.0888671875, -0.4545154571533203
v,207.114990234375, 92.7041015625, -0.45450448989868164
v,206.88232421875, 94.166015625, 5.321751594543457
v,206.883056640625, 94.1669921875, -0.4544849395751953
v,206.628173828125, 94.0888671875, -0.4545154571533203
v,206.62744140625, 94.0888671875, 5.321721076965332
v,208.086181640625, 92.9990234375, 5.3218488693237305
v,207.1142578125, 92.7041015625, 5.3217315673828125
v,207.114990234375, 92.7041015625, -0.45450448989868164
v,207.916015625, 92.947265625, -0.4544081687927246
v,207.915283203125, 92.947265625, 5.198598861694336
v,208.086181640625, 92.9990234375, 5.1986188888549805
v,208.086181640625, 92.9990234375, 5.1986188888549805
v,208.040283203125, 93.150390625, 5.1986188888549805
v,208.040283203125, 93.150390625, 5.321847915649414
v,208.086181640625, 92.9990234375, 5.3218488693237305
v,207.250732421875, 92.9072265625, 5.557109832763672
v,206.841796875, 94.3046875, 5.5571088790893555
v,206.84228515625, 94.3046875, -0.4544849395751953
v,206.883056640625, 94.1669921875, -0.4544849395751953
v,206.88232421875, 94.166015625, 5.321751594543457
v,207.250732421875, 92.9072265625, 5.321752548217773
v,209.279052734375, 95.0546875, 5.557403564453125
v,209.68701171875, 93.658203125, 5.557404518127441
v,209.687744140625, 93.658203125, -0.45418882369995117
v,209.280029296875, 95.0546875, -0.454190731048584
v,209.450439453125, 93.5849609375, 5.557374954223633
v,209.451171875, 93.5849609375, -0.45421791076660156
v,209.687744140625, 93.658203125, -0.45418882369995117
v,209.68701171875, 93.658203125, 5.557404518127441
v,206.84228515625, 94.3046875, -0.4544849395751953
v,206.841796875, 94.3046875, 5.5571088790893555
v,209.279052734375, 95.0546875, 5.557403564453125
v,209.280029296875, 95.0546875, -0.454190731048584
v,208.85791015625, 93.40234375, 5.557303428649902
v,207.250732421875, 92.9072265625, 5.557109832763672
v,207.250732421875, 92.9072265625, 5.321752548217773
v,208.040283203125, 93.150390625, 5.321847915649414
v,208.040283203125, 93.150390625, 5.1986188888549805
v,208.85791015625, 93.40234375, 5.19871711730957
v,209.017822265625, 92.9013671875, -0.454287052154541
v,209.01708984375, 92.9013671875, 5.1987199783325195
v,207.9169921875, 92.94140625, 5.198598861694336
v,207.91748046875, 92.94140625, -0.4544081687927246
v,207.915283203125, 92.947265625, 5.198598861694336
v,207.916015625, 92.947265625, -0.4544081687927246
v,207.91748046875, 92.94140625, -0.4544081687927246
v,207.9169921875, 92.94140625, 5.198598861694336
v,209.12646484375, 92.927734375, -0.45427417755126953
v,209.125732421875, 92.927734375, 5.198732376098633
v,209.13427734375, 92.8974609375, 5.198732376098633
v,209.135009765625, 92.8974609375, -0.45427417755126953
v,209.04052734375, 92.900390625, 5.198722839355469
v,209.041015625, 92.900390625, -0.45428466796875
v,209.135009765625, 92.8974609375, -0.45427417755126953
v,209.13427734375, 92.8974609375, 5.198732376098633
v,208.85791015625, 93.40234375, 5.19871711730957
v,209.01708984375, 92.9013671875, 5.1987199783325195
v,209.017822265625, 92.9013671875, -0.454287052154541
v,209.020263671875, 92.8935546875, -0.454287052154541
v,209.019287109375, 92.8935546875, 6.586438179016113
v,208.75146484375, 93.736328125, 6.586433410644531
v,208.751708984375, 93.736328125, 5.557302474975586
v,208.85791015625, 93.40234375, 5.557303428649902
v,209.342041015625, 93.9248046875, 6.586505889892578
v,209.6103515625, 93.08203125, 6.586509704589844
v,209.611083984375, 93.08203125, -0.45421504974365234
v,209.451171875, 93.5849609375, -0.45421791076660156
v,209.450439453125, 93.5849609375, 5.557374954223633
v,209.34228515625, 93.9248046875, 5.557374954223633
v,209.34228515625, 93.9248046875, 5.557374954223633
v,208.751708984375, 93.736328125, 5.557302474975586
v,208.75146484375, 93.736328125, 6.586433410644531
v,209.342041015625, 93.9248046875, 6.586505889892578
i,1,4,5
i,8,16,21
i,24,26,27
i,29,30,33
i,38,40,41
i,43,44,45
i,47,49,46
i,50,52,53
i,55,57,54
i,60,61,62
i,64,66,67
i,70,71,72
i,74,76,77
i,78,80,81
i,83,85,82
i,89,90,91
i,92,94,95
i,97,99,96
i,101,103,100
i,104,106,107
i,109,112,115
i,118,119,120
i,123,125,122
i,7,0,5
i,0,1,5
i,1,2,4
i,2,3,4
i,5,6,7
i,8,9,10
i,10,11,12
i,12,13,14
i,14,15,16
i,16,17,19
i,17,18,19
i,19,20,21
i,12,14,10
i,14,16,8
i,8,10,14
i,21,22,8
i,16,19,21
i,28,23,24
i,24,25,26
i,27,28,24
i,30,31,32
i,33,34,29
i,34,35,29
i,35,36,29
i,30,32,33
i,42,37,38
i,38,39,40
i,41,42,38
i,47,48,49
i,50,51,52
i,55,56,57
i,63,58,62
i,58,59,62
i,59,60,62
i,64,65,66
i,73,68,72
i,68,69,72
i,69,70,72
i,74,75,76
i,78,79,80
i,83,84,85
i,91,86,89
i,86,87,89
i,87,88,89
i,92,93,94
i,97,98,99
i,101,102,103
i,104,105,106
i,115,108,109
i,109,110,111
i,112,113,115
i,113,114,115
i,109,111,112
i,121,116,120
i,116,117,120
i,117,118,120
i,123,124,125
n,1.3520593643188477, -4.2960591316223145, -0.0009881481528282166
n,0.0005004348931834102, 0.00014127105532679707, -4.50379753112793
n,-0.0004935391480103135, -0.00013764665345661342, 4.50379753112793
n,-0.0005034457426518202, -0.0001428747782483697, 4.50379753112793
n,-0.0005001643439754844, -0.00011978667316725478, 4.50379753112793
n,-0.0004926357069052756, -0.00013723422307521105, 4.50379753112793
n,-0.0005049860337749124, -0.00013804089394398034, 4.50379753112793
n,-4.249035358428955, -1.4932818412780762, -0.0004785064666066319
n,-1.3059310913085938, 4.310306072235107, 0.0005001407698728144
n,1.3110544681549072, -4.308750629425049, 0.0001508633140474558
n,4.308365345001221, 1.312318205833435, 0.0
n,-4.320895671844482, -1.2704521417617798, -0.0006773622590117157
n,4.3235554695129395, 1.2613725662231445, 0.0006237815832719207
n,1.3256118297576904, -4.304293632507324, 0.00014343966904561967
n,-1.3248260021209717, 4.304535388946533, -0.00014335459854919463
n,1.324182152748108, -4.304733753204346, 0.0
n,-0.16318318247795105, -4.500840187072754, -1.2518347830337007e-05
n,-4.330509185791016, -1.237288475036621, -0.0004983126418665051
n,4.3386006355285645, 1.2086100578308105, 0.0004992436734028161
n,-0.16630858182907104, -4.500725746154785, -1.913716369017493e-05
n,-4.291645050048828, -1.3660058975219727, -0.0009780877735465765
n,4.291882038116455, 1.3652626276016235, 0.0004644090367946774
n,-1.3673882484436035, 4.291204929351807, -0.0002880993706639856
n,1.3671910762786865, -4.2912678718566895, 0.00016841974866110831
n,1.36693274974823, -4.291350364685059, 0.0002677172014955431
n,1.4214057922363281, -4.273616790771484, 0.0001750982628436759
n,1.4242258071899414, -4.272677421569824, 0.00016388595395255834
n,1.367073655128479, -4.2913055419921875, 0.0001573094486957416
n,0.0005033164634369314, 0.00013735720131080598, -4.50379753112793
n,0.0005131621728651226, 0.00014295232540462166, -4.50379753112793
n,0.0004989599692635238, 0.00015245999384205788, -4.50379753112793
n,0.0005002571269869804, 0.0001250642817467451, -4.50379753112793
n,0.0004982664831914008, 0.00013897201279178262, -4.50379753112793
n,0.0004965242696925998, 0.00013869577378500253, -4.50379753112793
n,0.0004986858693882823, 0.00014662618923466653, -4.50379753112793
n,0.0005001501413062215, 0.0001842970377765596, -4.50379753112793
n,0.0005008877487853169, 0.0001401805056957528, -4.50379753112793
n,0.0005124764866195619, 0.00013283459702506661, -4.50379753112793
n,0.0005046106525696814, 0.00014175700198393315, -4.50379753112793
n,0.0005007441504858434, 0.00014107086462900043, -4.50379753112793
n,-0.0005019203526899219, -0.00012760654499288648, 4.50379753112793
n,-0.0004967940622009337, -0.00013936376490164548, 4.50379753112793
n,-0.0005013939226046205, -0.0001323906471952796, 4.50379753112793
n,-0.0005024761194363236, -0.00014868790458422154, 4.50379753112793
n,-0.0005002772086299956, -0.00014414271572604775, 4.50379753112793
n,-0.0004992397152818739, -0.0001406549126841128, 4.50379753112793
n,-0.0004962370730936527, -0.0001460901548853144, 4.50379753112793
n,-0.0004977243952453136, -0.00014255533460527658, 4.50379753112793
n,-0.000506190350279212, -0.00012890718062408268, 4.50379753112793
n,-0.0004929314600303769, -0.00014083756832405925, 4.50379753112793
n,-0.0005019752425141633, -0.00013698999828193337, 4.50379753112793
n,-0.0005048553575761616, -0.00013786945783067495, 4.50379753112793
n,-4.249035358428955, -1.4932818412780762, -0.00047850649571046233
n,-1.3193515539169312, 4.306216716766357, -0.00014857920177746564
n,1.3122031688690186, -4.308400630950928, 0.0
n,1.3112562894821167, -4.308688640594482, 0.0014344212831929326
n,1.3110753297805786, -4.308743953704834, 0.00014764716615900397
n,4.308365345001221, 1.312318205833435, 0.0
n,-4.322409152984619, -1.2652952671051025, 0.0
n,-4.322471618652344, -1.2650810480117798, 0.0012433629017323256
n,-4.323253154754639, -1.2624071836471558, -0.0004678035620599985
n,4.3233747482299805, 1.2619907855987549, 0.00046781671699136496
n,1.3256118297576904, -4.304293632507324, 0.00014343966904561967
n,-1.324933648109436, 4.304502487182617, -0.0001911550061777234
n,1.324182391166687, -4.304734230041504, 0.0
n,1.324176549911499, -4.3047356605529785, 2.140250762749929e-05
n,1.3241708278656006, -4.304737567901611, 0.0
n,-0.1632152944803238, -4.500838756561279, -1.8781216567731462e-05
n,-4.369325160980225, -1.0923312902450562, -0.0003351861087139696
n,4.3386006355285645, 1.2086100578308105, 0.0004992436734028161
n,-0.16630858182907104, -4.500725746154785, -1.9137161871185526e-05
n,-4.29144287109375, -1.3666422367095947, 0.0
n,-4.30721378326416, -1.3160929679870605, -0.0004956319462507963
n,-4.292132377624512, -1.3644741773605347, -0.0001451381394872442
n,-4.2928056716918945, -1.3623542785644531, -0.0009044648613780737
n,-4.31423807144165, -1.292880654335022, -0.0005314567242749035
n,4.291712760925293, 1.3657938241958618, 0.0009042345336638391
n,4.291813850402832, 1.3654768466949463, 0.0010196127695962787
n,4.292103290557861, 1.3645645380020142, 0.0005287300446070731
n,-1.367388367652893, 4.291204929351807, -0.00028809939976781607
u,0.0, 0.8259270191192627, 0
u,0.1522693932056427, 0.8277276158332825, 0
u,0.1522693932056427, 0.8350676894187927, 0
u,0.0, 0.0, 0
u,0.0, 0.0, 0
u,0.0, 0.0, 0
u,0.02976970002055168, 0.05200609937310219, 0
u,0.0, 0.16936959326267242, 0
u,0.006969400215893984, 0.038162801414728165, 0
u,0.2308562994003296, 0.08339980244636536, 0
u,0.3051393926143646, 0.08395060151815414, 0
u,0.3377285897731781, 0.18222029507160187, 0
u,0.1286693960428238, 0.03785489872097969, 0
u,0.10725320130586624, 0.03736739978194237, 0
u,0.2318411022424698, 0.00497659994289279, 0
u,0.2452183961868286, 0.00436790008097887, 0
u,0.23448319733142853, 0.004289799835532904, 0
u,0.24511100351810455, 0.0015266999835148454, 0
u,0.2308562994003296, 0.08339980244636536, 0
u,0.3061487078666687, 0.004811800085008144, 0
u,0.3051393926143646, 0.08395060151815414, 0
u,0.7933803200721741, 0.2841919958591461, 0
u,0.9518209099769592, 0.7496182918548584, 0
u,0.7933803200721741, 0.7496182918548584, 0
u,0.98057621717453, 0.7496182918548584, 0
u,0.9518209099769592, 0.2841919958591461, 0
u,0.98057621717453, 0.2841919958591461, 0
u,0.7933803200721741, 0.7496182918548584, 0
u,0.7030174732208252, 0.7496182918548584, 0
u,0.7030174732208252, 0.29412129521369934, 0
u,0.6837505102157593, 0.29412129521369934, 0
u,0.6666666269302368, 0.2841919958591461, 0
u,0.6837505102157593, 0.2841919958591461, 0
u,0.6627355813980103, 0.6297934055328369, 0
u,0.6627355813980103, 0.6416699290275574, 0
u,0.025946399196982384, 0.6416699290275574, 0
u,0.0, 0.41988611221313477, 0
u,0.6627355813980103, 0.30007991194725037, 0
u,0.6627355813980103, 0.41988611221313477, 0
u,0.0, 0.2797097861766815, 0
u,0.6627355813980103, 0.30007991194725037, 0
u,0.0, 0.30007991194725037, 0
u,0.0, 0.6297934055328369, 0
u,0.6627355813980103, 0.41988611221313477, 0
u,0.6627355813980103, 0.6297934055328369, 0
u,0.8621705770492554, 0.9806953072547913, 0
u,0.8621705770492554, 0.970992386341095, 0
u,0.9524095058441162, 0.970992386341095, 0
u,0.630580723285675, 0.2769348919391632, 0
u,0.0, 0.18523739278316498, 0
u,0.630580723285675, 0.18523739278316498, 0
u,0.630580723285675, 0.18473279476165771, 0
u,0.0, 0.18523739278316498, 0
u,0.0, 0.18473279476165771, 0
u,0.9974107146263123, 0.998203694820404, 0
u,0.9939296841621399, 0.5358778238296509, 0
u,0.9974107146263123, 0.5358778238296509, 0
u,0.9836400747299194, 0.998203694820404, 0
u,0.9939296841621399, 0.5358778238296509, 0
u,0.9939296841621399, 0.998203694820404, 0
u,0.1522693932056427, 0.8252804279327393, 0
u,0.0, 0.8259270191192627, 0
u,0.11292299628257751, 0.7821949124336243, 0
u,0.7725539207458496, 0.8767287731170654, 0
u,0.7725539207458496, 0.9199702143669128, 0
u,0.11292299628257751, 0.9199702143669128, 0
u,0.11292299628257751, 1.0, 0
u,0.0, 0.9492089152336121, 0
u,0.11292299628257751, 0.9492089152336121, 0
u,0.7725539207458496, 0.8767287731170654, 0
u,0.0, 0.8767287731170654, 0
u,0.1522693932056427, 0.8350676894187927, 0
u,0.0, 0.8767287731170654, 0
u,0.0, 0.8259270191192627, 0
u,0.1522693932056427, 0.8350676894187927, 0
u,0.0, 0.8259270191192627, 0
u,0.7725539207458496, 0.8259270191192627, 0
u,0.1522693932056427, 0.8277276158332825, 0
u,0.7725539207458496, 0.8259270191192627, 0
u,0.7725539207458496, 0.8277276158332825, 0
u,0.1522693932056427, 0.8277276158332825, 0
u,0.1522693932056427, 0.8350676894187927, 0
u,0.7725539207458496, 0.8350676894187927, 0
u,0.7725539207458496, 0.8767287731170654, 0
u,0.0, 0.0, 0
u,0.0, 0.0, 0
u,0.0, 0.0, 0
u,0.0, 0.0, 0
u,0.0, 0.0, 0
u,0.0, 0.0, 0
u,0.0, 0.0, 0
u,0.0, 0.0, 0
u,0.0, 0.0, 0
u,0.0, 0.0, 0
u,0.0, 0.0, 0
u,0.0, 0.0, 0
u,0.0, 0.0, 0
u,0.0, 0.0, 0
u,0.0, 0.0, 0
u,0.0, 0.0, 0
u,0.0, 0.0, 0
u,0.0, 0.0, 0
u,0.0, 0.0, 0
u,0.0, 0.0, 0
u,0.0, 0.0, 0
u,0.0, 0.0, 0
u,0.0, 0.0, 0
u,0.0, 0.0, 0
u,0.0, 0.0, 0
u,0.0, 0.0, 0
u,0.0, 0.0, 0
u,0.0, 0.0, 0
u,0.0, 0.0, 0
u,0.0, 0.0, 0
u,0.0, 0.0, 0
u,0.0, 0.0, 0
u,0.0, 0.0, 0
u,0.0, 0.0, 0
u,0.0, 0.0, 0
u,0.0, 0.0, 0
u,0.1286693960428238, 0.03785489872097969, 0
u,0.1287381947040558, 0.052013199776411057, 0
u,0.02976970002055168, 0.05200609937310219, 0
u,0.02976970002055168, 0.05200609937310219, 0
u,0.031921401619911194, 0.16931410133838654, 0
u,0.0, 0.16936959326267242, 0
u,0.006969400215893984, 0.038162801414728165, 0
u,0.1286693960428238, 0.03785489872097969, 0
u,0.02976970002055168, 0.05200609937310219, 0
u,0.3051393926143646, 0.08395060151815414, 0
u,0.3055466115474701, 0.052025701850652695, 0
u,0.3352000117301941, 0.05202789977192879, 0
u,0.3377285897731781, 0.18222029507160187, 0
u,0.03215809911489487, 0.18222029507160187, 0
u,0.2308562994003296, 0.08339980244636536, 0
u,0.03215809911489487, 0.18222029507160187, 0
u,0.02976970002055168, 0.05200609937310219, 0
u,0.2308562994003296, 0.08339980244636536, 0
u,0.02976970002055168, 0.05200609937310219, 0
u,0.23125030100345612, 0.05202050134539604, 0
u,0.2308562994003296, 0.08339980244636536, 0
u,0.3051393926143646, 0.08395060151815414, 0
u,0.3352000117301941, 0.05202789977192879, 0
u,0.3377285897731781, 0.18222029507160187, 0
u,0.23125030100345612, 0.05202050134539604, 0
u,0.1287381947040558, 0.052013199776411057, 0
u,0.1286693960428238, 0.03785489872097969, 0
u,0.1286693960428238, 0.03785489872097969, 0
u,0.10728099942207336, 0.03790900111198425, 0
u,0.10725320130586624, 0.03736739978194237, 0
u,0.2318411022424698, 0.00497659994289279, 0
u,0.23125030100345612, 0.05202050134539604, 0
u,0.1286693960428238, 0.03785489872097969, 0
u,0.2308562994003296, 0.08339980244636536, 0
u,0.23184999823570251, 0.004270600154995918, 0
u,0.3061487078666687, 0.004811800085008144, 0
u,0.7933803200721741, 0.2841919958591461, 0
u,0.9518209099769592, 0.2841919958591461, 0
u,0.9518209099769592, 0.7496182918548584, 0
u,0.98057621717453, 0.7496182918548584, 0
u,0.9518209099769592, 0.7496182918548584, 0
u,0.9518209099769592, 0.2841919958591461, 0
u,0.6837505102157593, 0.29412129521369934, 0
u,0.6837505102157593, 0.2841919958591461, 0
u,0.7030174732208252, 0.29412129521369934, 0
u,0.6837505102157593, 0.2841919958591461, 0
u,0.7933803200721741, 0.2841919958591461, 0
u,0.7030174732208252, 0.29412129521369934, 0
u,0.7933803200721741, 0.2841919958591461, 0
u,0.7933803200721741, 0.7496182918548584, 0
u,0.7030174732208252, 0.29412129521369934, 0
u,0.6837505102157593, 0.29412129521369934, 0
u,0.6666666269302368, 0.29412129521369934, 0
u,0.6666666269302368, 0.2841919958591461, 0
u,0.025946399196982384, 0.7496182918548584, 0
u,0.0, 0.7496182918548584, 0
u,0.025946399196982384, 0.6416699290275574, 0
u,0.0, 0.7496182918548584, 0
u,0.0, 0.6297934055328369, 0
u,0.025946399196982384, 0.6416699290275574, 0
u,0.0, 0.6297934055328369, 0
u,0.6627355813980103, 0.6297934055328369, 0
u,0.025946399196982384, 0.6416699290275574, 0
u,0.0, 0.41988611221313477, 0
u,0.0, 0.30007991194725037, 0
u,0.6627355813980103, 0.30007991194725037, 0
u,0.0, 0.2797097861766815, 0
u,0.6627355813980103, 0.2797097861766815, 0
u,0.6627355813980103, 0.30007991194725037, 0
u,0.0, 0.6297934055328369, 0
u,0.0, 0.41988611221313477, 0
u,0.6627355813980103, 0.41988611221313477, 0
u,0.9524095058441162, 0.970992386341095, 0
u,0.9524095058441162, 0.999226987361908, 0
u,0.8621705770492554, 0.9806953072547913, 0
u,0.9524095058441162, 0.999226987361908, 0
u,0.7750511169433594, 0.999226987361908, 0
u,0.8621705770492554, 0.9806953072547913, 0
u,0.7750511169433594, 0.999226987361908, 0
u,0.7750511169433594, 0.9806953072547913, 0
u,0.8621705770492554, 0.9806953072547913, 0
u,0.630580723285675, 0.2769348919391632, 0
u,0.0, 0.2769348919391632, 0
u,0.0, 0.18523739278316498, 0
u,0.630580723285675, 0.18473279476165771, 0
u,0.630580723285675, 0.18523739278316498, 0
u,0.0, 0.18523739278316498, 0
u,0.9974107146263123, 0.998203694820404, 0
u,0.9939296841621399, 0.998203694820404, 0
u,0.9939296841621399, 0.5358778238296509, 0
u,0.9836400747299194, 0.998203694820404, 0
u,0.9836400747299194, 0.5358778238296509, 0
u,0.9939296841621399, 0.5358778238296509, 0
u,0.11292299628257751, 0.7821949124336243, 0
u,0.1522693932056427, 0.7821949124336243, 0
u,0.1522693932056427, 0.8252804279327393, 0
u,0.1522693932056427, 0.8252804279327393, 0
u,0.7725539207458496, 0.8252804279327393, 0
u,0.7725539207458496, 0.8259270191192627, 0
u,0.0, 0.8259270191192627, 0
u,0.0, 0.7534558773040771, 0
u,0.11292299628257751, 0.7821949124336243, 0
u,0.0, 0.7534558773040771, 0
u,0.11292299628257751, 0.7534558773040771, 0
u,0.11292299628257751, 0.7821949124336243, 0
u,0.1522693932056427, 0.8252804279327393, 0
u,0.7725539207458496, 0.8259270191192627, 0
u,0.0, 0.8259270191192627, 0
u,0.11292299628257751, 0.9492089152336121, 0
u,0.0, 0.9492089152336121, 0
u,0.11292299628257751, 0.9199702143669128, 0
u,0.0, 0.9492089152336121, 0
u,0.0, 0.8767287731170654, 0
u,0.11292299628257751, 0.9199702143669128, 0
u,0.0, 0.8767287731170654, 0
u,0.7725539207458496, 0.8767287731170654, 0
u,0.11292299628257751, 0.9199702143669128, 0
u,0.11292299628257751, 1.0, 0
u,0.0, 1.0, 0
u,0.0, 0.9492089152336121, 0
