s,74.870361328125, 92.1708984375, -1.8259401321411133
b,79.5849609375, 95.0693359375, 10.231969833374023
v,74.87060546875, 92.1708984375, 5.639092922210693
v,74.95458984375, 93.142578125, 5.639124393463135
v,74.95458984375, 93.142578125, -1.82590913772583
v,74.870849609375, 92.1708984375, -1.8259401321411133
v,75.36962890625, 94.9453125, -1.82584547996521
v,79.407958984375, 95.0693359375, -1.8257651329040527
v,79.5849609375, 92.3046875, -1.8258476257324219
v,74.87060546875, 92.1708984375, -1.8259401321411133
v,74.954345703125, 93.142578125, -1.82590913772583
v,77.409912109375, 92.34765625, 10.231935501098633
v,78.0654296875, 92.369140625, 10.23194694519043
v,78.04345703125, 93.078125, 10.231969833374023
v,77.38818359375, 93.05859375, 10.231956481933594
v,78.04443359375, 93.056640625, 6.734920024871826
v,78.064453125, 92.4052734375, 6.734900951385498
v,78.2099609375, 92.4091796875, 6.734902858734131
v,78.193115234375, 93.060546875, 6.734922885894775
v,77.408935546875, 92.3876953125, 6.734887599945068
v,77.388916015625, 93.0390625, 6.7349066734313965
v,76.190673828125, 93.0068359375, 6.734883785247803
v,76.20751953125, 92.35546875, 6.734863758087158
v,78.258056640625, 93.12890625, 6.79043436050415
v,76.122314453125, 93.072265625, 6.790393352508545
v,76.142822265625, 92.287109375, 6.790369510650635
v,76.20751953125, 92.35546875, 6.7903733253479
v,76.190673828125, 93.0068359375, 6.7903923988342285
v,77.388916015625, 93.0390625, 6.790415287017822
v,77.38818359375, 93.05859375, 6.790416240692139
v,78.043701171875, 93.0791015625, 6.790429592132568
v,78.04443359375, 93.056640625, 6.790428638458252
v,78.193115234375, 93.060546875, 6.790431499481201
v,78.2099609375, 92.4091796875, 6.790411472320557
v,78.278076171875, 92.3447265625, 6.790411472320557
v,78.0654296875, 92.369140625, 6.790408611297607
v,77.41015625, 92.34765625, 6.790395259857178
v,77.408935546875, 92.3876953125, 6.790396213531494
v,76.20751953125, 92.35546875, 6.7903733253479
v,76.142822265625, 92.287109375, 6.790369510650635
v,78.278076171875, 92.3447265625, 6.790411472320557
v,78.2099609375, 92.4091796875, 6.790411472320557
v,78.064453125, 92.4052734375, 6.790409564971924
v,76.122314453125, 93.072265625, 5.583633899688721
v,78.25830078125, 93.12890625, 5.583675861358643
v,78.2109375, 94.966796875, 5.583733081817627
v,76.075439453125, 94.900390625, 5.583690166473389
v,75.019775390625, 93.1318359375, 5.583616733551025
v,74.943359375, 92.2392578125, 5.583588123321533
v,79.513916015625, 92.369140625, 5.583677768707275
v,79.34521484375, 95.0009765625, 5.583755970001221
v,78.2109375, 94.966796875, 5.583733081817627
v,78.25830078125, 93.12890625, 5.583675861358643
v,78.278076171875, 92.3447265625, 5.583652019500732
v,76.142822265625, 92.287109375, 5.583611011505127
v,76.122314453125, 93.072265625, 5.583633899688721
v,76.075439453125, 94.900390625, 5.583690166473389
v,75.4228515625, 94.880859375, 5.583678722381592
v,75.4228515625, 94.880859375, 5.639187335968018
v,79.34521484375, 95.0009765625, 5.639265537261963
v,79.40771484375, 95.0693359375, 5.639268398284912
v,75.369384765625, 94.9453125, 5.639188289642334
v,74.870361328125, 92.1708984375, 5.639092922210693
v,79.584716796875, 92.3037109375, 5.639185428619385
v,79.40771484375, 95.0693359375, 5.639268398284912
v,79.34521484375, 95.0009765625, 5.639265537261963
v,79.513916015625, 92.369140625, 5.639186382293701
v,74.943359375, 92.2392578125, 5.639096736907959
v,75.019775390625, 93.1318359375, 5.639125347137451
v,75.4228515625, 94.880859375, 5.639187335968018
v,75.369384765625, 94.9453125, 5.639188289642334
v,74.954345703125, 93.142578125, 5.639124393463135
v,78.043701171875, 93.0791015625, 6.790429592132568
v,77.38818359375, 93.05859375, 6.790416240692139
v,77.38818359375, 93.05859375, 10.231956481933594
v,78.04345703125, 93.078125, 10.231969833374023
v,78.04443359375, 93.056640625, 6.734920024871826
v,78.04443359375, 93.056640625, 6.790428638458252
v,78.043701171875, 93.0791015625, 6.790429592132568
v,78.04345703125, 93.078125, 10.231969833374023
v,78.0654296875, 92.369140625, 10.23194694519043
v,78.0654296875, 92.369140625, 6.790408611297607
v,78.064453125, 92.4052734375, 6.790409564971924
v,78.064453125, 92.4052734375, 6.734900951385498
v,77.41015625, 92.34765625, 6.790395259857178
v,78.0654296875, 92.369140625, 6.790408611297607
v,78.0654296875, 92.369140625, 10.23194694519043
v,77.409912109375, 92.34765625, 10.231935501098633
v,77.408935546875, 92.3876953125, 6.734887599945068
v,77.408935546875, 92.3876953125, 6.790396213531494
v,77.41015625, 92.34765625, 6.790395259857178
v,77.409912109375, 92.34765625, 10.231935501098633
v,77.38818359375, 93.05859375, 10.231956481933594
v,77.38818359375, 93.05859375, 6.790416240692139
v,77.388916015625, 93.0390625, 6.790415287017822
v,77.388916015625, 93.0390625, 6.7349066734313965
v,76.190673828125, 93.0068359375, 6.7903923988342285
v,76.20751953125, 92.35546875, 6.7903733253479
v,76.20751953125, 92.35546875, 6.734863758087158
v,76.190673828125, 93.0068359375, 6.734883785247803
v,77.388916015625, 93.0390625, 6.7349066734313965
v,77.388916015625, 93.0390625, 6.790415287017822
v,76.190673828125, 93.0068359375, 6.7903923988342285
v,76.190673828125, 93.0068359375, 6.734883785247803
v,78.04443359375, 93.056640625, 6.790428638458252
v,78.04443359375, 93.056640625, 6.734920024871826
v,78.193115234375, 93.060546875, 6.734922885894775
v,78.193115234375, 93.060546875, 6.790431499481201
v,78.2099609375, 92.4091796875, 6.790411472320557
v,78.193115234375, 93.060546875, 6.790431499481201
v,78.193115234375, 93.060546875, 6.734922885894775
v,78.2099609375, 92.4091796875, 6.734902858734131
v,77.408935546875, 92.3876953125, 6.790396213531494
v,77.408935546875, 92.3876953125, 6.734887599945068
v,76.20751953125, 92.35546875, 6.734863758087158
v,76.20751953125, 92.35546875, 6.7903733253479
v,78.064453125, 92.4052734375, 6.734900951385498
v,78.064453125, 92.4052734375, 6.790409564971924
v,78.2099609375, 92.4091796875, 6.790411472320557
v,78.2099609375, 92.4091796875, 6.734902858734131
v,78.25830078125, 93.12890625, 5.583675861358643
v,76.122314453125, 93.072265625, 5.583633899688721
v,76.122314453125, 93.072265625, 6.790393352508545
v,78.258056640625, 93.12890625, 6.79043436050415
v,78.278076171875, 92.3447265625, 6.790411472320557
v,78.278076171875, 92.3447265625, 5.583652019500732
v,78.25830078125, 93.12890625, 5.583675861358643
v,78.258056640625, 93.12890625, 6.79043436050415
v,76.142822265625, 92.287109375, 6.790369510650635
v,76.142822265625, 92.287109375, 5.583611011505127
v,78.278076171875, 92.3447265625, 5.583652019500732
v,78.278076171875, 92.3447265625, 6.790411472320557
v,76.122314453125, 93.072265625, 6.790393352508545
v,76.122314453125, 93.072265625, 5.583633899688721
v,76.142822265625, 92.287109375, 5.583611011505127
v,76.142822265625, 92.287109375, 6.790369510650635
v,75.019775390625, 93.1318359375, 5.639125347137451
v,74.943359375, 92.2392578125, 5.639096736907959
v,74.943359375, 92.2392578125, 5.583588123321533
v,75.019775390625, 93.1318359375, 5.583616733551025
v,75.4228515625, 94.880859375, 5.639187335968018
v,75.019775390625, 93.1318359375, 5.639125347137451
v,75.019775390625, 93.1318359375, 5.583616733551025
v,75.4228515625, 94.880859375, 5.583678722381592
v,79.34521484375, 95.0009765625, 5.639265537261963
v,75.4228515625, 94.880859375, 5.639187335968018
v,75.4228515625, 94.880859375, 5.583678722381592
v,76.075439453125, 94.900390625, 5.583690166473389
v,78.2109375, 94.966796875, 5.583733081817627
v,79.34521484375, 95.0009765625, 5.583755970001221
v,79.513916015625, 92.369140625, 5.639186382293701
v,79.34521484375, 95.0009765625, 5.639265537261963
v,79.34521484375, 95.0009765625, 5.583755970001221
v,79.513916015625, 92.369140625, 5.583677768707275
v,74.943359375, 92.2392578125, 5.583588123321533
v,74.943359375, 92.2392578125, 5.639096736907959
v,79.513916015625, 92.369140625, 5.639186382293701
v,79.513916015625, 92.369140625, 5.583677768707275
v,74.954345703125, 93.142578125, 5.639124393463135
v,75.369384765625, 94.9453125, 5.639188289642334
v,75.36962890625, 94.9453125, -1.82584547996521
v,74.954345703125, 93.142578125, -1.82590913772583
v,75.369384765625, 94.9453125, 5.639188289642334
v,79.40771484375, 95.0693359375, 5.639268398284912
v,79.407958984375, 95.0693359375, -1.8257651329040527
v,75.36962890625, 94.9453125, -1.82584547996521
v,79.40771484375, 95.0693359375, 5.639268398284912
v,79.584716796875, 92.3037109375, 5.639185428619385
v,79.5849609375, 92.3046875, -1.8258476257324219
v,79.407958984375, 95.0693359375, -1.8257651329040527
v,79.584716796875, 92.3037109375, 5.639185428619385
v,74.870361328125, 92.1708984375, 5.639092922210693
v,74.87060546875, 92.1708984375, -1.8259401321411133
v,79.5849609375, 92.3046875, -1.8258476257324219
i,0,2,3
i,6,7,8
i,10,12,9
i,14,16,13
i,18,20,17
i,21,27,28
i,34,37,38
i,42,44,41
i,51,52,46
i,57,59,56
i,60,65,69
i,71,73,70
i,75,77,80
i,82,84,85
i,90,92,87
i,95,97,94
i,98,100,101
i,102,104,105
i,106,108,109
i,111,113,110
i,115,117,114
i,119,121,118
i,122,124,125
i,126,128,129
i,131,133,130
i,135,137,134
i,139,141,138
i,145,146,143
i,148,150,151
i,153,155,152
i,156,158,159
i,161,163,160
i,164,166,167
i,168,170,171
i,0,1,2
i,8,4,6
i,4,5,6
i,10,11,12
i,14,15,16
i,18,19,20
i,22,23,24
i,25,26,27
i,22,24,25
i,31,32,30
i,32,21,30
i,28,29,30
i,21,22,27
i,22,25,27
i,28,30,21
i,34,35,36
i,38,39,33
i,39,40,33
i,34,36,37
i,38,33,34
i,42,43,44
i,55,45,53
i,45,46,52
i,53,45,52
i,47,48,50
i,48,49,50
i,54,55,53
i,47,50,51
i,47,51,46
i,57,58,59
i,61,62,64
i,62,63,64
i,67,68,69
i,66,67,69
i,60,61,65
i,61,64,65
i,65,66,69
i,71,72,73
i,81,74,80
i,74,75,80
i,75,76,77
i,77,78,80
i,78,79,80
i,82,83,84
i,93,86,87
i,87,88,89
i,89,90,87
i,90,91,92
i,92,93,87
i,95,96,97
i,98,99,100
i,102,103,104
i,106,107,108
i,111,112,113
i,115,116,117
i,119,120,121
i,122,123,124
i,126,127,128
i,131,132,133
i,135,136,137
i,139,140,141
i,147,142,146
i,142,143,146
i,143,144,145
i,148,149,150
i,153,154,155
i,156,157,158
i,161,162,163
i,164,165,166
i,168,169,170
n,-4.487173080444336, 0.386618047952652, -0.0001303353492403403
n,8.454712224192917e-05, 0.00013605084677692503, -4.50379753112793
n,-7.730790821369737e-05, -0.00013124597899150103, 4.50379753112793
n,-7.374278357019648e-05, -0.00013695818779524416, 4.50379753112793
n,-8.540558337699622e-05, -0.0001314588589593768, 4.50379753112793
n,-9.09251903067343e-05, -6.896343984408304e-05, 4.50379753112793
n,-8.808359416434541e-05, -4.6214914618758485e-05, 4.50379753112793
n,-8.555629756301641e-05, -0.0001419940817868337, 4.50379753112793
n,-9.09904993022792e-05, 0.0001288616913370788, 4.50379753112793
n,-8.551064820494503e-05, -0.00012904696632176638, 4.50379753112793
n,-7.92262508184649e-05, -0.0001384551142109558, 4.50379753112793
n,-0.14295296370983124, 4.501528263092041, 0.0011254510609433055
n,4.5016865730285645, 0.13786788284778595, 0.0002658742596395314
n,0.14295293390750885, -4.501528263092041, 9.00660870684078e-06
n,-4.5016865730285645, -0.13786791265010834, -8.648467337479815e-05
n,4.502280235290527, 0.1169034093618393, 0.0
n,0.12057964503765106, -4.502182960510254, 0.0
n,0.10501627624034882, -4.502573013305664, 0.0
n,-4.502318859100342, -0.11540564149618149, 0.0
n,-0.12027514725923538, 4.502191066741943, 0.0
n,-0.10736256837844849, 4.5025177001953125, 0.0
n,-0.11884057521820068, 4.5022292137146, -2.1353320335038006e-05
n,4.502308368682861, 0.11579496413469315, 0.0008089765324257314
n,0.12069207429885864, -4.502180576324463, 0.0
n,-4.502279758453369, -0.11691002547740936, 0.0
n,4.487325191497803, -0.38484591245651245, 0.0
n,4.388689994812012, -1.0117279291152954, 0.0
n,0.1389472782611847, -4.501627445220947, 0.015404199250042439
n,-4.494577884674072, -0.2880379855632782, 0.0
n,-0.12729212641716003, 4.501997947692871, 0.0
n,-4.388931751251221, 1.010678768157959, 0.0
n,-0.13826020061969757, 4.501675128936768, -4.015933882328682e-06
n,4.494582176208496, 0.28796058893203735, 0.0001305505575146526
n,0.1275515854358673, -4.501991271972656, -0.0005193581455387175
n,-4.487086772918701, 0.3876121938228607, 0.0
n,8.518549293512478e-05, 0.00013957911869511008, -4.50379753112793
n,8.521615382051095e-05, 0.00013962804223410785, -4.50379753112793
n,-8.880667883204296e-05, -0.00014253864355850965, 4.50379753112793
n,-7.539903890574351e-05, -0.0001366324140690267, 4.50379753112793
n,-8.229426020989195e-05, -0.00013683654833585024, 4.50379753112793
n,-8.909717143978924e-05, -0.00013839169696439058, 4.50379753112793
n,-8.053120109252632e-05, -0.0002026653673965484, 4.50379753112793
n,-7.427146920235828e-05, -0.00013662823766935617, 4.50379753112793
n,-0.00012969897943548858, -0.0001380242611048743, 4.50379753112793
n,-9.397088433615863e-05, -0.00013378019502852112, 4.50379753112793
n,-7.294256647583097e-05, -0.00017126718012150377, 4.50379753112793
n,-8.31732468213886e-05, -0.00016492969007231295, 4.50379753112793
n,-8.296302985399961e-05, -0.00014575436944141984, 4.50379753112793
n,-7.093818567227572e-05, -0.00015557378355879337, 4.50379753112793
n,-8.373591845156625e-05, -0.00019395833078306168, 4.50379753112793
n,-8.165578037733212e-05, -8.68971983436495e-05, 4.50379753112793
n,-7.61059854994528e-05, -0.00010698505502659827, 4.50379753112793
n,-8.341015927726403e-05, -0.0001437727769371122, 4.50379753112793
n,-8.848529250826687e-05, -0.00014671644021291286, 4.50379753112793
n,-8.495354268234223e-05, -0.00014125154120847583, 4.50379753112793
n,-7.687786273891106e-05, -0.00014153894153423607, 4.50379753112793
n,-8.036052895477042e-05, -0.00013843376655131578, 4.50379753112793
n,-7.642539276275784e-05, -0.00013320273137651384, 4.50379753112793
n,-9.115888678934425e-05, -0.0001406150549883023, 4.50379753112793
n,-8.984562737168744e-05, -0.00014137737161945552, 4.50379753112793
n,-7.751976954750717e-05, -0.0001417872408637777, 4.50379753112793
n,-8.988857734948397e-05, -0.0001385156501783058, 4.50379753112793
n,-0.00010204961290583014, 0.0004802854382432997, 4.50379753112793
n,-8.528841863153502e-05, -0.00014496446237899363, 4.50379753112793
n,-7.458198524545878e-05, -0.0001399375469191, 4.50379753112793
n,-9.013283852254972e-05, -0.00014054930943530053, 4.50379753112793
n,-9.49446766753681e-05, -0.0001368143130093813, 4.50379753112793
n,-8.061419066507369e-05, -0.00014067761367186904, 4.50379753112793
n,-8.445879211649299e-05, -0.00013289140770211816, 4.50379753112793
n,-8.42161534819752e-05, -0.00015043879102449864, 4.50379753112793
n,-8.025892748264596e-05, -0.00013844246859662235, 4.50379753112793
n,-0.13704748451709747, 4.501712322235107, 0.0
n,4.501687049865723, 0.13786791265010834, 0.0
n,4.501687049865723, 0.13786791265010834, 0.0
n,4.501924991607666, 0.1298632025718689, 0.00031636704807169735
n,4.501653671264648, 0.13895690441131592, 5.270244218991138e-05
n,4.501804351806641, 0.13398228585720062, 0.0
n,0.14300018548965454, -4.501526832580566, 0.0
n,-4.501687049865723, -0.13786791265010834, 0.0
n,-4.501404762268066, -0.1467849314212799, -0.00028360658325254917
n,-4.5017008781433105, -0.13741454482078552, -0.00017488491721451283
n,-4.501183032989502, -0.1534494161605835, 0.0
n,-4.501687049865723, -0.13786791265010834, 0.0
n,4.502280235290527, 0.1169034093618393, 0.0
n,0.12057964503765106, -4.502182960510254, 0.0
n,0.10501627624034882, -4.502573013305664, 0.0
n,-4.502318859100342, -0.11540564149618149, 0.0
n,-0.12027514725923538, 4.502191066741943, 0.0
n,-0.10736256837844849, 4.5025177001953125, 0.0
n,-0.1188526302576065, 4.5022292137146, 0.0
n,4.502340793609619, 0.11455070227384567, 0.0
n,0.12069208174943924, -4.502180576324463, 0.0
n,-4.502279758453369, -0.11691002547740936, 0.0
n,4.487325191497803, -0.38484591245651245, 0.0
n,4.388689994812012, -1.0117279291152954, 0.0
n,0.13769274950027466, -4.501692295074463, 0.0
n,0.13836708664894104, -4.501650333404541, -0.013799835927784443
n,0.13763903081417084, -4.501694202423096, 0.0
n,-4.494577884674072, -0.2880379855632782, 0.0
n,-0.12729212641716003, 4.501997947692871, 0.0
n,-4.389046669006348, 1.010177493095398, -0.00012748515291605145
n,-0.13826020061969757, 4.501675128936768, -4.015933882328682e-06
n,4.494588375091553, 0.2878706753253937, 0.0001639969414100051
n,0.126723974943161, -4.502014636993408, 3.6808512504649116e-06
u,0.0, 0.5703948140144348, 0
u,0.8439167737960815, 0.5144795179367065, 0
u,0.8439167737960815, 0.5703948140144348, 0
u,0.0, 0.0, 0
u,0.0, 0.0, 0
u,0.0, 0.0, 0
u,0.3960024118423462, 0.007808399852365255, 0
u,0.3146212100982666, 0.05230129882693291, 0
u,0.314840704202652, 0.007686799857765436, 0
u,0.3959912061691284, 0.010098599828779697, 0
u,0.4142177104949951, 0.05099489912390709, 0
u,0.395790696144104, 0.05101130157709122, 0
u,0.31462711095809937, 0.05108340084552765, 0
u,0.16608290374279022, 0.010292399674654007, 0
u,0.314828485250473, 0.010166999883949757, 0
u,0.42248278856277466, 0.05517039820551872, 0
u,0.3146212100982666, 0.05230129882693291, 0
u,0.39578381180763245, 0.05242529883980751, 0
u,0.314840704202652, 0.007686799857765436, 0
u,0.15781870484352112, 0.006116400007158518, 0
u,0.42223110795021057, 0.005893500056117773, 0
u,0.42248278856277466, 0.05517039820551872, 0
u,0.15861879289150238, 0.17029160261154175, 0
u,0.15805889666080475, 0.055405400693416595, 0
u,0.42223110795021057, 0.005893500056117773, 0
u,0.15781870484352112, 0.006116400007158518, 0
u,0.009244300425052643, 0.005239999853074551, 0
u,0.5635377764701843, 0.1707945019006729, 0
u,0.07143180072307587, 0.17436620593070984, 0
u,0.07780960202217102, 0.1701911985874176, 0
u,0.0, 0.0010571000166237354, 0
u,0.009244300425052643, 0.005239999853074551, 0
u,0.013758700340986252, 0.061871301382780075, 0
u,0.9857615232467651, 0.05330599844455719, 0
u,0.5874999761581421, 0.014799199998378754, 0
u,0.9857615232467651, 0.014799199998378754, 0
u,0.9857615232467651, 0.1739255040884018, 0
u,0.5874999761581421, 0.17524759471416473, 0
u,0.9857615232467651, 0.13567030429840088, 0
u,0.9857615232467651, 0.09502240270376205, 0
u,0.5874999761581421, 0.1335289031267166, 0
u,0.5874999761581421, 0.09502240270376205, 0
u,0.5874999761581421, 0.05330599844455719, 0
u,0.9857615232467651, 0.054444801062345505, 0
u,0.9857615232467651, 0.09270340204238892, 0
u,0.8583332896232605, 0.5496823191642761, 0
u,0.8647708296775818, 0.5880296230316162, 0
u,0.8583332896232605, 0.5880296230316162, 0
u,0.8647708296775818, 0.658562421798706, 0
u,0.8583332896232605, 0.5880296230316162, 0
u,0.8647708296775818, 0.5880296230316162, 0
u,0.9732065796852112, 0.6553910970687866, 0
u,0.9567655920982361, 0.6585010886192322, 0
u,0.9567655920982361, 0.6553910970687866, 0
u,0.8848257064819336, 0.6553910970687866, 0
u,0.9567655920982361, 0.6585010886192322, 0
u,0.8848257064819336, 0.6585010886192322, 0
u,0.8647708296775818, 0.47895899415016174, 0
u,0.8583332896232605, 0.5496823191642761, 0
u,0.8583332896232605, 0.47895899415016174, 0
u,0.8687499761581421, 0.6553910970687866, 0
u,0.8848257064819336, 0.6585010886192322, 0
u,0.8687499761581421, 0.6585010886192322, 0
u,0.9962332248687744, 0.82900071144104, 0
u,0.8583332896232605, 0.7051184773445129, 0
u,0.9962332248687744, 0.7051184773445129, 0
u,0.8583332896232605, 0.6596195101737976, 0
u,0.9962332248687744, 0.7051184773445129, 0
u,0.8583332896232605, 0.7051184773445129, 0
u,0.8583332896232605, 0.8745108842849731, 0
u,0.9962332248687744, 0.9983876943588257, 0
u,0.8583332896232605, 0.9983876943588257, 0
u,0.9962332248687744, 0.82900071144104, 0
u,0.8583332896232605, 0.8745108842849731, 0
u,0.8583332896232605, 0.82900071144104, 0
u,0.8479167222976685, 0.8415716886520386, 0
u,0.8543586730957031, 0.8943002223968506, 0
u,0.8479167222976685, 0.8943002223968506, 0
u,0.8479167222976685, 0.8943002223968506, 0
u,0.8543586730957031, 1.0, 0
u,0.8479167222976685, 1.0, 0
u,0.8543586730957031, 0.22429050505161285, 0
u,0.8543586730957031, 0.3501169979572296, 0
u,0.8479167222976685, 0.18584169447422028, 0
u,0.8479167222976685, 0.5722920894622803, 0
u,0.8543586730957031, 0.41694989800453186, 0
u,0.8543586730957031, 0.5722920894622803, 0
u,0.8479167222976685, 0.8415716886520386, 0
u,0.8543586730957031, 0.5722920894622803, 0
u,0.8543586730957031, 0.8415716886520386, 0
u,0.0, 0.5144795179367065, 0
u,0.8439167737960815, 0.4083018898963928, 0
u,0.8439167737960815, 0.5144795179367065, 0
u,0.0, 0.1765328049659729, 0
u,0.8439167737960815, 0.4083018898963928, 0
u,0.0, 0.4083018898963928, 0
u,0.0, 0.9999263882637024, 0
u,0.8439167737960815, 0.840949296951294, 0
u,0.8439167737960815, 0.9999263882637024, 0
u,0.0, 0.840949296951294, 0
u,0.8439167737960815, 0.5703948140144348, 0
u,0.8439167737960815, 0.840949296951294, 0
u,0.0, 0.5703948140144348, 0
u,0.0, 0.5144795179367065, 0
u,0.8439167737960815, 0.5144795179367065, 0
u,0.0, 0.0, 0
u,0.0, 0.0, 0
u,0.0, 0.0, 0
u,0.0, 0.0, 0
u,0.0, 0.0, 0
u,0.0, 0.0, 0
u,0.3960024118423462, 0.007808399852365255, 0
u,0.39578381180763245, 0.05242529883980751, 0
u,0.3146212100982666, 0.05230129882693291, 0
u,0.3959912061691284, 0.010098599828779697, 0
u,0.4140087068080902, 0.010083399713039398, 0
u,0.4142177104949951, 0.05099489912390709, 0
u,0.31462711095809937, 0.05108340084552765, 0
u,0.1662822961807251, 0.05121520161628723, 0
u,0.16608290374279022, 0.010292399674654007, 0
u,0.15805889666080475, 0.055405400693416595, 0
u,0.15781870484352112, 0.006116400007158518, 0
u,0.16608290374279022, 0.010292399674654007, 0
u,0.1662822961807251, 0.05121520161628723, 0
u,0.31462711095809937, 0.05108340084552765, 0
u,0.3146212100982666, 0.05230129882693291, 0
u,0.15805889666080475, 0.055405400693416595, 0
u,0.16608290374279022, 0.010292399674654007, 0
u,0.1662822961807251, 0.05121520161628723, 0
u,0.4140087068080902, 0.010083399713039398, 0
u,0.42223110795021057, 0.005893500056117773, 0
u,0.4142177104949951, 0.05099489912390709, 0
u,0.42223110795021057, 0.005893500056117773, 0
u,0.42248278856277466, 0.05517039820551872, 0
u,0.4142177104949951, 0.05099489912390709, 0
u,0.39578381180763245, 0.05242529883980751, 0
u,0.395790696144104, 0.05101130157709122, 0
u,0.4142177104949951, 0.05099489912390709, 0
u,0.42248278856277466, 0.05517039820551872, 0
u,0.15805889666080475, 0.055405400693416595, 0
u,0.3146212100982666, 0.05230129882693291, 0
u,0.15805889666080475, 0.055405400693416595, 0
u,0.1662822961807251, 0.05121520161628723, 0
u,0.3146212100982666, 0.05230129882693291, 0
u,0.39578381180763245, 0.05242529883980751, 0
u,0.4142177104949951, 0.05099489912390709, 0
u,0.42248278856277466, 0.05517039820551872, 0
u,0.314840704202652, 0.007686799857765436, 0
u,0.314828485250473, 0.010166999883949757, 0
u,0.16608290374279022, 0.010292399674654007, 0
u,0.42223110795021057, 0.005893500056117773, 0
u,0.4140087068080902, 0.010083399713039398, 0
u,0.3960024118423462, 0.007808399852365255, 0
u,0.4140087068080902, 0.010083399713039398, 0
u,0.3959912061691284, 0.010098599828779697, 0
u,0.3960024118423462, 0.007808399852365255, 0
u,0.314840704202652, 0.007686799857765436, 0
u,0.16608290374279022, 0.010292399674654007, 0
u,0.15781870484352112, 0.006116400007158518, 0
u,0.42223110795021057, 0.005893500056117773, 0
u,0.3960024118423462, 0.007808399852365255, 0
u,0.314840704202652, 0.007686799857765436, 0
u,0.42248278856277466, 0.05517039820551872, 0
u,0.42307248711586, 0.17062009871006012, 0
u,0.15861879289150238, 0.17029160261154175, 0
u,0.07780960202217102, 0.1701911985874176, 0
u,0.021842900663614273, 0.061106301844120026, 0
u,0.15805889666080475, 0.055405400693416595, 0
u,0.021842900663614273, 0.061106301844120026, 0
u,0.009244300425052643, 0.005239999853074551, 0
u,0.15781870484352112, 0.006116400007158518, 0
u,0.15805889666080475, 0.055405400693416595, 0
u,0.021842900663614273, 0.061106301844120026, 0
u,0.15781870484352112, 0.006116400007158518, 0
u,0.575200080871582, 0.005239999853074551, 0
u,0.5635377764701843, 0.1707945019006729, 0
u,0.42248278856277466, 0.05517039820551872, 0
u,0.5635377764701843, 0.1707945019006729, 0
u,0.42307248711586, 0.17062009871006012, 0
u,0.42248278856277466, 0.05517039820551872, 0
u,0.15861879289150238, 0.17029160261154175, 0
u,0.07780960202217102, 0.1701911985874176, 0
u,0.15805889666080475, 0.055405400693416595, 0
u,0.575200080871582, 0.005239999853074551, 0
u,0.42248278856277466, 0.05517039820551872, 0
u,0.42223110795021057, 0.005893500056117773, 0
u,0.575200080871582, 0.005239999853074551, 0
u,0.42223110795021057, 0.005893500056117773, 0
u,0.009244300425052643, 0.005239999853074551, 0
u,0.5635377764701843, 0.1707945019006729, 0
u,0.5714914798736572, 0.17498740553855896, 0
u,0.07143180072307587, 0.17436620593070984, 0
u,0.5837438702583313, 0.0010571000166237354, 0
u,0.5714914798736572, 0.17498740553855896, 0
u,0.575200080871582, 0.005239999853074551, 0
u,0.5714914798736572, 0.17498740553855896, 0
u,0.5635377764701843, 0.1707945019006729, 0
u,0.575200080871582, 0.005239999853074551, 0
u,0.07780960202217102, 0.1701911985874176, 0
u,0.07143180072307587, 0.17436620593070984, 0
u,0.013758700340986252, 0.061871301382780075, 0
u,0.021842900663614273, 0.061106301844120026, 0
u,0.07780960202217102, 0.1701911985874176, 0
u,0.013758700340986252, 0.061871301382780075, 0
u,0.0, 0.0010571000166237354, 0
u,0.5837438702583313, 0.0010571000166237354, 0
u,0.009244300425052643, 0.005239999853074551, 0
u,0.5837438702583313, 0.0010571000166237354, 0
u,0.575200080871582, 0.005239999853074551, 0
u,0.009244300425052643, 0.005239999853074551, 0
u,0.009244300425052643, 0.005239999853074551, 0
u,0.021842900663614273, 0.061106301844120026, 0
u,0.013758700340986252, 0.061871301382780075, 0
u,0.9857615232467651, 0.05330599844455719, 0
u,0.5874999761581421, 0.05330599844455719, 0
u,0.5874999761581421, 0.014799199998378754, 0
u,0.992185115814209, 0.13567030429840088, 0
u,0.992185115814209, 0.1739255040884018, 0
u,0.9857615232467651, 0.13567030429840088, 0
u,0.992185115814209, 0.1739255040884018, 0
u,0.9857615232467651, 0.1739255040884018, 0
u,0.9857615232467651, 0.13567030429840088, 0
u,0.9857615232467651, 0.1739255040884018, 0
u,0.9857615232467651, 0.17524759471416473, 0
u,0.5874999761581421, 0.17524759471416473, 0
u,0.5874999761581421, 0.17524759471416473, 0
u,0.5874999761581421, 0.1335289031267166, 0
u,0.9857615232467651, 0.13567030429840088, 0
u,0.5874999761581421, 0.1335289031267166, 0
u,0.9857615232467651, 0.1335289031267166, 0
u,0.9857615232467651, 0.13567030429840088, 0
u,0.9857615232467651, 0.09502240270376205, 0
u,0.9857615232467651, 0.1335289031267166, 0
u,0.5874999761581421, 0.1335289031267166, 0
u,0.992185115814209, 0.054444801062345505, 0
u,0.992185115814209, 0.09270340204238892, 0
u,0.9857615232467651, 0.09270340204238892, 0
u,0.9857615232467651, 0.09270340204238892, 0
u,0.9857615232467651, 0.09502240270376205, 0
u,0.5874999761581421, 0.09502240270376205, 0
u,0.5874999761581421, 0.09502240270376205, 0
u,0.5874999761581421, 0.05330599844455719, 0
u,0.9857615232467651, 0.09270340204238892, 0
u,0.5874999761581421, 0.05330599844455719, 0
u,0.9857615232467651, 0.05330599844455719, 0
u,0.9857615232467651, 0.054444801062345505, 0
u,0.9857615232467651, 0.054444801062345505, 0
u,0.992185115814209, 0.054444801062345505, 0
u,0.9857615232467651, 0.09270340204238892, 0
u,0.8583332896232605, 0.5496823191642761, 0
u,0.8647708296775818, 0.5496823191642761, 0
u,0.8647708296775818, 0.5880296230316162, 0
u,0.8647708296775818, 0.658562421798706, 0
u,0.8583332896232605, 0.658562421798706, 0
u,0.8583332896232605, 0.5880296230316162, 0
u,0.9732065796852112, 0.6553910970687866, 0
u,0.9732065796852112, 0.6585010886192322, 0
u,0.9567655920982361, 0.6585010886192322, 0
u,0.8848257064819336, 0.6553910970687866, 0
u,0.9567655920982361, 0.6553910970687866, 0
u,0.9567655920982361, 0.6585010886192322, 0
u,0.8647708296775818, 0.47895899415016174, 0
u,0.8647708296775818, 0.5496823191642761, 0
u,0.8583332896232605, 0.5496823191642761, 0
u,0.8687499761581421, 0.6553910970687866, 0
u,0.8848257064819336, 0.6553910970687866, 0
u,0.8848257064819336, 0.6585010886192322, 0
u,0.9962332248687744, 0.82900071144104, 0
u,0.8583332896232605, 0.82900071144104, 0
u,0.8583332896232605, 0.7051184773445129, 0
u,0.8583332896232605, 0.6596195101737976, 0
u,0.9962332248687744, 0.6596195101737976, 0
u,0.9962332248687744, 0.7051184773445129, 0
u,0.8583332896232605, 0.8745108842849731, 0
u,0.9962332248687744, 0.8745108842849731, 0
u,0.9962332248687744, 0.9983876943588257, 0
u,0.9962332248687744, 0.82900071144104, 0
u,0.9962332248687744, 0.8745108842849731, 0
u,0.8583332896232605, 0.8745108842849731, 0
u,0.8479167222976685, 0.8415716886520386, 0
u,0.8543586730957031, 0.8415716886520386, 0
u,0.8543586730957031, 0.8943002223968506, 0
u,0.8479167222976685, 0.8943002223968506, 0
u,0.8543586730957031, 0.8943002223968506, 0
u,0.8543586730957031, 1.0, 0
u,0.8543586730957031, 0.41694989800453186, 0
u,0.8479167222976685, 0.41694989800453186, 0
u,0.8543586730957031, 0.3501169979572296, 0
u,0.8479167222976685, 0.41694989800453186, 0
u,0.8479167222976685, 0.18584169447422028, 0
u,0.8543586730957031, 0.3501169979572296, 0
u,0.8479167222976685, 0.18584169447422028, 0
u,0.8543586730957031, 0.18584169447422028, 0
u,0.8543586730957031, 0.22429050505161285, 0
u,0.8479167222976685, 0.5722920894622803, 0
u,0.8479167222976685, 0.41694989800453186, 0
u,0.8543586730957031, 0.41694989800453186, 0
u,0.8479167222976685, 0.8415716886520386, 0
u,0.8479167222976685, 0.5722920894622803, 0
u,0.8543586730957031, 0.5722920894622803, 0
u,0.0, 0.5144795179367065, 0
u,0.0, 0.4083018898963928, 0
u,0.8439167737960815, 0.4083018898963928, 0
u,0.0, 0.1765328049659729, 0
u,0.8439167737960815, 0.1765328049659729, 0
u,0.8439167737960815, 0.4083018898963928, 0
u,0.0, 0.9999263882637024, 0
u,0.0, 0.840949296951294, 0
u,0.8439167737960815, 0.840949296951294, 0
u,0.0, 0.840949296951294, 0
u,0.0, 0.5703948140144348, 0
u,0.8439167737960815, 0.5703948140144348, 0
