s,86.973876953125, 156.3916015625, -1.772777795791626
b,87.680908203125, 157.154296875, -1.1669917106628418
v,86.98974609375, 156.3916015625, -1.167067050933838
v,87.680908203125, 156.4052734375, -1.1670479774475098
v,87.665771484375, 157.154296875, -1.1669917106628418
v,86.97412109375, 157.140625, -1.1670103073120117
v,87.66552734375, 157.154296875, -1.7727024555206299
v,87.680908203125, 156.4052734375, -1.772758960723877
v,86.989501953125, 156.3916015625, -1.772777795791626
v,86.973876953125, 157.140625, -1.772721529006958
v,86.973876953125, 157.140625, -1.1670103073120117
v,87.66552734375, 157.154296875, -1.1669917106628418
v,87.66552734375, 157.154296875, -1.7727024555206299
v,86.973876953125, 157.140625, -1.772721529006958
v,87.66552734375, 157.154296875, -1.1669917106628418
v,87.680908203125, 156.4052734375, -1.1670479774475098
v,87.680908203125, 156.4052734375, -1.772758960723877
v,87.66552734375, 157.154296875, -1.7727024555206299
v,87.680908203125, 156.4052734375, -1.1670479774475098
v,86.989501953125, 156.3916015625, -1.167067050933838
v,86.989501953125, 156.3916015625, -1.772777795791626
v,87.680908203125, 156.4052734375, -1.772758960723877
v,86.989501953125, 156.3916015625, -1.167067050933838
v,86.973876953125, 157.140625, -1.1670103073120117
v,86.973876953125, 157.140625, -1.772721529006958
v,86.989501953125, 156.3916015625, -1.772777795791626
i,0,2,3
i,4,6,7
i,8,10,11
i,13,15,12
i,17,19,16
i,20,22,23
i,0,1,2
i,4,5,6
i,8,9,10
i,13,14,15
i,17,18,19
i,20,21,22
n,-0.00011444019037298858, -0.00034345139283686876, 4.50379753112793
n,0.00011724759679054841, 0.0003409645869396627, -4.50379753112793
n,-0.09034015238285065, 4.502891540527344, 0.0
n,4.50287389755249, 0.09120404720306396, 0.0
n,0.09039679169654846, -4.502890586853027, 0.0
n,-4.5028204917907715, -0.09380875527858734, 0.0
n,-0.00011732248094631359, -0.0003408982593100518, 4.50379753112793
n,0.00011591788643272594, 0.00034214244806207716, -4.50379753112793
n,-0.09034014493227005, 4.502891540527344, 0.0
n,4.50287389755249, 0.09120404720306396, 0.0
n,0.09039679169654846, -4.502890586853027, 0.0
n,-4.5028204917907715, -0.09380874782800674, 0.0
u,0.005076100118458271, 0.9752870798110962, 0
u,0.22144150733947754, 0.016568200662732124, 0
u,0.2214626967906952, 0.9756097793579102, 0
u,0.0, 0.0, 0
u,0.0, 0.0, 0
u,0.0, 0.0, 0
u,0.40827688574790955, 1.0, 0
u,0.22335030138492584, 0.22203490138053894, 0
u,0.40827688574790955, 0.22203490138053894, 0
u,0.7936230897903442, 1.0, 0
u,0.9940664768218994, 0.22203490138053894, 0
u,0.9940664768218994, 1.0, 0
u,0.6087586283683777, 1.0, 0
u,0.7936230897903442, 0.22203490138053894, 0
u,0.7936230897903442, 1.0, 0
u,0.6087586283683777, 1.0, 0
u,0.40827688574790955, 0.22203490138053894, 0
u,0.6087586283683777, 0.22203490138053894, 0
u,0.005076100118458271, 0.9752870798110962, 0
u,0.005096199922263622, 0.016568200662732124, 0
u,0.22144150733947754, 0.016568200662732124, 0
u,0.0, 0.0, 0
u,0.0, 0.0, 0
u,0.0, 0.0, 0
u,0.40827688574790955, 1.0, 0
u,0.22335030138492584, 1.0, 0
u,0.22335030138492584, 0.22203490138053894, 0
u,0.7936230897903442, 1.0, 0
u,0.7936230897903442, 0.22203490138053894, 0
u,0.9940664768218994, 0.22203490138053894, 0
u,0.6087586283683777, 1.0, 0
u,0.6087586283683777, 0.22203490138053894, 0
u,0.7936230897903442, 0.22203490138053894, 0
u,0.6087586283683777, 1.0, 0
u,0.40827688574790955, 1.0, 0
u,0.40827688574790955, 0.22203490138053894, 0
