s,47.34423828125, 51.015625, -1.9115986824035645
b,49.714111328125, 55.798828125, -1.7932422161102295
v,49.408935546875, 55.791015625, -1.7932429313659668
v,49.714111328125, 54.529296875, -1.7932476997375488
v,49.714111328125, 54.529296875, -1.9115922451019287
v,49.408935546875, 55.791015625, -1.9115874767303467
v,49.42236328125, 53.9521484375, -1.9115939140319824
v,48.9375, 53.916015625, -1.9115936756134033
v,48.740966796875, 53.58984375, -1.9115941524505615
v,48.7607421875, 53.197265625, -1.911595344543457
v,48.928955078125, 53.03125, -1.9115958213806152
v,48.893798828125, 52.7177734375, -1.9115965366363525
v,48.552978515625, 52.5498046875, -1.9115962982177734
v,48.2724609375, 52.0654296875, -1.9115967750549316
v,48.285400390625, 51.5078125, -1.911597728729248
v,48.681396484375, 51.1396484375, -1.9115986824035645
v,47.34423828125, 51.015625, -1.9115962982177734
v,48.849365234375, 55.798828125, -1.9115867614746094
v,49.40869140625, 55.791015625, -1.9115874767303467
v,49.7138671875, 54.529296875, -1.9115922451019287
v,49.40869140625, 55.791015625, -1.7932429313659668
v,48.849365234375, 55.798828125, -1.7932422161102295
v,47.34423828125, 51.015625, -1.7932517528533936
v,48.681396484375, 51.1396484375, -1.7932541370391846
v,48.285400390625, 51.5078125, -1.793252944946289
v,48.2724609375, 52.0654296875, -1.7932522296905518
v,48.552978515625, 52.5498046875, -1.7932517528533936
v,48.893798828125, 52.7177734375, -1.7932519912719727
v,48.928955078125, 53.03125, -1.7932512760162354
v,48.7607421875, 53.197265625, -1.7932507991790771
v,48.740966796875, 53.58984375, -1.7932496070861816
v,48.9375, 53.916015625, -1.7932491302490234
v,49.42236328125, 53.9521484375, -1.7932493686676025
v,49.7138671875, 54.529296875, -1.7932476997375488
v,49.7138671875, 54.529296875, -1.7932476997375488
v,49.42236328125, 53.9521484375, -1.7932493686676025
v,49.42236328125, 53.9521484375, -1.9115939140319824
v,49.7138671875, 54.529296875, -1.9115922451019287
v,49.42236328125, 53.9521484375, -1.7932493686676025
v,48.9375, 53.916015625, -1.7932491302490234
v,48.9375, 53.916015625, -1.9115936756134033
v,49.42236328125, 53.9521484375, -1.9115939140319824
v,48.9375, 53.916015625, -1.7932491302490234
v,48.740966796875, 53.58984375, -1.7932496070861816
v,48.740966796875, 53.58984375, -1.9115941524505615
v,48.9375, 53.916015625, -1.9115936756134033
v,48.740966796875, 53.58984375, -1.7932496070861816
v,48.7607421875, 53.197265625, -1.7932507991790771
v,48.7607421875, 53.197265625, -1.911595344543457
v,48.740966796875, 53.58984375, -1.9115941524505615
v,48.7607421875, 53.197265625, -1.7932507991790771
v,48.928955078125, 53.03125, -1.7932512760162354
v,48.928955078125, 53.03125, -1.9115958213806152
v,48.7607421875, 53.197265625, -1.911595344543457
v,48.928955078125, 53.03125, -1.7932512760162354
v,48.893798828125, 52.7177734375, -1.7932519912719727
v,48.893798828125, 52.7177734375, -1.9115965366363525
v,48.928955078125, 53.03125, -1.9115958213806152
v,48.893798828125, 52.7177734375, -1.7932519912719727
v,48.552978515625, 52.5498046875, -1.7932517528533936
v,48.552978515625, 52.5498046875, -1.9115962982177734
v,48.893798828125, 52.7177734375, -1.9115965366363525
v,48.552978515625, 52.5498046875, -1.7932517528533936
v,48.2724609375, 52.0654296875, -1.7932522296905518
v,48.2724609375, 52.0654296875, -1.9115967750549316
v,48.552978515625, 52.5498046875, -1.9115962982177734
v,48.2724609375, 52.0654296875, -1.7932522296905518
v,48.285400390625, 51.5078125, -1.793252944946289
v,48.285400390625, 51.5078125, -1.911597728729248
v,48.2724609375, 52.0654296875, -1.9115967750549316
v,48.285400390625, 51.5078125, -1.793252944946289
v,48.681396484375, 51.1396484375, -1.7932541370391846
v,48.681396484375, 51.1396484375, -1.9115986824035645
v,48.285400390625, 51.5078125, -1.911597728729248
v,48.681396484375, 51.1396484375, -1.7932541370391846
v,47.34423828125, 51.015625, -1.7932517528533936
v,47.34423828125, 51.015625, -1.9115962982177734
v,48.681396484375, 51.1396484375, -1.9115986824035645
v,47.34423828125, 51.015625, -1.7932517528533936
v,48.849365234375, 55.798828125, -1.7932422161102295
v,48.849365234375, 55.798828125, -1.9115867614746094
v,47.34423828125, 51.015625, -1.9115962982177734
v,48.849365234375, 55.798828125, -1.7932422161102295
v,49.40869140625, 55.791015625, -1.7932429313659668
v,49.40869140625, 55.791015625, -1.9115874767303467
v,48.849365234375, 55.798828125, -1.9115867614746094
i,1,3,0
i,10,11,6
i,24,27,28
i,33,35,32
i,36,38,39
i,41,43,40
i,45,47,44
i,49,51,48
i,53,55,52
i,56,58,59
i,61,63,60
i,65,67,64
i,69,71,68
i,72,74,75
i,76,78,79
i,81,83,80
i,1,2,3
i,17,4,5
i,16,17,15
i,17,5,15
i,14,15,6
i,6,15,5
i,12,13,14
i,11,12,14
i,7,8,9
i,7,9,10
i,14,6,11
i,6,7,10
i,31,18,19
i,20,21,22
i,20,22,23
i,30,31,29
i,31,19,29
i,19,20,28
i,20,23,28
i,24,25,27
i,25,26,27
i,23,24,28
i,28,29,19
i,33,34,35
i,36,37,38
i,41,42,43
i,45,46,47
i,49,50,51
i,53,54,55
i,56,57,58
i,61,62,63
i,65,66,67
i,69,70,71
i,72,73,74
i,76,77,78
i,81,82,83
n,4.377516269683838, 1.0590280294418335, 0.0
n,-1.3159434274712112e-05, 1.154954679805087e-05, -4.50379753112793
n,1.283908113691723e-05, -1.149163563241018e-05, 4.50379753112793
n,4.020440578460693, -2.0298397541046143, 0.0
n,0.32944726943969727, -4.491732120513916, 0.0
n,3.8578946590423584, -2.3239712715148926, 0.0
n,4.498128890991211, 0.22589939832687378, 0.0
n,3.1597542762756348, 3.209383964538574, 0.0
n,4.475872993469238, -0.5007537007331848, 0.0
n,1.9853055477142334, -4.042617321014404, 0.0
n,3.8981027603149414, -2.2558786869049072, 0.0
n,4.502572536468506, 0.10503668338060379, 0.0
n,3.065030097961426, 3.2999672889709473, 0.0
n,0.4159497320652008, -4.484548568725586, 0.0
n,-4.296100616455078, 1.3519279956817627, 0.0
n,0.06286193430423737, 4.503358840942383, 0.0
n,4.377516269683838, 1.0590280294418335, 0.0
n,-5.091297225590097e-06, 1.577842158440035e-05, -4.50379753112793
n,-4.890104719379451e-06, 1.6198324374272488e-05, -4.50379753112793
n,-5.236602191871498e-06, 1.5962414181558415e-05, -4.50379753112793
n,-2.310849777131807e-05, 1.624387914489489e-05, -4.50379753112793
n,-1.1452203580120113e-05, 1.567181789141614e-05, -4.50379753112793
n,-8.226265890698414e-06, 4.109691872145049e-06, -4.50379753112793
n,-9.536608558846638e-06, 6.617714461754076e-06, -4.50379753112793
n,-7.235106750158593e-06, 9.921827768266667e-06, -4.50379753112793
n,-7.618193194502965e-06, 9.81549146672478e-06, -4.50379753112793
n,-1.615223300177604e-05, 1.2469262401282322e-05, -4.50379753112793
n,-1.283908113691723e-05, 1.149163563241018e-05, -4.50379753112793
n,4.890104719379451e-06, -1.6198324374272488e-05, 4.50379753112793
n,8.226265890698414e-06, -4.109691872145049e-06, 4.50379753112793
n,9.536608558846638e-06, -6.617714461754076e-06, 4.50379753112793
n,5.091297225590097e-06, -1.577842158440035e-05, 4.50379753112793
n,5.236602191871498e-06, -1.5962414181558415e-05, 4.50379753112793
n,2.310849231434986e-05, -1.6243877325905487e-05, 4.50379753112793
n,1.615223300177604e-05, -1.2469262401282322e-05, 4.50379753112793
n,7.618193194502965e-06, -9.81549146672478e-06, 4.50379753112793
n,7.235106750158593e-06, -9.921827768266667e-06, 4.50379753112793
n,1.3159434274712112e-05, -1.154954679805087e-05, 4.50379753112793
n,1.1452203580120113e-05, -1.567181789141614e-05, 4.50379753112793
n,4.020440578460693, -2.0298397541046143, 0.0
n,0.32944729924201965, -4.491732120513916, 0.0
n,3.8578946590423584, -2.3239712715148926, 0.0
n,4.498128890991211, 0.22589939832687378, 0.0
n,3.1597542762756348, 3.209383964538574, 0.0
n,4.475872993469238, -0.5007537007331848, 0.0
n,1.985305666923523, -4.042617321014404, 0.0
n,3.8981027603149414, -2.2558786869049072, 0.0
n,4.502572536468506, 0.10503668338060379, 0.0
n,3.065030097961426, 3.2999672889709473, 0.0
n,0.4159497320652008, -4.484548568725586, 0.0
n,-4.296100616455078, 1.3519279956817627, 0.0
n,0.06286193430423737, 4.503358840942383, 0.0
u,0.8042715787887573, 0.9195154905319214, 0
u,0.7023941874504089, 1.0, 0
u,0.7023941874504089, 0.9195154905319214, 0
u,0.0, 0.0, 0
u,0.0, 0.0, 0
u,0.0, 0.0, 0
u,0.14932340383529663, 0.3916633129119873, 0
u,0.20438510179519653, 0.3889622986316681, 0
u,0.23425349593162537, 0.48506128787994385, 0
u,0.8550438284873962, 0.9195154905319214, 0
u,0.8042715787887573, 1.0, 0
u,0.8042715787887573, 0.9195154905319214, 0
u,0.8550438284873962, 0.9195154905319214, 0
u,0.8931754231452942, 1.0, 0
u,0.8550438284873962, 1.0, 0
u,0.9230247735977173, 0.9195154905319214, 0
u,0.8931754231452942, 1.0, 0
u,0.8931754231452942, 0.9195154905319214, 0
u,0.9538798928260803, 0.9195154905319214, 0
u,0.9230247735977173, 1.0, 0
u,0.9230247735977173, 0.9195154905319214, 0
u,0.9724103808403015, 0.9195154905319214, 0
u,0.9538798928260803, 1.0, 0
u,0.9538798928260803, 0.9195154905319214, 0
u,0.9972025156021118, 0.9195154905319214, 0
u,0.9724103808403015, 1.0, 0
u,0.9724103808403015, 0.9195154905319214, 0
u,0.0, 0.9195154905319214, 0
u,0.029777899384498596, 1.0, 0
u,0.0, 1.0, 0
u,0.07371349632740021, 0.9195154905319214, 0
u,0.029777899384498596, 1.0, 0
u,0.029777899384498596, 0.9195154905319214, 0
u,0.11744099855422974, 0.9195154905319214, 0
u,0.07371349632740021, 1.0, 0
u,0.07371349632740021, 0.9195154905319214, 0
u,0.15983399748802185, 0.9195154905319214, 0
u,0.11744099855422974, 1.0, 0
u,0.11744099855422974, 0.9195154905319214, 0
u,0.15983399748802185, 0.9195154905319214, 0
u,0.265166312456131, 1.0, 0
u,0.15983399748802185, 1.0, 0
u,0.265166312456131, 0.9195154905319214, 0
u,0.6585304141044617, 1.0, 0
u,0.265166312456131, 1.0, 0
u,0.7023941874504089, 0.9195154905319214, 0
u,0.6585304141044617, 1.0, 0
u,0.6585304141044617, 0.9195154905319214, 0
u,0.8042715787887573, 0.9195154905319214, 0
u,0.8042715787887573, 1.0, 0
u,0.7023941874504089, 1.0, 0
u,0.0, 0.0, 0
u,0.0, 0.0, 0
u,0.0, 0.0, 0
u,0.0, 0.0, 0
u,0.0, 0.0, 0
u,0.0, 0.0, 0
u,0.0, 0.0, 0
u,0.0, 0.0, 0
u,0.0, 0.0, 0
u,0.0, 0.0, 0
u,0.0, 0.0, 0
u,0.0, 0.0, 0
u,0.0, 0.0, 0
u,0.0, 0.0, 0
u,0.0, 0.0, 0
u,0.0, 0.0, 0
u,0.0, 0.0, 0
u,0.0, 0.0, 0
u,0.0, 0.0, 0
u,0.0, 0.0, 0
u,0.0, 0.0, 0
u,0.0, 0.0, 0
u,0.0, 0.0, 0
u,0.0, 0.0, 0
u,0.0, 0.0, 0
u,0.0, 0.0, 0
u,0.0, 0.0, 0
u,0.0, 0.0, 0
u,0.0, 0.0, 0
u,0.0, 0.0, 0
u,0.0, 0.0, 0
u,0.0, 0.0, 0
u,0.0, 0.0, 0
u,0.33044829964637756, 0.031178699806332588, 0
u,0.42055121064186096, 0.5018423199653625, 0
u,0.4075632095336914, 0.8780487775802612, 0
u,0.001406499999575317, 0.8780487775802612, 0
u,0.043513599783182144, 0.008583500050008297, 0
u,0.06231600046157837, 0.3513166010379791, 0
u,0.001406499999575317, 0.8780487775802612, 0
u,0.06231600046157837, 0.3513166010379791, 0
u,0.10505370050668716, 0.47755518555641174, 0
u,0.2787173092365265, 0.10480809956789017, 0
u,0.33044829964637756, 0.031178699806332588, 0
u,0.2642078101634979, 0.42216241359710693, 0
u,0.33044829964637756, 0.031178699806332588, 0
u,0.4075632095336914, 0.8780487775802612, 0
u,0.2642078101634979, 0.42216241359710693, 0
u,0.4075632095336914, 0.8780487775802612, 0
u,0.001406499999575317, 0.8780487775802612, 0
u,0.23425349593162537, 0.48506128787994385, 0
u,0.001406499999575317, 0.8780487775802612, 0
u,0.10505370050668716, 0.47755518555641174, 0
u,0.23425349593162537, 0.48506128787994385, 0
u,0.14932340383529663, 0.3916633129119873, 0
u,0.17053130269050598, 0.19864310324192047, 0
u,0.20438510179519653, 0.3889622986316681, 0
u,0.17053130269050598, 0.19864310324192047, 0
u,0.19565120339393616, 0.2413569986820221, 0
u,0.20438510179519653, 0.3889622986316681, 0
u,0.10505370050668716, 0.47755518555641174, 0
u,0.14932340383529663, 0.3916633129119873, 0
u,0.23425349593162537, 0.48506128787994385, 0
u,0.23425349593162537, 0.48506128787994385, 0
u,0.2642078101634979, 0.42216241359710693, 0
u,0.4075632095336914, 0.8780487775802612, 0
u,0.8550438284873962, 0.9195154905319214, 0
u,0.8550438284873962, 1.0, 0
u,0.8042715787887573, 1.0, 0
u,0.8550438284873962, 0.9195154905319214, 0
u,0.8931754231452942, 0.9195154905319214, 0
u,0.8931754231452942, 1.0, 0
u,0.9230247735977173, 0.9195154905319214, 0
u,0.9230247735977173, 1.0, 0
u,0.8931754231452942, 1.0, 0
u,0.9538798928260803, 0.9195154905319214, 0
u,0.9538798928260803, 1.0, 0
u,0.9230247735977173, 1.0, 0
u,0.9724103808403015, 0.9195154905319214, 0
u,0.9724103808403015, 1.0, 0
u,0.9538798928260803, 1.0, 0
u,0.9972025156021118, 0.9195154905319214, 0
u,0.9972025156021118, 1.0, 0
u,0.9724103808403015, 1.0, 0
u,0.0, 0.9195154905319214, 0
u,0.029777899384498596, 0.9195154905319214, 0
u,0.029777899384498596, 1.0, 0
u,0.07371349632740021, 0.9195154905319214, 0
u,0.07371349632740021, 1.0, 0
u,0.029777899384498596, 1.0, 0
u,0.11744099855422974, 0.9195154905319214, 0
u,0.11744099855422974, 1.0, 0
u,0.07371349632740021, 1.0, 0
u,0.15983399748802185, 0.9195154905319214, 0
u,0.15983399748802185, 1.0, 0
u,0.11744099855422974, 1.0, 0
u,0.15983399748802185, 0.9195154905319214, 0
u,0.265166312456131, 0.9195154905319214, 0
u,0.265166312456131, 1.0, 0
u,0.265166312456131, 0.9195154905319214, 0
u,0.6585304141044617, 0.9195154905319214, 0
u,0.6585304141044617, 1.0, 0
u,0.7023941874504089, 0.9195154905319214, 0
u,0.7023941874504089, 1.0, 0
u,0.6585304141044617, 1.0, 0
