s,181.979248046875, 89.857421875, -0.1755056381225586
b,185.611328125, 93.94921875, 4.43239688873291
v,184.55078125, 89.857421875, 3.38541316986084
v,185.611328125, 90.6826171875, 3.385538101196289
v,184.891845703125, 91.6064453125, 3.385496139526367
v,184.875244140625, 91.59375, 3.3854942321777344
v,185.015869140625, 91.4189453125, 3.3855018615722656
v,184.977294921875, 91.388671875, 3.385498046875
v,185.517822265625, 90.6943359375, 3.3855295181274414
v,184.562255859375, 89.951171875, 3.385417938232422
v,184.03515625, 90.626953125, 3.385387420654297
v,183.983154296875, 90.5859375, 3.385380744934082
v,184.891845703125, 91.6064453125, -0.1752762794494629
v,185.611328125, 90.6826171875, -0.17523479461669922
v,184.55078125, 89.857421875, -0.17535924911499023
v,183.9833984375, 90.5859375, -0.17539215087890625
v,183.978515625, 90.5810546875, -0.17539215087890625
v,181.979736328125, 93.0556640625, -0.1755056381225586
v,183.085205078125, 93.94921875, -0.17537546157836914
v,184.943603515625, 91.6494140625, -0.17527008056640625
v,184.97705078125, 91.388671875, 3.185667037963867
v,184.03515625, 90.626953125, 3.1855554580688477
v,184.56201171875, 89.951171875, 3.1855859756469727
v,185.517822265625, 90.6943359375, 3.185697555541992
v,184.849365234375, 91.658203125, 4.4323883056640625
v,184.78125, 91.603515625, 4.432380676269531
v,184.921875, 91.4296875, 4.4323883056640625
v,185.015625, 91.4189453125, 4.43239688873291
v,184.874755859375, 91.59375, 4.432389259338379
v,184.943115234375, 91.6484375, 4.43239688873291
v,183.084716796875, 93.94921875, 4.4322919845581055
v,183.074951171875, 93.85546875, 4.43228816986084
v,183.074951171875, 93.85546875, 4.21025276184082
v,182.072998046875, 93.0458984375, 4.210134506225586
v,183.988037109375, 90.6748046875, 4.210243225097656
v,184.921875, 91.4296875, 4.210352897644043
v,184.78125, 91.603515625, 4.210345268249512
v,184.849609375, 91.658203125, 4.210352897644043
v,183.988037109375, 90.6748046875, 4.432277679443359
v,182.072998046875, 93.0458984375, 4.4321699142456055
v,183.074951171875, 93.85546875, 4.43228816986084
v,183.084716796875, 93.94921875, 4.4322919845581055
v,181.979248046875, 93.0556640625, 4.432162284851074
v,183.97802734375, 90.5810546875, 4.43227481842041
v,185.015625, 91.4189453125, 4.43239688873291
v,184.921875, 91.4296875, 4.4323883056640625
v,184.97705078125, 91.388671875, 3.385498046875
v,184.97705078125, 91.388671875, 3.185667037963867
v,185.517822265625, 90.6943359375, 3.185697555541992
v,185.517822265625, 90.6943359375, 3.3855295181274414
v,184.56201171875, 89.951171875, 3.385417938232422
v,185.517822265625, 90.6943359375, 3.3855295181274414
v,185.517822265625, 90.6943359375, 3.185697555541992
v,184.56201171875, 89.951171875, 3.1855859756469727
v,184.03515625, 90.626953125, 3.1855554580688477
v,184.034912109375, 90.626953125, 3.385387420654297
v,184.56201171875, 89.951171875, 3.385417938232422
v,184.56201171875, 89.951171875, 3.1855859756469727
v,185.611328125, 90.6826171875, -0.17523479461669922
v,184.891845703125, 91.6064453125, -0.1752762794494629
v,184.891845703125, 91.6064453125, 3.385496139526367
v,185.611083984375, 90.6826171875, 3.385538101196289
v,185.611083984375, 90.6826171875, 3.385538101196289
v,184.550537109375, 89.857421875, 3.38541316986084
v,184.55078125, 89.857421875, -0.17535924911499023
v,185.611328125, 90.6826171875, -0.17523479461669922
v,183.98291015625, 90.5859375, 3.385380744934082
v,183.9833984375, 90.5859375, -0.17539215087890625
v,184.55078125, 89.857421875, -0.17535924911499023
v,184.550537109375, 89.857421875, 3.38541316986084
v,184.875, 91.59375, 3.3854942321777344
v,184.891845703125, 91.6064453125, 3.385496139526367
v,184.891845703125, 91.6064453125, -0.1752762794494629
v,184.943603515625, 91.6494140625, -0.17527008056640625
v,184.943115234375, 91.6484375, 4.43239688873291
v,184.874755859375, 91.59375, 4.432389259338379
v,185.015625, 91.4189453125, 4.43239688873291
v,183.97802734375, 90.5810546875, 4.43227481842041
v,183.978515625, 90.5810546875, -0.17539215087890625
v,183.9833984375, 90.5859375, -0.17539215087890625
v,183.98291015625, 90.5859375, 3.385380744934082
v,184.034912109375, 90.626953125, 3.385387420654297
v,184.03515625, 90.626953125, 3.1855554580688477
v,184.97705078125, 91.388671875, 3.185667037963867
v,184.97705078125, 91.388671875, 3.385498046875
v,185.015869140625, 91.4189453125, 3.3855018615722656
v,183.97802734375, 90.5810546875, 4.43227481842041
v,181.979248046875, 93.0556640625, 4.432162284851074
v,181.979736328125, 93.0556640625, -0.1755056381225586
v,183.978515625, 90.5810546875, -0.17539215087890625
v,181.979248046875, 93.0556640625, 4.432162284851074
v,183.084716796875, 93.94921875, 4.4322919845581055
v,183.085205078125, 93.94921875, -0.17537546157836914
v,181.979736328125, 93.0556640625, -0.1755056381225586
v,183.084716796875, 93.94921875, 4.4322919845581055
v,184.943115234375, 91.6484375, 4.43239688873291
v,184.943603515625, 91.6494140625, -0.17527008056640625
v,183.085205078125, 93.94921875, -0.17537546157836914
v,185.015869140625, 91.4189453125, 3.3855018615722656
v,184.875, 91.59375, 3.3854942321777344
v,184.874755859375, 91.59375, 4.432389259338379
v,185.015625, 91.4189453125, 4.43239688873291
v,184.849365234375, 91.658203125, 4.4323883056640625
v,183.074951171875, 93.85546875, 4.43228816986084
v,183.074951171875, 93.85546875, 4.21025276184082
v,184.849609375, 91.658203125, 4.210352897644043
v,184.78125, 91.603515625, 4.432380676269531
v,184.849365234375, 91.658203125, 4.4323883056640625
v,184.849609375, 91.658203125, 4.210352897644043
v,184.78125, 91.603515625, 4.210345268249512
v,184.921875, 91.4296875, 4.4323883056640625
v,184.78125, 91.603515625, 4.432380676269531
v,184.78125, 91.603515625, 4.210345268249512
v,184.921875, 91.4296875, 4.210352897644043
v,183.988037109375, 90.6748046875, 4.432277679443359
v,184.921875, 91.4296875, 4.4323883056640625
v,184.921875, 91.4296875, 4.210352897644043
v,183.988037109375, 90.6748046875, 4.210243225097656
v,182.072998046875, 93.0458984375, 4.4321699142456055
v,183.988037109375, 90.6748046875, 4.432277679443359
v,183.988037109375, 90.6748046875, 4.210243225097656
v,182.072998046875, 93.0458984375, 4.210134506225586
v,183.074951171875, 93.85546875, 4.43228816986084
v,182.072998046875, 93.0458984375, 4.4321699142456055
v,182.072998046875, 93.0458984375, 4.210134506225586
v,183.074951171875, 93.85546875, 4.21025276184082
i,0,1,6
i,15,16,10
i,19,21,18
i,22,26,27
i,32,33,34
i,37,40,41
i,44,46,47
i,48,50,51
i,53,55,52
i,56,58,59
i,61,63,60
i,64,66,67
i,69,71,72
i,75,78,79
i,84,86,87
i,89,91,88
i,92,94,95
i,96,98,99
i,101,103,100
i,104,106,107
i,109,111,108
i,112,114,115
i,116,118,119
i,120,122,123
i,1,2,4
i,2,3,4
i,4,5,6
i,8,9,7
i,9,0,7
i,1,4,6
i,6,7,0
i,10,11,13
i,11,12,13
i,13,14,15
i,16,17,10
i,13,15,10
i,19,20,21
i,22,23,26
i,23,24,26
i,24,25,26
i,27,28,22
i,28,29,22
i,35,30,34
i,30,31,34
i,31,32,34
i,37,38,40
i,38,39,40
i,41,42,36
i,42,43,36
i,41,36,37
i,44,45,46
i,48,49,50
i,53,54,55
i,56,57,58
i,61,62,63
i,64,65,66
i,73,68,69
i,69,70,71
i,72,73,69
i,83,74,82
i,74,75,79
i,82,74,79
i,75,76,78
i,76,77,78
i,80,81,79
i,81,82,79
i,84,85,86
i,89,90,91
i,92,93,94
i,96,97,98
i,101,102,103
i,104,105,106
i,109,110,111
i,112,113,114
i,116,117,118
i,120,121,122
n,-0.00042435474460944533, -0.00013398673036135733, 4.50379753112793
n,0.0004222306306473911, 0.00013514174497686327, -4.50379753112793
n,-0.0004262007714714855, -0.0001339488080702722, 4.50379753112793
n,-0.0004188799939583987, -0.00010471999848959967, 4.50379753112793
n,-0.00041736135608516634, -0.00014066360017750412, 4.50379753112793
n,-0.00037763043656013906, -9.999420581152663e-05, 4.50379753112793
n,-3.5545449256896973, -2.7657554149627686, 0.0
n,-2.764841079711914, 3.5552563667297363, 0.0
n,3.5532407760620117, 2.767428159713745, 0.0038555068895220757
n,3.5531954765319824, 2.767488718032837, 0.00021636950259562582
n,2.766472339630127, -3.5539870262145996, 0.0001684625312918797
n,-3.5532026290893555, -2.767479658126831, -0.00021636993915308267
n,2.8398585319519043, -3.4956250190734863, -0.00039071834180504084
n,2.820660352706909, -3.511134386062622, -0.0011075653601437807
n,-3.5035972595214844, -2.830017566680908, -0.0003297496004961431
n,-2.8308944702148438, 3.5028884410858154, -0.000266436516540125
n,3.5032052993774414, 2.83050274848938, 0.00032971263863146305
n,3.5045089721679688, 2.828888177871704, 0.0007258477271534503
n,-3.503610372543335, -2.829998731613159, -0.0034214945044368505
n,-2.8350555896759033, 3.4995219707489014, 0.0
n,-3.497598886489868, -2.8374271392822266, 0.0
n,-2.8305280208587646, 3.5031850337982178, 0.0
n,3.5038232803344727, 2.8297159671783447, 0.011053577996790409
n,2.829744338989258, -3.5038177967071533, 0.0
n,-0.0005120397545397282, -0.0001964537223102525, 4.50379753112793
n,-0.0003747191221918911, -0.00010554239997873083, 4.50379753112793
n,-0.000405697530368343, -0.00011250452371314168, 4.50379753112793
n,-0.0004172050394117832, -0.00012207659892737865, 4.50379753112793
n,-0.00044655127567239106, -0.00014883697440382093, 4.50379753112793
n,-0.00042322708759456873, -0.00012463994789868593, 4.50379753112793
n,-0.0004073429445270449, -0.0001536472700536251, 4.50379753112793
n,0.00042802284588105977, 0.0001310152147198096, -4.50379753112793
n,0.0004281353612896055, 0.00012912995589431375, -4.50379753112793
n,0.00010551774903433397, -0.00012134541611885652, -4.50379753112793
n,0.00041239449637942016, 0.0001275552494917065, -4.50379753112793
n,0.0004225853190291673, 0.00013585449778474867, -4.50379753112793
n,-0.0004264183226041496, -0.0001291185908485204, 4.50379753112793
n,-0.0004178702365607023, -0.00010432619455968961, 4.50379753112793
n,-0.0004219504480715841, -0.00014438653306569904, 4.50379753112793
n,-0.0004233314248267561, -0.00014478291268460453, 4.50379753112793
n,-0.00042250327533110976, -0.00013732958177570254, 4.50379753112793
n,-0.0004479795170482248, -0.00015695767069701105, 4.50379753112793
n,-0.0004031878197565675, -0.00012081751629011706, 4.50379753112793
n,-0.00042319210479035974, -0.00013597094221040606, 4.50379753112793
n,-0.000423085642978549, -0.0001357712026219815, 4.50379753112793
n,-0.00038663571467623115, -0.00018104142509400845, 4.50379753112793
n,-0.00040061233448795974, -0.00016189175948966295, 4.50379753112793
n,-0.00043533212738111615, -0.00011654296395136043, 4.50379753112793
n,-0.00042220731847919524, -0.00013466602831613272, 4.50379753112793
n,-0.0004034288285765797, -0.00011994006490567699, 4.50379753112793
n,-3.5545449256896973, -2.7657554149627686, 0.0
n,-2.764841079711914, 3.5552563667297363, 0.0
n,3.552690029144287, 2.7681376934051514, 0.0
n,3.5531954765319824, 2.767488718032837, 0.00021636950259562582
n,2.766472101211548, -3.5539867877960205, 0.00016846250218804926
n,-3.553715229034424, -2.7668211460113525, -0.00043280221871100366
n,2.7682573795318604, -3.5525965690612793, 0.0005733565194532275
n,2.8630967140197754, -3.4766173362731934, 0.00017434639448765665
n,2.8134994506835938, -3.5168747901916504, 0.0017481809481978416
n,2.784299373626709, -3.5400381088256836, 0.000576679187361151
n,2.829545259475708, -3.503978729248047, -0.0003112255362793803
n,2.830765724182129, -3.5029914379119873, -0.002200974617153406
n,2.9887759685516357, -3.369185447692871, 0.00028129591373726726
n,2.955296039581299, -3.3985908031463623, 0.00035992154153063893
n,2.8311591148376465, -3.502673387527466, 0.003071999177336693
n,2.830765962600708, -3.5029923915863037, 0.0
n,-3.5035972595214844, -2.830017566680908, -0.0003297495422884822
n,-2.8308944702148438, 3.5028884410858154, -0.000266436516540125
n,3.5037271976470947, 2.829857110977173, 0.0008624396286904812
n,3.5045084953308105, 2.828888177871704, 0.0007258476107381284
n,-3.5034425258636475, -2.8302090167999268, 0.0
n,-2.8404784202575684, 3.4951202869415283, -0.0027739047072827816
n,-3.497598886489868, -2.8374271392822266, 0.0
n,-2.8305280208587646, 3.5031850337982178, 0.0
n,3.5033278465270996, 2.830350399017334, 0.0
n,2.83156681060791, -3.502318859100342, -0.01368093304336071
u,0.002486499957740307, 0.4789915978908539, 0
u,0.0, 0.311693400144577, 0
u,0.0079068997874856, 0.3198542892932892, 0
u,0.0, 0.0, 0
u,0.0, 0.0, 0
u,0.0, 0.0, 0
u,0.11039549857378006, 0.4689328968524933, 0
u,0.0079068997874856, 0.3198542892932892, 0
u,0.11072950065135956, 0.318142294883728, 0
u,0.1446657031774521, 0.309466689825058, 0
u,0.136871799826622, 0.312093585729599, 0
u,0.13691020011901855, 0.30115440487861633, 0
u,0.11817830055952072, 0.46974921226501465, 0
u,0.11850930005311966, 0.3203139007091522, 0
u,0.14462730288505554, 0.3204154074192047, 0
u,0.47436729073524475, 0.47067970037460327, 0
u,0.4821324050426483, 0.4789915978908539, 0
u,0.11037539690732956, 0.47802039980888367, 0
u,0.9156714081764221, 0.9982876181602478, 0
u,0.8954635262489319, 0.9035099148750305, 0
u,0.9156714081764221, 0.9035099148750305, 0
u,0.9156714081764221, 0.7730770111083984, 0
u,0.8954635262489319, 0.9035099148750305, 0
u,0.8954635262489319, 0.7730770111083984, 0
u,0.9156714081764221, 0.680672287940979, 0
u,0.8954635262489319, 0.7730770111083984, 0
u,0.8954635262489319, 0.680672287940979, 0
u,0.2873702943325043, 0.1970124989748001, 0
u,0.0, 0.2977061867713928, 0
u,0.0, 0.1970124989748001, 0
u,0.0, 0.0814678966999054, 0
u,0.2873702943325043, 0.1970124989748001, 0
u,0.0, 0.1970124989748001, 0
u,0.0, 0.0021007999312132597, 0
u,0.2873702943325043, 0.0814678966999054, 0
u,0.0, 0.0814678966999054, 0
u,0.8912662863731384, 0.622735321521759, 0
u,0.8846657276153564, 1.0, 0
u,0.8846657276153564, 0.5118166208267212, 0
u,0.1326752007007599, 0.5118166208267212, 0
u,0.13204020261764526, 0.622735321521759, 0
u,0.12541329860687256, 0.622735321521759, 0
u,0.1326752007007599, 0.5118166208267212, 0
u,0.4490981996059418, 1.0, 0
u,0.1326752007007599, 1.0, 0
u,0.5904741287231445, 0.5118166208267212, 0
u,0.4490981996059418, 1.0, 0
u,0.4490981996059418, 0.5118166208267212, 0
u,0.5904741287231445, 0.5118166208267212, 0
u,0.8846657276153564, 1.0, 0
u,0.5904741287231445, 1.0, 0
u,0.9191321730613708, 0.9966815710067749, 0
u,0.9969000220298767, 0.9789916276931763, 0
u,0.9969000220298767, 0.9966815710067749, 0
u,0.5568258762359619, 0.5048782229423523, 0
u,0.8408926725387573, 0.4810923933982849, 0
u,0.8408926725387573, 0.5048782229423523, 0
u,0.8497390747070312, 0.5048782229423523, 0
u,0.8408926725387573, 0.4810923933982849, 0
u,0.8497390747070312, 0.4810923933982849, 0
u,0.8497390747070312, 0.5048782229423523, 0
u,0.8722165822982788, 0.4810923933982849, 0
u,0.8722165822982788, 0.5048782229423523, 0
u,0.12074120342731476, 0.5048782229423523, 0
u,0.0, 0.4810923933982849, 0
u,0.12074120342731476, 0.4810923933982849, 0
u,0.42727911472320557, 0.5048782229423523, 0
u,0.12074120342731476, 0.4810923933982849, 0
u,0.42727911472320557, 0.4810923933982849, 0
u,0.5568258762359619, 0.5048782229423523, 0
u,0.42727911472320557, 0.4810923933982849, 0
u,0.5568258762359619, 0.4810923933982849, 0
u,0.0, 0.311693400144577, 0
u,0.13688120245933533, 0.3094142973423004, 0
u,0.11074309796094894, 0.31199219822883606, 0
u,0.13688120245933533, 0.3094142973423004, 0
u,0.136871799826622, 0.312093585729599, 0
u,0.11074309796094894, 0.31199219822883606, 0
u,0.11074309796094894, 0.31199219822883606, 0
u,0.11072950065135956, 0.318142294883728, 0
u,0.0079068997874856, 0.3198542892932892, 0
u,0.11039549857378006, 0.4689328968524933, 0
u,0.11037710309028625, 0.4772256910800934, 0
u,0.01014699973165989, 0.47057369351387024, 0
u,0.11037710309028625, 0.4772256910800934, 0
u,0.002486499957740307, 0.4789915978908539, 0
u,0.01014699973165989, 0.47057369351387024, 0
u,0.0, 0.311693400144577, 0
u,0.11074309796094894, 0.31199219822883606, 0
u,0.0079068997874856, 0.3198542892932892, 0
u,0.0079068997874856, 0.3198542892932892, 0
u,0.01014699973165989, 0.47057369351387024, 0
u,0.002486499957740307, 0.4789915978908539, 0
u,0.0, 0.0, 0
u,0.0, 0.0, 0
u,0.0, 0.0, 0
u,0.0, 0.0, 0
u,0.0, 0.0, 0
u,0.0, 0.0, 0
u,0.0, 0.0, 0
u,0.0, 0.0, 0
u,0.0, 0.0, 0
u,0.0, 0.0, 0
u,0.0, 0.0, 0
u,0.0, 0.0, 0
u,0.0, 0.0, 0
u,0.0, 0.0, 0
u,0.0, 0.0, 0
u,0.11039549857378006, 0.4689328968524933, 0
u,0.01014699973165989, 0.47057369351387024, 0
u,0.0079068997874856, 0.3198542892932892, 0
u,0.1446657031774521, 0.309466689825058, 0
u,0.14462730288505554, 0.3204154074192047, 0
u,0.136871799826622, 0.312093585729599, 0
u,0.14462730288505554, 0.3204154074192047, 0
u,0.11850930005311966, 0.3203139007091522, 0
u,0.136871799826622, 0.312093585729599, 0
u,0.11850930005311966, 0.3203139007091522, 0
u,0.11074309796094894, 0.31199219822883606, 0
u,0.136871799826622, 0.312093585729599, 0
u,0.13691020011901855, 0.30115440487861633, 0
u,0.48254790902137756, 0.30207550525665283, 0
u,0.1446657031774521, 0.309466689825058, 0
u,0.48254790902137756, 0.30207550525665283, 0
u,0.47474390268325806, 0.3103463053703308, 0
u,0.1446657031774521, 0.309466689825058, 0
u,0.1446657031774521, 0.309466689825058, 0
u,0.47474390268325806, 0.3103463053703308, 0
u,0.14462730288505554, 0.3204154074192047, 0
u,0.47474390268325806, 0.3103463053703308, 0
u,0.47436729073524475, 0.47067970037460327, 0
u,0.14462730288505554, 0.3204154074192047, 0
u,0.47436729073524475, 0.47067970037460327, 0
u,0.11817830055952072, 0.46974921226501465, 0
u,0.14462730288505554, 0.3204154074192047, 0
u,0.47436729073524475, 0.47067970037460327, 0
u,0.47474390268325806, 0.3103463053703308, 0
u,0.4821324050426483, 0.4789915978908539, 0
u,0.47474390268325806, 0.3103463053703308, 0
u,0.48254790902137756, 0.30207550525665283, 0
u,0.4821324050426483, 0.4789915978908539, 0
u,0.11037539690732956, 0.47802039980888367, 0
u,0.11074309796094894, 0.31199219822883606, 0
u,0.11817830055952072, 0.46974921226501465, 0
u,0.11074309796094894, 0.31199219822883606, 0
u,0.11850930005311966, 0.3203139007091522, 0
u,0.11817830055952072, 0.46974921226501465, 0
u,0.11037539690732956, 0.47802039980888367, 0
u,0.11817830055952072, 0.46974921226501465, 0
u,0.47436729073524475, 0.47067970037460327, 0
u,0.9156714081764221, 0.9982876181602478, 0
u,0.8954635262489319, 0.9982876181602478, 0
u,0.8954635262489319, 0.9035099148750305, 0
u,0.9156714081764221, 0.7730770111083984, 0
u,0.9156714081764221, 0.9035099148750305, 0
u,0.8954635262489319, 0.9035099148750305, 0
u,0.9156714081764221, 0.680672287940979, 0
u,0.9156714081764221, 0.7730770111083984, 0
u,0.8954635262489319, 0.7730770111083984, 0
u,0.2873702943325043, 0.1970124989748001, 0
u,0.2873702943325043, 0.2977061867713928, 0
u,0.0, 0.2977061867713928, 0
u,0.0, 0.0814678966999054, 0
u,0.2873702943325043, 0.0814678966999054, 0
u,0.2873702943325043, 0.1970124989748001, 0
u,0.0, 0.0021007999312132597, 0
u,0.2873702943325043, 0.0021007999312132597, 0
u,0.2873702943325043, 0.0814678966999054, 0
u,0.8934072852134705, 0.5118166208267212, 0
u,0.8934072852134705, 0.622735321521759, 0
u,0.8912662863731384, 0.622735321521759, 0
u,0.8912662863731384, 0.622735321521759, 0
u,0.8912662863731384, 1.0, 0
u,0.8846657276153564, 1.0, 0
u,0.8846657276153564, 0.5118166208267212, 0
u,0.8934072852134705, 0.5118166208267212, 0
u,0.8912662863731384, 0.622735321521759, 0
u,0.0, 0.622735321521759, 0
u,0.0, 0.5118166208267212, 0
u,0.004914599936455488, 0.622735321521759, 0
u,0.0, 0.5118166208267212, 0
u,0.1326752007007599, 0.5118166208267212, 0
u,0.12541329860687256, 0.622735321521759, 0
u,0.004914599936455488, 0.622735321521759, 0
u,0.0, 0.5118166208267212, 0
u,0.12541329860687256, 0.622735321521759, 0
u,0.1326752007007599, 0.5118166208267212, 0
u,0.1326752007007599, 1.0, 0
u,0.13204020261764526, 0.622735321521759, 0
u,0.1326752007007599, 1.0, 0
u,0.13204020261764526, 1.0, 0
u,0.13204020261764526, 0.622735321521759, 0
u,0.12541329860687256, 0.6439074277877808, 0
u,0.004914599936455488, 0.6439074277877808, 0
u,0.12541329860687256, 0.622735321521759, 0
u,0.004914599936455488, 0.6439074277877808, 0
u,0.004914599936455488, 0.622735321521759, 0
u,0.12541329860687256, 0.622735321521759, 0
u,0.1326752007007599, 0.5118166208267212, 0
u,0.4490981996059418, 0.5118166208267212, 0
u,0.4490981996059418, 1.0, 0
u,0.5904741287231445, 0.5118166208267212, 0
u,0.5904741287231445, 1.0, 0
u,0.4490981996059418, 1.0, 0
u,0.5904741287231445, 0.5118166208267212, 0
u,0.8846657276153564, 0.5118166208267212, 0
u,0.8846657276153564, 1.0, 0
u,0.9191321730613708, 0.9966815710067749, 0
u,0.9191321730613708, 0.9789916276931763, 0
u,0.9969000220298767, 0.9789916276931763, 0
u,0.5568258762359619, 0.5048782229423523, 0
u,0.5568258762359619, 0.4810923933982849, 0
u,0.8408926725387573, 0.4810923933982849, 0
u,0.8497390747070312, 0.5048782229423523, 0
u,0.8408926725387573, 0.5048782229423523, 0
u,0.8408926725387573, 0.4810923933982849, 0
u,0.8497390747070312, 0.5048782229423523, 0
u,0.8497390747070312, 0.4810923933982849, 0
u,0.8722165822982788, 0.4810923933982849, 0
u,0.12074120342731476, 0.5048782229423523, 0
u,0.0, 0.5048782229423523, 0
u,0.0, 0.4810923933982849, 0
u,0.42727911472320557, 0.5048782229423523, 0
u,0.12074120342731476, 0.5048782229423523, 0
u,0.12074120342731476, 0.4810923933982849, 0
u,0.5568258762359619, 0.5048782229423523, 0
u,0.42727911472320557, 0.5048782229423523, 0
u,0.42727911472320557, 0.4810923933982849, 0
