s,60.386962890625, 88.2744140625, -1.3672785758972168
b,60.884521484375, 90.6875, -0.34496116638183594
v,60.53955078125, 90.6875, -0.43155527114868164
v,60.884521484375, 90.6650390625, -0.43155384063720703
v,60.884521484375, 90.6650390625, -1.36720871925354
v,60.53955078125, 90.6875, -1.3672103881835938
v,60.386962890625, 88.2958984375, -1.3672785758972168
v,60.539306640625, 90.6875, -1.3672103881835938
v,60.884521484375, 90.6650390625, -1.36720871925354
v,60.73193359375, 88.2744140625, -1.367276906967163
v,60.69140625, 88.27734375, -0.3954606056213379
v,60.73193359375, 88.2744140625, -0.4316220283508301
v,60.884521484375, 90.6650390625, -0.43155384063720703
v,60.84765625, 90.6669921875, -0.39539194107055664
v,60.69140625, 88.27734375, -0.3954606056213379
v,60.884521484375, 90.6650390625, -0.43155384063720703
v,60.641357421875, 88.2802734375, -0.36330080032348633
v,60.69140625, 88.27734375, -0.3954606056213379
v,60.84765625, 90.6669921875, -0.39539194107055664
v,60.8017578125, 90.6708984375, -0.3632326126098633
v,60.641357421875, 88.2802734375, -0.36330080032348633
v,60.84765625, 90.6669921875, -0.39539194107055664
v,60.8017578125, 90.6708984375, -0.3632326126098633
v,60.84765625, 90.6669921875, -0.39539194107055664
v,60.588623046875, 90.68359375, -0.39539384841918945
v,60.64990234375, 90.6806640625, -0.3632335662841797
v,60.737060546875, 90.6748046875, -0.34496116638183594
v,60.8017578125, 90.6708984375, -0.3632326126098633
v,60.64990234375, 90.6806640625, -0.3632335662841797
v,60.84765625, 90.6669921875, -0.39539194107055664
v,60.884521484375, 90.6650390625, -0.43155384063720703
v,60.539306640625, 90.6875, -0.43155527114868164
v,60.588623046875, 90.68359375, -0.39539384841918945
v,60.69140625, 88.27734375, -0.3954606056213379
v,60.432861328125, 88.29296875, -0.3954620361328125
v,60.386962890625, 88.2958984375, -0.4316239356994629
v,60.73193359375, 88.2744140625, -0.4316220283508301
v,60.641357421875, 88.2802734375, -0.36330080032348633
v,60.489501953125, 88.2900390625, -0.36330175399780273
v,60.432861328125, 88.29296875, -0.3954620361328125
v,60.69140625, 88.27734375, -0.3954606056213379
v,60.570068359375, 88.28515625, -0.345029354095459
v,60.489501953125, 88.2900390625, -0.36330175399780273
v,60.641357421875, 88.2802734375, -0.36330080032348633
v,60.588623046875, 90.68359375, -0.39539384841918945
v,60.539306640625, 90.6875, -0.43155527114868164
v,60.386962890625, 88.2958984375, -0.4316239356994629
v,60.432861328125, 88.29296875, -0.3954620361328125
v,60.588623046875, 90.68359375, -0.39539384841918945
v,60.386962890625, 88.2958984375, -0.4316239356994629
v,60.64990234375, 90.6806640625, -0.3632335662841797
v,60.588623046875, 90.68359375, -0.39539384841918945
v,60.432861328125, 88.29296875, -0.3954620361328125
v,60.489501953125, 88.2900390625, -0.36330175399780273
v,60.64990234375, 90.6806640625, -0.3632335662841797
v,60.432861328125, 88.29296875, -0.3954620361328125
v,60.570068359375, 88.28515625, -0.345029354095459
v,60.641357421875, 88.2802734375, -0.36330080032348633
v,60.8017578125, 90.6708984375, -0.3632326126098633
v,60.737060546875, 90.6748046875, -0.34496116638183594
v,60.570068359375, 88.28515625, -0.345029354095459
v,60.8017578125, 90.6708984375, -0.3632326126098633
v,60.737060546875, 90.6748046875, -0.34496116638183594
v,60.64990234375, 90.6806640625, -0.3632335662841797
v,60.489501953125, 88.2900390625, -0.36330175399780273
v,60.570068359375, 88.28515625, -0.345029354095459
v,60.737060546875, 90.6748046875, -0.34496116638183594
v,60.489501953125, 88.2900390625, -0.36330175399780273
v,60.73193359375, 88.2744140625, -0.4316220283508301
v,60.386962890625, 88.2958984375, -0.4316239356994629
v,60.386962890625, 88.2958984375, -1.3672785758972168
v,60.73193359375, 88.2744140625, -1.367276906967163
v,60.386962890625, 88.2958984375, -0.4316239356994629
v,60.539306640625, 90.6875, -0.43155527114868164
v,60.539306640625, 90.6875, -1.3672103881835938
v,60.386962890625, 88.2958984375, -1.3672785758972168
v,60.884521484375, 90.6650390625, -0.43155384063720703
v,60.73193359375, 88.2744140625, -0.4316220283508301
v,60.73193359375, 88.2744140625, -1.367276906967163
v,60.884521484375, 90.6650390625, -1.36720871925354
i,0,2,3
i,5,7,4
i,8,9,10
i,11,12,13
i,14,15,16
i,17,18,19
i,21,23,20
i,24,25,26
i,28,30,27
i,32,34,31
i,36,38,35
i,39,40,41
i,42,43,44
i,45,46,47
i,48,49,50
i,51,52,53
i,54,55,56
i,57,58,59
i,60,61,62
i,63,64,65
i,67,69,66
i,70,72,73
i,75,77,74
i,0,1,2
i,5,6,7
i,21,22,23
i,28,29,30
i,32,33,34
i,36,37,38
i,67,68,69
i,70,71,72
i,75,76,77
n,0.28234538435935974, 4.494938373565674, 0.0
n,3.0067052648519166e-05, 0.0001265076280105859, -4.50379753112793
n,2.988168239593506, -0.19058218598365784, 3.364331007003784
n,3.1457901000976562, -0.20555031299591064, 3.2165119647979736
n,2.424072504043579, -0.15842998027801514, 3.7924880981445312
n,2.57926082611084, -0.17324137687683105, 3.6880338191986084
n,0.2824907898902893, 4.49416446685791, -0.08293803781270981
n,0.2825067341327667, 4.494419097900391, -0.06765960901975632
n,0.2860536575317383, 4.4940619468688965, 0.07601109892129898
n,-0.28633368015289307, -4.494685649871826, 0.0023494597990065813
n,-0.2825244963169098, -4.494703769683838, 0.044850170612335205
n,-0.2825288772583008, -4.494780540466309, -0.036270830780267715
n,-2.649384021759033, 0.168545201420784, 3.638206720352173
n,-2.7841532230377197, 0.18148532509803772, 3.5354981422424316
n,-2.0837271213531494, 0.1357896327972412, 3.9904677867889404
n,-2.210707187652588, 0.1482846885919571, 3.9210939407348633
n,1.113046407699585, -0.07483911514282227, 4.363452911376953
n,1.2199574708938599, -0.08544540405273438, 4.33458137512207
n,-0.9204147458076477, 0.06165826693177223, 4.408313751220703
n,-0.9932048916816711, 0.06933778524398804, 4.392372131347656
n,-0.28252214193344116, -4.494927406311035, 0.0
n,-4.4947004318237305, 0.28611528873443604, 0.0
n,4.494674205780029, -0.28652119636535645, 0.0
n,0.28234541416168213, 4.494938373565674, 0.0
n,3.0048071494093165e-05, 0.00012650611461140215, -4.50379753112793
n,0.28606903553009033, 4.494288921356201, -0.061009280383586884
n,0.2823309302330017, 4.494711875915527, 0.04523465409874916
n,-0.2825143039226532, -4.4947991371154785, 0.03401537239551544
n,-0.2863307297229767, -4.494637489318848, 0.020930739119648933
n,-0.28252214193344116, -4.494927883148193, 0.0
n,-4.4947004318237305, 0.2861153185367584, 0.0
n,4.494674205780029, -0.28652119636535645, 0.0
u,0.6858975291252136, 0.9827585816383362, 0
u,0.904902994632721, 0.8521444797515869, 0
u,0.904902994632721, 0.9827585816383362, 0
u,0.0, 0.0, 0
u,0.0, 0.0, 0
u,0.0, 0.0, 0
u,4.099999841855606e-06, 0.18806569278240204, 0
u,5.200000032345997e-06, 0.16464750468730927, 0
u,0.6398513913154602, 0.16464750468730927, 0
u,0.6398441195487976, 0.1869077980518341, 0
u,4.099999841855606e-06, 0.18806569278240204, 0
u,0.6398513913154602, 0.16464750468730927, 0
u,0.0, 0.2137930989265442, 0
u,4.099999841855606e-06, 0.18806569278240204, 0
u,0.6398441195487976, 0.1869077980518341, 0
u,0.6398329734802246, 0.21100279688835144, 0
u,0.0, 0.2137930989265442, 0
u,0.6398441195487976, 0.1869077980518341, 0
u,0.9849603772163391, 0.982947826385498, 0
u,0.94258052110672, 0.9718325138092041, 0
u,0.9751651883125305, 0.9718325138092041, 0
u,0.9612622857093811, 0.9655172228813171, 0
u,0.9751651883125305, 0.9718325138092041, 0
u,0.94258052110672, 0.9718325138092041, 0
u,0.9928597807884216, 0.9954463243484497, 0
u,0.9294180870056152, 0.982947826385498, 0
u,0.9849603772163391, 0.982947826385498, 0
u,0.9286354780197144, 0.9366536736488342, 0
u,0.9929277896881104, 0.9241378903388977, 0
u,0.984228789806366, 0.9366536736488342, 0
u,0.9408273100852966, 0.9477844834327698, 0
u,0.984228789806366, 0.9366536736488342, 0
u,0.9734420776367188, 0.9477844834327698, 0
u,0.9581316709518433, 0.9541085958480835, 0
u,0.9408273100852966, 0.9477844834327698, 0
u,0.9734420776367188, 0.9477844834327698, 0
u,0.5742948055267334, 0.03833639994263649, 0
u,0.5742787718772888, 0.06206889823079109, 0
u,0.0, 0.06206889823079109, 0
u,9.200000022246968e-06, 0.039482299238443375, 0
u,0.5742948055267334, 0.03833639994263649, 0
u,0.0, 0.06206889823079109, 0
u,0.5743169188499451, 0.011504899710416794, 0
u,0.5742948055267334, 0.03833639994263649, 0
u,9.200000022246968e-06, 0.039482299238443375, 0
u,2.2500000341096893e-05, 0.014217499643564224, 0
u,0.5743169188499451, 0.011504899710416794, 0
u,9.200000022246968e-06, 0.039482299238443375, 0
u,0.0, 0.1517242044210434, 0
u,6.659999780822545e-05, 0.12038789689540863, 0
u,0.6314395070075989, 0.12038789689540863, 0
u,0.6313676238059998, 0.14906570315361023, 0
u,0.0, 0.1517242044210434, 0
u,0.6314395070075989, 0.12038789689540863, 0
u,0.5924087762832642, 0.07478920370340347, 0
u,0.5923048257827759, 0.110344797372818, 0
u,0.0, 0.110344797372818, 0
u,8.64000030560419e-05, 0.07734010368585587, 0
u,0.5924087762832642, 0.07478920370340347, 0
u,0.0, 0.110344797372818, 0
u,0.5876067876815796, 0.9637743830680847, 0
u,0.6685050129890442, 0.6103448271751404, 0
u,0.6685050129890442, 0.9637743830680847, 0
u,0.5671917200088501, 0.9896551966667175, 0
u,0.006410299800336361, 0.6362255811691284, 0
u,0.5671917200088501, 0.6362255811691284, 0
u,0.567240297794342, 0.24312220513820648, 0
u,0.006410299800336361, 0.5965517163276672, 0
u,0.006410299800336361, 0.24312220513820648, 0
u,0.6858975291252136, 0.9827585816383362, 0
u,0.6858975291252136, 0.8521444797515869, 0
u,0.904902994632721, 0.8521444797515869, 0
u,0.0, 0.0, 0
u,0.0, 0.0, 0
u,0.0, 0.0, 0
u,0.9849603772163391, 0.982947826385498, 0
u,0.9294180870056152, 0.982947826385498, 0
u,0.94258052110672, 0.9718325138092041, 0
u,0.9928597807884216, 0.9954463243484497, 0
u,0.9188035130500793, 0.9954463243484497, 0
u,0.9294180870056152, 0.982947826385498, 0
u,0.9286354780197144, 0.9366536736488342, 0
u,0.9188035130500793, 0.9241378903388977, 0
u,0.9929277896881104, 0.9241378903388977, 0
u,0.9408273100852966, 0.9477844834327698, 0
u,0.9286354780197144, 0.9366536736488342, 0
u,0.984228789806366, 0.9366536736488342, 0
u,0.5876067876815796, 0.9637743830680847, 0
u,0.5876067876815796, 0.6103448271751404, 0
u,0.6685050129890442, 0.6103448271751404, 0
u,0.5671917200088501, 0.9896551966667175, 0
u,0.006410299800336361, 0.9896551966667175, 0
u,0.006410299800336361, 0.6362255811691284, 0
u,0.567240297794342, 0.24312220513820648, 0
u,0.567240297794342, 0.5965517163276672, 0
u,0.006410299800336361, 0.5965517163276672, 0
