s,56.651123046875, 202.5068359375, -0.6876764297485352
b,58.590087890625, 204.291015625, 1.471357822418213
v,56.6513671875, 202.697265625, 1.4711799621582031
v,56.697998046875, 203.130859375, 1.4712276458740234
v,56.697998046875, 203.130859375, -0.687617301940918
v,56.6513671875, 202.697265625, -0.6876645088195801
v,56.871337890625, 203.111328125, -0.6876187324523926
v,56.958740234375, 203.91796875, -0.6875300407409668
v,57.49462890625, 204.291015625, -0.6874871253967285
v,58.590087890625, 204.171875, -0.6874942779541016
v,58.41015625, 202.5068359375, -0.6876764297485352
v,56.651123046875, 202.697265625, -0.6876645088195801
v,56.69775390625, 203.130859375, -0.687617301940918
v,56.651123046875, 202.697265625, 1.4711799621582031
v,58.41015625, 202.5068359375, 1.4711685180664062
v,58.590087890625, 204.171875, 1.4713506698608398
v,57.49462890625, 204.291015625, 1.471357822418213
v,56.958740234375, 203.91796875, 1.4713144302368164
v,56.871337890625, 203.111328125, 1.4712262153625488
v,56.69775390625, 203.130859375, 1.4712276458740234
v,56.69775390625, 203.130859375, 1.4712276458740234
v,56.871337890625, 203.111328125, 1.4712262153625488
v,56.871337890625, 203.111328125, -0.6876187324523926
v,56.69775390625, 203.130859375, -0.687617301940918
v,56.871337890625, 203.111328125, 1.4712262153625488
v,56.958740234375, 203.91796875, 1.4713144302368164
v,56.958740234375, 203.91796875, -0.6875300407409668
v,56.871337890625, 203.111328125, -0.6876187324523926
v,56.958740234375, 203.91796875, 1.4713144302368164
v,57.49462890625, 204.291015625, 1.471357822418213
v,57.49462890625, 204.291015625, -0.6874871253967285
v,56.958740234375, 203.91796875, -0.6875300407409668
v,57.49462890625, 204.291015625, 1.471357822418213
v,58.590087890625, 204.171875, 1.4713506698608398
v,58.590087890625, 204.171875, -0.6874942779541016
v,57.49462890625, 204.291015625, -0.6874871253967285
v,58.590087890625, 204.171875, 1.4713506698608398
v,58.41015625, 202.5068359375, 1.4711685180664062
v,58.41015625, 202.5068359375, -0.6876764297485352
v,58.590087890625, 204.171875, -0.6874942779541016
v,58.41015625, 202.5068359375, 1.4711685180664062
v,56.651123046875, 202.697265625, 1.4711799621582031
v,56.651123046875, 202.697265625, -0.6876645088195801
v,58.41015625, 202.5068359375, -0.6876764297485352
i,0,2,3
i,4,6,8
i,12,14,16
i,19,21,18
i,22,24,25
i,26,28,29
i,31,33,30
i,35,37,34
i,38,40,41
i,0,1,2
i,4,5,6
i,6,7,8
i,8,9,4
i,9,10,4
i,17,11,16
i,11,12,16
i,12,13,14
i,14,15,16
i,19,20,21
i,22,23,24
i,26,27,28
i,31,32,33
i,35,36,37
i,38,39,40
n,-4.4778947830200195, 0.48233839869499207, 0.0
n,2.4004335500649177e-05, 0.0004902008804492652, -4.50379753112793
n,-2.2451944460044615e-05, -0.0004894042504020035, 4.50379753112793
n,0.4924473464488983, 4.476794242858887, 0.0
n,-4.477599620819092, 0.4850732684135437, 0.0
n,-2.5723092555999756, 3.696946859359741, 0.0
n,0.4856864809989929, 4.477533340454102, 0.0
n,4.477724075317383, -0.483920693397522, 0.0
n,-0.4857279062271118, -4.477528095245361, 0.0
n,-4.4778947830200195, 0.4823383688926697, 0.0
n,2.0649693396990187e-05, 0.0004919737693853676, -4.50379753112793
n,2.3547392629552633e-05, 0.0004899664199911058, -4.50379753112793
n,2.236128602817189e-05, 0.00048601836897432804, -4.50379753112793
n,2.0579489500960335e-05, 0.0004869662516284734, -4.50379753112793
n,-2.1058587662992068e-05, -0.000491321727167815, 4.50379753112793
n,-2.283413050463423e-05, -0.0004903771914541721, 4.50379753112793
n,-2.3547392629552633e-05, -0.0004899664199911058, 4.50379753112793
n,-2.2429125237977132e-05, -0.0004894163575954735, 4.50379753112793
n,0.4924473464488983, 4.476794242858887, 0.0
n,-4.477599620819092, 0.4850732684135437, 0.0
n,-2.5723092555999756, 3.6969470977783203, 0.0
n,0.4856864809989929, 4.477533340454102, 0.0
n,4.477724075317383, -0.483920693397522, 0.0
n,-0.4857279062271118, -4.477528095245361, 0.0
u,0.24763940274715424, 1.0, 0
u,0.1956699937582016, 0.010535799898207188, 0
u,0.24763940274715424, 0.010535799898207188, 0
u,0.0, 0.0, 0
u,0.0, 0.0, 0
u,0.0, 0.0, 0
u,0.7962185144424438, 0.16726289689540863, 0
u,0.9995443820953369, 0.6810299158096313, 0
u,0.8490561842918396, 0.9105861783027649, 0
u,0.17482590675354004, 1.0, 0
u,0.1956699937582016, 0.010535799898207188, 0
u,0.1956699937582016, 1.0, 0
u,0.17482590675354004, 1.0, 0
u,0.07795950025320053, 0.010535799898207188, 0
u,0.17482590675354004, 0.010535799898207188, 0
u,0.07795950025320053, 1.0, 0
u,0.0, 0.010535799898207188, 0
u,0.07795950025320053, 0.010535799898207188, 0
u,0.6588820219039917, 1.0, 0
u,0.7904446125030518, 0.010535799898207188, 0
u,0.7904446125030518, 1.0, 0
u,0.4589081108570099, 1.0, 0
u,0.6588820219039917, 0.010535799898207188, 0
u,0.6588820219039917, 1.0, 0
u,0.4589081108570099, 1.0, 0
u,0.24763940274715424, 0.010535799898207188, 0
u,0.4589081108570099, 0.010535799898207188, 0
u,0.24763940274715424, 1.0, 0
u,0.1956699937582016, 1.0, 0
u,0.1956699937582016, 0.010535799898207188, 0
u,0.0, 0.0, 0
u,0.0, 0.0, 0
u,0.0, 0.0, 0
u,0.0, 0.0, 0
u,0.0, 0.0, 0
u,0.0, 0.0, 0
u,0.0, 0.0, 0
u,0.0, 0.0, 0
u,0.0, 0.0, 0
u,0.0, 0.0, 0
u,0.0, 0.0, 0
u,0.0, 0.0, 0
u,0.8490548729896545, 0.9919354915618896, 0
u,0.7962185144424438, 0.9917917847633362, 0
u,0.8490561842918396, 0.9105861783027649, 0
u,0.7962185144424438, 0.9917917847633362, 0
u,0.7962185144424438, 0.16726289689540863, 0
u,0.8490561842918396, 0.9105861783027649, 0
u,0.7962185144424438, 0.16726289689540863, 0
u,0.9995285272598267, 0.16757389903068542, 0
u,0.9995443820953369, 0.6810299158096313, 0
u,0.9995443820953369, 0.6810299158096313, 0
u,0.9475386142730713, 0.9106335043907166, 0
u,0.8490561842918396, 0.9105861783027649, 0
u,0.17482590675354004, 1.0, 0
u,0.17482590675354004, 0.010535799898207188, 0
u,0.1956699937582016, 0.010535799898207188, 0
u,0.17482590675354004, 1.0, 0
u,0.07795950025320053, 1.0, 0
u,0.07795950025320053, 0.010535799898207188, 0
u,0.07795950025320053, 1.0, 0
u,0.0, 1.0, 0
u,0.0, 0.010535799898207188, 0
u,0.6588820219039917, 1.0, 0
u,0.6588820219039917, 0.010535799898207188, 0
u,0.7904446125030518, 0.010535799898207188, 0
u,0.4589081108570099, 1.0, 0
u,0.4589081108570099, 0.010535799898207188, 0
u,0.6588820219039917, 0.010535799898207188, 0
u,0.4589081108570099, 1.0, 0
u,0.24763940274715424, 1.0, 0
u,0.24763940274715424, 0.010535799898207188, 0
