s,42.49462890625, 151.7958984375, 0.46808528900146484
b,47.36328125, 154.904296875, 4.5352091789245605
v,44.881591796875, 154.1357421875, 4.174468517303467
v,44.881591796875, 154.1357421875, 3.7725844383239746
v,44.737060546875, 152.33984375, 3.7724547386169434
v,44.737060546875, 152.33984375, 4.174336910247803
v,46.754150390625, 151.7958984375, 0.46808528900146484
v,45.138427734375, 151.9326171875, 0.46810054779052734
v,45.15576171875, 152.138671875, 0.46811532974243164
v,44.474609375, 152.1962890625, 0.4681220054626465
v,44.552490234375, 153.11328125, 0.4681892395019531
v,43.273193359375, 153.2216796875, 0.468203067779541
v,43.28369140625, 153.3466796875, 0.4682121276855469
v,42.49462890625, 153.4326171875, 0.46822261810302734
v,42.655517578125, 154.904296875, 0.46833038330078125
v,43.408447265625, 154.822265625, 0.468320369720459
v,43.410888671875, 154.8505859375, 0.4683222770690918
v,47.36328125, 154.5166015625, 0.46828317642211914
v,47.1474609375, 151.970703125, 0.4680967330932617
v,46.771484375, 152.001953125, 0.46810007095336914
v,43.28369140625, 153.3466796875, 2.463639259338379
v,43.408447265625, 154.822265625, 2.463747978210449
v,42.655517578125, 154.904296875, 2.4637579917907715
v,42.49462890625, 153.4326171875, 2.4636497497558594
v,45.251708984375, 152.2197265625, 3.9944777488708496
v,44.57080078125, 152.2763671875, 3.994485378265381
v,44.6484375, 153.193359375, 3.9945521354675293
v,44.552490234375, 153.11328125, 3.994546413421631
v,44.474609375, 152.1962890625, 3.9944796562194824
v,45.15576171875, 152.1376953125, 3.9944729804992676
v,45.138671875, 151.9326171875, 3.994457721710205
v,46.754150390625, 151.7958984375, 3.9944424629211426
v,46.771484375, 152.001953125, 3.994457721710205
v,46.690673828125, 152.09765625, 3.99446439743042
v,46.673095703125, 151.892578125, 3.994450092315674
v,45.234375, 152.013671875, 3.9944634437561035
v,46.209228515625, 154.0673828125, 3.772575855255127
v,45.46923828125, 154.13671875, 3.772583484649658
v,45.47021484375, 154.146484375, 3.7725844383239746
v,45.03173828125, 154.1875, 3.7725882530212402
v,45.072021484375, 154.62109375, 3.772620677947998
v,43.491943359375, 154.7548828125, 3.772636890411377
v,43.369140625, 153.3017578125, 3.772531032562256
v,44.6484375, 153.193359375, 3.7725167274475098
v,44.57080078125, 152.2763671875, 3.7724499702453613
v,44.73046875, 152.263671875, 3.7724480628967285
v,44.73681640625, 152.33984375, 3.7724547386169434
v,44.88134765625, 154.1357421875, 3.7725844383239746
v,47.145263671875, 153.9541015625, 3.77256441116333
v,47.00048828125, 152.158203125, 3.772432804107666
v,46.99365234375, 152.072265625, 3.7724270820617676
v,47.06640625, 152.06640625, 3.772426128387451
v,47.267333984375, 154.4365234375, 3.772599697113037
v,46.25146484375, 154.5224609375, 3.7726082801818848
v,47.00048828125, 152.158203125, 3.772432804107666
v,44.73681640625, 152.33984375, 3.7724547386169434
v,44.73046875, 152.263671875, 3.7724480628967285
v,45.251708984375, 152.2197265625, 3.7724432945251465
v,45.234375, 152.013671875, 3.772428035736084
v,46.673095703125, 151.892578125, 3.7724156379699707
v,46.690673828125, 152.09765625, 3.772429943084717
v,46.99365234375, 152.072265625, 3.7724270820617676
v,43.410888671875, 154.8505859375, 3.9946799278259277
v,43.273193359375, 153.2216796875, 3.994560718536377
v,44.552490234375, 153.11328125, 3.994546413421631
v,44.6484375, 153.193359375, 3.9945521354675293
v,43.369140625, 153.3017578125, 3.994565486907959
v,43.491943359375, 154.7548828125, 3.9946722984313965
v,47.36328125, 154.5166015625, 3.9946398735046387
v,43.410888671875, 154.8505859375, 3.9946799278259277
v,43.491943359375, 154.7548828125, 3.9946722984313965
v,45.072021484375, 154.62109375, 3.994655132293701
v,45.07763671875, 154.68359375, 3.994659900665283
v,45.61865234375, 154.6328125, 3.9946541786193848
v,45.615966796875, 154.60546875, 3.994652271270752
v,46.253662109375, 154.546875, 3.994645595550537
v,46.25146484375, 154.521484375, 3.9946436882019043
v,47.267333984375, 154.4365234375, 3.9946351051330566
v,47.267333984375, 154.4365234375, 3.9946351051330566
v,47.06640625, 152.06640625, 3.9944615364074707
v,46.690673828125, 152.09765625, 3.99446439743042
v,46.771484375, 152.001953125, 3.994457721710205
v,47.1474609375, 151.970703125, 3.994454860687256
v,47.36328125, 154.5166015625, 3.9946398735046387
v,45.46923828125, 154.13671875, 4.21110200881958
v,46.209228515625, 154.0673828125, 4.211094379425049
v,46.253662109375, 154.5458984375, 4.211129665374756
v,45.615966796875, 154.60546875, 4.211136341094971
v,45.572509765625, 154.13671875, 4.21110200881958
v,45.47021484375, 154.146484375, 4.21110200881958
v,45.07763671875, 154.68359375, 4.3099493980407715
v,45.03173828125, 154.1875, 4.309913158416748
v,45.572509765625, 154.13671875, 4.30990743637085
v,45.61865234375, 154.6328125, 4.309943675994873
v,44.8095703125, 153.244140625, 4.5352091789245605
v,47.072021484375, 153.05078125, 4.535187244415283
v,44.88134765625, 154.1357421875, 4.174468517303467
v,47.072021484375, 153.05078125, 4.535187244415283
v,47.145263671875, 153.9541015625, 4.174447536468506
v,44.88134765625, 154.1357421875, 4.174468517303467
v,47.072021484375, 153.05078125, 4.535187244415283
v,44.8095703125, 153.244140625, 4.5352091789245605
v,47.00048828125, 152.158203125, 4.174316883087158
v,47.00048828125, 152.158203125, 4.174316883087158
v,44.8095703125, 153.244140625, 4.5352091789245605
v,44.73681640625, 152.33984375, 4.174336910247803
v,43.408447265625, 154.822265625, 2.463747978210449
v,43.408447265625, 154.822265625, 0.468320369720459
v,42.655517578125, 154.904296875, 0.46833038330078125
v,42.655517578125, 154.904296875, 2.4637579917907715
v,43.28369140625, 153.3466796875, 0.4682121276855469
v,43.28369140625, 153.3466796875, 2.463639259338379
v,42.49462890625, 153.4326171875, 2.4636497497558594
v,42.49462890625, 153.4326171875, 0.46822261810302734
v,42.49462890625, 153.4326171875, 2.4636497497558594
v,42.655517578125, 154.904296875, 2.4637579917907715
v,42.655517578125, 154.904296875, 0.46833038330078125
v,42.49462890625, 153.4326171875, 0.46822261810302734
v,43.408447265625, 154.822265625, 2.463747978210449
v,43.28369140625, 153.3466796875, 2.463639259338379
v,43.28369140625, 153.3466796875, 0.4682121276855469
v,43.273193359375, 153.2216796875, 0.468203067779541
v,43.273193359375, 153.2216796875, 3.994560718536377
v,43.410888671875, 154.8505859375, 3.9946799278259277
v,43.410888671875, 154.8505859375, 0.4683222770690918
v,43.408447265625, 154.822265625, 0.468320369720459
v,46.771484375, 152.001953125, 3.994457721710205
v,46.754150390625, 151.7958984375, 3.9944424629211426
v,46.754150390625, 151.7958984375, 0.46808528900146484
v,46.771484375, 152.001953125, 0.46810007095336914
v,46.754150390625, 151.7958984375, 3.9944424629211426
v,45.138671875, 151.9326171875, 3.994457721710205
v,45.138427734375, 151.9326171875, 0.46810054779052734
v,46.754150390625, 151.7958984375, 0.46808528900146484
v,45.138671875, 151.9326171875, 3.994457721710205
v,45.15576171875, 152.1376953125, 3.9944729804992676
v,45.15576171875, 152.138671875, 0.46811532974243164
v,45.138427734375, 151.9326171875, 0.46810054779052734
v,45.15576171875, 152.138671875, 0.46811532974243164
v,45.15576171875, 152.1376953125, 3.9944729804992676
v,44.474609375, 152.1962890625, 3.9944796562194824
v,44.474609375, 152.1962890625, 0.4681220054626465
v,44.474609375, 152.1962890625, 3.9944796562194824
v,44.552490234375, 153.11328125, 3.994546413421631
v,44.552490234375, 153.11328125, 0.4681892395019531
v,44.474609375, 152.1962890625, 0.4681220054626465
v,44.552490234375, 153.11328125, 3.994546413421631
v,43.273193359375, 153.2216796875, 3.994560718536377
v,43.273193359375, 153.2216796875, 0.468203067779541
v,44.552490234375, 153.11328125, 0.4681892395019531
v,47.36328125, 154.5166015625, 3.9946398735046387
v,47.36328125, 154.5166015625, 0.46828317642211914
v,43.410888671875, 154.8505859375, 0.4683222770690918
v,43.410888671875, 154.8505859375, 3.9946799278259277
v,47.36328125, 154.5166015625, 3.9946398735046387
v,47.1474609375, 151.970703125, 3.994454860687256
v,47.1474609375, 151.970703125, 0.4680967330932617
v,47.36328125, 154.5166015625, 0.46828317642211914
v,47.1474609375, 151.970703125, 3.994454860687256
v,46.771484375, 152.001953125, 3.994457721710205
v,46.771484375, 152.001953125, 0.46810007095336914
v,47.1474609375, 151.970703125, 0.4680967330932617
v,46.690673828125, 152.09765625, 3.99446439743042
v,47.06640625, 152.06640625, 3.9944615364074707
v,47.06640625, 152.06640625, 3.772426128387451
v,46.99365234375, 152.072265625, 3.7724270820617676
v,46.690673828125, 152.09765625, 3.772429943084717
v,46.673095703125, 151.892578125, 3.994450092315674
v,46.690673828125, 152.09765625, 3.99446439743042
v,46.690673828125, 152.09765625, 3.772429943084717
v,46.673095703125, 151.892578125, 3.7724156379699707
v,45.234375, 152.013671875, 3.9944634437561035
v,46.673095703125, 151.892578125, 3.994450092315674
v,46.673095703125, 151.892578125, 3.7724156379699707
v,45.234375, 152.013671875, 3.772428035736084
v,45.251708984375, 152.2197265625, 3.9944777488708496
v,45.234375, 152.013671875, 3.9944634437561035
v,45.234375, 152.013671875, 3.772428035736084
v,45.251708984375, 152.2197265625, 3.7724432945251465
v,44.57080078125, 152.2763671875, 3.7724499702453613
v,44.57080078125, 152.2763671875, 3.994485378265381
v,45.251708984375, 152.2197265625, 3.9944777488708496
v,45.251708984375, 152.2197265625, 3.7724432945251465
v,44.73046875, 152.263671875, 3.7724480628967285
v,44.6484375, 153.193359375, 3.9945521354675293
v,44.57080078125, 152.2763671875, 3.994485378265381
v,44.57080078125, 152.2763671875, 3.7724499702453613
v,44.6484375, 153.193359375, 3.7725167274475098
v,43.369140625, 153.3017578125, 3.994565486907959
v,44.6484375, 153.193359375, 3.9945521354675293
v,44.6484375, 153.193359375, 3.7725167274475098
v,43.369140625, 153.3017578125, 3.772531032562256
v,43.491943359375, 154.7548828125, 3.9946722984313965
v,43.369140625, 153.3017578125, 3.994565486907959
v,43.369140625, 153.3017578125, 3.772531032562256
v,43.491943359375, 154.7548828125, 3.772636890411377
v,45.072021484375, 154.62109375, 3.772620677947998
v,45.072021484375, 154.62109375, 3.994655132293701
v,43.491943359375, 154.7548828125, 3.9946722984313965
v,43.491943359375, 154.7548828125, 3.772636890411377
v,46.25146484375, 154.521484375, 3.9946436882019043
v,46.25146484375, 154.5224609375, 3.7726082801818848
v,47.267333984375, 154.4365234375, 3.772599697113037
v,47.267333984375, 154.4365234375, 3.9946351051330566
v,47.06640625, 152.06640625, 3.9944615364074707
v,47.267333984375, 154.4365234375, 3.9946351051330566
v,47.267333984375, 154.4365234375, 3.772599697113037
v,47.06640625, 152.06640625, 3.772426128387451
v,45.615966796875, 154.60546875, 3.994652271270752
v,45.615966796875, 154.60546875, 4.211136341094971
v,46.253662109375, 154.5458984375, 4.211129665374756
v,46.253662109375, 154.546875, 3.994645595550537
v,46.25146484375, 154.5224609375, 3.7726082801818848
v,46.25146484375, 154.521484375, 3.9946436882019043
v,46.253662109375, 154.546875, 3.994645595550537
v,46.253662109375, 154.5458984375, 4.211129665374756
v,46.209228515625, 154.0673828125, 4.211094379425049
v,46.209228515625, 154.0673828125, 3.772575855255127
v,46.209228515625, 154.0673828125, 3.772575855255127
v,46.209228515625, 154.0673828125, 4.211094379425049
v,45.46923828125, 154.13671875, 4.21110200881958
v,45.46923828125, 154.13671875, 3.772583484649658
v,45.46923828125, 154.13671875, 3.772583484649658
v,45.46923828125, 154.13671875, 4.21110200881958
v,45.47021484375, 154.146484375, 4.21110200881958
v,45.47021484375, 154.146484375, 3.7725844383239746
v,45.61865234375, 154.6328125, 3.9946541786193848
v,45.07763671875, 154.68359375, 3.994659900665283
v,45.07763671875, 154.68359375, 4.3099493980407715
v,45.61865234375, 154.6328125, 4.309943675994873
v,45.572509765625, 154.13671875, 4.21110200881958
v,45.615966796875, 154.60546875, 4.211136341094971
v,45.615966796875, 154.60546875, 3.994652271270752
v,45.61865234375, 154.6328125, 3.9946541786193848
v,45.61865234375, 154.6328125, 4.309943675994873
v,45.572509765625, 154.13671875, 4.30990743637085
v,45.572509765625, 154.13671875, 4.30990743637085
v,45.03173828125, 154.1875, 4.309913158416748
v,45.03173828125, 154.1875, 3.7725882530212402
v,45.47021484375, 154.146484375, 3.7725844383239746
v,45.47021484375, 154.146484375, 4.21110200881958
v,45.572509765625, 154.13671875, 4.21110200881958
v,45.03173828125, 154.1875, 3.7725882530212402
v,45.03173828125, 154.1875, 4.309913158416748
v,45.07763671875, 154.68359375, 4.3099493980407715
v,45.07763671875, 154.68359375, 3.994659900665283
v,45.072021484375, 154.62109375, 3.994655132293701
v,45.072021484375, 154.62109375, 3.772620677947998
v,47.145263671875, 153.9541015625, 4.174447536468506
v,47.145263671875, 153.9541015625, 3.77256441116333
v,44.88134765625, 154.1357421875, 3.7725844383239746
v,44.88134765625, 154.1357421875, 4.174468517303467
v,44.8095703125, 153.244140625, 4.5352091789245605
v,44.88134765625, 154.1357421875, 4.174468517303467
v,44.73681640625, 152.33984375, 4.174336910247803
v,47.072021484375, 153.05078125, 4.535187244415283
v,47.00048828125, 152.158203125, 4.174316883087158
v,47.145263671875, 153.9541015625, 4.174447536468506
v,47.00048828125, 152.158203125, 4.174316883087158
v,47.00048828125, 152.158203125, 3.772432804107666
v,47.145263671875, 153.9541015625, 3.77256441116333
v,47.145263671875, 153.9541015625, 4.174447536468506
v,44.73681640625, 152.33984375, 4.174336910247803
v,44.73681640625, 152.33984375, 3.7724547386169434
v,47.00048828125, 152.158203125, 3.772432804107666
v,47.00048828125, 152.158203125, 4.174316883087158
i,1,3,0
i,8,10,13
i,19,21,18
i,22,27,33
i,35,37,45
i,55,57,58
i,64,65,61
i,66,70,71
i,77,79,80
i,84,85,86
i,89,91,88
i,92,93,94
i,95,96,97
i,98,99,100
i,101,102,103
i,104,106,107
i,109,111,108
i,112,114,115
i,117,120,121
i,125,127,124
i,129,131,128
i,133,135,132
i,137,139,136
i,140,142,143
i,144,146,147
i,148,150,151
i,153,155,152
i,156,158,159
i,161,162,163
i,165,167,168
i,170,172,169
i,174,176,173
i,179,180,181
i,183,185,182
i,187,189,186
i,191,193,190
i,195,197,194
i,199,201,198
i,202,204,205
i,206,208,209
i,214,215,211
i,217,219,216
i,221,223,220
i,225,227,224
i,229,231,232
i,236,237,238
i,242,243,244
i,246,248,249
i,250,251,252
i,253,254,255
i,256,258,259
i,261,263,260
i,1,2,3
i,17,4,5
i,6,7,8
i,17,5,6
i,15,16,17
i,13,14,8
i,14,15,8
i,11,12,13
i,8,9,10
i,10,11,13
i,15,17,8
i,17,6,8
i,19,20,21
i,23,24,25
i,29,30,32
i,30,31,32
i,23,25,26
i,29,32,28
i,32,33,28
i,23,26,27
i,22,23,27
i,27,28,33
i,35,36,37
i,37,38,45
i,38,39,45
i,39,40,45
i,40,41,45
i,41,42,44
i,42,43,44
i,44,45,41
i,50,51,46
i,51,34,46
i,48,49,47
i,49,50,46
i,47,49,46
i,46,34,45
i,34,35,45
i,59,52,58
i,52,53,55
i,58,52,55
i,53,54,55
i,55,56,57
i,65,60,61
i,61,62,64
i,62,63,64
i,67,68,70
i,68,69,70
i,74,75,73
i,75,66,73
i,71,72,73
i,66,67,70
i,71,73,66
i,81,76,80
i,76,77,80
i,77,78,79
i,87,82,86
i,82,83,86
i,83,84,86
i,89,90,91
i,104,105,106
i,109,110,111
i,112,113,114
i,117,118,119
i,121,122,116
i,122,123,116
i,117,119,120
i,121,116,117
i,125,126,127
i,129,130,131
i,133,134,135
i,137,138,139
i,140,141,142
i,144,145,146
i,148,149,150
i,153,154,155
i,156,157,158
i,164,160,163
i,160,161,163
i,165,166,167
i,170,171,172
i,174,175,176
i,181,177,178
i,178,179,181
i,183,184,185
i,187,188,189
i,191,192,193
i,195,196,197
i,199,200,201
i,202,203,204
i,206,207,208
i,215,210,211
i,211,212,213
i,213,214,211
i,217,218,219
i,221,222,223
i,225,226,227
i,233,228,229
i,229,230,231
i,232,233,229
i,239,234,238
i,234,235,238
i,235,236,238
i,245,240,244
i,240,241,244
i,241,242,244
i,246,247,248
i,256,257,258
i,261,262,263
n,-4.489255428314209, 0.3616344928741455, 0.0
n,-1.978463478735648e-05, 0.00033263888326473534, -4.50379753112793
n,2.179212424380239e-05, -0.00033280852949246764, 4.50379753112793
n,4.873345824307762e-05, -0.00033815603819675744, 4.50379753112793
n,1.3468959878082387e-05, -0.00033210759283974767, 4.50379753112793
n,1.568189873069059e-05, -0.00031682546250522137, 4.50379753112793
n,4.256688407622278e-05, -0.00033444861765019596, 4.50379753112793
n,2.4195003788918257e-05, -0.00019478972535580397, 4.50379753112793
n,1.5084556252986658e-05, -0.0003070500970352441, 4.50379753112793
n,1.6373878679587506e-05, -0.0003354641085024923, 4.50379753112793
n,1.8455401004757732e-05, -0.00033234694274142385, 4.50379753112793
n,0.14352720975875854, 1.6784065961837769, 4.176906108856201
n,0.1329202950000763, 1.6596033573150635, 4.184762954711914
n,-0.14337415993213654, -1.6775676012039185, 4.177248477935791
n,-0.13353696465492249, -1.6601403951644897, 4.184530258178711
n,0.48986169695854187, 4.477077960968018, 0.0
n,-0.4870994985103607, -4.477379322052002, 0.0
n,-4.477128982543945, 0.48939740657806396, 0.0
n,-4.487809181213379, 0.37915900349617004, 1.3531108606912312e-06
n,4.4878458976745605, -0.3787212073802948, 0.0
n,-0.37825682759284973, -4.487884998321533, 0.0
n,-4.4882402420043945, 0.3740200400352478, 0.0002759757626336068
n,-0.37721261382102966, -4.487973213195801, -0.0011038371594622731
n,-4.487648963928223, 0.381046861410141, 0.0
n,-0.38031452894210815, -4.487711429595947, 0.0
n,0.37915438413619995, 4.487809658050537, 0.0
n,4.487719535827637, -0.3802180588245392, 0.0
n,-0.3727347254753113, -4.48834753036499, 0.0
n,0.3740200400352478, 4.4882402420043945, 0.0
n,-4.4874467849731445, 0.3834210932254791, 0.0
n,0.3787778615951538, 4.4878411293029785, 0.0
n,4.4878458976745605, -0.3787211775779724, 0.0
n,0.38081711530685425, 4.487668514251709, 0.0
n,4.487738609313965, -0.3799930214881897, 0.0
n,0.3803785443305969, 4.487706184387207, 0.0
n,4.487812519073486, -0.3791196644306183, 0.0
n,-0.37937140464782715, -4.487791061401367, 0.0
n,-0.37544405460357666, -4.488086700439453, -0.017531588673591614
n,-4.487691879272461, 0.38054245710372925, 0.0
n,0.4147629737854004, 4.484622478485107, 0.017967266961932182
n,4.484556198120117, -0.41587182879447937, 0.0
n,-0.41521796584129333, -4.484616756439209, 0.0
n,-4.4882402420043945, 0.3740200102329254, 0.0
n,0.41699114441871643, 4.484452247619629, 0.0
n,4.484135150909424, -0.4203876554965973, 0.0
n,-0.41695237159729004, -4.4844560623168945, 0.0
n,-4.485555648803711, 0.4049459993839264, 0.0
n,0.3594639301300049, 4.489429473876953, 0.0
n,-4.489255428314209, 0.36163437366485596, 0.0006594792939722538
n,4.489222526550293, -0.36199951171875, 0.005135176703333855
n,4.4892258644104, -0.36199936270713806, 0.0
n,-0.3612072467803955, -4.4892897605896, 0.0
n,-4.489255428314209, 0.36163443326950073, 0.0
n,-1.50194791785907e-05, 0.00032603199360892177, -4.50379753112793
n,-1.7057704098988324e-05, 0.00033017207169905305, -4.50379753112793
n,-1.4961071428842843e-05, 0.00032465721596963704, -4.50379753112793
n,-1.312220047111623e-05, 0.0003306801663711667, -4.50379753112793
n,-1.6848136510816403e-05, 0.00033460400300100446, -4.50379753112793
n,-1.6596901332377456e-05, 0.0003347689926158637, -4.50379753112793
n,-2.4340062736882828e-05, 0.0003331117331981659, -4.50379753112793
n,-2.2051815903978422e-05, 0.00032035619369708, -4.50379753112793
n,-2.4186723749153316e-05, 0.0003330108884256333, -4.50379753112793
n,-1.474492182751419e-05, 0.0003310619213152677, -4.50379753112793
n,-1.4351202480611391e-05, 0.0003318482486065477, -4.50379753112793
n,2.4199949621106498e-05, -0.00033439233084209263, 4.50379753112793
n,-2.1083978936076164e-06, -0.00032854516757652164, 4.50379753112793
n,2.435498572594952e-05, -0.00033609880483709276, 4.50379753112793
n,1.6257662309726584e-06, -0.0003156244638375938, 4.50379753112793
n,3.689608274726197e-05, -0.0003276954812463373, 4.50379753112793
n,1.3394905181485228e-05, -0.0003453309473115951, 4.50379753112793
n,1.4627225027652457e-05, -0.000297933496767655, 4.50379753112793
n,1.8697650375543162e-05, -0.0003060236922465265, 4.50379753112793
n,1.930122743942775e-05, -0.0003034792607650161, 4.50379753112793
n,4.880505730397999e-05, -0.00033811063622124493, 4.50379753112793
n,9.35336447582813e-06, -0.00036729942075908184, 4.50379753112793
n,1.4689654562971555e-05, -0.0003356323577463627, 4.50379753112793
n,1.974577571672853e-05, -0.00033761642407625914, 4.50379753112793
n,2.1934481992502697e-05, -0.0003327056474518031, 4.50379753112793
n,1.983975562325213e-05, -0.0003289052692707628, 4.50379753112793
n,1.0822594958881382e-05, -0.0003296400827821344, 4.50379753112793
n,1.9131275621475652e-05, -0.0003514361451379955, 4.50379753112793
n,1.9270473785582e-05, -0.00032876437762752175, 4.50379753112793
n,9.268662324757315e-06, -0.00033458747202530503, 4.50379753112793
n,1.3097495866531972e-05, -0.00032856216421350837, 4.50379753112793
n,2.62675566773396e-05, -0.0003131092817056924, 4.50379753112793
n,-1.3857503290637396e-05, -0.0003287331492174417, 4.50379753112793
n,3.466385123829241e-06, -0.0003294573107268661, 4.50379753112793
n,1.6137277270900086e-05, -0.0003035187837667763, 4.50379753112793
n,1.3503066838893574e-05, -0.000355223601218313, 4.50379753112793
n,1.0990625014528632e-05, -0.00031187478452920914, 4.50379753112793
n,1.3761672562395688e-05, -0.0003525620559230447, 4.50379753112793
n,1.4546177226293366e-05, -0.000330283772200346, 4.50379753112793
n,1.412186975358054e-05, -0.00035102342371828854, 4.50379753112793
n,1.1497613741084933e-05, -0.00033501378493383527, 4.50379753112793
n,2.8668184313573875e-05, -0.00033246559905819595, 4.50379753112793
n,2.4201877749874257e-05, -0.00031257845694199204, 4.50379753112793
n,1.7859334548120387e-05, -0.00035227026091888547, 4.50379753112793
n,2.0879777366644703e-05, -0.0003390260972082615, 4.50379753112793
n,2.2296191673376597e-05, -0.0003074461710639298, 4.50379753112793
n,-5.137680432198977e-07, -0.0004549416189547628, 4.50379753112793
n,1.601936855877284e-05, -0.0003027911589015275, 4.50379753112793
n,3.7065899505250854e-06, -0.00041268247878178954, 4.50379753112793
n,-5.323477580532199e-06, -0.0005999385612085462, 4.50379753112793
n,1.536823583592195e-05, -0.000327290064888075, 4.50379753112793
n,4.015860758954659e-05, -0.00033147275098599494, 4.50379753112793
n,-1.0736270269262604e-05, -0.00032899779034778476, 4.50379753112793
n,1.4581813957192935e-05, -0.0003047402133233845, 4.50379753112793
n,3.082158173128846e-06, -0.00036677683237940073, 4.50379753112793
n,3.860268407152034e-06, -0.0004593719495460391, 4.50379753112793
n,1.720888576528523e-05, -0.0003368566685821861, 4.50379753112793
n,1.8461993022356182e-05, -0.00033235561568289995, 4.50379753112793
n,0.48986169695854187, 4.477077960968018, 0.0
n,-0.4870995283126831, -4.477379322052002, 0.0
n,-4.477128982543945, 0.48939740657806396, 0.0
n,-4.4878106117248535, 0.3791426122188568, 0.0
n,-4.488239765167236, 0.374019980430603, 0.0
n,-4.4882402420043945, 0.3740200400352478, 0.0
n,-4.4878106117248535, 0.3791426420211792, 0.0
n,-4.487800598144531, 0.37926003336906433, -9.865043830359355e-05
n,4.4878458976745605, -0.3787212073802948, 0.0
n,-0.37820643186569214, -4.487889289855957, 2.325539753655903e-05
n,-4.487978935241699, 0.3771411180496216, 9.275955380871892e-05
n,-0.38288694620132446, -4.487492084503174, 0.0
n,-4.487649440765381, 0.3810468912124634, 0.0
n,-0.38031452894210815, -4.487711429595947, 0.0
n,0.3791544437408447, 4.487809658050537, 0.0
n,4.487719535827637, -0.3802180588245392, 0.0
n,-0.37273475527763367, -4.48834753036499, 0.0
n,0.3854493796825409, 4.487273216247559, 0.0
n,0.3832338750362396, 4.487462043762207, -0.0030445922166109085
n,-4.4874467849731445, 0.3834210932254791, 0.0
n,0.3787778615951538, 4.4878411293029785, 0.0
n,4.4878458976745605, -0.3787211775779724, 0.0
n,0.3654501736164093, 4.488946437835693, 0.0
n,0.3772120475769043, 4.487964630126953, 0.0085227619856596
n,4.487738609313965, -0.3799930214881897, 0.0
n,0.3803785443305969, 4.487706184387207, 0.0
n,4.487812519073486, -0.3791196644306183, 0.0
n,-0.37937140464782715, -4.487791061401367, 0.0
n,-0.37925079464912415, -4.4878010749816895, 0.0
n,-4.487691879272461, 0.38054245710372925, 0.0
n,0.42081278562545776, 4.484095573425293, 0.0
n,4.484628677368164, -0.4150848090648651, -0.0016214250354096293
n,4.483683109283447, -0.4251766502857208, -0.0017034347401931882
n,4.484440803527832, -0.41710975766181946, -0.0026167144533246756
n,-0.41521793603897095, -4.484616756439209, 0.0
n,-4.4882402420043945, 0.3740200102329254, 0.0
n,0.41699114441871643, 4.484452247619629, 0.0
n,4.4844231605529785, -0.4173005223274231, 0.0
n,4.484134674072266, -0.4203876554965973, 0.0
n,4.4844069480896, -0.417473167181015, -0.0008258326561190188
n,-0.41803306341171265, -4.4843549728393555, 0.0
n,-0.4171569049358368, -4.484436988830566, -0.0009154581930488348
n,-0.41695237159729004, -4.484455585479736, 0.0
n,-4.484446048736572, 0.4170535206794739, 0.0
n,-4.484446048736572, 0.4170534908771515, 0.0
n,-4.484587669372559, 0.41553011536598206, -0.0021136063151061535
n,0.3594639301300049, 4.489429473876953, 0.0
n,4.4892258644104, -0.36199936270713806, 0.0
n,-0.3612072169780731, -4.4892897605896, 0.0
u,0.8954858183860779, 0.8627995848655701, 0
u,0.9956821203231812, 0.9225721955299377, 0
u,0.8954858183860779, 0.9225721955299377, 0
u,0.0, 0.0, 0
u,0.0, 0.0, 0
u,0.0, 0.0, 0
u,0.045084398239851, 0.41794249415397644, 0
u,0.0, 0.1959100067615509, 0
u,0.045081499963998795, 0.19297809898853302, 0
u,0.16185489296913147, 0.04750080034136772, 0
u,0.15681199729442596, 0.03400940075516701, 0
u,0.1618582010269165, 0.01611669920384884, 0
u,0.16499990224838257, 0.3404914140701294, 0
u,0.1399880051612854, 0.34258851408958435, 0
u,0.1317366063594818, 0.3328515887260437, 0
u,0.16185489296913147, 0.04750080034136772, 0
u,0.24387329816818237, 0.01613209955394268, 0
u,0.243880495429039, 0.047477900981903076, 0
u,0.05012569949030876, 0.18730810284614563, 0
u,0.05012860149145126, 0.4088200032711029, 0
u,0.04508119821548462, 0.17381730675697327, 0
u,0.2703874111175537, 0.42231109738349915, 0
u,0.14022310078144073, 0.41825801134109497, 0
u,0.17108170688152313, 0.4175589978694916, 0
u,0.2653050124645233, 0.04750319942831993, 0
u,0.2489217072725296, 0.03399280086159706, 0
u,0.2703478932380676, 0.03401799872517586, 0
u,0.2074422985315323, 0.4125266969203949, 0
u,0.1710682064294815, 0.41332700848579407, 0
u,0.1708400994539261, 0.34188899397850037, 0
u,0.1399880051612854, 0.34258851408958435, 0
u,0.17108170688152313, 0.4175589978694916, 0
u,0.14022310078144073, 0.41825801134109497, 0
u,0.9397020936012268, 0.8555533289909363, 0
u,0.9391561150550842, 0.48581060767173767, 0
u,0.9984357953071594, 0.8556429743766785, 0
u,0.9391561150550842, 0.48581060767173767, 0
u,0.9985448122024536, 0.48581060767173767, 0
u,0.9984357953071594, 0.8556429743766785, 0
u,0.3280656933784485, 0.06908909976482391, 0
u,0.32864469289779663, 0.42257219552993774, 0
u,0.2718716859817505, 0.06902889907360077, 0
u,0.2718716859817505, 0.06902889907360077, 0
u,0.32864469289779663, 0.42257219552993774, 0
u,0.2718350887298584, 0.42257219552993774, 0
u,0.7634935975074768, 0.8556429743766785, 0
u,0.8069401979446411, 0.5496004223823547, 0
u,0.8069401979446411, 0.8556429743766785, 0
u,0.9373831152915955, 0.8556429743766785, 0
u,0.8918523192405701, 0.5496004223823547, 0
u,0.9373831152915955, 0.5496004223823547, 0
u,0.8918523192405701, 0.8556429743766785, 0
u,0.8069401979446411, 0.5496004223823547, 0
u,0.8918523192405701, 0.5496004223823547, 0
u,0.6298776865005493, 0.7666429281234741, 0
u,0.6370173096656799, 0.998401403427124, 0
u,0.5444238781929016, 0.998401403427124, 0
u,0.14217080175876617, 0.998401403427124, 0
u,0.1538527011871338, 0.4645668864250183, 0
u,0.1538527011871338, 0.998401403427124, 0
u,0.050386298447847366, 0.998401403427124, 0
u,0.14217080175876617, 0.4645668864250183, 0
u,0.14217080175876617, 0.998401403427124, 0
u,0.038691699504852295, 0.998401403427124, 0
u,0.050386298447847366, 0.4645668864250183, 0
u,0.050386298447847366, 0.998401403427124, 0
u,0.038691699504852295, 0.998401403427124, 0
u,0.0, 0.4645668864250183, 0
u,0.038691699504852295, 0.4645668864250183, 0
u,0.7617828845977783, 0.998401403427124, 0
u,0.7096886038780212, 0.4645668864250183, 0
u,0.7617828845977783, 0.4645668864250183, 0
u,0.7096886038780212, 0.998401403427124, 0
u,0.6370173096656799, 0.4645668864250183, 0
u,0.7096886038780212, 0.4645668864250183, 0
u,0.3198908865451813, 0.998401403427124, 0
u,0.5444238781929016, 0.4645668864250183, 0
u,0.5444238781929016, 0.998401403427124, 0
u,0.175205796957016, 0.998401403427124, 0
u,0.3198908865451813, 0.4645668864250183, 0
u,0.3198908865451813, 0.998401403427124, 0
u,0.175205796957016, 0.998401403427124, 0
u,0.1538527011871338, 0.4645668864250183, 0
u,0.175205796957016, 0.4645668864250183, 0
u,0.19242970645427704, 0.4593175947666168, 0
u,0.19242970645427704, 0.42569050192832947, 0
u,0.19657960534095764, 0.42569050192832947, 0
u,0.22547540068626404, 0.4593175947666168, 0
u,0.21379029750823975, 0.42569050192832947, 0
u,0.22547540068626404, 0.42569050192832947, 0
u,0.22547540068626404, 0.4593175947666168, 0
u,0.30724579095840454, 0.42569050192832947, 0
u,0.30724579095840454, 0.4593175947666168, 0
u,0.30724579095840454, 0.4593175947666168, 0
u,0.3189451992511749, 0.42569050192832947, 0
u,0.3189451992511749, 0.4593175947666168, 0
u,0.3189451992511749, 0.4593175947666168, 0
u,0.3189451992511749, 0.42569050192832947, 0
u,0.34856879711151123, 0.42569050192832947, 0
u,0.3576509952545166, 0.4593175947666168, 0
u,0.40976759791374207, 0.42569050192832947, 0
u,0.40976759791374207, 0.4593175947666168, 0
u,0.40976759791374207, 0.4593175947666168, 0
u,0.4824715852737427, 0.42569050192832947, 0
u,0.4824715852737427, 0.4593175947666168, 0
u,0.4824715852737427, 0.4593175947666168, 0
u,0.5650467872619629, 0.42569050192832947, 0
u,0.5650467872619629, 0.4593175947666168, 0
u,0.6548432111740112, 0.4593175947666168, 0
u,0.5650467872619629, 0.42569050192832947, 0
u,0.6548432111740112, 0.42569050192832947, 0
u,0.0, 0.42569050192832947, 0
u,0.05773799866437912, 0.4593175947666168, 0
u,0.0, 0.4593175947666168, 0
u,0.19242970645427704, 0.4593175947666168, 0
u,0.05773799866437912, 0.42569050192832947, 0
u,0.19242970645427704, 0.42569050192832947, 0
u,0.34209689497947693, 0.4200947880744934, 0
u,0.32973501086235046, 0.32228168845176697, 0
u,0.34209689497947693, 0.32228168845176697, 0
u,0.32973501086235046, 0.24892599880695343, 0
u,0.3547757863998413, 0.24892599880695343, 0
u,0.34209689497947693, 0.3185547888278961, 0
u,0.32973501086235046, 0.24892599880695343, 0
u,0.3547757863998413, 0.13539649546146393, 0
u,0.3547757863998413, 0.24892599880695343, 0
u,0.32973501086235046, 0.13539649546146393, 0
u,0.3547757863998413, 0.13385829329490662, 0
u,0.3547757863998413, 0.13539649546146393, 0
u,0.8229867815971375, 0.4977633059024811, 0
u,0.7919499278068542, 0.5459318161010742, 0
u,0.7919499278068542, 0.4977633059024811, 0
u,0.7903584241867065, 0.5308367013931274, 0
u,0.7919499278068542, 0.4977633059024811, 0
u,0.7919499278068542, 0.5459318161010742, 0
u,0.851442813873291, 0.4638417065143585, 0
u,0.8766043782234192, 0.4638417065143585, 0
u,0.8766043782234192, 0.5308367013931274, 0
u,0.8229867815971375, 0.5459318161010742, 0
u,0.8229867815971375, 0.4977633059024811, 0
u,0.8265361189842224, 0.4977633059024811, 0
u,0.8912811875343323, 0.8543307185173035, 0
u,0.7649657130241394, 0.9141033291816711, 0
u,0.7649657130241394, 0.8543307185173035, 0
u,0.3577035963535309, 0.2766607105731964, 0
u,0.3774527907371521, 0.14566929638385773, 0
u,0.3774527907371521, 0.40943679213523865, 0
u,0.40296798944473267, 0.278357595205307, 0
u,0.383218914270401, 0.4094657897949219, 0
u,0.383218914270401, 0.14566929638385773, 0
u,0.9956930875778198, 0.9362903833389282, 0
u,0.8954858183860779, 0.9960629940032959, 0
u,0.8954858183860779, 0.9362903833389282, 0
u,0.7649657130241394, 0.9278215169906616, 0
u,0.8912718296051025, 0.9875941276550293, 0
u,0.7649657130241394, 0.9875941276550293, 0
u,0.8954858183860779, 0.8627995848655701, 0
u,0.9956821203231812, 0.8627995848655701, 0
u,0.9956821203231812, 0.9225721955299377, 0
u,0.0, 0.0, 0
u,0.0, 0.0, 0
u,0.0, 0.0, 0
u,0.0, 0.0, 0
u,0.0, 0.0, 0
u,0.0, 0.0, 0
u,0.0, 0.0, 0
u,0.0, 0.0, 0
u,0.0, 0.0, 0
u,0.0, 0.0, 0
u,0.0, 0.0, 0
u,0.0, 0.0, 0
u,0.0, 0.0, 0
u,0.0, 0.0, 0
u,0.0, 0.0, 0
u,0.0, 0.0, 0
u,0.0, 0.0, 0
u,0.0, 0.0, 0
u,0.0, 0.0, 0
u,0.0, 0.0, 0
u,0.0, 0.0, 0
u,0.0, 0.0, 0
u,0.0, 0.0, 0
u,0.0, 0.0, 0
u,0.0, 0.0, 0
u,0.0, 0.0, 0
u,0.0, 0.0, 0
u,0.0, 0.0, 0
u,0.0, 0.0, 0
u,0.0, 0.0, 0
u,0.0, 0.0, 0
u,0.0, 0.0, 0
u,0.0, 0.0, 0
u,0.045084398239851, 0.41794249415397644, 0
u,0.0020669999066740274, 0.4207676947116852, 0
u,0.0, 0.1959100067615509, 0
u,0.12303320318460464, 0.047498300671577454, 0
u,0.12304729968309402, 0.18730370700359344, 0
u,0.11800160259008408, 0.1738128960132599, 0
u,0.24891449511051178, 0.0026418999768793583, 0
u,0.2489217072725296, 0.03399280086159706, 0
u,0.24387329816818237, 0.01613209955394268, 0
u,0.2489217072725296, 0.03399280086159706, 0
u,0.243880495429039, 0.047477900981903076, 0
u,0.24387329816818237, 0.01613209955394268, 0
u,0.12303320318460464, 0.047498300671577454, 0
u,0.11800160259008408, 0.1738128960132599, 0
u,0.11798760294914246, 0.03400680050253868, 0
u,0.24891449511051178, 0.0026418999768793583, 0
u,0.24387329816818237, 0.01613209955394268, 0
u,0.156815305352211, 0.002624700078740716, 0
u,0.24387329816818237, 0.01613209955394268, 0
u,0.1618582010269165, 0.01611669920384884, 0
u,0.156815305352211, 0.002624700078740716, 0
u,0.12303320318460464, 0.047498300671577454, 0
u,0.11798760294914246, 0.03400680050253868, 0
u,0.15681199729442596, 0.03400940075516701, 0
u,0.16185489296913147, 0.04750080034136772, 0
u,0.12303320318460464, 0.047498300671577454, 0
u,0.15681199729442596, 0.03400940075516701, 0
u,0.15681199729442596, 0.03400940075516701, 0
u,0.156815305352211, 0.002624700078740716, 0
u,0.1618582010269165, 0.01611669920384884, 0
u,0.16499990224838257, 0.3404914140701294, 0
u,0.16500499844551086, 0.3420211970806122, 0
u,0.1399880051612854, 0.34258851408958435, 0
u,0.1399880051612854, 0.34258851408958435, 0
u,0.14019380509853363, 0.4088200032711029, 0
u,0.1317366063594818, 0.3328515887260437, 0
u,0.14019380509853363, 0.4088200032711029, 0
u,0.05012860149145126, 0.4088200032711029, 0
u,0.1317366063594818, 0.3328515887260437, 0
u,0.05012860149145126, 0.4088200032711029, 0
u,0.05012569949030876, 0.18730810284614563, 0
u,0.1317366063594818, 0.3328515887260437, 0
u,0.05012569949030876, 0.18730810284614563, 0
u,0.12304729968309402, 0.18730370700359344, 0
u,0.1317366063594818, 0.3328515887260437, 0
u,0.12304729968309402, 0.18730370700359344, 0
u,0.12303320318460464, 0.047498300671577454, 0
u,0.13212600350379944, 0.059159401804208755, 0
u,0.12303320318460464, 0.047498300671577454, 0
u,0.13214249908924103, 0.047498900443315506, 0
u,0.13212600350379944, 0.059159401804208755, 0
u,0.13212600350379944, 0.059159401804208755, 0
u,0.1317366063594818, 0.3328515887260437, 0
u,0.12304729968309402, 0.18730370700359344, 0
u,0.26534178853034973, 0.4088200032711029, 0
u,0.207430899143219, 0.4088200032711029, 0
u,0.2607448101043701, 0.3342705965042114, 0
u,0.207430899143219, 0.4088200032711029, 0
u,0.2072184979915619, 0.33956798911094666, 0
u,0.2607448101043701, 0.3342705965042114, 0
u,0.26114270091056824, 0.047498300671577454, 0
u,0.2653050124645233, 0.04750319942831993, 0
u,0.2611246109008789, 0.06054820120334625, 0
u,0.2653050124645233, 0.04750319942831993, 0
u,0.26534178853034973, 0.4088200032711029, 0
u,0.2607448101043701, 0.3342705965042114, 0
u,0.2611246109008789, 0.06054820120334625, 0
u,0.2653050124645233, 0.04750319942831993, 0
u,0.2607448101043701, 0.3342705965042114, 0
u,0.2607448101043701, 0.3342705965042114, 0
u,0.2072184979915619, 0.33956798911094666, 0
u,0.1317366063594818, 0.3328515887260437, 0
u,0.2072184979915619, 0.33956798911094666, 0
u,0.16499990224838257, 0.3404914140701294, 0
u,0.1317366063594818, 0.3328515887260437, 0
u,0.26114270091056824, 0.047498300671577454, 0
u,0.2611246109008789, 0.06054820120334625, 0
u,0.243880495429039, 0.047477900981903076, 0
u,0.2611246109008789, 0.06054820120334625, 0
u,0.13212600350379944, 0.059159401804208755, 0
u,0.16185489296913147, 0.04750080034136772, 0
u,0.243880495429039, 0.047477900981903076, 0
u,0.2611246109008789, 0.06054820120334625, 0
u,0.16185489296913147, 0.04750080034136772, 0
u,0.13212600350379944, 0.059159401804208755, 0
u,0.13214249908924103, 0.047498900443315506, 0
u,0.16185489296913147, 0.04750080034136772, 0
u,0.16185489296913147, 0.04750080034136772, 0
u,0.1618582010269165, 0.01611669920384884, 0
u,0.24387329816818237, 0.01613209955394268, 0
u,0.05012860149145126, 0.4088200032711029, 0
u,0.045084498822689056, 0.42231109738349915, 0
u,0.04508119821548462, 0.17381730675697327, 0
u,0.04508119821548462, 0.17381730675697327, 0
u,0.11800160259008408, 0.1738128960132599, 0
u,0.05012569949030876, 0.18730810284614563, 0
u,0.11800160259008408, 0.1738128960132599, 0
u,0.12304729968309402, 0.18730370700359344, 0
u,0.05012569949030876, 0.18730810284614563, 0
u,0.045084498822689056, 0.42231109738349915, 0
u,0.05012860149145126, 0.4088200032711029, 0
u,0.14022310078144073, 0.41825801134109497, 0
u,0.05012860149145126, 0.4088200032711029, 0
u,0.14019380509853363, 0.4088200032711029, 0
u,0.14022310078144073, 0.41825801134109497, 0
u,0.207430899143219, 0.4088200032711029, 0
u,0.26534178853034973, 0.4088200032711029, 0
u,0.2074422985315323, 0.4125266969203949, 0
u,0.26534178853034973, 0.4088200032711029, 0
u,0.2703874111175537, 0.42231109738349915, 0
u,0.2074422985315323, 0.4125266969203949, 0
u,0.17108170688152313, 0.4175589978694916, 0
u,0.1710682064294815, 0.41332700848579407, 0
u,0.2074422985315323, 0.4125266969203949, 0
u,0.2703874111175537, 0.42231109738349915, 0
u,0.045084498822689056, 0.42231109738349915, 0
u,0.14022310078144073, 0.41825801134109497, 0
u,0.17108170688152313, 0.4175589978694916, 0
u,0.2074422985315323, 0.4125266969203949, 0
u,0.2703874111175537, 0.42231109738349915, 0
u,0.2703874111175537, 0.42231109738349915, 0
u,0.26534178853034973, 0.4088200032711029, 0
u,0.2703478932380676, 0.03401799872517586, 0
u,0.26534178853034973, 0.4088200032711029, 0
u,0.2653050124645233, 0.04750319942831993, 0
u,0.2703478932380676, 0.03401799872517586, 0
u,0.2653050124645233, 0.04750319942831993, 0
u,0.243880495429039, 0.047477900981903076, 0
u,0.2489217072725296, 0.03399280086159706, 0
u,0.16500499844551086, 0.3420211970806122, 0
u,0.16499990224838257, 0.3404914140701294, 0
u,0.1708400994539261, 0.34188899397850037, 0
u,0.16499990224838257, 0.3404914140701294, 0
u,0.2072184979915619, 0.33956798911094666, 0
u,0.1708400994539261, 0.34188899397850037, 0
u,0.2072184979915619, 0.33956798911094666, 0
u,0.2074422985315323, 0.4125266969203949, 0
u,0.1708400994539261, 0.34188899397850037, 0
u,0.1399880051612854, 0.34258851408958435, 0
u,0.1708400994539261, 0.34188899397850037, 0
u,0.17108170688152313, 0.4175589978694916, 0
u,0.7634935975074768, 0.8556429743766785, 0
u,0.7634935975074768, 0.5496004223823547, 0
u,0.8069401979446411, 0.5496004223823547, 0
u,0.9373831152915955, 0.8556429743766785, 0
u,0.8918523192405701, 0.8556429743766785, 0
u,0.8918523192405701, 0.5496004223823547, 0
u,0.8918523192405701, 0.8556429743766785, 0
u,0.8069401979446411, 0.8556429743766785, 0
u,0.8069401979446411, 0.5496004223823547, 0
u,0.6298776865005493, 0.7666429281234741, 0
u,0.6298776865005493, 0.4645668864250183, 0
u,0.6370173096656799, 0.4645668864250183, 0
u,0.5444238781929016, 0.998401403427124, 0
u,0.5444238781929016, 0.4645668864250183, 0
u,0.5460518002510071, 0.7666429281234741, 0
u,0.5444238781929016, 0.4645668864250183, 0
u,0.5460518002510071, 0.4645668864250183, 0
u,0.5460518002510071, 0.7666429281234741, 0
u,0.6298776865005493, 0.7666429281234741, 0
u,0.6370173096656799, 0.4645668864250183, 0
u,0.6370173096656799, 0.998401403427124, 0
u,0.5444238781929016, 0.998401403427124, 0
u,0.5460518002510071, 0.7666429281234741, 0
u,0.6298776865005493, 0.7666429281234741, 0
u,0.14217080175876617, 0.998401403427124, 0
u,0.14217080175876617, 0.4645668864250183, 0
u,0.1538527011871338, 0.4645668864250183, 0
u,0.050386298447847366, 0.998401403427124, 0
u,0.050386298447847366, 0.4645668864250183, 0
u,0.14217080175876617, 0.4645668864250183, 0
u,0.038691699504852295, 0.998401403427124, 0
u,0.038691699504852295, 0.4645668864250183, 0
u,0.050386298447847366, 0.4645668864250183, 0
u,0.038691699504852295, 0.998401403427124, 0
u,0.0, 0.998401403427124, 0
u,0.0, 0.4645668864250183, 0
u,0.7617828845977783, 0.998401403427124, 0
u,0.7096886038780212, 0.998401403427124, 0
u,0.7096886038780212, 0.4645668864250183, 0
u,0.7096886038780212, 0.998401403427124, 0
u,0.6370173096656799, 0.998401403427124, 0
u,0.6370173096656799, 0.4645668864250183, 0
u,0.3198908865451813, 0.998401403427124, 0
u,0.3198908865451813, 0.4645668864250183, 0
u,0.5444238781929016, 0.4645668864250183, 0
u,0.175205796957016, 0.998401403427124, 0
u,0.175205796957016, 0.4645668864250183, 0
u,0.3198908865451813, 0.4645668864250183, 0
u,0.175205796957016, 0.998401403427124, 0
u,0.1538527011871338, 0.998401403427124, 0
u,0.1538527011871338, 0.4645668864250183, 0
u,0.21379029750823975, 0.42569050192832947, 0
u,0.21379029750823975, 0.4593175947666168, 0
u,0.19657960534095764, 0.42569050192832947, 0
u,0.21379029750823975, 0.4593175947666168, 0
u,0.19242970645427704, 0.4593175947666168, 0
u,0.19657960534095764, 0.42569050192832947, 0
u,0.22547540068626404, 0.4593175947666168, 0
u,0.21379029750823975, 0.4593175947666168, 0
u,0.21379029750823975, 0.42569050192832947, 0
u,0.22547540068626404, 0.4593175947666168, 0
u,0.22547540068626404, 0.42569050192832947, 0
u,0.30724579095840454, 0.42569050192832947, 0
u,0.30724579095840454, 0.4593175947666168, 0
u,0.30724579095840454, 0.42569050192832947, 0
u,0.3189451992511749, 0.42569050192832947, 0
u,0.34856879711151123, 0.42569050192832947, 0
u,0.3576509952545166, 0.42569050192832947, 0
u,0.3576509952545166, 0.4593175947666168, 0
u,0.3576509952545166, 0.4593175947666168, 0
u,0.3189451992511749, 0.4593175947666168, 0
u,0.34856879711151123, 0.42569050192832947, 0
u,0.3576509952545166, 0.4593175947666168, 0
u,0.3576509952545166, 0.42569050192832947, 0
u,0.40976759791374207, 0.42569050192832947, 0
u,0.40976759791374207, 0.4593175947666168, 0
u,0.40976759791374207, 0.42569050192832947, 0
u,0.4824715852737427, 0.42569050192832947, 0
u,0.4824715852737427, 0.4593175947666168, 0
u,0.4824715852737427, 0.42569050192832947, 0
u,0.5650467872619629, 0.42569050192832947, 0
u,0.6548432111740112, 0.4593175947666168, 0
u,0.5650467872619629, 0.4593175947666168, 0
u,0.5650467872619629, 0.42569050192832947, 0
u,0.0, 0.42569050192832947, 0
u,0.05773799866437912, 0.42569050192832947, 0
u,0.05773799866437912, 0.4593175947666168, 0
u,0.19242970645427704, 0.4593175947666168, 0
u,0.05773799866437912, 0.4593175947666168, 0
u,0.05773799866437912, 0.42569050192832947, 0
u,0.34209689497947693, 0.4200947880744934, 0
u,0.32973501086235046, 0.4200947880744934, 0
u,0.32973501086235046, 0.32228168845176697, 0
u,0.3547757863998413, 0.24892599880695343, 0
u,0.3547757863998413, 0.3185547888278961, 0
u,0.34209689497947693, 0.3185547888278961, 0
u,0.34209689497947693, 0.3185547888278961, 0
u,0.34209689497947693, 0.32228168845176697, 0
u,0.32973501086235046, 0.32228168845176697, 0
u,0.32973501086235046, 0.32228168845176697, 0
u,0.32973501086235046, 0.24892599880695343, 0
u,0.34209689497947693, 0.3185547888278961, 0
u,0.32973501086235046, 0.24892599880695343, 0
u,0.32973501086235046, 0.13539649546146393, 0
u,0.3547757863998413, 0.13539649546146393, 0
u,0.32973501086235046, 0.13539649546146393, 0
u,0.32973501086235046, 0.13385829329490662, 0
u,0.3547757863998413, 0.13385829329490662, 0
u,0.8229867815971375, 0.4977633059024811, 0
u,0.8229867815971375, 0.5459318161010742, 0
u,0.7919499278068542, 0.5459318161010742, 0
u,0.7634935975074768, 0.5459318161010742, 0
u,0.7634935975074768, 0.5308367013931274, 0
u,0.7903584241867065, 0.5308367013931274, 0
u,0.7903584241867065, 0.5308367013931274, 0
u,0.7903584241867065, 0.4977633059024811, 0
u,0.7919499278068542, 0.4977633059024811, 0
u,0.7919499278068542, 0.5459318161010742, 0
u,0.7634935975074768, 0.5459318161010742, 0
u,0.7903584241867065, 0.5308367013931274, 0
u,0.8824731707572937, 0.5308367013931274, 0
u,0.8824731707572937, 0.5459318161010742, 0
u,0.8766043782234192, 0.5308367013931274, 0
u,0.8824731707572937, 0.5459318161010742, 0
u,0.851442813873291, 0.5459318161010742, 0
u,0.8766043782234192, 0.5308367013931274, 0
u,0.851442813873291, 0.5459318161010742, 0
u,0.851442813873291, 0.4638417065143585, 0
u,0.8766043782234192, 0.5308367013931274, 0
u,0.8265361189842224, 0.4638417065143585, 0
u,0.851442813873291, 0.4638417065143585, 0
u,0.8265361189842224, 0.4977633059024811, 0
u,0.851442813873291, 0.4638417065143585, 0
u,0.851442813873291, 0.5459318161010742, 0
u,0.8265361189842224, 0.4977633059024811, 0
u,0.851442813873291, 0.5459318161010742, 0
u,0.8229867815971375, 0.5459318161010742, 0
u,0.8265361189842224, 0.4977633059024811, 0
u,0.8912811875343323, 0.8543307185173035, 0
u,0.8912811875343323, 0.9141033291816711, 0
u,0.7649657130241394, 0.9141033291816711, 0
u,0.9956930875778198, 0.9362903833389282, 0
u,0.9956930875778198, 0.9960629940032959, 0
u,0.8954858183860779, 0.9960629940032959, 0
u,0.7649657130241394, 0.9278215169906616, 0
u,0.8912718296051025, 0.9278215169906616, 0
u,0.8912718296051025, 0.9875941276550293, 0
