s,172.94970703125, 69.7509765625, -0.07420587539672852
b,178.351806640625, 75.265625, 5.230474472045898
v,176.549072265625, 72.3671875, 5.029569625854492
v,177.02099609375, 72.7119140625, 5.0296173095703125
v,177.02099609375, 72.7119140625, 4.4068098068237305
v,176.549072265625, 72.3671875, 4.40676212310791
v,174.267333984375, 71.177734375, -0.07412052154541016
v,175.232666015625, 69.84765625, -0.07405519485473633
v,174.250732421875, 71.1845703125, -0.07412147521972656
v,172.949951171875, 72.9638671875, -0.07420587539672852
v,176.0693359375, 75.265625, -0.07389402389526367
v,176.281005859375, 72.662109375, -0.07391977310180664
v,174.899658203125, 71.64453125, -0.07405757904052734
v,175.068603515625, 71.4130859375, -0.07404661178588867
v,175.807861328125, 70.2705078125, -0.07399845123291016
v,176.23876953125, 71.6328125, -0.07393980026245117
v,176.18994140625, 69.7509765625, -0.07397222518920898
v,178.11376953125, 71.1640625, -0.07378005981445312
v,177.38720703125, 73.478515625, -0.0738077163696289
v,177.38330078125, 73.4755859375, -0.0738077163696289
v,177.723388671875, 71.6953125, -0.0738062858581543
v,178.351806640625, 72.1572265625, -0.07374286651611328
v,176.757080078125, 72.013671875, -0.07388734817504883
v,175.9208984375, 72.0556640625, -0.07396125793457031
v,172.94970703125, 72.9638671875, 1.8197507858276367
v,173.654052734375, 71.9609375, 3.8680667877197266
v,176.774658203125, 74.259765625, 3.868379592895508
v,172.94970703125, 72.9638671875, 1.8197507858276367
v,176.774658203125, 74.259765625, 3.868379592895508
v,176.0693359375, 75.265625, 1.820063591003418
v,177.1142578125, 73.7998046875, 3.868401527404785
v,176.774658203125, 74.259765625, 3.868379592895508
v,173.654052734375, 71.9609375, 3.8680667877197266
v,174.216064453125, 71.19921875, 3.8681039810180664
v,174.2314453125, 71.2109375, 3.868105888366699
v,174.024169921875, 71.4921875, 3.8680925369262695
v,174.06201171875, 71.5205078125, 3.8680953979492188
v,173.7470703125, 71.947265625, 3.868075370788574
v,176.760498046875, 74.1669921875, 3.8683767318725586
v,177.060546875, 73.7607421875, 3.868396759033203
v,176.253173828125, 72.7001953125, 3.868307113647461
v,176.213623046875, 72.75390625, 3.8683042526245117
v,174.83203125, 71.7353515625, 3.868165969848633
v,174.87158203125, 71.681640625, 3.8681697845458984
v,176.213623046875, 72.75390625, 3.812795639038086
v,176.02880859375, 73.0048828125, 3.8127832412719727
v,177.060546875, 73.7607421875, 3.8128881454467773
v,176.760498046875, 74.1669921875, 3.812868118286133
v,173.7470703125, 71.947265625, 3.8125667572021484
v,174.06201171875, 71.5205078125, 3.812586784362793
v,174.6650390625, 71.9638671875, 3.81264591217041
v,174.83203125, 71.7353515625, 3.812657356262207
v,176.189697265625, 69.7509765625, 4.40669059753418
v,178.11328125, 71.1640625, 4.406883239746094
v,177.722900390625, 71.6953125, 4.406856536865234
v,178.3515625, 72.1572265625, 4.406920433044434
v,177.134033203125, 73.814453125, 4.406838417053223
v,176.533447265625, 73.375, 4.406777381896973
v,177.020751953125, 72.7119140625, 4.4068098068237305
v,177.48876953125, 72.0751953125, 4.406842231750488
v,177.016845703125, 71.73046875, 4.406794548034668
v,176.548828125, 72.3671875, 4.40676212310791
v,176.515380859375, 72.3427734375, 4.4067583084106445
v,176.756591796875, 72.013671875, 4.406774520874023
v,176.23828125, 71.6328125, 4.4067230224609375
v,176.275634765625, 71.583984375, 4.406725883483887
v,175.3798828125, 70.9091796875, 4.406637191772461
v,175.0244140625, 71.380859375, 4.406612396240234
v,175.068359375, 71.4130859375, 4.4066162109375
v,174.6650390625, 71.9638671875, 4.406590461730957
v,174.024169921875, 71.4921875, 4.406526565551758
v,175.232177734375, 69.84765625, 4.406607627868652
v,175.807373046875, 70.2705078125, 4.406664848327637
v,176.515380859375, 72.3427734375, 4.4067583084106445
v,176.548828125, 72.3671875, 4.40676212310791
v,177.020751953125, 72.7119140625, 4.4068098068237305
v,176.533447265625, 73.375, 4.406777381896973
v,176.02880859375, 73.0048828125, 4.406726837158203
v,175.92041015625, 72.0556640625, 5.230450630187988
v,175.0244140625, 71.380859375, 5.230360984802246
v,175.3798828125, 70.9091796875, 5.230385780334473
v,176.275634765625, 71.583984375, 5.230474472045898
v,177.020751953125, 72.7119140625, 5.0296173095703125
v,176.548828125, 72.3671875, 5.029569625854492
v,177.016845703125, 71.73046875, 5.029601097106934
v,177.48876953125, 72.07421875, 5.02964973449707
v,174.267333984375, 71.177734375, -0.07412052154541016
v,174.267333984375, 71.177734375, 1.8198375701904297
v,172.94970703125, 72.9638671875, 1.8197507858276367
v,172.949951171875, 72.9638671875, -0.07420587539672852
v,172.94970703125, 72.9638671875, 1.8197507858276367
v,176.0693359375, 75.265625, 1.820063591003418
v,176.0693359375, 75.265625, -0.07389402389526367
v,172.949951171875, 72.9638671875, -0.07420587539672852
v,176.0693359375, 75.265625, -0.07389402389526367
v,176.0693359375, 75.265625, 1.820063591003418
v,177.386962890625, 73.478515625, 1.8201494216918945
v,177.38720703125, 73.478515625, -0.0738077163696289
v,174.25048828125, 71.1845703125, 2.4856767654418945
v,174.267333984375, 71.177734375, 1.8198375701904297
v,174.267333984375, 71.177734375, -0.07412052154541016
v,174.250732421875, 71.1845703125, -0.07412147521972656
v,177.383056640625, 73.4755859375, 1.8201494216918945
v,177.38330078125, 73.4755859375, -0.0738077163696289
v,177.38720703125, 73.478515625, -0.0738077163696289
v,177.386962890625, 73.478515625, 1.8201494216918945
v,177.386962890625, 73.478515625, 1.8201494216918945
v,176.0693359375, 75.265625, 1.820063591003418
v,177.1181640625, 73.802734375, 3.5153141021728516
v,177.13427734375, 73.814453125, 2.102553367614746
v,177.378662109375, 73.482421875, 2.162935256958008
v,177.1142578125, 73.7998046875, 3.868401527404785
v,177.1181640625, 73.802734375, 3.5153141021728516
v,176.0693359375, 75.265625, 1.820063591003418
v,176.774658203125, 74.259765625, 3.868379592895508
v,177.378662109375, 73.482421875, 2.162935256958008
v,177.383056640625, 73.4755859375, 1.8226690292358398
v,177.386962890625, 73.478515625, 1.8201494216918945
v,177.383056640625, 73.4755859375, 1.8201494216918945
v,177.386962890625, 73.478515625, 1.8201494216918945
v,177.383056640625, 73.4755859375, 1.8226690292358398
v,174.25048828125, 71.1845703125, 2.4856767654418945
v,174.216064453125, 71.19921875, 3.8681039810180664
v,173.654052734375, 71.9609375, 3.8680667877197266
v,174.267333984375, 71.177734375, 1.8198375701904297
v,174.25048828125, 71.1845703125, 2.4856767654418945
v,174.231689453125, 71.2099609375, 3.8580636978149414
v,174.216064453125, 71.19921875, 3.8681039810180664
v,174.231689453125, 71.2099609375, 3.8580636978149414
v,174.2314453125, 71.2109375, 3.868105888366699
v,174.216064453125, 71.19921875, 3.8681039810180664
v,172.94970703125, 72.9638671875, 1.8197507858276367
v,174.267333984375, 71.177734375, 1.8198375701904297
v,173.654052734375, 71.9609375, 3.8680667877197266
v,176.281005859375, 72.662109375, -0.07391977310180664
v,176.28076171875, 72.662109375, 1.8200368881225586
v,174.8994140625, 71.64453125, 1.819899559020996
v,174.899658203125, 71.64453125, -0.07405757904052734
v,176.28076171875, 72.662109375, 1.8200368881225586
v,176.270751953125, 72.6767578125, 2.5410690307617188
v,174.877197265625, 71.6748046875, 3.441098213195801
v,174.8994140625, 71.64453125, 1.819899559020996
v,176.270751953125, 72.6767578125, 2.5410690307617188
v,176.253173828125, 72.7001953125, 3.868307113647461
v,174.87158203125, 71.681640625, 3.8681697845458984
v,174.877197265625, 71.6748046875, 3.441098213195801
v,177.060546875, 73.7607421875, 3.8128881454467773
v,177.060546875, 73.7607421875, 3.868396759033203
v,176.760498046875, 74.1669921875, 3.8683767318725586
v,176.760498046875, 74.1669921875, 3.812868118286133
v,176.213623046875, 72.75390625, 3.8683042526245117
v,176.213623046875, 72.75390625, 3.812795639038086
v,174.83203125, 71.7353515625, 3.812657356262207
v,174.83203125, 71.7353515625, 3.868165969848633
v,174.06201171875, 71.5205078125, 3.812586784362793
v,173.7470703125, 71.947265625, 3.8125667572021484
v,173.7470703125, 71.947265625, 3.868075370788574
v,174.06201171875, 71.5205078125, 3.8680953979492188
v,176.760498046875, 74.1669921875, 3.8683767318725586
v,173.7470703125, 71.947265625, 3.868075370788574
v,173.7470703125, 71.947265625, 3.8125667572021484
v,176.760498046875, 74.1669921875, 3.812868118286133
v,174.024169921875, 71.4921875, 3.8680925369262695
v,174.2314453125, 71.2109375, 3.868105888366699
v,174.231689453125, 71.2099609375, 3.8580636978149414
v,174.25048828125, 71.1845703125, 2.4856767654418945
v,174.250732421875, 71.1845703125, -0.07412147521972656
v,175.232666015625, 69.84765625, -0.07405519485473633
v,175.232177734375, 69.84765625, 4.406607627868652
v,174.024169921875, 71.4921875, 4.406526565551758
v,178.3515625, 72.1572265625, 4.406920433044434
v,177.722900390625, 71.6953125, 4.406856536865234
v,177.723388671875, 71.6953125, -0.0738062858581543
v,178.351806640625, 72.1572265625, -0.07374286651611328
v,177.722900390625, 71.6953125, 4.406856536865234
v,178.11328125, 71.1640625, 4.406883239746094
v,178.11376953125, 71.1640625, -0.07378005981445312
v,177.723388671875, 71.6953125, -0.0738062858581543
v,178.11328125, 71.1640625, 4.406883239746094
v,176.189697265625, 69.7509765625, 4.40669059753418
v,176.18994140625, 69.7509765625, -0.07397222518920898
v,178.11376953125, 71.1640625, -0.07378005981445312
v,176.189697265625, 69.7509765625, 4.40669059753418
v,175.807373046875, 70.2705078125, 4.406664848327637
v,175.807861328125, 70.2705078125, -0.07399845123291016
v,176.18994140625, 69.7509765625, -0.07397222518920898
v,175.807373046875, 70.2705078125, 4.406664848327637
v,175.232177734375, 69.84765625, 4.406607627868652
v,175.232666015625, 69.84765625, -0.07405519485473633
v,175.807861328125, 70.2705078125, -0.07399845123291016
v,174.6650390625, 71.9638671875, 4.406590461730957
v,175.068359375, 71.4130859375, 4.4066162109375
v,175.068603515625, 71.4130859375, -0.07404661178588867
v,174.899658203125, 71.64453125, -0.07405757904052734
v,174.8994140625, 71.64453125, 1.819899559020996
v,174.877197265625, 71.6748046875, 3.441098213195801
v,174.87158203125, 71.681640625, 3.8681697845458984
v,174.83203125, 71.7353515625, 3.868165969848633
v,174.83203125, 71.7353515625, 3.812657356262207
v,174.6650390625, 71.9638671875, 3.81264591217041
v,176.23876953125, 71.6328125, -0.07393980026245117
v,176.23828125, 71.6328125, 4.4067230224609375
v,176.756591796875, 72.013671875, 4.406774520874023
v,176.757080078125, 72.013671875, -0.07388734817504883
v,176.270751953125, 72.6767578125, 2.5410690307617188
v,176.28076171875, 72.662109375, 1.8200368881225586
v,176.281005859375, 72.662109375, -0.07391977310180664
v,176.757080078125, 72.013671875, -0.07388734817504883
v,176.756591796875, 72.013671875, 4.406774520874023
v,176.515380859375, 72.3427734375, 4.4067583084106445
v,176.02880859375, 73.0048828125, 4.406726837158203
v,176.02880859375, 73.0048828125, 3.8127832412719727
v,176.213623046875, 72.75390625, 3.812795639038086
v,176.213623046875, 72.75390625, 3.8683042526245117
v,176.253173828125, 72.7001953125, 3.868307113647461
v,177.134033203125, 73.814453125, 4.406838417053223
v,178.3515625, 72.1572265625, 4.406920433044434
v,178.351806640625, 72.1572265625, -0.07374286651611328
v,177.38330078125, 73.4755859375, -0.0738077163696289
v,177.383056640625, 73.4755859375, 1.8201494216918945
v,177.383056640625, 73.4755859375, 1.8226690292358398
v,177.378662109375, 73.482421875, 2.162935256958008
v,177.13427734375, 73.814453125, 2.102553367614746
v,174.06201171875, 71.5205078125, 3.8680953979492188
v,174.024169921875, 71.4921875, 3.8680925369262695
v,174.024169921875, 71.4921875, 4.406526565551758
v,174.6650390625, 71.9638671875, 4.406590461730957
v,174.6650390625, 71.9638671875, 3.81264591217041
v,174.06201171875, 71.5205078125, 3.812586784362793
v,176.533447265625, 73.375, 4.406777381896973
v,177.134033203125, 73.814453125, 4.406838417053223
v,177.13427734375, 73.814453125, 2.102553367614746
v,177.1181640625, 73.802734375, 3.5153141021728516
v,177.1142578125, 73.7998046875, 3.868401527404785
v,177.060546875, 73.7607421875, 3.868396759033203
v,177.060546875, 73.7607421875, 3.8128881454467773
v,176.02880859375, 73.0048828125, 3.8127832412719727
v,176.02880859375, 73.0048828125, 4.406726837158203
v,175.0244140625, 71.380859375, 5.230360984802246
v,175.92041015625, 72.0556640625, 5.230450630187988
v,175.9208984375, 72.0556640625, -0.07396125793457031
v,175.068603515625, 71.4130859375, -0.07404661178588867
v,175.068359375, 71.4130859375, 4.4066162109375
v,175.0244140625, 71.380859375, 4.406612396240234
v,175.92041015625, 72.0556640625, 5.230450630187988
v,176.275634765625, 71.583984375, 5.230474472045898
v,176.275634765625, 71.583984375, 4.406725883483887
v,176.23828125, 71.6328125, 4.4067230224609375
v,176.23876953125, 71.6328125, -0.07393980026245117
v,175.9208984375, 72.0556640625, -0.07396125793457031
v,175.3798828125, 70.9091796875, 4.406637191772461
v,176.275634765625, 71.583984375, 4.406725883483887
v,176.275634765625, 71.583984375, 5.230474472045898
v,175.3798828125, 70.9091796875, 5.230385780334473
v,175.0244140625, 71.380859375, 4.406612396240234
v,175.3798828125, 70.9091796875, 4.406637191772461
v,175.3798828125, 70.9091796875, 5.230385780334473
v,175.0244140625, 71.380859375, 5.230360984802246
v,177.016845703125, 71.73046875, 4.406794548034668
v,177.48876953125, 72.0751953125, 4.406842231750488
v,177.48876953125, 72.07421875, 5.02964973449707
v,177.016845703125, 71.73046875, 5.029601097106934
v,176.548828125, 72.3671875, 4.40676212310791
v,177.016845703125, 71.73046875, 4.406794548034668
v,177.016845703125, 71.73046875, 5.029601097106934
v,176.548828125, 72.3671875, 5.029569625854492
v,177.48876953125, 72.0751953125, 4.406842231750488
v,177.020751953125, 72.7119140625, 4.4068098068237305
v,177.020751953125, 72.7119140625, 5.0296173095703125
v,177.48876953125, 72.07421875, 5.02964973449707
i,0,2,3
i,4,5,6
i,7,8,9
i,4,7,10
i,11,12,5
i,12,13,14
i,14,13,15
i,16,17,8
i,13,18,15
i,17,19,18
i,4,11,5
i,17,9,8
i,10,7,9
i,11,4,10
i,11,13,12
i,20,18,13
i,20,17,18
i,9,17,20
i,21,13,11
i,22,23,24
i,25,26,27
i,29,30,35
i,38,40,41
i,46,48,43
i,58,61,63
i,72,74,75
i,77,79,76
i,80,82,83
i,84,86,87
i,89,91,88
i,92,94,95
i,97,99,96
i,101,103,100
i,105,106,107
i,110,112,109
i,113,114,115
i,116,117,118
i,119,121,122
i,123,124,125
i,126,127,128
i,129,130,131
i,133,135,132
i,137,139,136
i,141,143,140
i,144,146,147
i,149,151,148
i,152,154,155
i,157,159,156
i,162,163,166
i,168,170,171
i,172,174,175
i,176,178,179
i,181,183,180
i,185,187,184
i,195,196,197
i,199,201,198
i,208,211,212
i,215,218,219
i,225,226,221
i,233,234,227
i,238,239,240
i,245,246,247
i,248,250,251
i,253,255,252
i,256,258,259
i,261,263,260
i,264,266,267
i,0,1,2
i,37,28,36
i,28,29,36
i,30,31,33
i,31,32,33
i,33,34,35
i,30,33,35
i,35,36,29
i,38,39,40
i,49,42,48
i,42,43,48
i,43,44,45
i,45,46,43
i,46,47,48
i,70,50,58
i,50,51,58
i,52,53,57
i,53,54,56
i,57,53,56
i,51,52,58
i,68,69,64
i,69,70,64
i,68,64,65
i,66,67,65
i,67,68,65
i,54,55,56
i,58,59,61
i,59,60,61
i,52,57,58
i,64,70,63
i,63,70,58
i,61,62,63
i,75,71,72
i,72,73,74
i,77,78,79
i,80,81,82
i,84,85,86
i,89,90,91
i,92,93,94
i,97,98,99
i,101,102,103
i,108,104,107
i,104,105,107
i,110,111,112
i,119,120,121
i,133,134,135
i,137,138,139
i,141,142,143
i,144,145,146
i,149,150,151
i,152,153,154
i,157,158,159
i,167,160,161
i,166,167,161
i,164,165,163
i,165,166,163
i,166,161,162
i,168,169,170
i,172,173,174
i,176,177,178
i,181,182,183
i,185,186,187
i,197,188,195
i,188,189,194
i,195,188,194
i,189,190,192
i,190,191,192
i,192,193,189
i,193,194,189
i,199,200,201
i,212,202,206
i,202,203,206
i,203,204,205
i,205,206,203
i,206,207,212
i,207,208,212
i,208,209,211
i,209,210,211
i,220,213,219
i,213,214,219
i,214,215,219
i,215,216,217
i,215,217,218
i,221,222,223
i,223,224,221
i,224,225,221
i,228,229,230
i,228,230,231
i,234,235,227
i,227,228,232
i,228,231,232
i,232,233,227
i,241,236,240
i,236,237,240
i,237,238,240
i,247,242,245
i,242,243,245
i,243,244,245
i,248,249,250
i,253,254,255
i,256,257,258
i,261,262,263
i,264,265,266
n,-2.659325122833252, 3.634856700897217, 0.0
n,0.0001994355843635276, -7.61204501031898e-05, -4.50379753112793
n,0.00039397296495735645, 7.60002076276578e-05, -4.50379753112793
n,0.000392119400203228, 7.345104677369818e-05, -4.50379753112793
n,0.0003959649766329676, 6.582813512068242e-05, -4.50379753112793
n,0.000400152406655252, 6.664725515292957e-05, -4.50379753112793
n,0.00040116067975759506, 6.662111991317943e-05, -4.50379753112793
n,9.732518810778856e-05, -0.00014598778216168284, -4.50379753112793
n,0.00040288030868396163, 7.349334919126704e-05, -4.50379753112793
n,0.00040195489418692887, 7.246460882015526e-05, -4.50379753112793
n,0.00039477855898439884, 6.570390542037785e-05, -4.50379753112793
n,0.0004003116046078503, 7.651557098142803e-05, -4.50379753112793
n,0.00039399266825057566, 7.621785334777087e-05, -4.50379753112793
n,0.0003927494108211249, 7.259710400830954e-05, -4.50379753112793
n,0.0003981908957939595, 6.726747960783541e-05, -4.50379753112793
n,0.00040292038465850055, 7.254032243508846e-05, -4.50379753112793
n,0.00040295859798789024, 7.265625754371285e-05, -4.50379753112793
n,0.00040325275040231645, 7.253028161358088e-05, -4.50379753112793
n,0.0003971036639995873, 7.306468614842743e-05, -4.50379753112793
n,-2.2926342487335205, 3.1113030910491943, 2.312532901763916
n,-2.293272018432617, 3.1087417602539062, 2.3153438568115234
n,-0.00041699226130731404, -4.6251352614490315e-05, 4.50379753112793
n,-0.00042600062442943454, -2.8872093025711365e-05, 4.50379753112793
n,-0.0003890789521392435, -8.391791197936982e-05, 4.50379753112793
n,-0.00040467563667334616, -6.19057536823675e-05, 4.50379753112793
n,-0.00039909538463689387, -7.422742055496201e-05, 4.50379753112793
n,-0.0003968361997976899, -7.234139047795907e-05, 4.50379753112793
n,-0.00040815523243509233, -7.219952385639772e-05, 4.50379753112793
n,-3.625089645385742, -2.672623872756958, -0.00041502079693600535
n,-2.673452377319336, 3.6244781017303467, -0.0003060719755012542
n,3.6244592666625977, 2.673478841781616, 0.0004149485903326422
n,1.7333858013153076, 4.156869888305664, 0.0001468286063754931
n,2.4982573986053467, -3.7473859786987305, 0.0002860146341845393
n,3.6248085498809814, 2.672273635864258, 0.06249625235795975
n,3.6246414184570312, 2.6724088191986084, 0.06632411479949951
n,2.542302370071411, -3.716291666030884, 0.10032980889081955
n,2.4982573986053467, -3.7473862171173096, 0.0
n,-3.6243717670440674, -2.672853946685791, -0.06302812695503235
n,2.543300151824951, -3.7155344486236572, 0.10305552929639816
n,2.652139663696289, -3.621246337890625, 0.370032399892807
n,-3.6245217323303223, -2.6726479530334473, -0.06315159052610397
n,2.672502279281616, -3.6251790523529053, 0.00030596318538300693
n,2.6717450618743896, -3.624166488647461, 0.10671071708202362
n,2.670271158218384, -3.6254632472991943, 0.09930316358804703
n,-3.6251769065856934, -2.6725051403045654, 0.0
n,-2.6719589233398438, 3.625579595565796, 0.0
n,3.6241414546966553, 2.6739094257354736, 0.0
n,2.671541690826416, -3.625887155532837, 0.0
n,-3.629300594329834, -2.6669023036956787, -0.0010093514574691653
n,2.665064811706543, -3.630650043487549, 0.00025793880922719836
n,3.6298599243164062, 2.6661410331726074, 0.00035131670301780105
n,2.665811777114868, -3.6301021575927734, 0.000258011044934392
n,-3.627596378326416, -2.669220447540283, -0.00017554879013914615
n,2.665576696395874, -3.630274772644043, 0.00025798831484280527
n,3.6342995166778564, 2.660086154937744, 0.0
n,-2.6659483909606934, 3.6300017833709717, -0.00025802431628108025
n,-3.630952835083008, -2.6646509170532227, -0.0024999030865728855
n,3.630774736404419, 2.6648948192596436, 0.0010381953325122595
n,-2.666661500930786, 3.6294777393341064, 0.0
n,-2.660799264907837, 3.633777618408203, 0.0008698913152329624
n,-2.7095961570739746, 3.5975382328033447, -0.0001311243831878528
n,3.598599672317505, 2.708186388015747, 0.00034829109790734947
n,2.709935188293457, -3.597282648086548, 0.0
n,-3.597475528717041, -2.709679365158081, 0.0
n,2.6549673080444336, -3.6380410194396973, 0.0
n,-3.6289749145507812, -2.6673457622528076, 0.0
n,3.6307051181793213, 2.664987325668335, 0.003711267374455929
n,-2.659325122833252, 3.634856700897217, 0.0
n,-0.00037925757351331413, -6.389932968886569e-05, 4.50379753112793
n,-0.00038089044392108917, -6.546962686115876e-05, 4.50379753112793
n,-0.00045817773207090795, -0.00011774102313211188, 4.50379753112793
n,-0.0004251685459166765, -9.61336845648475e-05, 4.50379753112793
n,-0.00036445524892769754, -5.434859122033231e-05, 4.50379753112793
n,-0.00042357819620519876, -9.03977852431126e-05, 4.50379753112793
n,-0.0004051205760333687, -6.178981129778549e-05, 4.50379753112793
n,-0.00039386271964758635, -7.622637349413708e-05, 4.50379753112793
n,-0.0003964221978094429, -7.27534425095655e-05, 4.50379753112793
n,-0.00039403847767971456, -7.742534944554791e-05, 4.50379753112793
n,-0.00039792986353859305, -7.766467024339363e-05, 4.50379753112793
n,-0.0003895245026797056, -8.295723091578111e-05, 4.50379753112793
n,-0.00038928096182644367, -7.266511238412932e-05, 4.50379753112793
n,-0.00040109045221470296, -6.750448665115982e-05, 4.50379753112793
n,-0.00040032085962593555, -6.782613490941003e-05, 4.50379753112793
n,-0.000403804297093302, -7.821252074791119e-05, 4.50379753112793
n,-0.00040717775118537247, -7.584850391140208e-05, 4.50379753112793
n,-0.000404609483666718, -6.969169044168666e-05, 4.50379753112793
n,-0.00039750151336193085, -6.236765329958871e-05, 4.50379753112793
n,-0.0003948007943108678, -6.731424218742177e-05, 4.50379753112793
n,-0.00039488208130933344, -6.73029207973741e-05, 4.50379753112793
n,-0.0003919913724530488, -6.078955630073324e-05, 4.50379753112793
n,-0.0003836564428638667, -6.633250450249761e-05, 4.50379753112793
n,-0.0003932746476493776, -7.226158049888909e-05, 4.50379753112793
n,-0.00040147523395717144, -7.643401477253065e-05, 4.50379753112793
n,-0.00044762424658983946, -0.00010130814189324155, 4.50379753112793
n,-0.00040074274875223637, -7.372062100330368e-05, 4.50379753112793
n,-0.0003981075424235314, -7.470082346117124e-05, 4.50379753112793
n,-0.00039587318315170705, -6.796680099796504e-05, 4.50379753112793
n,-0.0004040540079586208, -6.50489455438219e-05, 4.50379753112793
n,-0.00039739461499266326, -7.004556391621009e-05, 4.50379753112793
n,-0.0003999017644673586, -7.488451228709891e-05, 4.50379753112793
n,-0.000398460979340598, -7.421772897941992e-05, 4.50379753112793
n,-0.0003979785833507776, -6.529921665787697e-05, 4.50379753112793
n,-0.00039991355151869357, -7.223228021757677e-05, 4.50379753112793
n,-3.6248795986175537, -2.6729087829589844, 0.0
n,-2.6735730171203613, 3.6243896484375, 0.0
n,3.6246695518493652, 2.6731936931610107, 0.0
n,1.7477301359176636, 4.150859355926514, 0.0
n,2.4982573986053467, -3.7473859786987305, 0.0002860146341845393
n,3.6221330165863037, 2.6759045124053955, 0.06227421015501022
n,3.6242575645446777, 2.6728930473327637, 0.06775524467229843
n,3.6238677501678467, 2.6735105514526367, 0.06414490938186646
n,-3.623389959335327, -2.674213171005249, -0.06184082478284836
n,2.6725025177001953, -3.6251790523529053, 0.00030596318538300693
n,2.6724648475646973, -3.6236953735351562, 0.10466808825731277
n,2.6713688373565674, -3.6247916221618652, 0.09415536373853683
n,-3.6251769065856934, -2.6725051403045654, 0.0
n,-2.6719589233398438, 3.625579595565796, 0.0
n,3.6241414546966553, 2.6739094257354736, 0.0
n,2.671541690826416, -3.625887155532837, 0.0
n,-3.6283321380615234, -2.668219804763794, 0.0
n,-3.629737615585327, -2.666306734085083, -0.001542666694149375
n,-3.6297121047973633, -2.6663427352905273, -0.0003074592968914658
n,-3.6297521591186523, -2.666287899017334, -0.00035130619653500617
n,-3.655759572982788, -2.626354932785034, 0.14790090918540955
n,2.665064811706543, -3.630650043487549, 0.0002579388383310288
n,3.629859685897827, 2.6661410331726074, 0.00035131664481014013
n,2.666006565093994, -3.6299591064453125, 0.0001290149666601792
n,-3.628319025039673, -2.6682379245758057, -0.00035116751678287983
n,2.665576696395874, -3.630274534225464, 0.00025798831484280527
n,3.6342995166778564, 2.660086154937744, 0.0
n,3.6317026615142822, 2.663630247116089, -0.002149935346096754
n,3.630953073501587, 2.6646506786346436, -0.0029715599957853556
n,3.633007049560547, 2.661851167678833, 0.00017581062274985015
n,3.633946657180786, 2.6605679988861084, 0.0004160347452852875
n,3.632873296737671, 2.6620335578918457, 0.00020078933448530734
n,3.6253786087036133, 2.6722280979156494, 0.004441776312887669
n,-2.6659486293792725, 3.6300015449523926, -0.0002580243453849107
n,-3.630554676055908, -2.6651949882507324, -0.0010184267302975059
n,-3.633219003677368, -2.6615617275238037, 0.0009658873896114528
n,-3.6308043003082275, -2.6648552417755127, -0.00041567505104467273
n,-3.6307146549224854, -2.6649770736694336, -0.00035139944520778954
n,-3.6304378509521484, -2.6653542518615723, -0.0013308437773957849
n,-3.6302220821380615, -2.665647506713867, -0.0016302999574691057
n,-3.628401041030884, -2.668126344680786, 0.0
n,-3.628401279449463, -2.668125867843628, 0.0
n,3.6278610229492188, 2.66886043548584, 0.00034137809416279197
n,3.6297550201416016, 2.66628360748291, 0.0009292623144574463
n,3.6302220821380615, 2.6656482219696045, 0.0003513517149258405
n,3.630347728729248, 2.6654772758483887, 0.000415622751461342
n,3.6300628185272217, 2.665864944458008, 0.0
n,-2.6688027381896973, 3.627903699874878, 0.0
n,-2.66678786277771, 3.629384994506836, 0.00021755519264843315
n,-2.666661262512207, 3.6294777393341064, 0.0
n,-2.603860378265381, 3.674793243408203, -0.0002450206666253507
n,-2.7701427936553955, 3.551124095916748, 0.004271318670362234
n,-2.660132646560669, 3.634265661239624, 0.0
n,-2.661163330078125, 3.6335108280181885, 0.00041217950638383627
n,-2.6455085277557373, 3.644923448562622, -0.0028646395076066256
n,-2.6614372730255127, 3.633310317993164, 0.0
n,-2.6994359493255615, 3.605167865753174, 0.0
n,-2.709517002105713, 3.597598075866699, -0.0008415523916482925
n,-2.709899663925171, 3.5973095893859863, -0.0002215476124547422
n,3.598875045776367, 2.707819938659668, 0.0002942257560789585
n,3.5982701778411865, 2.7086241245269775, -0.0003517000877764076
n,3.5878746509552, 2.722378730773926, 0.000944416387937963
n,2.709517002105713, -3.597597360610962, 0.000713211135007441
n,-3.597475528717041, -2.709679365158081, 0.0
n,2.6593239307403564, -3.6348538398742676, -0.0050619058310985565
n,-3.628974676132202, -2.6673457622528076, 0.0
n,3.6289749145507812, 2.6673457622528076, 0.0
u,0.8827797174453735, 0.36769750714302063, 0
u,0.818359375, 0.40314608812332153, 0
u,0.818359375, 0.36769750714302063, 0
u,0.0, 0.0, 0
u,0.0, 0.0, 0
u,0.0, 0.0, 0
u,0.0, 0.0, 0
u,0.0, 0.0, 0
u,0.0, 0.0, 0
u,0.0, 0.0, 0
u,0.0, 0.0, 0
u,0.0, 0.0, 0
u,0.0, 0.0, 0
u,0.0, 0.0, 0
u,0.0, 0.0, 0
u,0.0, 0.0, 0
u,0.0, 0.0, 0
u,0.0, 0.0, 0
u,0.0, 0.0, 0
u,0.0, 0.0, 0
u,0.0, 0.0, 0
u,0.0, 0.0, 0
u,0.0, 0.0, 0
u,0.0, 0.0, 0
u,0.0, 0.0, 0
u,0.0, 0.0, 0
u,0.0, 0.0, 0
u,0.0, 0.0, 0
u,0.0, 0.0, 0
u,0.0, 0.0, 0
u,0.0, 0.0, 0
u,0.0, 0.0, 0
u,0.0, 0.0, 0
u,0.0, 0.0, 0
u,0.0, 0.0, 0
u,0.0, 0.0, 0
u,0.0, 0.0, 0
u,0.0, 0.0, 0
u,0.0, 0.0, 0
u,0.0, 0.0, 0
u,0.0, 0.0, 0
u,0.0, 0.0, 0
u,0.0, 0.0, 0
u,0.0, 0.0, 0
u,0.0, 0.0, 0
u,0.0, 0.0, 0
u,0.0, 0.0, 0
u,0.0, 0.0, 0
u,0.0, 0.0, 0
u,0.0, 0.0, 0
u,0.0, 0.0, 0
u,0.0, 0.0, 0
u,0.0, 0.0, 0
u,0.0, 0.0, 0
u,0.0, 0.0, 0
u,0.0, 0.0, 0
u,0.0, 0.0, 0
u,0.7754216194152832, 0.45146289467811584, 0
u,0.4648438096046448, 0.4536082148551941, 0
u,0.4648438096046448, 0.15776750445365906, 0
u,0.7754216194152832, 0.45146289467811584, 0
u,0.4648438096046448, 0.15776750445365906, 0
u,0.7755360007286072, 0.15565849840641022, 0
u,0.9155951738357544, 0.9996595978736877, 0
u,0.4648438096046448, 0.9996595978736877, 0
u,0.472592294216156, 0.9951174855232239, 0
u,0.7591184973716736, 0.935076117515564, 0
u,0.5595828890800476, 0.9396150708198547, 0
u,0.5595709085464478, 0.9350730180740356, 0
u,0.472592294216156, 0.9951174855232239, 0
u,0.5596339106559753, 0.9588652849197388, 0
u,0.7591878175735474, 0.9609177112579346, 0
u,0.7637444734573364, 0.8509382009506226, 0
u,0.7589629292488098, 0.8770527839660645, 0
u,0.6842048764228821, 0.8728510141372681, 0
u,0.7638627886772156, 0.9048433899879456, 0
u,0.8319274187088013, 0.9607881903648376, 0
u,0.7591878175735474, 0.9609177112579346, 0
u,0.5531185269355774, 0.9123597741127014, 0
u,0.6842048764228821, 0.8728510141372681, 0
u,0.6835064888000488, 0.9131410717964172, 0
u,0.8318033814430237, 0.9046617746353149, 0
u,0.7637444734573364, 0.8509382009506226, 0
u,0.8316842913627625, 0.8507776856422424, 0
u,0.0018032999942079186, 0.1522125005722046, 0
u,0.2252057045698166, 0.04044020175933838, 0
u,0.2252057045698166, 0.1522125005722046, 0
u,0.6152663826942444, 0.04044020175933838, 0
u,0.2252057045698166, 0.1522125005722046, 0
u,0.2252057045698166, 0.04044020175933838, 0
u,0.6152663826942444, 0.1522125005722046, 0
u,0.838664710521698, 0.04044020175933838, 0
u,0.838664710521698, 0.1522125005722046, 0
u,0.0018032999942079186, 0.04044020175933838, 0
u,0.0, 0.1522125005722046, 0
u,0.0, 0.001145399990491569, 0
u,0.839148223400116, 0.1522125005722046, 0
u,0.838664710521698, 0.04044020175933838, 0
u,0.839148223400116, 0.04044020175933838, 0
u,0.818359375, 0.6632301807403564, 0
u,0.9619001150131226, 0.7525901794433594, 0
u,0.842273473739624, 0.7525938153266907, 0
u,0.9619001150131226, 0.7525901794433594, 0
u,0.991797685623169, 0.7241744995117188, 0
u,0.991797924041748, 0.7525894045829773, 0
u,0.7792974710464478, 0.21245749294757843, 0
u,0.779296875, 0.20395760238170624, 0
u,0.7795014977455139, 0.20389460027217865, 0
u,0.779296875, 0.20389460027217865, 0
u,0.7795014977455139, 0.20389460027217865, 0
u,0.779296875, 0.20395760238170624, 0
u,0.9310364127159119, 0.36556071043014526, 0
u,0.794921875, 0.3090260922908783, 0
u,0.9965952038764954, 0.3664487898349762, 0
u,0.7968754172325134, 0.36998850107192993, 0
u,0.7968804240226746, 0.45234519243240356, 0
u,0.794921875, 0.45294779539108276, 0
u,0.7968804240226746, 0.45234519243240356, 0
u,0.7968804240226746, 0.45294779539108276, 0
u,0.794921875, 0.45294779539108276, 0
u,0.9965952038764954, 0.23825879395008087, 0
u,0.9965952038764954, 0.3664487898349762, 0
u,0.794921875, 0.3090260922908783, 0
u,0.8938518762588501, 0.5359451770782471, 0
u,0.8203125, 0.5750287175178528, 0
u,0.8203125, 0.5359451770782471, 0
u,0.8784899711608887, 0.5781732201576233, 0
u,0.818359375, 0.6620848178863525, 0
u,0.8183658123016357, 0.5781732797622681, 0
u,0.9891616106033325, 0.5781732201576233, 0
u,0.9535452723503113, 0.662084698677063, 0
u,0.8784899711608887, 0.5781732201576233, 0
u,0.779296875, 0.21512530744075775, 0
u,0.7840194702148438, 0.2403445988893509, 0
u,0.779296875, 0.2403445988893509, 0
u,0.7947406768798828, 0.34949690103530884, 0
u,0.7890625, 0.45246270298957825, 0
u,0.7890625, 0.34949690103530884, 0
u,0.779296875, 0.4536082148551941, 0
u,0.7840194702148438, 0.42714110016822815, 0
u,0.7840194702148438, 0.4536082148551941, 0
u,0.7840194702148438, 0.42714110016822815, 0
u,0.779296875, 0.2403445988893509, 0
u,0.7840194702148438, 0.2403445988893509, 0
u,0.05645599961280823, 0.2649315893650055, 0
u,0.19771930575370789, 0.26684579253196716, 0
u,0.0, 0.366974800825119, 0
u,0.0, 0.680036187171936, 0
u,0.46120569109916687, 0.6329646110534668, 0
u,0.46120569109916687, 0.680036187171936, 0
u,0.0, 0.6329646110534668, 0
u,0.46120569109916687, 0.5931298732757568, 0
u,0.46120569109916687, 0.6329646110534668, 0
u,0.0, 0.5931298732757568, 0
u,0.46120569109916687, 0.449014812707901, 0
u,0.46120569109916687, 0.5931298732757568, 0
u,0.0, 0.41006800532341003, 0
u,0.46120569109916687, 0.449014812707901, 0
u,0.0, 0.449014812707901, 0
u,0.0, 0.366974800825119, 0
u,0.46120569109916687, 0.41006800532341003, 0
u,0.0, 0.41006800532341003, 0
u,0.05542239919304848, 0.17873279750347137, 0
u,0.061135999858379364, 0.17873279750347137, 0
u,0.061135999858379364, 0.19577519595623016, 0
u,0.0, 1.0, 0
u,0.46120569109916687, 0.9611461758613586, 0
u,0.46120569109916687, 1.0, 0
u,0.0, 0.8869001865386963, 0
u,0.05542239919304848, 0.9057567119598389, 0
u,0.05542239919304848, 0.9097778797149658, 0
u,0.46120569109916687, 0.680036187171936, 0
u,0.2659966051578522, 0.7788243293762207, 0
u,0.23097220063209534, 0.7792822122573853, 0
u,0.061135999858379364, 0.19577519595623016, 0
u,0.061135999858379364, 0.24095270037651062, 0
u,0.05542239919304848, 0.24095270037651062, 0
u,0.061135999858379364, 0.8097050786018372, 0
u,0.061135999858379364, 0.8869001865386963, 0
u,0.0, 0.8491324782371521, 0
u,0.5254696011543274, 0.4551545977592468, 0
u,0.634895920753479, 0.4551545977592468, 0
u,0.634895920753479, 0.7247732281684875, 0
u,0.47122350335121155, 0.7247732281684875, 0
u,0.47122350335121155, 0.4551545977592468, 0
u,0.5254696011543274, 0.4551545977592468, 0
u,0.7011770009994507, 0.7247732281684875, 0
u,0.8162413835525513, 0.7743412852287292, 0
u,0.7011770009994507, 0.7743412852287292, 0
u,0.7011770009994507, 0.7247732281684875, 0
u,0.6405370831489563, 0.7743412852287292, 0
u,0.6405370831489563, 0.7247732281684875, 0
u,0.818359375, 0.4865311086177826, 0
u,0.8827797174453735, 0.45108309388160706, 0
u,0.8827797174453735, 0.4865311086177826, 0
u,0.818359375, 0.4865311086177826, 0
u,0.8827797174453735, 0.5344868898391724, 0
u,0.818359375, 0.5344868898391724, 0
u,0.818359375, 0.45108309388160706, 0
u,0.8827797174453735, 0.40314608812332153, 0
u,0.8827797174453735, 0.45108309388160706, 0
u,0.8827797174453735, 0.36769750714302063, 0
u,0.8827797174453735, 0.40314608812332153, 0
u,0.818359375, 0.40314608812332153, 0
u,0.9078633785247803, 0.9606531262397766, 0
u,0.9156081080436707, 0.9606394171714783, 0
u,0.9078521132469177, 0.9951174855232239, 0
u,0.9156081080436707, 0.9606394171714783, 0
u,0.9155951738357544, 0.9996595978736877, 0
u,0.9078521132469177, 0.9951174855232239, 0
u,0.4648438096046448, 0.9996595978736877, 0
u,0.4648987054824829, 0.9350715279579163, 0
u,0.46718668937683105, 0.958953320980072, 0
u,0.4648987054824829, 0.9350715279579163, 0
u,0.4671247899532318, 0.9350715279579163, 0
u,0.46718668937683105, 0.958953320980072, 0
u,0.46718668937683105, 0.958953320980072, 0
u,0.4726231098175049, 0.9589480757713318, 0
u,0.472592294216156, 0.9951174855232239, 0
u,0.4648438096046448, 0.9996595978736877, 0
u,0.46718668937683105, 0.958953320980072, 0
u,0.472592294216156, 0.9951174855232239, 0
u,0.472592294216156, 0.9951174855232239, 0
u,0.9078521132469177, 0.9951174855232239, 0
u,0.9155951738357544, 0.9996595978736877, 0
u,0.7591184973716736, 0.935076117515564, 0
u,0.7591307163238525, 0.9396181702613831, 0
u,0.5595828890800476, 0.9396150708198547, 0
u,0.5595828890800476, 0.9396150708198547, 0
u,0.7591307163238525, 0.9396181702613831, 0
u,0.5596339106559753, 0.9588652849197388, 0
u,0.7591307163238525, 0.9396181702613831, 0
u,0.7591878175735474, 0.9609177112579346, 0
u,0.5596339106559753, 0.9588652849197388, 0
u,0.7591878175735474, 0.9609177112579346, 0
u,0.9078633785247803, 0.9606531262397766, 0
u,0.9078521132469177, 0.9951174855232239, 0
u,0.9078521132469177, 0.9951174855232239, 0
u,0.472592294216156, 0.9951174855232239, 0
u,0.7591878175735474, 0.9609177112579346, 0
u,0.472592294216156, 0.9951174855232239, 0
u,0.4726231098175049, 0.9589480757713318, 0
u,0.5596339106559753, 0.9588652849197388, 0
u,0.5498228073120117, 0.8197140097618103, 0
u,0.5497468113899231, 0.7757213115692139, 0
u,0.7637444734573364, 0.8509382009506226, 0
u,0.5497468113899231, 0.7757213115692139, 0
u,0.8273090720176697, 0.7754868268966675, 0
u,0.7637444734573364, 0.8509382009506226, 0
u,0.8274428248405457, 0.8204823136329651, 0
u,0.9181014895439148, 0.8203821182250977, 0
u,0.8316842913627625, 0.8507776856422424, 0
u,0.9181014895439148, 0.8203821182250977, 0
u,0.9184619188308716, 0.9606342911720276, 0
u,0.8318033814430237, 0.9046617746353149, 0
u,0.8316842913627625, 0.8507776856422424, 0
u,0.9181014895439148, 0.8203821182250977, 0
u,0.8318033814430237, 0.9046617746353149, 0
u,0.8273090720176697, 0.7754868268966675, 0
u,0.8274428248405457, 0.8204823136329651, 0
u,0.7637444734573364, 0.8509382009506226, 0
u,0.46718668937683105, 0.958953320980072, 0
u,0.4668264091014862, 0.8197929263114929, 0
u,0.5538206100463867, 0.8720601797103882, 0
u,0.4668264091014862, 0.8197929263114929, 0
u,0.5498228073120117, 0.8197140097618103, 0
u,0.5538206100463867, 0.8720601797103882, 0
u,0.46718668937683105, 0.958953320980072, 0
u,0.5538206100463867, 0.8720601797103882, 0
u,0.5531185269355774, 0.9123597741127014, 0
u,0.5595108270645142, 0.9123979806900024, 0
u,0.5596339106559753, 0.9588652849197388, 0
u,0.5531185269355774, 0.9123597741127014, 0
u,0.5596339106559753, 0.9588652849197388, 0
u,0.46718668937683105, 0.958953320980072, 0
u,0.5531185269355774, 0.9123597741127014, 0
u,0.9184619188308716, 0.9606342911720276, 0
u,0.8319274187088013, 0.9607881903648376, 0
u,0.8318033814430237, 0.9046617746353149, 0
u,0.7637444734573364, 0.8509382009506226, 0
u,0.7638627886772156, 0.9048433899879456, 0
u,0.7589629292488098, 0.8770527839660645, 0
u,0.7638627886772156, 0.9048433899879456, 0
u,0.7590374946594238, 0.9048563241958618, 0
u,0.7589629292488098, 0.8770527839660645, 0
u,0.8274428248405457, 0.8204823136329651, 0
u,0.8316842913627625, 0.8507776856422424, 0
u,0.7637444734573364, 0.8509382009506226, 0
u,0.5538206100463867, 0.8720601797103882, 0
u,0.5498228073120117, 0.8197140097618103, 0
u,0.6842048764228821, 0.8728510141372681, 0
u,0.6842048764228821, 0.8728510141372681, 0
u,0.5498228073120117, 0.8197140097618103, 0
u,0.7637444734573364, 0.8509382009506226, 0
u,0.7589629292488098, 0.8770527839660645, 0
u,0.684131383895874, 0.8770908117294312, 0
u,0.6842048764228821, 0.8728510141372681, 0
u,0.7591878175735474, 0.9609177112579346, 0
u,0.7590374946594238, 0.9048563241958618, 0
u,0.7638627886772156, 0.9048433899879456, 0
u,0.7638627886772156, 0.9048433899879456, 0
u,0.8318033814430237, 0.9046617746353149, 0
u,0.8319274187088013, 0.9607881903648376, 0
u,0.5531185269355774, 0.9123597741127014, 0
u,0.5538206100463867, 0.8720601797103882, 0
u,0.6842048764228821, 0.8728510141372681, 0
u,0.8318033814430237, 0.9046617746353149, 0
u,0.7638627886772156, 0.9048433899879456, 0
u,0.7637444734573364, 0.8509382009506226, 0
u,0.0018032999942079186, 0.1522125005722046, 0
u,0.0018032999942079186, 0.04044020175933838, 0
u,0.2252057045698166, 0.04044020175933838, 0
u,0.6152663826942444, 0.04044020175933838, 0
u,0.6152663826942444, 0.1522125005722046, 0
u,0.2252057045698166, 0.1522125005722046, 0
u,0.6152663826942444, 0.1522125005722046, 0
u,0.6152663826942444, 0.04044020175933838, 0
u,0.838664710521698, 0.04044020175933838, 0
u,0.0018032999942079186, 0.04044020175933838, 0
u,0.0018032999942079186, 0.1522125005722046, 0
u,0.0, 0.1522125005722046, 0
u,0.839148223400116, 0.1522125005722046, 0
u,0.838664710521698, 0.1522125005722046, 0
u,0.838664710521698, 0.04044020175933838, 0
u,0.8473849892616272, 0.7730916142463684, 0
u,0.818359375, 0.7734711766242981, 0
u,0.842273473739624, 0.7525938153266907, 0
u,0.818359375, 0.7734711766242981, 0
u,0.818359375, 0.6632301807403564, 0
u,0.842273473739624, 0.7525938153266907, 0
u,0.9619001150131226, 0.7525901794433594, 0
u,0.818359375, 0.6632301807403564, 0
u,0.991797685623169, 0.7241744995117188, 0
u,0.9310364127159119, 0.36556071043014526, 0
u,0.7949221134185791, 0.36371660232543945, 0
u,0.794921875, 0.3090260922908783, 0
u,0.8938518762588501, 0.5359451770782471, 0
u,0.8938518762588501, 0.5750287175178528, 0
u,0.8203125, 0.5750287175178528, 0
u,0.8784899711608887, 0.5781732201576233, 0
u,0.9535452723503113, 0.662084698677063, 0
u,0.818359375, 0.6620848178863525, 0
u,0.9891616106033325, 0.5781732201576233, 0
u,0.9891564846038818, 0.662084698677063, 0
u,0.9535452723503113, 0.662084698677063, 0
u,0.779296875, 0.21512530744075775, 0
u,0.7840194702148438, 0.21512530744075775, 0
u,0.7840194702148438, 0.2403445988893509, 0
u,0.7947406768798828, 0.34949690103530884, 0
u,0.7947406768798828, 0.45246270298957825, 0
u,0.7890625, 0.45246270298957825, 0
u,0.779296875, 0.4536082148551941, 0
u,0.779296875, 0.42714110016822815, 0
u,0.7840194702148438, 0.42714110016822815, 0
u,0.7840194702148438, 0.42714110016822815, 0
u,0.779296875, 0.42714110016822815, 0
u,0.779296875, 0.2403445988893509, 0
u,0.0, 0.2437753975391388, 0
u,0.05542239919304848, 0.2437753975391388, 0
u,0.05542239919304848, 0.26491808891296387, 0
u,0.0, 0.366974800825119, 0
u,0.0, 0.2437753975391388, 0
u,0.05542239919304848, 0.26491808891296387, 0
u,0.46120569109916687, 0.26684579253196716, 0
u,0.46120569109916687, 0.366974800825119, 0
u,0.19771930575370789, 0.26684579253196716, 0
u,0.46120569109916687, 0.366974800825119, 0
u,0.0, 0.366974800825119, 0
u,0.19771930575370789, 0.26684579253196716, 0
u,0.0, 0.366974800825119, 0
u,0.05542239919304848, 0.26491808891296387, 0
u,0.05645599961280823, 0.2649315893650055, 0
u,0.0, 0.680036187171936, 0
u,0.0, 0.6329646110534668, 0
u,0.46120569109916687, 0.6329646110534668, 0
u,0.0, 0.6329646110534668, 0
u,0.0, 0.5931298732757568, 0
u,0.46120569109916687, 0.5931298732757568, 0
u,0.0, 0.5931298732757568, 0
u,0.0, 0.449014812707901, 0
u,0.46120569109916687, 0.449014812707901, 0
u,0.0, 0.41006800532341003, 0
u,0.46120569109916687, 0.41006800532341003, 0
u,0.46120569109916687, 0.449014812707901, 0
u,0.0, 0.366974800825119, 0
u,0.46120569109916687, 0.366974800825119, 0
u,0.46120569109916687, 0.41006800532341003, 0
u,0.061135999858379364, 0.19577519595623016, 0
u,0.0, 0.19577519595623016, 0
u,0.05542239919304848, 0.17873279750347137, 0
u,0.0, 0.19577519595623016, 0
u,0.0, 0.15463750064373016, 0
u,0.05542239919304848, 0.17471159994602203, 0
u,0.05542239919304848, 0.17873279750347137, 0
u,0.0, 0.19577519595623016, 0
u,0.05542239919304848, 0.17471159994602203, 0
u,0.0, 0.15463750064373016, 0
u,0.46120569109916687, 0.15463750064373016, 0
u,0.2662560045719147, 0.17187559604644775, 0
u,0.46120569109916687, 0.15463750064373016, 0
u,0.46120569109916687, 0.17187559604644775, 0
u,0.2662560045719147, 0.17187559604644775, 0
u,0.2662560045719147, 0.17187559604644775, 0
u,0.09938179701566696, 0.17413680255413055, 0
u,0.0, 0.15463750064373016, 0
u,0.09938179701566696, 0.17413680255413055, 0
u,0.05542239919304848, 0.17471159994602203, 0
u,0.0, 0.15463750064373016, 0
u,0.0, 1.0, 0
u,0.0, 0.9611461758613586, 0
u,0.46120569109916687, 0.9611461758613586, 0
u,0.05542239919304848, 0.9097778797149658, 0
u,0.19203850626945496, 0.9115641713142395, 0
u,0.0, 0.9611461758613586, 0
u,0.19203850626945496, 0.9115641713142395, 0
u,0.2662560045719147, 0.9125698804855347, 0
u,0.0, 0.9611461758613586, 0
u,0.2662560045719147, 0.9125698804855347, 0
u,0.46120569109916687, 0.9125698804855347, 0
u,0.46120569109916687, 0.9611461758613586, 0
u,0.46120569109916687, 0.9611461758613586, 0
u,0.0, 0.9611461758613586, 0
u,0.2662560045719147, 0.9125698804855347, 0
u,0.0, 0.9611461758613586, 0
u,0.0, 0.9365317225456238, 0
u,0.05542239919304848, 0.9097778797149658, 0
u,0.0, 0.9365317225456238, 0
u,0.0, 0.8869001865386963, 0
u,0.05542239919304848, 0.9097778797149658, 0
u,0.0, 0.8869001865386963, 0
u,0.061135999858379364, 0.8869001865386963, 0
u,0.05542239919304848, 0.9057567119598389, 0
u,0.061135999858379364, 0.8869001865386963, 0
u,0.061135999858379364, 0.9057567119598389, 0
u,0.05542239919304848, 0.9057567119598389, 0
u,0.23718570172786713, 0.8042020797729492, 0
u,0.0, 0.8042020797729492, 0
u,0.23097220063209534, 0.7792822122573853, 0
u,0.0, 0.8042020797729492, 0
u,0.0, 0.680036187171936, 0
u,0.23097220063209534, 0.7792822122573853, 0
u,0.0, 0.680036187171936, 0
u,0.46120569109916687, 0.680036187171936, 0
u,0.23097220063209534, 0.7792822122573853, 0
u,0.46120569109916687, 0.680036187171936, 0
u,0.46120569109916687, 0.778820812702179, 0
u,0.2662560045719147, 0.778820812702179, 0
u,0.46120569109916687, 0.680036187171936, 0
u,0.2662560045719147, 0.778820812702179, 0
u,0.2659966051578522, 0.7788243293762207, 0
u,0.05542239919304848, 0.24095270037651062, 0
u,0.05542239919304848, 0.2437753975391388, 0
u,0.0, 0.2437753975391388, 0
u,0.0, 0.2437753975391388, 0
u,0.0, 0.19577519595623016, 0
u,0.05542239919304848, 0.24095270037651062, 0
u,0.0, 0.19577519595623016, 0
u,0.061135999858379364, 0.19577519595623016, 0
u,0.05542239919304848, 0.24095270037651062, 0
u,0.0, 0.8042020797729492, 0
u,0.23718570172786713, 0.8042020797729492, 0
u,0.0917666032910347, 0.8053938150405884, 0
u,0.0, 0.8042020797729492, 0
u,0.0917666032910347, 0.8053938150405884, 0
u,0.05542239919304848, 0.8056839108467102, 0
u,0.061135999858379364, 0.8869001865386963, 0
u,0.0, 0.8869001865386963, 0
u,0.0, 0.8491324782371521, 0
u,0.0, 0.8491324782371521, 0
u,0.0, 0.8042020797729492, 0
u,0.05542239919304848, 0.8097050786018372, 0
u,0.0, 0.8042020797729492, 0
u,0.05542239919304848, 0.8056839108467102, 0
u,0.05542239919304848, 0.8097050786018372, 0
u,0.05542239919304848, 0.8097050786018372, 0
u,0.061135999858379364, 0.8097050786018372, 0
u,0.0, 0.8491324782371521, 0
u,0.6405370831489563, 0.7247732281684875, 0
u,0.6405370831489563, 0.7743412852287292, 0
u,0.634895920753479, 0.7247732281684875, 0
u,0.6405370831489563, 0.7743412852287292, 0
u,0.5254696011543274, 0.7743412852287292, 0
u,0.634895920753479, 0.7247732281684875, 0
u,0.5254696011543274, 0.7743412852287292, 0
u,0.5254696011543274, 0.4551545977592468, 0
u,0.634895920753479, 0.7247732281684875, 0
u,0.5254696011543274, 0.4551545977592468, 0
u,0.5254696011543274, 0.7743412852287292, 0
u,0.47122350335121155, 0.7247732281684875, 0
u,0.5254696011543274, 0.7743412852287292, 0
u,0.4648438096046448, 0.7743412852287292, 0
u,0.47122350335121155, 0.7247732281684875, 0
u,0.4648438096046448, 0.7743412852287292, 0
u,0.4648438096046448, 0.7247732281684875, 0
u,0.47122350335121155, 0.7247732281684875, 0
u,0.7011770009994507, 0.7247732281684875, 0
u,0.8162413835525513, 0.7247732281684875, 0
u,0.8162413835525513, 0.7743412852287292, 0
u,0.7011770009994507, 0.7247732281684875, 0
u,0.7011770009994507, 0.7743412852287292, 0
u,0.6405370831489563, 0.7743412852287292, 0
u,0.818359375, 0.4865311086177826, 0
u,0.818359375, 0.45108309388160706, 0
u,0.8827797174453735, 0.45108309388160706, 0
u,0.818359375, 0.4865311086177826, 0
u,0.8827797174453735, 0.4865311086177826, 0
u,0.8827797174453735, 0.5344868898391724, 0
u,0.818359375, 0.45108309388160706, 0
u,0.818359375, 0.40314608812332153, 0
u,0.8827797174453735, 0.40314608812332153, 0
