s,97.508544921875, 101.193359375, -0.7273087501525879
b,101.93505859375, 105.0693359375, 3.897286891937256
v,101.867919921875, 104.1181640625, 3.897247791290283
v,101.868408203125, 105.001953125, 3.897282123565674
v,101.868408203125, 105.001953125, 3.841773509979248
v,101.867919921875, 104.1181640625, 3.8417391777038574
v,98.011474609375, 105.037109375, -0.7271699905395508
v,98.011474609375, 105.0419921875, -0.7271699905395508
v,98.54833984375, 105.041015625, -0.7271518707275391
v,98.54833984375, 105.0478515625, -0.7271518707275391
v,100.12548828125, 105.0478515625, -0.7270975112915039
v,100.12548828125, 105.0693359375, -0.7270965576171875
v,101.93505859375, 105.0693359375, -0.7270321846008301
v,101.934326171875, 104.05078125, -0.7270717620849609
v,100.951171875, 104.0517578125, -0.727107048034668
v,100.9501953125, 102.73828125, -0.7271571159362793
v,100.954833984375, 102.73828125, -0.7271571159362793
v,100.954833984375, 102.7373046875, -0.7271571159362793
v,100.955810546875, 102.7373046875, -0.7271571159362793
v,100.95556640625, 102.6240234375, -0.7271609306335449
v,100.962890625, 101.7451171875, -0.7271933555603027
v,100.95849609375, 101.7451171875, -0.7271938323974609
v,100.960693359375, 101.2041015625, -0.7272133827209473
v,98.54443359375, 101.193359375, -0.727297306060791
v,98.11572265625, 101.353515625, -0.7273058891296387
v,97.756591796875, 101.60546875, -0.7273087501525879
v,97.60498046875, 101.9521484375, -0.7273011207580566
v,97.518310546875, 102.466796875, -0.7272849082946777
v,97.508544921875, 105.0341796875, -0.7271871566772461
v,97.575439453125, 104.9677734375, 1.5269103050231934
v,97.58447265625, 102.4736328125, 1.5268149375915527
v,97.668212890625, 101.970703125, 1.526799201965332
v,97.81005859375, 101.650390625, 1.526792049407959
v,98.146484375, 101.412109375, 1.5267949104309082
v,98.555908203125, 101.2568359375, 1.5268030166625977
v,100.8935546875, 101.2705078125, 1.5268845558166504
v,100.891845703125, 101.7451171875, 1.5269017219543457
v,98.6904296875, 101.7373046875, 1.5268254280090332
v,98.365478515625, 101.85546875, 1.5268182754516602
v,98.130859375, 102.115234375, 1.526820182800293
v,98.009521484375, 102.4892578125, 1.526829719543457
v,98.011474609375, 104.970703125, 1.5269246101379395
v,98.011474609375, 104.970703125, 1.5824337005615234
v,98.011474609375, 105.0361328125, 1.5824360847473145
v,97.508544921875, 105.0341796875, 1.5824193954467773
v,97.518310546875, 102.466796875, 1.5823216438293457
v,97.60498046875, 101.9521484375, 1.5823049545288086
v,97.756591796875, 101.60546875, 1.5822973251342773
v,98.11572265625, 101.353515625, 1.5823006629943848
v,98.54443359375, 101.193359375, 1.5823087692260742
v,100.960693359375, 101.203125, 1.582392692565918
v,100.95849609375, 101.7451171875, 1.5824127197265625
v,100.891845703125, 101.7451171875, 1.5824103355407715
v,100.8935546875, 101.2705078125, 1.5823931694030762
v,98.555908203125, 101.2568359375, 1.5823116302490234
v,98.146484375, 101.412109375, 1.582303524017334
v,97.81005859375, 101.650390625, 1.582301139831543
v,97.668212890625, 101.970703125, 1.582308292388916
v,97.58447265625, 102.4736328125, 1.5823240280151367
v,97.575439453125, 104.9677734375, 1.5824189186096191
v,98.54833984375, 104.974609375, 2.3240485191345215
v,98.54833984375, 105.041015625, 2.3240509033203125
v,98.011474609375, 105.041015625, 2.3240323066711426
v,98.009521484375, 102.4892578125, 2.323935031890869
v,98.130859375, 102.115234375, 2.323925018310547
v,98.365478515625, 101.85546875, 2.323923110961914
v,98.6904296875, 101.7373046875, 2.323929786682129
v,100.962646484375, 101.7451171875, 2.324009418487549
v,100.955322265625, 102.6240234375, 2.3240418434143066
v,100.954833984375, 102.2451171875, 2.3240275382995605
v,100.891845703125, 102.2451171875, 2.3240256309509277
v,100.895263671875, 101.8115234375, 2.324009418487549
v,98.70166015625, 101.802734375, 2.323932647705078
v,98.4013671875, 101.9091796875, 2.3239264488220215
v,98.18701171875, 102.1474609375, 2.3239283561706543
v,98.07470703125, 102.5, 2.32393741607666
v,98.078125, 104.9755859375, 2.3240323066711426
v,98.63427734375, 102.3056640625, 2.2684407234191895
v,98.5458984375, 102.4267578125, 2.2684426307678223
v,98.54833984375, 104.974609375, 2.2685399055480957
v,98.078125, 104.9755859375, 2.268523693084717
v,98.07470703125, 102.5, 2.2684288024902344
v,98.18701171875, 102.1474609375, 2.2684197425842285
v,98.4013671875, 101.9091796875, 2.2684178352355957
v,98.70166015625, 101.802734375, 2.268423557281494
v,100.895263671875, 101.8115234375, 2.268500804901123
v,100.891845703125, 102.2451171875, 2.268517017364502
v,98.76416015625, 102.24609375, 2.2684426307678223
v,100.949951171875, 102.7373046875, 2.3240461349487305
v,100.95458984375, 102.7373046875, 2.3240461349487305
v,100.95458984375, 102.73828125, 2.3240461349487305
v,100.949951171875, 102.73828125, 2.3240461349487305
v,98.5458984375, 102.4267578125, 3.079979419708252
v,98.63427734375, 102.3056640625, 3.079977512359619
v,98.76416015625, 102.24609375, 3.0799803733825684
v,100.954833984375, 102.2451171875, 3.0800557136535645
v,100.95556640625, 102.7373046875, 3.0800747871398926
v,100.949951171875, 102.7373046875, 3.0800747871398926
v,100.94970703125, 102.4326171875, 3.0800633430480957
v,100.888427734375, 102.4326171875, 3.0800604820251465
v,100.88818359375, 102.3115234375, 3.080056667327881
v,98.778076171875, 102.3095703125, 3.0799832344055176
v,98.675048828125, 102.3564453125, 3.0799813270568848
v,98.612548828125, 102.4482421875, 3.0799832344055176
v,98.614990234375, 104.98046875, 3.0800795555114746
v,98.927490234375, 104.98046875, 3.080090045928955
v,98.927490234375, 105.0478515625, 3.080091953277588
v,98.54833984375, 105.0478515625, 3.0800795555114746
v,98.612548828125, 102.4482421875, 3.024474620819092
v,98.675048828125, 102.3564453125, 3.024472713470459
v,98.778076171875, 102.310546875, 3.024474620819092
v,100.88818359375, 102.3115234375, 3.024548053741455
v,100.888427734375, 102.4326171875, 3.0245518684387207
v,98.9248046875, 102.4326171875, 3.0244832038879395
v,98.927490234375, 104.98046875, 3.024580478668213
v,98.614990234375, 104.98046875, 3.024570941925049
v,100.12548828125, 104.98046875, 3.235556125640869
v,100.12548828125, 105.0478515625, 3.235558032989502
v,98.927490234375, 105.0478515625, 3.2355170249938965
v,98.9248046875, 102.4326171875, 3.235416889190674
v,100.94970703125, 102.4326171875, 3.235487461090088
v,100.951171875, 104.05078125, 3.235548496246338
v,100.884765625, 104.05078125, 3.235546588897705
v,100.88330078125, 102.4990234375, 3.235487461090088
v,98.991455078125, 102.4990234375, 3.235421657562256
v,98.993896484375, 104.9814453125, 3.2355170249938965
v,99.762939453125, 102.4990234375, 3.1799397468566895
v,99.76318359375, 102.7568359375, 3.179948329925537
v,99.763671875, 103.3916015625, 3.1799731254577637
v,99.764892578125, 104.9814453125, 3.1800341606140137
v,98.993896484375, 104.9814453125, 3.1800084114074707
v,98.991455078125, 102.4990234375, 3.17991304397583
v,99.764892578125, 104.9814453125, 3.1800341606140137
v,99.763671875, 103.3916015625, 3.1799731254577637
v,100.345947265625, 103.390625, 3.179993152618408
v,100.345458984375, 102.755859375, 3.179969310760498
v,99.76318359375, 102.7568359375, 3.179948329925537
v,99.762939453125, 102.4990234375, 3.1799397468566895
v,100.88330078125, 102.4990234375, 3.1799778938293457
v,100.884765625, 104.05078125, 3.1800379753112793
v,100.124755859375, 104.0517578125, 3.1800103187561035
v,100.12548828125, 104.98046875, 3.180046558380127
v,99.76318359375, 102.7568359375, 3.655104160308838
v,100.345458984375, 102.755859375, 3.6551241874694824
v,100.345947265625, 103.390625, 3.6551480293273926
v,99.763671875, 103.390625, 3.655128002166748
v,100.192138671875, 105.001953125, 3.8972229957580566
v,101.8681640625, 105.001953125, 3.897282123565674
v,101.934814453125, 105.068359375, 3.897286891937256
v,100.12548828125, 105.0693359375, 3.8972229957580566
v,100.19140625, 104.1181640625, 3.841679096221924
v,101.86767578125, 104.1181640625, 3.8417391777038574
v,101.8681640625, 105.001953125, 3.841773509979248
v,100.192138671875, 105.001953125, 3.841714382171631
v,100.124755859375, 104.0517578125, 3.897183895111084
v,101.93408203125, 104.05078125, 3.897247791290283
v,101.934814453125, 105.068359375, 3.897286891937256
v,101.8681640625, 105.001953125, 3.897282123565674
v,101.86767578125, 104.1181640625, 3.897247791290283
v,100.19140625, 104.1181640625, 3.8971877098083496
v,100.192138671875, 105.001953125, 3.8972229957580566
v,100.12548828125, 105.0693359375, 3.8972229957580566
v,98.011474609375, 104.970703125, 1.5269246101379395
v,98.011474609375, 104.970703125, 1.5824337005615234
v,97.575439453125, 104.9677734375, 1.5824189186096191
v,97.575439453125, 104.9677734375, 1.5269103050231934
v,100.891845703125, 101.7451171875, 1.5824103355407715
v,100.891845703125, 101.7451171875, 1.5269017219543457
v,100.8935546875, 101.2705078125, 1.5268845558166504
v,100.8935546875, 101.2705078125, 1.5823931694030762
v,98.555908203125, 101.2568359375, 1.5823116302490234
v,100.8935546875, 101.2705078125, 1.5823931694030762
v,100.8935546875, 101.2705078125, 1.5268845558166504
v,98.555908203125, 101.2568359375, 1.5268030166625977
v,98.146484375, 101.412109375, 1.582303524017334
v,98.555908203125, 101.2568359375, 1.5823116302490234
v,98.555908203125, 101.2568359375, 1.5268030166625977
v,98.146484375, 101.412109375, 1.5267949104309082
v,97.81005859375, 101.650390625, 1.582301139831543
v,98.146484375, 101.412109375, 1.582303524017334
v,98.146484375, 101.412109375, 1.5267949104309082
v,97.81005859375, 101.650390625, 1.526792049407959
v,97.668212890625, 101.970703125, 1.582308292388916
v,97.81005859375, 101.650390625, 1.582301139831543
v,97.81005859375, 101.650390625, 1.526792049407959
v,97.668212890625, 101.970703125, 1.526799201965332
v,97.58447265625, 102.4736328125, 1.5823240280151367
v,97.668212890625, 101.970703125, 1.582308292388916
v,97.668212890625, 101.970703125, 1.526799201965332
v,97.58447265625, 102.4736328125, 1.5268149375915527
v,97.575439453125, 104.9677734375, 1.5824189186096191
v,97.58447265625, 102.4736328125, 1.5823240280151367
v,97.58447265625, 102.4736328125, 1.5268149375915527
v,97.575439453125, 104.9677734375, 1.5269103050231934
v,100.95849609375, 101.7451171875, -0.7271938323974609
v,100.95849609375, 101.7451171875, 1.5824127197265625
v,100.960693359375, 101.203125, 1.582392692565918
v,100.960693359375, 101.2041015625, -0.7272133827209473
v,100.960693359375, 101.203125, 1.582392692565918
v,98.54443359375, 101.193359375, 1.5823087692260742
v,98.54443359375, 101.193359375, -0.727297306060791
v,100.960693359375, 101.2041015625, -0.7272133827209473
v,98.54443359375, 101.193359375, 1.5823087692260742
v,98.11572265625, 101.353515625, 1.5823006629943848
v,98.11572265625, 101.353515625, -0.7273058891296387
v,98.54443359375, 101.193359375, -0.727297306060791
v,98.11572265625, 101.353515625, 1.5823006629943848
v,97.756591796875, 101.60546875, 1.5822973251342773
v,97.756591796875, 101.60546875, -0.7273087501525879
v,98.11572265625, 101.353515625, -0.7273058891296387
v,97.756591796875, 101.60546875, 1.5822973251342773
v,97.60498046875, 101.9521484375, 1.5823049545288086
v,97.60498046875, 101.9521484375, -0.7273011207580566
v,97.756591796875, 101.60546875, -0.7273087501525879
v,97.60498046875, 101.9521484375, 1.5823049545288086
v,97.518310546875, 102.466796875, 1.5823216438293457
v,97.518310546875, 102.466796875, -0.7272849082946777
v,97.60498046875, 101.9521484375, -0.7273011207580566
v,97.518310546875, 102.466796875, 1.5823216438293457
v,97.508544921875, 105.0341796875, 1.5824193954467773
v,97.508544921875, 105.0341796875, -0.7271871566772461
v,97.518310546875, 102.466796875, -0.7272849082946777
v,98.011474609375, 105.0361328125, 1.5824360847473145
v,98.011474609375, 105.037109375, -0.7271699905395508
v,97.508544921875, 105.0341796875, -0.7271871566772461
v,97.508544921875, 105.0341796875, 1.5824193954467773
v,100.891845703125, 101.7451171875, 1.5824103355407715
v,100.95849609375, 101.7451171875, 1.5824127197265625
v,100.95849609375, 101.7451171875, -0.7271938323974609
v,100.962890625, 101.7451171875, -0.7271933555603027
v,100.962646484375, 101.7451171875, 2.324009418487549
v,98.6904296875, 101.7373046875, 2.323929786682129
v,98.6904296875, 101.7373046875, 1.5268254280090332
v,100.891845703125, 101.7451171875, 1.5269017219543457
v,100.962890625, 101.7451171875, -0.7271933555603027
v,100.95556640625, 102.6240234375, -0.7271609306335449
v,100.955322265625, 102.6240234375, 2.3240418434143066
v,100.962646484375, 101.7451171875, 2.324009418487549
v,98.009521484375, 102.4892578125, 2.323935031890869
v,98.011474609375, 105.041015625, 2.3240323066711426
v,98.011474609375, 105.0419921875, -0.7271699905395508
v,98.011474609375, 105.037109375, -0.7271699905395508
v,98.011474609375, 105.0361328125, 1.5824360847473145
v,98.011474609375, 104.970703125, 1.5824337005615234
v,98.011474609375, 104.970703125, 1.5269246101379395
v,98.009521484375, 102.4892578125, 1.526829719543457
v,98.011474609375, 105.041015625, 2.3240323066711426
v,98.54833984375, 105.041015625, 2.3240509033203125
v,98.54833984375, 105.041015625, -0.7271518707275391
v,98.011474609375, 105.0419921875, -0.7271699905395508
v,98.365478515625, 101.85546875, 2.323923110961914
v,98.365478515625, 101.85546875, 1.5268182754516602
v,98.6904296875, 101.7373046875, 1.5268254280090332
v,98.6904296875, 101.7373046875, 2.323929786682129
v,98.130859375, 102.115234375, 2.323925018310547
v,98.130859375, 102.115234375, 1.526820182800293
v,98.365478515625, 101.85546875, 1.5268182754516602
v,98.365478515625, 101.85546875, 2.323923110961914
v,98.130859375, 102.115234375, 2.323925018310547
v,98.009521484375, 102.4892578125, 2.323935031890869
v,98.009521484375, 102.4892578125, 1.526829719543457
v,98.130859375, 102.115234375, 1.526820182800293
v,98.54833984375, 104.974609375, 2.2685399055480957
v,98.54833984375, 104.974609375, 2.3240485191345215
v,98.078125, 104.9755859375, 2.3240323066711426
v,98.078125, 104.9755859375, 2.268523693084717
v,100.891845703125, 102.2451171875, 2.3240256309509277
v,100.891845703125, 102.2451171875, 2.268517017364502
v,100.895263671875, 101.8115234375, 2.268500804901123
v,100.895263671875, 101.8115234375, 2.324009418487549
v,98.70166015625, 101.802734375, 2.323932647705078
v,100.895263671875, 101.8115234375, 2.324009418487549
v,100.895263671875, 101.8115234375, 2.268500804901123
v,98.70166015625, 101.802734375, 2.268423557281494
v,98.4013671875, 101.9091796875, 2.3239264488220215
v,98.70166015625, 101.802734375, 2.323932647705078
v,98.70166015625, 101.802734375, 2.268423557281494
v,98.4013671875, 101.9091796875, 2.2684178352355957
v,98.18701171875, 102.1474609375, 2.3239283561706543
v,98.4013671875, 101.9091796875, 2.3239264488220215
v,98.4013671875, 101.9091796875, 2.2684178352355957
v,98.18701171875, 102.1474609375, 2.2684197425842285
v,98.07470703125, 102.5, 2.32393741607666
v,98.18701171875, 102.1474609375, 2.3239283561706543
v,98.18701171875, 102.1474609375, 2.2684197425842285
v,98.07470703125, 102.5, 2.2684288024902344
v,98.078125, 104.9755859375, 2.3240323066711426
v,98.07470703125, 102.5, 2.32393741607666
v,98.07470703125, 102.5, 2.2684288024902344
v,98.078125, 104.9755859375, 2.268523693084717
v,100.9501953125, 102.73828125, -0.7271571159362793
v,100.949951171875, 102.73828125, 2.3240461349487305
v,100.95458984375, 102.73828125, 2.3240461349487305
v,100.954833984375, 102.73828125, -0.7271571159362793
v,100.95458984375, 102.7373046875, 2.3240461349487305
v,100.954833984375, 102.7373046875, -0.7271571159362793
v,100.954833984375, 102.73828125, -0.7271571159362793
v,100.95458984375, 102.73828125, 2.3240461349487305
v,100.954833984375, 102.2451171875, 2.3240275382995605
v,100.955322265625, 102.6240234375, 2.3240418434143066
v,100.95556640625, 102.6240234375, -0.7271609306335449
v,100.955810546875, 102.7373046875, -0.7271571159362793
v,100.95556640625, 102.7373046875, 3.0800747871398926
v,100.954833984375, 102.2451171875, 3.0800557136535645
v,100.949951171875, 102.7373046875, 3.0800747871398926
v,100.95556640625, 102.7373046875, 3.0800747871398926
v,100.955810546875, 102.7373046875, -0.7271571159362793
v,100.954833984375, 102.7373046875, -0.7271571159362793
v,100.95458984375, 102.7373046875, 2.3240461349487305
v,100.949951171875, 102.7373046875, 2.3240461349487305
v,98.5458984375, 102.4267578125, 3.079979419708252
v,98.54833984375, 105.0478515625, 3.0800795555114746
v,98.54833984375, 105.0478515625, -0.7271518707275391
v,98.54833984375, 105.041015625, -0.7271518707275391
v,98.54833984375, 105.041015625, 2.3240509033203125
v,98.54833984375, 104.974609375, 2.3240485191345215
v,98.54833984375, 104.974609375, 2.2685399055480957
v,98.5458984375, 102.4267578125, 2.2684426307678223
v,100.891845703125, 102.2451171875, 2.268517017364502
v,100.891845703125, 102.2451171875, 2.3240256309509277
v,100.954833984375, 102.2451171875, 2.3240275382995605
v,100.954833984375, 102.2451171875, 3.0800557136535645
v,98.76416015625, 102.24609375, 3.0799803733825684
v,98.76416015625, 102.24609375, 2.2684426307678223
v,98.63427734375, 102.3056640625, 3.079977512359619
v,98.63427734375, 102.3056640625, 2.2684407234191895
v,98.76416015625, 102.24609375, 2.2684426307678223
v,98.76416015625, 102.24609375, 3.0799803733825684
v,98.5458984375, 102.4267578125, 3.079979419708252
v,98.5458984375, 102.4267578125, 2.2684426307678223
v,98.63427734375, 102.3056640625, 2.2684407234191895
v,98.63427734375, 102.3056640625, 3.079977512359619
v,98.927490234375, 104.98046875, 3.024580478668213
v,98.927490234375, 104.98046875, 3.080090045928955
v,98.614990234375, 104.98046875, 3.0800795555114746
v,98.614990234375, 104.98046875, 3.024570941925049
v,100.888427734375, 102.4326171875, 3.0800604820251465
v,100.888427734375, 102.4326171875, 3.0245518684387207
v,100.88818359375, 102.3115234375, 3.024548053741455
v,100.88818359375, 102.3115234375, 3.080056667327881
v,98.778076171875, 102.3095703125, 3.0799832344055176
v,100.88818359375, 102.3115234375, 3.080056667327881
v,100.88818359375, 102.3115234375, 3.024548053741455
v,98.778076171875, 102.310546875, 3.024474620819092
v,98.675048828125, 102.3564453125, 3.0799813270568848
v,98.778076171875, 102.3095703125, 3.0799832344055176
v,98.778076171875, 102.310546875, 3.024474620819092
v,98.675048828125, 102.3564453125, 3.024472713470459
v,98.612548828125, 102.4482421875, 3.0799832344055176
v,98.675048828125, 102.3564453125, 3.0799813270568848
v,98.675048828125, 102.3564453125, 3.024472713470459
v,98.612548828125, 102.4482421875, 3.024474620819092
v,98.614990234375, 104.98046875, 3.0800795555114746
v,98.612548828125, 102.4482421875, 3.0799832344055176
v,98.612548828125, 102.4482421875, 3.024474620819092
v,98.614990234375, 104.98046875, 3.024570941925049
v,100.12548828125, 105.0478515625, 3.235558032989502
v,100.12548828125, 105.0478515625, -0.7270975112915039
v,98.54833984375, 105.0478515625, -0.7271518707275391
v,98.54833984375, 105.0478515625, 3.0800795555114746
v,98.927490234375, 105.0478515625, 3.080091953277588
v,98.927490234375, 105.0478515625, 3.2355170249938965
v,100.949951171875, 102.7373046875, 2.3240461349487305
v,100.949951171875, 102.73828125, 2.3240461349487305
v,100.9501953125, 102.73828125, -0.7271571159362793
v,100.951171875, 104.0517578125, -0.727107048034668
v,100.951171875, 104.05078125, 3.235548496246338
v,100.94970703125, 102.4326171875, 3.235487461090088
v,100.94970703125, 102.4326171875, 3.0800633430480957
v,100.949951171875, 102.7373046875, 3.0800747871398926
v,98.9248046875, 102.4326171875, 3.235416889190674
v,98.927490234375, 105.0478515625, 3.2355170249938965
v,98.927490234375, 105.0478515625, 3.080091953277588
v,98.927490234375, 104.98046875, 3.080090045928955
v,98.927490234375, 104.98046875, 3.024580478668213
v,98.9248046875, 102.4326171875, 3.0244832038879395
v,100.888427734375, 102.4326171875, 3.0245518684387207
v,100.888427734375, 102.4326171875, 3.0800604820251465
v,100.94970703125, 102.4326171875, 3.0800633430480957
v,100.94970703125, 102.4326171875, 3.235487461090088
v,98.9248046875, 102.4326171875, 3.235416889190674
v,98.9248046875, 102.4326171875, 3.0244832038879395
v,98.991455078125, 102.4990234375, 3.235421657562256
v,100.88330078125, 102.4990234375, 3.235487461090088
v,100.88330078125, 102.4990234375, 3.1799778938293457
v,99.762939453125, 102.4990234375, 3.1799397468566895
v,98.991455078125, 102.4990234375, 3.17991304397583
v,98.993896484375, 104.9814453125, 3.2355170249938965
v,98.991455078125, 102.4990234375, 3.235421657562256
v,98.991455078125, 102.4990234375, 3.17991304397583
v,98.993896484375, 104.9814453125, 3.1800084114074707
v,100.12548828125, 104.98046875, 3.180046558380127
v,100.12548828125, 104.98046875, 3.235556125640869
v,98.993896484375, 104.9814453125, 3.2355170249938965
v,98.993896484375, 104.9814453125, 3.1800084114074707
v,99.764892578125, 104.9814453125, 3.1800341606140137
v,100.884765625, 104.05078125, 3.235546588897705
v,100.884765625, 104.05078125, 3.1800379753112793
v,100.88330078125, 102.4990234375, 3.1799778938293457
v,100.88330078125, 102.4990234375, 3.235487461090088
v,100.345947265625, 103.390625, 3.179993152618408
v,99.763671875, 103.3916015625, 3.1799731254577637
v,99.763671875, 103.390625, 3.655128002166748
v,100.345947265625, 103.390625, 3.6551480293273926
v,100.345458984375, 102.755859375, 3.6551241874694824
v,100.345458984375, 102.755859375, 3.179969310760498
v,100.345947265625, 103.390625, 3.179993152618408
v,100.345947265625, 103.390625, 3.6551480293273926
v,99.76318359375, 102.7568359375, 3.655104160308838
v,99.76318359375, 102.7568359375, 3.179948329925537
v,100.345458984375, 102.755859375, 3.179969310760498
v,100.345458984375, 102.755859375, 3.6551241874694824
v,99.763671875, 103.390625, 3.655128002166748
v,99.763671875, 103.3916015625, 3.1799731254577637
v,99.76318359375, 102.7568359375, 3.179948329925537
v,99.76318359375, 102.7568359375, 3.655104160308838
v,101.93408203125, 104.05078125, 3.897247791290283
v,100.124755859375, 104.0517578125, 3.897183895111084
v,100.124755859375, 104.0517578125, 3.1800103187561035
v,100.884765625, 104.05078125, 3.1800379753112793
v,100.884765625, 104.05078125, 3.235546588897705
v,100.951171875, 104.05078125, 3.235548496246338
v,100.951171875, 104.0517578125, -0.727107048034668
v,101.934326171875, 104.05078125, -0.7270717620849609
v,100.12548828125, 105.0693359375, 3.8972229957580566
v,101.934814453125, 105.068359375, 3.897286891937256
v,101.93505859375, 105.0693359375, -0.7270321846008301
v,100.12548828125, 105.0693359375, -0.7270965576171875
v,101.934814453125, 105.068359375, 3.897286891937256
v,101.93408203125, 104.05078125, 3.897247791290283
v,101.934326171875, 104.05078125, -0.7270717620849609
v,101.93505859375, 105.0693359375, -0.7270321846008301
v,100.12548828125, 105.0693359375, -0.7270965576171875
v,100.12548828125, 105.0478515625, -0.7270975112915039
v,100.12548828125, 105.0478515625, 3.235558032989502
v,100.12548828125, 104.98046875, 3.235556125640869
v,100.12548828125, 104.98046875, 3.180046558380127
v,100.124755859375, 104.0517578125, 3.1800103187561035
v,100.124755859375, 104.0517578125, 3.897183895111084
v,100.12548828125, 105.0693359375, 3.8972229957580566
v,100.192138671875, 105.001953125, 3.8972229957580566
v,100.19140625, 104.1181640625, 3.8971877098083496
v,100.19140625, 104.1181640625, 3.841679096221924
v,100.192138671875, 105.001953125, 3.841714382171631
v,101.8681640625, 105.001953125, 3.897282123565674
v,100.192138671875, 105.001953125, 3.8972229957580566
v,100.192138671875, 105.001953125, 3.841714382171631
v,101.8681640625, 105.001953125, 3.841773509979248
v,100.19140625, 104.1181640625, 3.8971877098083496
v,101.86767578125, 104.1181640625, 3.897247791290283
v,101.86767578125, 104.1181640625, 3.8417391777038574
v,100.19140625, 104.1181640625, 3.841679096221924
i,0,2,3
i,13,21,25
i,36,37,30
i,46,53,54
i,71,72,62
i,75,76,80
i,87,89,86
i,92,99,100
i,111,112,106
i,116,117,122
i,126,128,129
i,132,133,136
i,140,142,143
i,145,147,144
i,149,151,148
i,152,153,157
i,160,162,163
i,165,167,164
i,168,170,171
i,172,174,175
i,176,178,179
i,181,183,180
i,185,187,184
i,189,191,188
i,193,195,192
i,197,199,196
i,201,203,200
i,205,207,204
i,208,210,211
i,212,214,215
i,216,218,219
i,221,223,220
i,224,225,228
i,232,234,235
i,237,240,241
i,244,246,247
i,248,250,251
i,253,255,252
i,256,258,259
i,260,262,263
i,265,267,264
i,268,270,271
i,272,274,275
i,277,279,276
i,281,283,280
i,285,287,284
i,288,290,291
i,293,295,292
i,297,299,300
i,304,305,306
i,309,312,313
i,320,321,317
i,322,324,325
i,327,329,326
i,330,332,333
i,335,337,334
i,338,340,341
i,342,344,345
i,347,349,346
i,351,353,350
i,356,357,358
i,361,363,364
i,371,372,373
i,378,379,375
i,381,382,383
i,386,388,385
i,391,392,393
i,395,397,394
i,398,400,401
i,402,404,405
i,406,408,409
i,410,412,413
i,419,421,414
i,422,424,425
i,426,428,429
i,437,432,433
i,439,441,438
i,443,445,442
i,446,448,449
i,0,1,2
i,4,5,6
i,6,7,8
i,8,9,10
i,10,11,12
i,13,14,15
i,8,10,12
i,8,12,6
i,12,13,6
i,4,6,25
i,25,26,4
i,23,24,22
i,24,25,22
i,22,25,21
i,19,20,21
i,17,18,19
i,15,16,17
i,6,13,25
i,13,15,17
i,17,19,21
i,13,17,21
i,39,27,38
i,27,28,38
i,28,29,38
i,29,30,37
i,30,31,36
i,31,32,36
i,32,33,35
i,33,34,35
i,29,37,38
i,32,35,36
i,57,40,41
i,43,44,55
i,44,45,54
i,55,44,54
i,45,46,54
i,46,47,52
i,53,46,52
i,48,49,51
i,49,50,51
i,57,41,42
i,56,57,43
i,57,42,43
i,47,48,51
i,47,51,52
i,55,56,43
i,74,58,59
i,65,66,67
i,67,68,69
i,65,67,69
i,74,59,60
i,73,74,61
i,74,60,61
i,64,65,69
i,64,69,70
i,72,73,61
i,63,64,71
i,64,70,71
i,72,61,62
i,63,71,62
i,76,77,79
i,77,78,79
i,79,80,76
i,80,81,75
i,81,82,85
i,75,81,85
i,82,83,85
i,83,84,85
i,87,88,89
i,90,91,101
i,91,92,100
i,93,94,96
i,94,95,96
i,96,97,98
i,103,104,102
i,104,105,102
i,93,96,98
i,93,98,92
i,98,99,92
i,102,105,90
i,101,102,90
i,100,101,91
i,113,106,112
i,106,107,111
i,107,108,111
i,108,109,111
i,109,110,111
i,123,114,115
i,118,119,121
i,119,120,121
i,123,115,116
i,118,121,122
i,122,123,116
i,117,118,122
i,129,124,125
i,126,127,128
i,129,125,126
i,139,130,138
i,130,131,138
i,136,137,132
i,137,138,132
i,134,135,133
i,135,136,133
i,138,131,132
i,140,141,142
i,145,146,147
i,149,150,151
i,153,154,156
i,154,155,156
i,158,159,152
i,153,156,157
i,157,158,152
i,160,161,162
i,165,166,167
i,168,169,170
i,172,173,174
i,176,177,178
i,181,182,183
i,185,186,187
i,189,190,191
i,193,194,195
i,197,198,199
i,201,202,203
i,205,206,207
i,208,209,210
i,212,213,214
i,216,217,218
i,221,222,223
i,225,226,227
i,228,229,224
i,229,230,224
i,230,231,224
i,225,227,228
i,232,233,234
i,243,236,241
i,236,237,241
i,237,238,240
i,238,239,240
i,241,242,243
i,244,245,246
i,248,249,250
i,253,254,255
i,256,257,258
i,260,261,262
i,265,266,267
i,268,269,270
i,272,273,274
i,277,278,279
i,281,282,283
i,285,286,287
i,288,289,290
i,293,294,295
i,301,296,297
i,297,298,299
i,300,301,297
i,307,302,306
i,302,303,306
i,303,304,306
i,315,308,313
i,308,309,313
i,309,310,312
i,310,311,312
i,313,314,315
i,321,316,317
i,317,318,319
i,319,320,317
i,322,323,324
i,327,328,329
i,330,331,332
i,335,336,337
i,338,339,340
i,342,343,344
i,347,348,349
i,351,352,353
i,359,354,358
i,354,355,358
i,355,356,358
i,367,360,361
i,361,362,363
i,364,365,367
i,365,366,367
i,367,361,364
i,373,368,371
i,368,369,371
i,369,370,371
i,379,374,375
i,375,376,377
i,377,378,375
i,384,380,383
i,380,381,383
i,386,387,388
i,393,389,390
i,390,391,393
i,395,396,397
i,398,399,400
i,402,403,404
i,406,407,408
i,410,411,412
i,414,415,419
i,415,416,418
i,416,417,418
i,419,420,421
i,415,418,419
i,422,423,424
i,426,427,428
i,437,430,432
i,430,431,432
i,435,436,433
i,436,437,433
i,433,434,435
i,439,440,441
i,443,444,445
i,446,447,448
n,-4.503796100616455, 0.00331161473877728, 0.0
n,0.00015445621102117002, 0.00016929564299061894, -4.50379753112793
n,-0.0001514087780378759, -0.00016626989236101508, 4.50379753112793
n,-0.00014310868573375046, -0.000153932545799762, 4.50379753112793
n,-0.0001667965843807906, -0.00018246435502078384, 4.50379753112793
n,-0.0001514723408035934, -0.00017416395712643862, 4.50379753112793
n,0.0, 0.0, 4.50379753112793
n,-0.00014210568042472005, -0.00014960313274059445, 4.50379753112793
n,-0.00014299122267402709, -0.00017201110313180834, 4.50379753112793
n,-0.0001708102208795026, -0.00017190977814607322, 4.50379753112793
n,-0.00015199717017821968, -0.0001719723513815552, 4.50379753112793
n,-0.00016116972255986184, -0.00017413710884284228, 4.50379753112793
n,-0.0001572554901940748, -0.00016836127906572074, 4.50379753112793
n,-0.00015931528469081968, -0.00015879802231211215, 4.50379753112793
n,-0.00016159121878445148, -0.00017667317297309637, 4.50379753112793
n,-0.00015817715029697865, -0.0001290994550799951, 4.50379753112793
n,0.026874495670199394, -4.503717422485352, 0.0
n,-4.503767490386963, -0.016467155888676643, 0.0
n,-0.025064803659915924, 4.503727912902832, 0.0
n,1.5892136096954346, 4.214094638824463, 0.0
n,2.6043238639831543, 3.674464464187622, 0.0
n,4.119515419006348, 1.820380449295044, 0.0
n,4.442518711090088, 0.7404198050498962, 0.0
n,4.503767967224121, 0.01644282415509224, 0.0
n,4.5037617683410645, 0.018043916672468185, 0.0
n,0.01940060406923294, -4.503755569458008, -0.001691289828158915
n,-1.5788167715072632, -4.218000888824463, 0.0
n,-2.588874578475952, -3.685365676879883, 0.0
n,-4.12547492980957, -1.8068337440490723, 0.0
n,-4.441605567932129, -0.7458757162094116, 0.0
n,-4.503765106201172, -0.017117349430918694, 0.0
n,-0.015536995604634285, 4.503770351409912, 0.0016912955325096846
n,0.058676596730947495, -4.503412246704102, -0.0055928644724190235
n,4.50364875793457, 0.03664210066199303, 0.00033046334283426404
n,-4.50379753112793, 0.0, 0.0
n,0.007275871466845274, 4.503791332244873, 0.0012802312849089503
n,-1.5364201068878174, -4.233628273010254, 0.0
n,-3.3398590087890625, -3.0215113162994385, -0.000908518850337714
n,-4.284429550170898, -1.3884724378585815, -0.001165463705547154
n,-0.008305744268000126, -4.503789901733398, 0.0
n,-4.503653526306152, -0.03602922707796097, 0.0
n,-0.017806710675358772, 4.503762245178223, 0.0
n,1.5076066255569458, 4.243974208831787, 0.0
n,3.345216989517212, 3.0155787467956543, 0.0
n,4.291022777557373, 1.3679611682891846, 0.0
n,4.503793239593506, -0.006312253884971142, 0.0
n,0.0, 4.50379753112793, 0.0
n,4.50379753112793, 0.0, 0.00032005817047320306
n,4.503785610198975, -0.010301792062819004, 0.00025650134193710983
n,0.0, 4.50379753112793, 0.0
n,-4.50379753112793, 0.0, 0.0
n,-0.0018358492525294423, -4.5037970542907715, 0.0
n,-1.8847546577453613, -4.090463638305664, 0.0
n,-3.634169340133667, -2.660264253616333, 0.0
n,0.0, -4.50379753112793, 0.0
n,-4.503790378570557, 0.008042482659220695, 0.0
n,-0.001853360328823328, 4.503247261047363, 0.07036323845386505
n,1.835590124130249, 4.1127610206604, 0.0
n,3.725616455078125, 2.5306074619293213, 0.0
n,4.503795146942139, -0.004241588059812784, 0.0
n,0.0, 4.50379753112793, 0.0
n,4.503795623779297, -0.004464419558644295, -9.771467830432812e-07
n,-4.503795146942139, 0.004598837811499834, 0.0
n,0.0, -4.50379753112793, 0.0
n,0.0, 4.50379753112793, 0.0
n,4.503795623779297, -0.004327546339482069, 0.0
n,0.0, -4.50379753112793, 0.0
n,-4.503795146942139, 0.00440561305731535, 0.0
n,0.0, 4.50379753112793, 0.0
n,4.503796577453613, -0.0030763638205826283, 0.0
n,-0.006709560751914978, -4.5037922859191895, 0.0
n,-4.503796577453613, 0.003080572234466672, 0.0
n,0.0, -4.50379753112793, 0.0
n,0.0, 4.50379753112793, 0.0
n,4.503796577453613, -0.0028772205114364624, 0.00021064002066850662
n,-4.5037736892700195, 0.014622660353779793, -0.0004791921528521925
n,4.503796100616455, -0.00331161473877728, 0.0
n,0.0, -4.50379753112793, 0.0
n,0.0, 4.50379753112793, 0.0
n,-4.503796100616455, 0.00331161473877728, 0.0
n,0.0001527660060673952, 0.0, -4.50379753112793
n,0.00015479094872716814, 0.0, -4.50379753112793
n,0.00016022346972022206, 0.00017592958465684205, -4.50379753112793
n,0.00016118311032187194, 0.00017410329019185156, -4.50379753112793
n,0.0, 0.0, -4.50379753112793
n,0.0001602343691047281, 0.00017502070113550872, -4.50379753112793
n,0.00015413669461850077, 0.00016996408521663398, -4.50379753112793
n,0.00015467454795725644, 0.0001712700177449733, -4.50379753112793
n,0.00015137593436520547, 0.00017209052748512477, -4.50379753112793
n,0.00015083780454006046, 0.00017219378787558526, -4.50379753112793
n,0.00015992761473171413, 0.00017476346693001688, -4.50379753112793
n,0.0001493944728281349, 0.0001657721441006288, -4.50379753112793
n,0.00015145016368478537, 0.00016687483002897352, -4.50379753112793
n,0.00015633464499842376, 0.00016274095105472952, -4.50379753112793
n,0.000439823983469978, 0.00016857024456840008, -4.50379753112793
n,0.0, 0.00016787175263743848, -4.50379753112793
n,0.00015432859072461724, 0.00017090918845497072, -4.50379753112793
n,3.2022129744291306e-05, 0.00016811619570944458, -4.50379753112793
n,0.00015520949091296643, 0.0001676571264397353, -4.50379753112793
n,0.000151577201904729, 0.0001737769489409402, -4.50379753112793
n,-0.0001476951001677662, -0.00017212257080245763, 4.50379753112793
n,-0.0001503875682828948, -0.00017259424203075469, 4.50379753112793
n,-0.00015065718616824597, -0.000165640507475473, 4.50379753112793
n,-0.0001499275240348652, -0.0001672923972364515, 4.50379753112793
n,-0.00015156116569414735, -0.0001658582332311198, 4.50379753112793
n,-0.0001511487498646602, -0.0001660614216234535, 4.50379753112793
n,-0.0001565462735015899, -0.00016658607637509704, 4.50379753112793
n,-0.0001554419577587396, -0.00016138149658218026, 4.50379753112793
n,-0.0001503859821241349, -0.00016581897216383368, 4.50379753112793
n,-0.00015454993990715593, -0.0001671446079853922, 4.50379753112793
n,-0.00014768619439564645, -0.00017361472418997437, 4.50379753112793
n,-0.00015929879737086594, -0.00017113759531639516, 4.50379753112793
n,-0.0001490528811700642, -0.00016448908718302846, 4.50379753112793
n,-0.00015922010061331093, -0.00017139871488325298, 4.50379753112793
n,-0.00015102919132914394, -0.0001620962138986215, 4.50379753112793
n,-0.0001459477498428896, -0.00015217448526527733, 4.50379753112793
n,-0.00014599748828914016, -0.00015240191714838147, 4.50379753112793
n,-0.00013691694766748697, -0.00016592149040661752, 4.50379753112793
n,-0.00016981479711830616, -0.0001614340435480699, 4.50379753112793
n,-0.00014732884301338345, -0.00017588883929420263, 4.50379753112793
n,-0.00012836724636144936, -0.00017251384269911796, 4.50379753112793
n,-0.0001436063030268997, -0.0001721663138596341, 4.50379753112793
n,-0.00015550959506072104, -0.00018457449914421886, 4.50379753112793
n,-0.00015663713566027582, -0.0001502605009591207, 4.50379753112793
n,-0.00012932464596815407, -0.0001620850816834718, 4.50379753112793
n,-0.00015442677249666303, -0.0001713599922368303, 4.50379753112793
n,-0.000636703334748745, -0.00017000583466142416, 4.50379753112793
n,-0.00012133075506426394, -0.00016810375382192433, 4.50379753112793
n,-0.0001615453656995669, -0.00016259435506071895, 4.50379753112793
n,-0.00015631869609933347, -0.00015786131552886218, 4.50379753112793
n,-0.00014834672037977725, -0.0001723929453874007, 4.50379753112793
n,-0.00017011417367029935, -0.00017179294081870466, 4.50379753112793
n,-0.00015733092732261866, -0.00015835257363505661, 4.50379753112793
n,-0.00015765693387947977, -0.00014860239753033966, 4.50379753112793
n,-0.00014929502503946424, -0.000166466023074463, 4.50379753112793
n,-0.00015839359548408538, -0.00017773588479030877, 4.50379753112793
n,-0.00014263138291426003, -0.0001512068120064214, 4.50379753112793
n,-0.000169840976013802, -0.0001771161041688174, 4.50379753112793
n,-0.00016158305516000837, -0.0001756009878590703, 4.50379753112793
n,-0.00015638041077181697, -0.00017201073933392763, 4.50379753112793
n,-0.0001544286496937275, -0.0001723844325169921, 4.50379753112793
n,-0.00015583954518660903, -0.00016855238936841488, 4.50379753112793
n,-0.00015295518096536398, -0.00016998690261971205, 4.50379753112793
n,-0.0001487387780798599, -0.0001683993759797886, 4.50379753112793
n,-0.00014045073476154357, -0.00017733359709382057, 4.50379753112793
n,-0.00015758357767481357, -0.00016715314995963126, 4.50379753112793
n,-0.0001578369556227699, -0.00016839581076055765, 4.50379753112793
n,0.0, 0.0, 4.50379753112793
n,-0.0001684460585238412, -0.00018658896442502737, 4.50379753112793
n,-0.00016592262545600533, -0.00016887234232854098, 4.50379753112793
n,0.00045472895726561546, -0.00017115492664743215, 4.50379753112793
n,0.0, -0.00016243498248513788, 4.50379753112793
n,-0.00018649779667612165, -0.0001567469589645043, 4.50379753112793
n,-0.00014650625234935433, -0.00016916307504288852, 4.50379753112793
n,-0.00015096933930180967, -0.00014854995242785662, 4.50379753112793
n,-0.00012752470502164215, -0.0001866547390818596, 4.50379753112793
n,-0.0001550659362692386, -0.00021446777100209147, 4.50379753112793
n,-0.00015715342306066304, -0.000146304999361746, 4.50379753112793
n,-0.00017431617015972733, -0.00017152263899333775, 4.50379753112793
n,-0.00017334512085653841, -0.00017154884699266404, 4.50379753112793
n,-0.0001479207130614668, -0.0001834600989241153, 4.50379753112793
n,-0.00014650625234935433, -0.0001715741236694157, 4.50379753112793
n,-0.0001434104924555868, -0.00018039655697066337, 4.50379753112793
n,-0.000147953542182222, -0.0001655283704167232, 4.50379753112793
n,-0.00015721020463388413, -0.00015441709547303617, 4.50379753112793
n,-0.00015735752822365612, -0.00015679899661336094, 4.50379753112793
n,-0.00015522413013968617, -0.00017085601575672626, 4.50379753112793
n,-0.00017246224160771817, -0.00017190229846164584, 4.50379753112793
n,-0.00017191816004924476, -0.0001719261781545356, 4.50379753112793
n,-0.00015611245180480182, -0.00015560559404548258, 4.50379753112793
n,-0.00015527945652138442, -0.00015477529086638242, 4.50379753112793
n,-0.00017251275130547583, -0.00017195263353642076, 4.50379753112793
n,-0.00015635674935765564, -0.00018636324966792017, 4.50379753112793
n,-0.00015328323934227228, -0.0001627687452128157, 4.50379753112793
n,-0.0001533694303361699, -0.0001726367772789672, 4.50379753112793
n,-0.0001494857860961929, -0.00017414509784430265, 4.50379753112793
n,-0.00015920595615170896, -0.00017647516506258398, 4.50379753112793
n,-0.0001492935261921957, -0.0001726401096675545, 4.50379753112793
n,-0.0001575242349645123, -0.00017194024985656142, 4.50379753112793
n,-0.00016081362264230847, -0.0001692549412837252, 4.50379753112793
n,-0.00015749796875752509, -0.0001627652090974152, 4.50379753112793
n,-0.0001566543069202453, -0.00016467914974782616, 4.50379753112793
n,-0.00015750600141473114, -0.0001681480644037947, 4.50379753112793
n,-0.0001575059723109007, -0.00016813109687063843, 4.50379753112793
n,-0.00016033151769079268, -0.00018531571549829096, 4.50379753112793
n,-0.00015931528469081968, -0.00017236285202670842, 4.50379753112793
n,-0.00011942093260586262, -0.00017615320393815637, 4.50379753112793
n,-0.00017316789308097214, -0.00017235265113413334, 4.50379753112793
n,-0.0001728939387248829, -0.00017233259859494865, 4.50379753112793
n,-0.00016159121878445148, -0.00021818657114636153, 4.50379753112793
n,-0.00011118468682980165, -0.00017671023670118302, 4.50379753112793
n,0.026874495670199394, -4.503717422485352, 0.0
n,-4.503767490386963, -0.016467155888676643, 0.0
n,-0.025064803659915924, 4.503727912902832, 0.0
n,1.5892136096954346, 4.214094638824463, 0.0
n,2.6043238639831543, 3.674464464187622, 0.0
n,4.119515419006348, 1.820380449295044, 0.0
n,4.442518711090088, 0.7404198050498962, 0.0
n,4.503767967224121, 0.01644282415509224, 0.0
n,4.503761291503906, 0.018015045672655106, 6.765168564015767e-06
n,0.021017223596572876, -4.503748416900635, 0.0
n,-1.5788167715072632, -4.218000888824463, 0.0
n,-2.588874578475952, -3.685365676879883, 0.0
n,-4.125474452972412, -1.8068338632583618, 0.0
n,-4.441605567932129, -0.7458756566047668, 0.0
n,-4.503765106201172, -0.017117349430918694, 0.0
n,-0.023305239155888557, 4.503737449645996, 0.0
n,0.0, -4.50379753112793, 0.0
n,0.013753348030149937, -4.503776550292969, -0.0013109251158311963
n,0.014194898307323456, -4.503775119781494, 0.0
n,0.014194898307323456, -4.503775119781494, 0.0
n,-0.7000373005867004, -4.449059963226318, -0.0013144207186996937
n,4.503647804260254, 0.036678265780210495, 0.00032004754757508636
n,-4.503796100616455, 0.00354319647885859, 0.0
n,-4.503796100616455, 0.003444452304393053, -0.000330328504787758
n,-4.50379753112793, 0.0, 0.0
n,-4.50379753112793, 0.0, 0.0
n,-4.503796100616455, 0.0035431962460279465, 0.0
n,0.0, 4.50379753112793, 0.0
n,-1.5364201068878174, -4.233628273010254, 0.0
n,-3.3412487506866455, -3.019974946975708, 0.0
n,-4.28515625, -1.386228084564209, 0.0
n,-0.008305744268000126, -4.503789901733398, 0.0
n,-4.503653526306152, -0.03602922707796097, 0.0
n,-0.017806710675358772, 4.503762245178223, 0.0
n,1.5076066255569458, 4.243974208831787, 0.0
n,3.345216989517212, 3.0155787467956543, 0.0
n,4.291022777557373, 1.3679611682891846, 0.0
n,4.503793239593506, -0.006312253884971142, 0.0
n,0.0, 4.50379753112793, 0.0
n,4.50379753112793, 0.0, 0.00032005817047320306
n,4.503790855407715, -0.007729618344455957, 0.0
n,4.50378942489624, -0.008595029823482037, 0.0003200576175004244
n,4.503790855407715, -0.007929205894470215, -0.0001000611882773228
n,0.0, 4.50379753112793, 0.0
n,0.0, 4.50379753112793, 0.0
n,0.0, 4.50379753112793, 0.0
n,-4.503795146942139, 0.0042156013660132885, 0.0
n,-4.503796100616455, 0.0040970840491354465, -0.0003995171282440424
n,-4.50379753112793, 0.0, 0.0
n,-4.50379753112793, 0.0, 0.0
n,-4.503795146942139, 0.0042156013660132885, 0.0
n,-0.0018358491361141205, -4.5037970542907715, 0.0
n,0.0, -4.50379753112793, 0.0
n,-0.001783157465979457, -4.50379753112793, 0.00014830978761892766
n,-1.8847546577453613, -4.090463638305664, 0.0
n,-3.634169340133667, -2.660264253616333, 0.0
n,0.0, -4.50379753112793, 0.0
n,-4.503790378570557, 0.008042482659220695, 0.0
n,-0.003702257527038455, 4.503796100616455, 0.0
n,1.8641453981399536, 4.099396228790283, 0.06405306607484818
n,3.725616455078125, 2.5306074619293213, 0.0
n,4.503795146942139, -0.004241588059812784, 0.0
n,0.0032600772101432085, 4.503796577453613, 0.0
n,0.003260076977312565, 4.503796100616455, 0.0
n,0.002476663328707218, 4.5037970542907715, -0.00024655790184624493
n,4.50379753112793, 0.0, 0.0
n,4.503796100616455, -0.0037184704560786486, 0.00032005811226554215
n,4.503795146942139, -0.0042237392626702785, -0.002013586228713393
n,4.503796577453613, -0.0031987191177904606, 0.0
n,4.503795146942139, -0.004461543168872595, -5.11832831762149e-06
n,-4.503795146942139, 0.004598837345838547, 0.0
n,-4.5037946701049805, 0.004479976836591959, -0.0019499558256939054
n,-4.50379753112793, 0.0, 0.0
n,0.0, -4.50379753112793, 0.0
n,0.0, -4.50379753112793, 0.0
n,0.0, -4.50379753112793, 0.0
n,0.0, 4.50379753112793, 0.0
n,0.0, 4.50379753112793, 0.0
n,4.503795623779297, -0.004327546339482069, 0.0
n,-0.010839433409273624, -4.503784656524658, 0.0
n,-0.00345066050067544, -4.503540992736816, -0.04795451462268829
n,-4.503795146942139, 0.00440561305731535, 0.0
n,0.006709262263029814, 4.503785133361816, 0.00822098832577467
n,4.503796577453613, -0.0030763638205826283, 0.0
n,-0.006709560751914978, -4.5037922859191895, 0.0
n,-4.503796100616455, 0.003076363354921341, 5.615443114947993e-06
n,-0.0021589123643934727, -4.503795623779297, 0.0032068733125925064
n,-0.00513985101133585, -4.503794193267822, 0.0
n,-0.005139851476997137, -4.5037946701049805, 0.0
n,-0.003973317798227072, -4.503795146942139, -0.0009857651311904192
n,-2.253530482221322e-07, -4.503793716430664, 0.005903649143874645
n,0.0021590290125459433, 4.5037970542907715, 0.0008448199951089919
n,4.503796577453613, -0.0028796736150979996, 0.0002111796784447506
n,-4.50379753112793, 0.0, 0.0
n,-4.50379753112793, 0.0, 0.0
n,-4.503796577453613, 0.0031539194751530886, 0.0
n,-4.503795623779297, 0.003839516080915928, 0.0009625558159314096
n,-4.503796577453613, 0.003153919242322445, 0.0
n,4.503796100616455, -0.00331161473877728, 0.0
n,0.0, -4.50379753112793, 0.0
n,0.0, 4.50379753112793, 0.0
u,0.6595383286476135, 0.023316100239753723, 0
u,0.7081698775291443, 0.03139510005712509, 0
u,0.6595383286476135, 0.03139510005712509, 0
u,0.0, 0.0, 0
u,0.0, 0.0, 0
u,0.0, 0.0, 0
u,0.3474316895008087, 0.516973614692688, 0
u,0.3341588079929352, 0.5560799837112427, 0
u,0.3158159852027893, 0.4862631857395172, 0
u,0.3331359922885895, 0.4414367079734802, 0
u,0.33490079641342163, 0.45021578669548035, 0
u,0.3158159852027893, 0.4862631857395172, 0
u,0.3494935929775238, 0.5250301957130432, 0
u,0.33737120032310486, 0.5609555244445801, 0
u,0.3341588079929352, 0.5560799837112427, 0
u,0.36282241344451904, 0.5846155285835266, 0
u,0.35783201456069946, 0.6027966737747192, 0
u,0.33737120032310486, 0.5609555244445801, 0
u,0.49485328793525696, 0.648238480091095, 0
u,0.4945923984050751, 0.6483495235443115, 0
u,0.49459218978881836, 0.6482418775558472, 0
u,0.3701969087123871, 0.5755125880241394, 0
u,0.37100550532341003, 0.585070013999939, 0
u,0.36515429615974426, 0.592106819152832, 0
u,0.3793770968914032, 0.6035031080245972, 0
u,0.38007229566574097, 0.9871286153793335, 0
u,0.36162498593330383, 0.6060342192649841, 0
u,0.380090594291687, 0.9972230792045593, 0
u,0.3793770968914032, 0.6035031080245972, 0
u,0.3831822872161865, 0.6134905219078064, 0
u,0.4272848069667816, 0.7473285794258118, 0
u,0.3838594853878021, 0.987154483795166, 0
u,0.3831822872161865, 0.6134905219078064, 0
u,0.4603916108608246, 0.746967613697052, 0
u,0.46022430062294006, 0.6514034867286682, 0
u,0.49074000120162964, 0.6123666763305664, 0
u,0.42711758613586426, 0.6517648100852966, 0
u,0.4603916108608246, 0.746967613697052, 0
u,0.4272848069667816, 0.7473285794258118, 0
u,0.5472984910011292, 0.9886165857315063, 0
u,0.4482240080833435, 0.9997143149375916, 0
u,0.4519939124584198, 0.9896463751792908, 0
u,0.547075629234314, 0.8554458022117615, 0
u,0.4519939124584198, 0.9896463751792908, 0
u,0.4517652988433838, 0.8565009832382202, 0
u,0.4479610025882721, 0.8465160727500916, 0
u,0.5508459210395813, 0.8453769087791443, 0
u,0.4517652988433838, 0.8565009832382202, 0
u,0.0, 0.012953399680554867, 0
u,0.0242225993424654, 0.004789200145751238, 0
u,0.0242225993424654, 0.012953399680554867, 0
u,0.41407719254493713, 0.012953399680554867, 0
u,0.38770338892936707, 0.004789200145751238, 0
u,0.41407719254493713, 0.004789200145751238, 0
u,0.25781890749931335, 0.004789200145751238, 0
u,0.38770338892936707, 0.012953399680554867, 0
u,0.25781890749931335, 0.012953399680554867, 0
u,0.2335263043642044, 0.004789200145751238, 0
u,0.25781890749931335, 0.012953399680554867, 0
u,0.2335263043642044, 0.012953399680554867, 0
u,0.21062049269676208, 0.004789200145751238, 0
u,0.2335263043642044, 0.012953399680554867, 0
u,0.21062049269676208, 0.012953399680554867, 0
u,0.21062049269676208, 0.004789200145751238, 0
u,0.19112640619277954, 0.012953399680554867, 0
u,0.19112640619277954, 0.004789200145751238, 0
u,0.19112640619277954, 0.004789200145751238, 0
u,0.16283510625362396, 0.012953399680554867, 0
u,0.16283510625362396, 0.004789200145751238, 0
u,0.16283510625362396, 0.004789200145751238, 0
u,0.0242225993424654, 0.012953399680554867, 0
u,0.0242225993424654, 0.004789200145751238, 0
u,0.0, 0.015544099733233452, 0
u,0.02942110039293766, 0.3479171097278595, 0
u,0.0, 0.3479171097278595, 0
u,0.16076399385929108, 0.015544099733233452, 0
u,0.02942110039293766, 0.3479171097278595, 0
u,0.02942110039293766, 0.015544099733233452, 0
u,0.18563149869441986, 0.015544099733233452, 0
u,0.16076399385929108, 0.3479171097278595, 0
u,0.16076399385929108, 0.015544099733233452, 0
u,0.20951220393180847, 0.015544099733233452, 0
u,0.18563149869441986, 0.3479171097278595, 0
u,0.18563149869441986, 0.015544099733233452, 0
u,0.20951220393180847, 0.015544099733233452, 0
u,0.23003900051116943, 0.3479171097278595, 0
u,0.20951220393180847, 0.3479171097278595, 0
u,0.23003900051116943, 0.015544099733233452, 0
u,0.25845518708229065, 0.3479171097278595, 0
u,0.23003900051116943, 0.3479171097278595, 0
u,0.25845518708229065, 0.015544099733233452, 0
u,0.3979896008968353, 0.3479171097278595, 0
u,0.25845518708229065, 0.3479171097278595, 0
u,0.4253269135951996, 0.3479171097278595, 0
u,0.3979896008968353, 0.015544099733233452, 0
u,0.4253269135951996, 0.015544099733233452, 0
u,0.6702266931533813, 0.701116681098938, 0
u,0.6702266931533813, 0.6921527981758118, 0
u,0.7079194188117981, 0.6915947794914246, 0
u,0.552837610244751, 0.6915947794914246, 0
u,0.7079194188117981, 0.5732734203338623, 0
u,0.7079194188117981, 0.6915947794914246, 0
u,0.8483365774154663, 0.9948186278343201, 0
u,0.8486117124557495, 0.8924465179443359, 0
u,0.8520845770835876, 0.8924465179443359, 0
u,0.4275929927825928, 0.12176170200109482, 0
u,0.5872250199317932, 0.04738660156726837, 0
u,0.5872250199317932, 0.12176170200109482, 0
u,0.7484195828437805, 0.46632120013237, 0
u,0.7665777206420898, 0.3555217981338501, 0
u,0.7665777206420898, 0.46632120013237, 0
u,0.7300829887390137, 0.3555217981338501, 0
u,0.7484195828437805, 0.46632120013237, 0
u,0.7300829887390137, 0.46632120013237, 0
u,0.7300829887390137, 0.46632120013237, 0
u,0.709393322467804, 0.3555217981338501, 0
u,0.7300829887390137, 0.3555217981338501, 0
u,0.4266144931316376, 0.046632200479507446, 0
u,0.452343612909317, 0.0385918989777565, 0
u,0.452343612909317, 0.046632200479507446, 0
u,0.7867141962051392, 0.046632200479507446, 0
u,0.7630059123039246, 0.0385918989777565, 0
u,0.7867141962051392, 0.0385918989777565, 0
u,0.6429728269577026, 0.0385918989777565, 0
u,0.7630059123039246, 0.046632200479507446, 0
u,0.6429728269577026, 0.046632200479507446, 0
u,0.6255304217338562, 0.0385918989777565, 0
u,0.6429728269577026, 0.046632200479507446, 0
u,0.6255304217338562, 0.046632200479507446, 0
u,0.6255304217338562, 0.0385918989777565, 0
u,0.6080225706100464, 0.046632200479507446, 0
u,0.6080225706100464, 0.0385918989777565, 0
u,0.6080225706100464, 0.0385918989777565, 0
u,0.5877730250358582, 0.046632200479507446, 0
u,0.5877730250358582, 0.0385918989777565, 0
u,0.5877730250358582, 0.0385918989777565, 0
u,0.452343612909317, 0.046632200479507446, 0
u,0.452343612909317, 0.0385918989777565, 0
u,0.4706457853317261, 0.3756476938724518, 0
u,0.6193233728408813, 0.37623921036720276, 0
u,0.4706457853317261, 0.37623921036720276, 0
u,0.4706457853317261, 0.3763273060321808, 0
u,0.6193233728408813, 0.37623921036720276, 0
u,0.6193233728408813, 0.3763273060321808, 0
u,0.4364561140537262, 0.3657301068305969, 0
u,0.30039140582084656, 0.35233160853385925, 0
u,0.4701702892780304, 0.35233160853385925, 0
u,0.6582924127578735, 0.3800860047340393, 0
u,0.6582924127578735, 0.3802329897880554, 0
u,0.5086923241615295, 0.3802329897880554, 0
u,0.7103717923164368, 0.9948186278343201, 0
u,0.7107167840003967, 0.8902792930603027, 0
u,0.7141954898834229, 0.8902792930603027, 0
u,0.5681362152099609, 0.5699481964111328, 0
u,0.5681362152099609, 0.4575333893299103, 0
u,0.679470419883728, 0.4652225077152252, 0
u,0.5606489181518555, 0.5699481964111328, 0
u,0.5681362152099609, 0.4575333893299103, 0
u,0.5681362152099609, 0.5699481964111328, 0
u,0.552837610244751, 0.4575333893299103, 0
u,0.5606489181518555, 0.5699481964111328, 0
u,0.552837610244751, 0.5699481964111328, 0
u,0.9951077103614807, 0.22538860142230988, 0
u,0.9981520771980286, 0.27076369524002075, 0
u,0.9951077103614807, 0.27076369524002075, 0
u,0.9951077103614807, 0.9952260851860046, 0
u,0.9981520771980286, 0.977632999420166, 0
u,0.9981520771980286, 0.9952260851860046, 0
u,0.9981520771980286, 0.6711711883544922, 0
u,0.9951077103614807, 0.977632999420166, 0
u,0.9951077103614807, 0.6711711883544922, 0
u,0.9981520771980286, 0.6547567844390869, 0
u,0.9951077103614807, 0.6711711883544922, 0
u,0.9951077103614807, 0.6547567844390869, 0
u,0.9981520771980286, 0.6547567844390869, 0
u,0.9951077103614807, 0.6385775208473206, 0
u,0.9981520771980286, 0.6385775208473206, 0
u,0.9981520771980286, 0.6385775208473206, 0
u,0.9951077103614807, 0.27076369524002075, 0
u,0.9981520771980286, 0.27076369524002075, 0
u,0.8430327773094177, 0.3497408926486969, 0
u,0.6431877017021179, 0.3497408926486969, 0
u,0.6431877017021179, 0.2970569133758545, 0
u,0.5860164165496826, 0.3048514127731323, 0
u,0.4275929927825928, 0.12435229867696762, 0
u,0.6333404779434204, 0.12435229867696762, 0
u,0.985306978225708, 0.9880704879760742, 0
u,0.9823874831199646, 0.9880704879760742, 0
u,0.9823874831199646, 0.633166491985321, 0
u,0.9934819936752319, 0.633166491985321, 0
u,0.9823874831199646, 0.633166491985321, 0
u,0.985306978225708, 0.3596791923046112, 0
u,0.5010247826576233, 0.012953399680554867, 0
u,0.5010247826576233, 0.004889400210231543, 0
u,0.5624908208847046, 0.004889400210231543, 0
u,0.6048262119293213, 0.012953399680554867, 0
u,0.7410274744033813, 0.004889400210231543, 0
u,0.7410274744033813, 0.012953399680554867, 0
u,0.7410274744033813, 0.012953399680554867, 0
u,0.7410274744033813, 0.004889400210231543, 0
u,0.7833405137062073, 0.004889400210231543, 0
u,0.41585129499435425, 0.004889400210231543, 0
u,0.5010247826576233, 0.012953399680554867, 0
u,0.41585129499435425, 0.012953399680554867, 0
u,0.5862690210342407, 0.3871181011199951, 0
u,0.6169338226318359, 0.4533678889274597, 0
u,0.5862690210342407, 0.4533678889274597, 0
u,0.552837610244751, 0.4533678889274597, 0
u,0.5862690210342407, 0.3871181011199951, 0
u,0.5862690210342407, 0.4533678889274597, 0
u,0.6503651142120361, 0.4533678889274597, 0
u,0.6810297966003418, 0.3871181011199951, 0
u,0.6810297966003418, 0.4533678889274597, 0
u,0.6169338226318359, 0.4533678889274597, 0
u,0.6503651142120361, 0.3871181011199951, 0
u,0.6503651142120361, 0.4533678889274597, 0
u,0.043487001210451126, 0.907823920249939, 0
u,0.0952150970697403, 0.355787992477417, 0
u,0.0952150970697403, 1.0, 0
u,0.24398189783096313, 1.0, 0
u,0.14877289533615112, 0.355787992477417, 0
u,0.24398189783096313, 0.355787992477417, 0
u,0.14877289533615112, 1.0, 0
u,0.0952150970697403, 0.355787992477417, 0
u,0.14877289533615112, 0.355787992477417, 0
u,0.24398189783096313, 1.0, 0
u,0.24511480331420898, 0.907823920249939, 0
u,0.24861960113048553, 0.907823920249939, 0
u,0.5673847794532776, 0.023316100239753723, 0
u,0.5187625288963318, 0.03139510005712509, 0
u,0.5187625288963318, 0.023316100239753723, 0
u,0.5187625288963318, 0.023316100239753723, 0
u,0.4266144931316376, 0.03139510005712509, 0
u,0.4266144931316376, 0.023316100239753723, 0
u,0.5673847794532776, 0.023316100239753723, 0
u,0.6595383286476135, 0.03139510005712509, 0
u,0.5673847794532776, 0.03139510005712509, 0
u,0.6595383286476135, 0.023316100239753723, 0
u,0.7081698775291443, 0.023316100239753723, 0
u,0.7081698775291443, 0.03139510005712509, 0
u,0.0, 0.0, 0
u,0.0, 0.0, 0
u,0.0, 0.0, 0
u,0.0, 0.0, 0
u,0.0, 0.0, 0
u,0.0, 0.0, 0
u,0.0, 0.0, 0
u,0.0, 0.0, 0
u,0.0, 0.0, 0
u,0.0, 0.0, 0
u,0.0, 0.0, 0
u,0.0, 0.0, 0
u,0.0, 0.0, 0
u,0.0, 0.0, 0
u,0.0, 0.0, 0
u,0.0, 0.0, 0
u,0.0, 0.0, 0
u,0.0, 0.0, 0
u,0.0, 0.0, 0
u,0.0, 0.0, 0
u,0.0, 0.0, 0
u,0.0, 0.0, 0
u,0.0, 0.0, 0
u,0.0, 0.0, 0
u,0.0, 0.0, 0
u,0.0, 0.0, 0
u,0.0, 0.0, 0
u,0.0, 0.0, 0
u,0.0, 0.0, 0
u,0.0, 0.0, 0
u,0.0, 0.0, 0
u,0.0, 0.0, 0
u,0.0, 0.0, 0
u,0.0, 0.0, 0
u,0.0, 0.0, 0
u,0.0, 0.0, 0
u,0.0, 0.0, 0
u,0.0, 0.0, 0
u,0.0, 0.0, 0
u,0.0, 0.0, 0
u,0.0, 0.0, 0
u,0.0, 0.0, 0
u,0.0, 0.0, 0
u,0.0, 0.0, 0
u,0.0, 0.0, 0
u,0.0, 0.0, 0
u,0.0, 0.0, 0
u,0.0, 0.0, 0
u,0.0, 0.0, 0
u,0.0, 0.0, 0
u,0.0, 0.0, 0
u,0.0, 0.0, 0
u,0.0, 0.0, 0
u,0.0, 0.0, 0
u,0.0, 0.0, 0
u,0.0, 0.0, 0
u,0.0, 0.0, 0
u,0.0, 0.0, 0
u,0.0, 0.0, 0
u,0.0, 0.0, 0
u,0.32799118757247925, 0.9859868288040161, 0
u,0.30320000648498535, 0.985948383808136, 0
u,0.32734569907188416, 0.6125941276550293, 0
u,0.30320000648498535, 0.985948383808136, 0
u,0.30317509174346924, 0.6103354096412659, 0
u,0.32734569907188416, 0.6125941276550293, 0
u,0.30317509174346924, 0.6103354096412659, 0
u,0.30782490968704224, 0.534666121006012, 0
u,0.32734569907188416, 0.6125941276550293, 0
u,0.30782490968704224, 0.534666121006012, 0
u,0.3158159852027893, 0.4862631857395172, 0
u,0.3341588079929352, 0.5560799837112427, 0
u,0.3158159852027893, 0.4862631857395172, 0
u,0.33490079641342163, 0.45021578669548035, 0
u,0.3474316895008087, 0.516973614692688, 0
u,0.33490079641342163, 0.45021578669548035, 0
u,0.35813769698143005, 0.42680200934410095, 0
u,0.3474316895008087, 0.516973614692688, 0
u,0.35813769698143005, 0.42680200934410095, 0
u,0.49107038974761963, 0.42734038829803467, 0
u,0.3658882975578308, 0.49900808930397034, 0
u,0.49107038974761963, 0.42734038829803467, 0
u,0.4910680949687958, 0.49880799651145935, 0
u,0.3658882975578308, 0.49900808930397034, 0
u,0.30782490968704224, 0.534666121006012, 0
u,0.3341588079929352, 0.5560799837112427, 0
u,0.32734569907188416, 0.6125941276550293, 0
u,0.35813769698143005, 0.42680200934410095, 0
u,0.3658882975578308, 0.49900808930397034, 0
u,0.3474316895008087, 0.516973614692688, 0
u,0.30320000648498535, 0.985948383808136, 0
u,0.32799118757247925, 0.9859868288040161, 0
u,0.3280085027217865, 0.996013879776001, 0
u,0.29941290616989136, 0.6095247268676758, 0
u,0.30421900749206543, 0.5318607091903687, 0
u,0.30782490968704224, 0.534666121006012, 0
u,0.30421900749206543, 0.5318607091903687, 0
u,0.3127622902393341, 0.47970500588417053, 0
u,0.3158159852027893, 0.4862631857395172, 0
u,0.30782490968704224, 0.534666121006012, 0
u,0.30421900749206543, 0.5318607091903687, 0
u,0.3158159852027893, 0.4862631857395172, 0
u,0.3127622902393341, 0.47970500588417053, 0
u,0.3331359922885895, 0.4414367079734802, 0
u,0.3158159852027893, 0.4862631857395172, 0
u,0.3331359922885895, 0.4414367079734802, 0
u,0.35746970772743225, 0.4170984923839569, 0
u,0.35813769698143005, 0.42680200934410095, 0
u,0.33490079641342163, 0.45021578669548035, 0
u,0.3331359922885895, 0.4414367079734802, 0
u,0.35813769698143005, 0.42680200934410095, 0
u,0.49485790729522705, 0.4173193871974945, 0
u,0.49485519528388977, 0.4988020062446594, 0
u,0.49107038974761963, 0.42734038829803467, 0
u,0.49485519528388977, 0.4988020062446594, 0
u,0.4910680949687958, 0.49880799651145935, 0
u,0.49107038974761963, 0.42734038829803467, 0
u,0.30320000648498535, 0.985948383808136, 0
u,0.3280085027217865, 0.996013879776001, 0
u,0.29941290616989136, 0.9959694743156433, 0
u,0.30317509174346924, 0.6103354096412659, 0
u,0.30320000648498535, 0.985948383808136, 0
u,0.29941290616989136, 0.6095247268676758, 0
u,0.30320000648498535, 0.985948383808136, 0
u,0.29941290616989136, 0.9959694743156433, 0
u,0.29941290616989136, 0.6095247268676758, 0
u,0.35746970772743225, 0.4170984923839569, 0
u,0.49485790729522705, 0.4173193871974945, 0
u,0.49107038974761963, 0.42734038829803467, 0
u,0.35746970772743225, 0.4170984923839569, 0
u,0.49107038974761963, 0.42734038829803467, 0
u,0.35813769698143005, 0.42680200934410095, 0
u,0.30782490968704224, 0.534666121006012, 0
u,0.30317509174346924, 0.6103354096412659, 0
u,0.29941290616989136, 0.6095247268676758, 0
u,0.3317795991897583, 0.9867386817932129, 0
u,0.3585185110569, 0.9864389896392822, 0
u,0.35853639245033264, 0.9964659214019775, 0
u,0.4950909912586212, 0.498801589012146, 0
u,0.49488040804862976, 0.6311556100845337, 0
u,0.49475589394569397, 0.5740277171134949, 0
u,0.49475589394569397, 0.5740277171134949, 0
u,0.4911840856075287, 0.5740702152252197, 0
u,0.49128788709640503, 0.508834719657898, 0
u,0.4950909912586212, 0.498801589012146, 0
u,0.49475589394569397, 0.5740277171134949, 0
u,0.49128788709640503, 0.508834719657898, 0
u,0.3317795991897583, 0.9867386817932129, 0
u,0.35853639245033264, 0.9964659214019775, 0
u,0.3280099034309387, 0.9968081712722778, 0
u,0.3310430943965912, 0.6140956878662109, 0
u,0.3317795991897583, 0.9867386817932129, 0
u,0.32734569907188416, 0.6125941276550293, 0
u,0.3317795991897583, 0.9867386817932129, 0
u,0.3280099034309387, 0.9968081712722778, 0
u,0.32734569907188416, 0.6125941276550293, 0
u,0.3658882975578308, 0.49900808930397034, 0
u,0.4950909912586212, 0.498801589012146, 0
u,0.49128788709640503, 0.508834719657898, 0
u,0.3658882975578308, 0.49900808930397034, 0
u,0.49128788709640503, 0.508834719657898, 0
u,0.366542786359787, 0.5087273120880127, 0
u,0.33737120032310486, 0.5609555244445801, 0
u,0.3310430943965912, 0.6140956878662109, 0
u,0.32734569907188416, 0.6125941276550293, 0
u,0.3474316895008087, 0.516973614692688, 0
u,0.3658882975578308, 0.49900808930397034, 0
u,0.3494935929775238, 0.5250301957130432, 0
u,0.3658882975578308, 0.49900808930397034, 0
u,0.366542786359787, 0.5087273120880127, 0
u,0.3494935929775238, 0.5250301957130432, 0
u,0.33737120032310486, 0.5609555244445801, 0
u,0.32734569907188416, 0.6125941276550293, 0
u,0.3341588079929352, 0.5560799837112427, 0
u,0.3474316895008087, 0.516973614692688, 0
u,0.3494935929775238, 0.5250301957130432, 0
u,0.3341588079929352, 0.5560799837112427, 0
u,0.35783201456069946, 0.6027966737747192, 0
u,0.3585185110569, 0.9864389896392822, 0
u,0.3310430943965912, 0.6140956878662109, 0
u,0.3585185110569, 0.9864389896392822, 0
u,0.3317795991897583, 0.9867386817932129, 0
u,0.3310430943965912, 0.6140956878662109, 0
u,0.3310430943965912, 0.6140956878662109, 0
u,0.33737120032310486, 0.5609555244445801, 0
u,0.35783201456069946, 0.6027966737747192, 0
u,0.33737120032310486, 0.5609555244445801, 0
u,0.3494935929775238, 0.5250301957130432, 0
u,0.36282241344451904, 0.5846155285835266, 0
u,0.3494935929775238, 0.5250301957130432, 0
u,0.366542786359787, 0.5087273120880127, 0
u,0.3701969087123871, 0.5755125880241394, 0
u,0.36282241344451904, 0.5846155285835266, 0
u,0.3494935929775238, 0.5250301957130432, 0
u,0.3701969087123871, 0.5755125880241394, 0
u,0.366542786359787, 0.5087273120880127, 0
u,0.49128788709640503, 0.508834719657898, 0
u,0.3701969087123871, 0.5755125880241394, 0
u,0.49128788709640503, 0.508834719657898, 0
u,0.4911840856075287, 0.5740702152252197, 0
u,0.3701969087123871, 0.5755125880241394, 0
u,0.49485328793525696, 0.648238480091095, 0
u,0.49485310912132263, 0.648341178894043, 0
u,0.4945923984050751, 0.6483495235443115, 0
u,0.35783201456069946, 0.6027966737747192, 0
u,0.36282241344451904, 0.5846155285835266, 0
u,0.36162498593330383, 0.6060342192649841, 0
u,0.36282241344451904, 0.5846155285835266, 0
u,0.3701969087123871, 0.5755125880241394, 0
u,0.36515429615974426, 0.592106819152832, 0
u,0.49475589394569397, 0.5740277171134949, 0
u,0.49491769075393677, 0.6482375860214233, 0
u,0.49450889229774475, 0.602300226688385, 0
u,0.49491769075393677, 0.6482375860214233, 0
u,0.49459218978881836, 0.6482418775558472, 0
u,0.49450889229774475, 0.602300226688385, 0
u,0.49450889229774475, 0.602300226688385, 0
u,0.49103039503097534, 0.6023365259170532, 0
u,0.49099060893058777, 0.5840997099876404, 0
u,0.38007229566574097, 0.9871286153793335, 0
u,0.380090594291687, 0.9972230792045593, 0
u,0.36230719089508057, 0.987310528755188, 0
u,0.380090594291687, 0.9972230792045593, 0
u,0.3585382103919983, 0.9974604249000549, 0
u,0.36230719089508057, 0.987310528755188, 0
u,0.49475589394569397, 0.5740277171134949, 0
u,0.49450889229774475, 0.602300226688385, 0
u,0.49099060893058777, 0.5840997099876404, 0
u,0.49475589394569397, 0.5740277171134949, 0
u,0.49099060893058777, 0.5840997099876404, 0
u,0.3701969087123871, 0.5755125880241394, 0
u,0.49099060893058777, 0.5840997099876404, 0
u,0.37100550532341003, 0.585070013999939, 0
u,0.3701969087123871, 0.5755125880241394, 0
u,0.36230719089508057, 0.987310528755188, 0
u,0.3585382103919983, 0.9974604249000549, 0
u,0.35783201456069946, 0.6027966737747192, 0
u,0.36162498593330383, 0.6060342192649841, 0
u,0.36230719089508057, 0.987310528755188, 0
u,0.35783201456069946, 0.6027966737747192, 0
u,0.36515429615974426, 0.592106819152832, 0
u,0.36162498593330383, 0.6060342192649841, 0
u,0.36282241344451904, 0.5846155285835266, 0
u,0.36230719089508057, 0.987310528755188, 0
u,0.36162498593330383, 0.6060342192649841, 0
u,0.38007229566574097, 0.9871286153793335, 0
u,0.36162498593330383, 0.6060342192649841, 0
u,0.36515429615974426, 0.592106819152832, 0
u,0.3793770968914032, 0.6035031080245972, 0
u,0.36515429615974426, 0.592106819152832, 0
u,0.37100550532341003, 0.585070013999939, 0
u,0.3793770968914032, 0.6035031080245972, 0
u,0.37100550532341003, 0.585070013999939, 0
u,0.49099060893058777, 0.5840997099876404, 0
u,0.3793770968914032, 0.6035031080245972, 0
u,0.49099060893058777, 0.5840997099876404, 0
u,0.49103039503097534, 0.6023365259170532, 0
u,0.3793770968914032, 0.6035031080245972, 0
u,0.3838594853878021, 0.987154483795166, 0
u,0.4482012093067169, 0.9864463210105896, 0
u,0.4482184052467346, 0.9964731931686401, 0
u,0.49450889229774475, 0.602300226688385, 0
u,0.4949510097503662, 0.8459957838058472, 0
u,0.49074000120162964, 0.6123666763305664, 0
u,0.4949510097503662, 0.8459957838058472, 0
u,0.4911639988422394, 0.8460376858711243, 0
u,0.49074000120162964, 0.6123666763305664, 0
u,0.3838594853878021, 0.987154483795166, 0
u,0.4482184052467346, 0.9964731931686401, 0
u,0.380090594291687, 0.9972230792045593, 0
u,0.49450889229774475, 0.602300226688385, 0
u,0.49074000120162964, 0.6123666763305664, 0
u,0.3831822872161865, 0.6134905219078064, 0
u,0.3831822872161865, 0.6134905219078064, 0
u,0.3838594853878021, 0.987154483795166, 0
u,0.380090594291687, 0.9972230792045593, 0
u,0.3793770968914032, 0.6035031080245972, 0
u,0.49450889229774475, 0.602300226688385, 0
u,0.3831822872161865, 0.6134905219078064, 0
u,0.3831822872161865, 0.6134905219078064, 0
u,0.42704978585243225, 0.6130322217941284, 0
u,0.42711758613586426, 0.6517648100852966, 0
u,0.4272848069667816, 0.7473285794258118, 0
u,0.4277035892009735, 0.9866719245910645, 0
u,0.3838594853878021, 0.987154483795166, 0
u,0.3831822872161865, 0.6134905219078064, 0
u,0.42711758613586426, 0.6517648100852966, 0
u,0.4272848069667816, 0.7473285794258118, 0
u,0.4482012093067169, 0.9864463210105896, 0
u,0.4277035892009735, 0.9866719245910645, 0
u,0.4479610025882721, 0.8465160727500916, 0
u,0.4277035892009735, 0.9866719245910645, 0
u,0.4272848069667816, 0.7473285794258118, 0
u,0.4479610025882721, 0.8465160727500916, 0
u,0.49074000120162964, 0.6123666763305664, 0
u,0.4911639988422394, 0.8460376858711243, 0
u,0.4603916108608246, 0.746967613697052, 0
u,0.4911639988422394, 0.8460376858711243, 0
u,0.4479610025882721, 0.8465160727500916, 0
u,0.4603916108608246, 0.746967613697052, 0
u,0.42711758613586426, 0.6517648100852966, 0
u,0.42704978585243225, 0.6130322217941284, 0
u,0.46022430062294006, 0.6514034867286682, 0
u,0.42704978585243225, 0.6130322217941284, 0
u,0.49074000120162964, 0.6123666763305664, 0
u,0.46022430062294006, 0.6514034867286682, 0
u,0.4479610025882721, 0.8465160727500916, 0
u,0.4272848069667816, 0.7473285794258118, 0
u,0.4603916108608246, 0.746967613697052, 0
u,0.42711758613586426, 0.6517648100852966, 0
u,0.46022430062294006, 0.6514034867286682, 0
u,0.4603916108608246, 0.746967613697052, 0
u,0.5472984910011292, 0.9886165857315063, 0
u,0.5511022806167603, 0.9986026287078857, 0
u,0.4482240080833435, 0.9997143149375916, 0
u,0.547075629234314, 0.8554458022117615, 0
u,0.5472984910011292, 0.9886165857315063, 0
u,0.4519939124584198, 0.9896463751792908, 0
u,0.5508459210395813, 0.8453769087791443, 0
u,0.5511022806167603, 0.9986026287078857, 0
u,0.547075629234314, 0.8554458022117615, 0
u,0.5511022806167603, 0.9986026287078857, 0
u,0.5472984910011292, 0.9886165857315063, 0
u,0.547075629234314, 0.8554458022117615, 0
u,0.4519939124584198, 0.9896463751792908, 0
u,0.4482240080833435, 0.9997143149375916, 0
u,0.4479610025882721, 0.8465160727500916, 0
u,0.5508459210395813, 0.8453769087791443, 0
u,0.547075629234314, 0.8554458022117615, 0
u,0.4517652988433838, 0.8565009832382202, 0
u,0.4517652988433838, 0.8565009832382202, 0
u,0.4519939124584198, 0.9896463751792908, 0
u,0.4479610025882721, 0.8465160727500916, 0
u,0.0, 0.012953399680554867, 0
u,0.0, 0.004789200145751238, 0
u,0.0242225993424654, 0.004789200145751238, 0
u,0.41407719254493713, 0.012953399680554867, 0
u,0.38770338892936707, 0.012953399680554867, 0
u,0.38770338892936707, 0.004789200145751238, 0
u,0.25781890749931335, 0.004789200145751238, 0
u,0.38770338892936707, 0.004789200145751238, 0
u,0.38770338892936707, 0.012953399680554867, 0
u,0.2335263043642044, 0.004789200145751238, 0
u,0.25781890749931335, 0.004789200145751238, 0
u,0.25781890749931335, 0.012953399680554867, 0
u,0.21062049269676208, 0.004789200145751238, 0
u,0.2335263043642044, 0.004789200145751238, 0
u,0.2335263043642044, 0.012953399680554867, 0
u,0.21062049269676208, 0.004789200145751238, 0
u,0.21062049269676208, 0.012953399680554867, 0
u,0.19112640619277954, 0.012953399680554867, 0
u,0.19112640619277954, 0.004789200145751238, 0
u,0.19112640619277954, 0.012953399680554867, 0
u,0.16283510625362396, 0.012953399680554867, 0
u,0.16283510625362396, 0.004789200145751238, 0
u,0.16283510625362396, 0.012953399680554867, 0
u,0.0242225993424654, 0.012953399680554867, 0
u,0.0, 0.015544099733233452, 0
u,0.02942110039293766, 0.015544099733233452, 0
u,0.02942110039293766, 0.3479171097278595, 0
u,0.16076399385929108, 0.015544099733233452, 0
u,0.16076399385929108, 0.3479171097278595, 0
u,0.02942110039293766, 0.3479171097278595, 0
u,0.18563149869441986, 0.015544099733233452, 0
u,0.18563149869441986, 0.3479171097278595, 0
u,0.16076399385929108, 0.3479171097278595, 0
u,0.20951220393180847, 0.015544099733233452, 0
u,0.20951220393180847, 0.3479171097278595, 0
u,0.18563149869441986, 0.3479171097278595, 0
u,0.20951220393180847, 0.015544099733233452, 0
u,0.23003900051116943, 0.015544099733233452, 0
u,0.23003900051116943, 0.3479171097278595, 0
u,0.23003900051116943, 0.015544099733233452, 0
u,0.25845518708229065, 0.015544099733233452, 0
u,0.25845518708229065, 0.3479171097278595, 0
u,0.25845518708229065, 0.015544099733233452, 0
u,0.3979896008968353, 0.015544099733233452, 0
u,0.3979896008968353, 0.3479171097278595, 0
u,0.4253269135951996, 0.3479171097278595, 0
u,0.3979896008968353, 0.3479171097278595, 0
u,0.3979896008968353, 0.015544099733233452, 0
u,0.6702266931533813, 0.6921527981758118, 0
u,0.552837610244751, 0.6921527981758118, 0
u,0.552837610244751, 0.6915947794914246, 0
u,0.7079194188117981, 0.6915947794914246, 0
u,0.7079194188117981, 0.9974092841148376, 0
u,0.6702266931533813, 0.701116681098938, 0
u,0.7079194188117981, 0.9974092841148376, 0
u,0.6674054265022278, 0.9974092841148376, 0
u,0.6702266931533813, 0.701116681098938, 0
u,0.6674054265022278, 0.9974092841148376, 0
u,0.6674054265022278, 0.701116681098938, 0
u,0.6702266931533813, 0.701116681098938, 0
u,0.6702266931533813, 0.6921527981758118, 0
u,0.552837610244751, 0.6915947794914246, 0
u,0.7079194188117981, 0.6915947794914246, 0
u,0.552837610244751, 0.6915947794914246, 0
u,0.552837610244751, 0.5732734203338623, 0
u,0.7079194188117981, 0.5732734203338623, 0
u,0.9814121127128601, 0.884783923625946, 0
u,0.9814121127128601, 0.9948186278343201, 0
u,0.8520845770835876, 0.8924465179443359, 0
u,0.9814121127128601, 0.9948186278343201, 0
u,0.8483365774154663, 0.9948186278343201, 0
u,0.8520845770835876, 0.8924465179443359, 0
u,0.8483365774154663, 0.9948186278343201, 0
u,0.8483365774154663, 0.573621392250061, 0
u,0.8486117124557495, 0.8924465179443359, 0
u,0.8483365774154663, 0.573621392250061, 0
u,0.8486117124557495, 0.573621392250061, 0
u,0.8486117124557495, 0.8924465179443359, 0
u,0.8520845770835876, 0.8924465179443359, 0
u,0.8520845770835876, 0.884783923625946, 0
u,0.9814121127128601, 0.884783923625946, 0
u,0.4275929927825928, 0.12176170200109482, 0
u,0.4275929927825928, 0.04738660156726837, 0
u,0.5872250199317932, 0.04738660156726837, 0
u,0.7484195828437805, 0.46632120013237, 0
u,0.7484195828437805, 0.3555217981338501, 0
u,0.7665777206420898, 0.3555217981338501, 0
u,0.7300829887390137, 0.3555217981338501, 0
u,0.7484195828437805, 0.3555217981338501, 0
u,0.7484195828437805, 0.46632120013237, 0
u,0.7300829887390137, 0.46632120013237, 0
u,0.709393322467804, 0.46632120013237, 0
u,0.709393322467804, 0.3555217981338501, 0
u,0.4266144931316376, 0.046632200479507446, 0
u,0.4266144931316376, 0.0385918989777565, 0
u,0.452343612909317, 0.0385918989777565, 0
u,0.7867141962051392, 0.046632200479507446, 0
u,0.7630059123039246, 0.046632200479507446, 0
u,0.7630059123039246, 0.0385918989777565, 0
u,0.6429728269577026, 0.0385918989777565, 0
u,0.7630059123039246, 0.0385918989777565, 0
u,0.7630059123039246, 0.046632200479507446, 0
u,0.6255304217338562, 0.0385918989777565, 0
u,0.6429728269577026, 0.0385918989777565, 0
u,0.6429728269577026, 0.046632200479507446, 0
u,0.6255304217338562, 0.0385918989777565, 0
u,0.6255304217338562, 0.046632200479507446, 0
u,0.6080225706100464, 0.046632200479507446, 0
u,0.6080225706100464, 0.0385918989777565, 0
u,0.6080225706100464, 0.046632200479507446, 0
u,0.5877730250358582, 0.046632200479507446, 0
u,0.5877730250358582, 0.0385918989777565, 0
u,0.5877730250358582, 0.046632200479507446, 0
u,0.452343612909317, 0.046632200479507446, 0
u,0.4706457853317261, 0.3756476938724518, 0
u,0.6193233728408813, 0.3756476938724518, 0
u,0.6193233728408813, 0.37623921036720276, 0
u,0.4706457853317261, 0.3763273060321808, 0
u,0.4706457853317261, 0.37623921036720276, 0
u,0.6193233728408813, 0.37623921036720276, 0
u,0.4701702892780304, 0.410538911819458, 0
u,0.4364561140537262, 0.410538911819458, 0
u,0.4364561140537262, 0.3657301068305969, 0
u,0.4364561140537262, 0.3657301068305969, 0
u,0.30039140582084656, 0.3657301068305969, 0
u,0.30039140582084656, 0.35233160853385925, 0
u,0.4701702892780304, 0.35233160853385925, 0
u,0.4701702892780304, 0.410538911819458, 0
u,0.4364561140537262, 0.3657301068305969, 0
u,0.5086923241615295, 0.38082900643348694, 0
u,0.47162431478500366, 0.38082900643348694, 0
u,0.5086923241615295, 0.3802329897880554, 0
u,0.47162431478500366, 0.38082900643348694, 0
u,0.47162431478500366, 0.3800860047340393, 0
u,0.5086923241615295, 0.3802329897880554, 0
u,0.47162431478500366, 0.3800860047340393, 0
u,0.6582924127578735, 0.3800860047340393, 0
u,0.5086923241615295, 0.3802329897880554, 0
u,0.8472958207130432, 0.8826038837432861, 0
u,0.8472958207130432, 0.9948186278343201, 0
u,0.7141954898834229, 0.8902792930603027, 0
u,0.8472958207130432, 0.9948186278343201, 0
u,0.7103717923164368, 0.9948186278343201, 0
u,0.7141954898834229, 0.8902792930603027, 0
u,0.7103717923164368, 0.9948186278343201, 0
u,0.7103717923164368, 0.4683763086795807, 0
u,0.7107167840003967, 0.8902792930603027, 0
u,0.7103717923164368, 0.4683763086795807, 0
u,0.7107167840003967, 0.4683763086795807, 0
u,0.7107167840003967, 0.8902792930603027, 0
u,0.7141954898834229, 0.8902792930603027, 0
u,0.7141954898834229, 0.8826038837432861, 0
u,0.8472958207130432, 0.8826038837432861, 0
u,0.5681362152099609, 0.4575333893299103, 0
u,0.679470419883728, 0.4575333893299103, 0
u,0.679470419883728, 0.4652225077152252, 0
u,0.679470419883728, 0.4652225077152252, 0
u,0.6827573180198669, 0.4652225077152252, 0
u,0.6827573180198669, 0.5699481964111328, 0
u,0.6827573180198669, 0.5699481964111328, 0
u,0.5681362152099609, 0.5699481964111328, 0
u,0.679470419883728, 0.4652225077152252, 0
u,0.5606489181518555, 0.5699481964111328, 0
u,0.5606489181518555, 0.4575333893299103, 0
u,0.5681362152099609, 0.4575333893299103, 0
u,0.552837610244751, 0.4575333893299103, 0
u,0.5606489181518555, 0.4575333893299103, 0
u,0.5606489181518555, 0.5699481964111328, 0
u,0.9951077103614807, 0.22538860142230988, 0
u,0.9981520771980286, 0.22538860142230988, 0
u,0.9981520771980286, 0.27076369524002075, 0
u,0.9951077103614807, 0.9952260851860046, 0
u,0.9951077103614807, 0.977632999420166, 0
u,0.9981520771980286, 0.977632999420166, 0
u,0.9981520771980286, 0.6711711883544922, 0
u,0.9981520771980286, 0.977632999420166, 0
u,0.9951077103614807, 0.977632999420166, 0
u,0.9981520771980286, 0.6547567844390869, 0
u,0.9981520771980286, 0.6711711883544922, 0
u,0.9951077103614807, 0.6711711883544922, 0
u,0.9981520771980286, 0.6547567844390869, 0
u,0.9951077103614807, 0.6547567844390869, 0
u,0.9951077103614807, 0.6385775208473206, 0
u,0.9981520771980286, 0.6385775208473206, 0
u,0.9951077103614807, 0.6385775208473206, 0
u,0.9951077103614807, 0.27076369524002075, 0
u,0.6350293755531311, 0.2970569133758545, 0
u,0.6350293755531311, 0.13052049279212952, 0
u,0.6431877017021179, 0.2970569133758545, 0
u,0.6350293755531311, 0.13052049279212952, 0
u,0.8430327773094177, 0.13052049279212952, 0
u,0.6431877017021179, 0.2970569133758545, 0
u,0.8430327773094177, 0.13052049279212952, 0
u,0.8430327773094177, 0.3497408926486969, 0
u,0.6431877017021179, 0.2970569133758545, 0
u,0.6252706050872803, 0.3049497902393341, 0
u,0.5860164165496826, 0.3049497902393341, 0
u,0.5860164165496826, 0.3048514127731323, 0
u,0.5860164165496826, 0.3048514127731323, 0
u,0.4275929927825928, 0.3048514127731323, 0
u,0.4275929927825928, 0.12435229867696762, 0
u,0.6333404779434204, 0.12435229867696762, 0
u,0.6333404779434204, 0.34690558910369873, 0
u,0.6252706050872803, 0.3049497902393341, 0
u,0.6333404779434204, 0.34690558910369873, 0
u,0.6252706050872803, 0.34690558910369873, 0
u,0.6252706050872803, 0.3049497902393341, 0
u,0.6252706050872803, 0.3049497902393341, 0
u,0.5860164165496826, 0.3048514127731323, 0
u,0.6333404779434204, 0.12435229867696762, 0
u,0.9823874831199646, 0.633166491985321, 0
u,0.9934819936752319, 0.633166491985321, 0
u,0.985306978225708, 0.9880704879760742, 0
u,0.9934819936752319, 0.633166491985321, 0
u,0.9934819936752319, 0.9974092841148376, 0
u,0.985306978225708, 0.9880704879760742, 0
u,0.9934819936752319, 0.9974092841148376, 0
u,0.985306978225708, 0.9974092841148376, 0
u,0.985306978225708, 0.9880704879760742, 0
u,0.9823874831199646, 0.633166491985321, 0
u,0.9823874831199646, 0.3596791923046112, 0
u,0.985306978225708, 0.3596791923046112, 0
u,0.985306978225708, 0.3596791923046112, 0
u,0.985306978225708, 0.351159006357193, 0
u,0.9934819936752319, 0.351159006357193, 0
u,0.9934819936752319, 0.351159006357193, 0
u,0.9934819936752319, 0.633166491985321, 0
u,0.985306978225708, 0.3596791923046112, 0
u,0.6048262119293213, 0.004889400210231543, 0
u,0.6048262119293213, 0.012953399680554867, 0
u,0.5624908208847046, 0.004889400210231543, 0
u,0.6048262119293213, 0.012953399680554867, 0
u,0.5010247826576233, 0.012953399680554867, 0
u,0.5624908208847046, 0.004889400210231543, 0
u,0.6048262119293213, 0.012953399680554867, 0
u,0.6048262119293213, 0.004889400210231543, 0
u,0.7410274744033813, 0.004889400210231543, 0
u,0.7833405137062073, 0.004889400210231543, 0
u,0.8031222820281982, 0.004889400210231543, 0
u,0.8031222820281982, 0.012953399680554867, 0
u,0.8031222820281982, 0.012953399680554867, 0
u,0.7410274744033813, 0.012953399680554867, 0
u,0.7833405137062073, 0.004889400210231543, 0
u,0.41585129499435425, 0.004889400210231543, 0
u,0.5010247826576233, 0.004889400210231543, 0
u,0.5010247826576233, 0.012953399680554867, 0
u,0.5862690210342407, 0.3871181011199951, 0
u,0.6169338226318359, 0.3871181011199951, 0
u,0.6169338226318359, 0.4533678889274597, 0
u,0.552837610244751, 0.4533678889274597, 0
u,0.552837610244751, 0.3871181011199951, 0
u,0.5862690210342407, 0.3871181011199951, 0
u,0.6503651142120361, 0.4533678889274597, 0
u,0.6503651142120361, 0.3871181011199951, 0
u,0.6810297966003418, 0.3871181011199951, 0
u,0.6169338226318359, 0.4533678889274597, 0
u,0.6169338226318359, 0.3871181011199951, 0
u,0.6503651142120361, 0.3871181011199951, 0
u,0.0952150970697403, 1.0, 0
u,0.0, 1.0, 0
u,0.043487001210451126, 0.907823920249939, 0
u,0.0, 1.0, 0
u,0.0, 0.9000909924507141, 0
u,0.039982300251722336, 0.907823920249939, 0
u,0.0, 0.9000909924507141, 0
u,0.039982300251722336, 0.9000909924507141, 0
u,0.039982300251722336, 0.907823920249939, 0
u,0.043487001210451126, 0.907823920249939, 0
u,0.043487001210451126, 0.355787992477417, 0
u,0.0952150970697403, 0.355787992477417, 0
u,0.0, 1.0, 0
u,0.039982300251722336, 0.907823920249939, 0
u,0.043487001210451126, 0.907823920249939, 0
u,0.24398189783096313, 1.0, 0
u,0.14877289533615112, 1.0, 0
u,0.14877289533615112, 0.355787992477417, 0
u,0.14877289533615112, 1.0, 0
u,0.0952150970697403, 1.0, 0
u,0.0952150970697403, 0.355787992477417, 0
u,0.24398189783096313, 1.0, 0
u,0.24398189783096313, 0.355787992477417, 0
u,0.24511480331420898, 0.907823920249939, 0
u,0.24398189783096313, 0.355787992477417, 0
u,0.24511480331420898, 0.355787992477417, 0
u,0.24511480331420898, 0.907823920249939, 0
u,0.2975302040576935, 0.9000909924507141, 0
u,0.2975302040576935, 1.0, 0
u,0.24861960113048553, 0.907823920249939, 0
u,0.2975302040576935, 1.0, 0
u,0.24398189783096313, 1.0, 0
u,0.24861960113048553, 0.907823920249939, 0
u,0.24861960113048553, 0.907823920249939, 0
u,0.24861960113048553, 0.9000909924507141, 0
u,0.2975302040576935, 0.9000909924507141, 0
u,0.5673847794532776, 0.023316100239753723, 0
u,0.5673847794532776, 0.03139510005712509, 0
u,0.5187625288963318, 0.03139510005712509, 0
u,0.5187625288963318, 0.023316100239753723, 0
u,0.5187625288963318, 0.03139510005712509, 0
u,0.4266144931316376, 0.03139510005712509, 0
u,0.5673847794532776, 0.023316100239753723, 0
u,0.6595383286476135, 0.023316100239753723, 0
u,0.6595383286476135, 0.03139510005712509, 0
