s,167.77880859375, 79.18359375, 0.009674549102783203
b,170.49267578125, 82.189453125, 6.620063781738281
v,169.650390625, 79.236328125, 6.619980812072754
v,170.3984375, 79.8291015625, 6.62005615234375
v,170.3984375, 79.8291015625, 6.564547538757324
v,169.650390625, 79.236328125, 6.564472198486328
v,168.609130859375, 82.189453125, 0.009758472442626953
v,170.49267578125, 79.818359375, 0.009864330291748047
v,169.69287109375, 79.1845703125, 0.009783744812011719
v,167.779541015625, 81.533203125, 0.009674549102783203
v,169.650146484375, 79.236328125, 6.564472198486328
v,170.3984375, 79.8291015625, 6.564547538757324
v,168.59765625, 82.095703125, 6.564446449279785
v,167.82080078125, 81.4814453125, 6.564367294311523
v,170.491943359375, 79.818359375, 6.620063781738281
v,168.6083984375, 82.189453125, 6.61995792388916
v,167.77880859375, 81.5322265625, 6.619874000549316
v,167.82080078125, 81.4814453125, 6.619875907897949
v,168.59765625, 82.095703125, 6.619955062866211
v,170.3984375, 79.8291015625, 6.62005615234375
v,169.650146484375, 79.236328125, 6.619980812072754
v,169.6923828125, 79.18359375, 6.619982719421387
v,167.779541015625, 81.533203125, 0.009674549102783203
v,169.69287109375, 79.1845703125, 0.009783744812011719
v,169.6923828125, 79.18359375, 6.619982719421387
v,169.650146484375, 79.236328125, 6.619980812072754
v,169.650146484375, 79.236328125, 6.564472198486328
v,167.82080078125, 81.4814453125, 6.564367294311523
v,167.82080078125, 81.4814453125, 6.619875907897949
v,167.77880859375, 81.5322265625, 6.619874000549316
v,167.779541015625, 81.533203125, 0.009674549102783203
v,167.77880859375, 81.5322265625, 6.619874000549316
v,168.6083984375, 82.189453125, 6.61995792388916
v,168.609130859375, 82.189453125, 0.009758472442626953
v,168.609130859375, 82.189453125, 0.009758472442626953
v,168.6083984375, 82.189453125, 6.61995792388916
v,170.491943359375, 79.818359375, 6.620063781738281
v,170.49267578125, 79.818359375, 0.009864330291748047
v,170.49267578125, 79.818359375, 0.009864330291748047
v,170.491943359375, 79.818359375, 6.620063781738281
v,169.6923828125, 79.18359375, 6.619982719421387
v,169.69287109375, 79.1845703125, 0.009783744812011719
v,168.59765625, 82.095703125, 6.619955062866211
v,167.82080078125, 81.4814453125, 6.619875907897949
v,167.82080078125, 81.4814453125, 6.564367294311523
v,168.59765625, 82.095703125, 6.564446449279785
v,170.3984375, 79.8291015625, 6.62005615234375
v,168.59765625, 82.095703125, 6.619955062866211
v,168.59765625, 82.095703125, 6.564446449279785
v,170.3984375, 79.8291015625, 6.564547538757324
i,0,2,3
i,4,6,7
i,8,10,11
i,16,17,12
i,21,24,25
i,28,30,31
i,32,34,35
i,37,39,36
i,41,43,40
i,45,47,44
i,0,1,2
i,4,5,6
i,8,9,10
i,13,14,16
i,14,15,16
i,18,19,17
i,19,12,17
i,13,16,12
i,27,20,25
i,20,21,25
i,21,22,24
i,22,23,24
i,25,26,27
i,28,29,30
i,32,33,34
i,37,38,39
i,41,42,43
i,45,46,47
n,-2.798506021499634, 3.528817892074585, 0.0
n,0.00037766326568089426, 9.813599172048271e-05, -4.50379753112793
n,-0.00037830209475941956, -9.924687765305862e-05, 4.50379753112793
n,-0.0003776015364564955, -9.973387932404876e-05, 4.50379753112793
n,-3.4917030334472656, -2.844679355621338, -0.0004310189397074282
n,-2.7927281856536865, 3.5333921909332275, -0.00027482520090416074
n,3.526076316833496, 2.801959753036499, 0.00034699210664257407
n,2.797602891921997, -3.529534101486206, 0.0002753049193415791
n,2.793246269226074, -3.5329830646514893, 0.0
n,-3.526170253753662, -2.8018412590026855, 0.0
n,-2.798506021499634, 3.528817892074585, 0.0
n,0.0003758043167181313, 9.746544674271718e-05, -4.50379753112793
n,-0.0003758547536563128, -9.834592492552474e-05, 4.50379753112793
n,-0.00039469069452024996, -7.649153121747077e-05, 4.50379753112793
n,-0.00038400874473154545, -9.202890214510262e-05, 4.50379753112793
n,-0.00038283393951132894, -8.954543591244146e-05, 4.50379753112793
n,-0.00037715930375270545, -9.575395961292088e-05, 4.50379753112793
n,-0.00035516679054126143, -8.106605673674494e-05, 4.50379753112793
n,-3.479551315307617, -2.859530448913574, -0.000717612449079752
n,-3.4918289184570312, -2.8445253372192383, -0.0005209068767726421
n,-3.5022783279418945, -2.8316497802734375, -0.0006013072561472654
n,-3.502591848373413, -2.83126163482666, 0.0
n,-3.4791693687438965, -2.859995126724243, 0.0
n,-2.7950000762939453, 3.531595230102539, 0.0001883314980659634
n,3.526076316833496, 2.801959753036499, 0.00034699210664257407
n,2.800416946411133, -3.52730131149292, -0.00027909563505090773
n,2.793246269226074, -3.5329830646514893, 0.0
n,-3.526170253753662, -2.8018412590026855, 0.0
u,0.8577319979667664, 1.0, 0
u,0.8636261820793152, 0.8548771739006042, 0
u,0.8636261820793152, 1.0, 0
u,0.0, 0.0, 0
u,0.0, 0.0, 0
u,0.0, 0.0, 0
u,0.870388388633728, 0.474995493888855, 0
u,0.9879863858222961, 0.9846690893173218, 0
u,0.8660784959793091, 0.9851143956184387, 0
u,0.9879863858222961, 0.9846690893173218, 0
u,0.9879863858222961, 0.47486740350723267, 0
u,0.9961864948272705, 0.4631268084049225, 0
u,0.7482655048370361, 0.005452800076454878, 0
u,0.7412598729133606, 0.9916483759880066, 0
u,0.4366418123245239, 0.9916483759880066, 0
u,0.42963600158691406, 0.005452800076454878, 0
u,0.3184038996696472, 1.0, 0
u,0.3184038996696472, 0.005452800076454878, 0
u,0.3184038996696472, 0.005452800076454878, 0
u,0.0, 1.0, 0
u,0.0, 0.005452800076454878, 0
u,0.8556460738182068, 1.0, 0
u,0.7482655048370361, 0.005452800076454878, 0
u,0.8556460738182068, 0.005452800076454878, 0
u,0.8577319979667664, 0.2646962106227875, 0
u,0.8636261820793152, 0.4151380956172943, 0
u,0.8577319979667664, 0.4151380956172943, 0
u,0.8577319979667664, 0.4151380956172943, 0
u,0.8636261820793152, 0.8548771739006042, 0
u,0.8577319979667664, 0.8548771739006042, 0
u,0.8577319979667664, 1.0, 0
u,0.8577319979667664, 0.8548771739006042, 0
u,0.8636261820793152, 0.8548771739006042, 0
u,0.0, 0.0, 0
u,0.0, 0.0, 0
u,0.0, 0.0, 0
u,0.870388388633728, 0.474995493888855, 0
u,0.9879863858222961, 0.47486740350723267, 0
u,0.9879863858222961, 0.9846690893173218, 0
u,0.9961864948272705, 0.9963709115982056, 0
u,0.8659793734550476, 0.9968463778495789, 0
u,0.9879863858222961, 0.9846690893173218, 0
u,0.8659793734550476, 0.9968463778495789, 0
u,0.8660784959793091, 0.9851143956184387, 0
u,0.9879863858222961, 0.9846690893173218, 0
u,0.870388388633728, 0.474995493888855, 0
u,0.8704875707626343, 0.4632638096809387, 0
u,0.9879863858222961, 0.47486740350723267, 0
u,0.8704875707626343, 0.4632638096809387, 0
u,0.9961864948272705, 0.4631268084049225, 0
u,0.9879863858222961, 0.47486740350723267, 0
u,0.9961864948272705, 0.9963709115982056, 0
u,0.9879863858222961, 0.9846690893173218, 0
u,0.9961864948272705, 0.4631268084049225, 0
u,0.42963600158691406, 1.0, 0
u,0.42963600158691406, 0.005452800076454878, 0
u,0.4366418123245239, 0.9916483759880066, 0
u,0.42963600158691406, 0.005452800076454878, 0
u,0.7482655048370361, 0.005452800076454878, 0
u,0.4366418123245239, 0.9916483759880066, 0
u,0.7482655048370361, 0.005452800076454878, 0
u,0.7482655048370361, 1.0, 0
u,0.7412598729133606, 0.9916483759880066, 0
u,0.7482655048370361, 1.0, 0
u,0.7412598729133606, 1.0, 0
u,0.7412598729133606, 0.9916483759880066, 0
u,0.4366418123245239, 0.9916483759880066, 0
u,0.4366418123245239, 1.0, 0
u,0.42963600158691406, 1.0, 0
u,0.42963600158691406, 0.005452800076454878, 0
u,0.42963600158691406, 1.0, 0
u,0.3184038996696472, 1.0, 0
u,0.3184038996696472, 0.005452800076454878, 0
u,0.3184038996696472, 1.0, 0
u,0.0, 1.0, 0
u,0.8556460738182068, 1.0, 0
u,0.7482655048370361, 1.0, 0
u,0.7482655048370361, 0.005452800076454878, 0
u,0.8577319979667664, 0.2646962106227875, 0
u,0.8636261820793152, 0.2646962106227875, 0
u,0.8636261820793152, 0.4151380956172943, 0
u,0.8577319979667664, 0.4151380956172943, 0
u,0.8636261820793152, 0.4151380956172943, 0
u,0.8636261820793152, 0.8548771739006042, 0
