s,46.154296875, 146.3115234375, -1.4176037311553955
b,51.158447265625, 148.2998046875, 3.97310209274292
v,46.154541015625, 146.6904296875, 3.972991466522217
v,46.482666015625, 148.298828125, 3.97310209274292
v,46.482666015625, 148.2998046875, -1.4174602031707764
v,46.154541015625, 146.6904296875, -1.4175705909729004
v,50.35888671875, 146.43359375, -1.4175951480865479
v,46.96240234375, 147.064453125, -1.4175469875335693
v,46.85693359375, 146.5478515625, -1.4175825119018555
v,46.154296875, 146.6904296875, -1.4175705909729004
v,46.482421875, 148.2998046875, -1.4174602031707764
v,47.185302734375, 148.1572265625, -1.4174718856811523
v,47.1708984375, 148.087890625, -1.4174766540527344
v,50.574951171875, 147.455078125, -1.417524814605713
v,50.566650390625, 147.4150390625, -1.417527437210083
v,51.158447265625, 147.294921875, -1.4175360202789307
v,50.9580078125, 146.3125, -1.4176037311553955
v,50.566650390625, 147.4140625, 3.2658534049987793
v,50.366455078125, 146.431640625, 3.2657856941223145
v,50.35888671875, 146.4326171875, 3.2657856941223145
v,50.9580078125, 146.3115234375, 3.265777111053467
v,51.158447265625, 147.2939453125, 3.2658448219299316
v,47.171142578125, 148.0869140625, 3.5756430625915527
v,46.96240234375, 147.064453125, 3.5755724906921387
v,50.366455078125, 146.431640625, 3.5755248069763184
v,50.574951171875, 147.455078125, 3.575594425201416
v,46.154296875, 146.6904296875, 3.972991466522217
v,46.85693359375, 146.546875, 3.97298002243042
v,47.185302734375, 148.15625, 3.9730896949768066
v,46.482421875, 148.298828125, 3.97310209274292
v,50.566650390625, 147.4150390625, -1.417527437210083
v,50.566650390625, 147.4140625, 3.2658534049987793
v,51.158447265625, 147.2939453125, 3.2658448219299316
v,51.158447265625, 147.294921875, -1.4175360202789307
v,51.158447265625, 147.2939453125, 3.2658448219299316
v,50.9580078125, 146.3115234375, 3.265777111053467
v,50.9580078125, 146.3125, -1.4176037311553955
v,51.158447265625, 147.294921875, -1.4175360202789307
v,50.35888671875, 146.4326171875, 3.2657856941223145
v,50.35888671875, 146.43359375, -1.4175951480865479
v,50.9580078125, 146.3125, -1.4176037311553955
v,50.9580078125, 146.3115234375, 3.265777111053467
v,50.366455078125, 146.431640625, 3.2657856941223145
v,50.566650390625, 147.4140625, 3.2658534049987793
v,50.566650390625, 147.4150390625, -1.417527437210083
v,50.574951171875, 147.455078125, -1.417524814605713
v,50.574951171875, 147.455078125, 3.575594425201416
v,50.366455078125, 146.431640625, 3.5755248069763184
v,47.1708984375, 148.087890625, -1.4174766540527344
v,47.171142578125, 148.0869140625, 3.5756430625915527
v,50.574951171875, 147.455078125, 3.575594425201416
v,50.574951171875, 147.455078125, -1.417524814605713
v,50.366455078125, 146.431640625, 3.5755248069763184
v,46.96240234375, 147.064453125, 3.5755724906921387
v,46.96240234375, 147.064453125, -1.4175469875335693
v,50.35888671875, 146.43359375, -1.4175951480865479
v,50.35888671875, 146.4326171875, 3.2657856941223145
v,50.366455078125, 146.431640625, 3.2657856941223145
v,47.185302734375, 148.15625, 3.9730896949768066
v,46.85693359375, 146.546875, 3.97298002243042
v,46.85693359375, 146.5478515625, -1.4175825119018555
v,46.96240234375, 147.064453125, -1.4175469875335693
v,46.96240234375, 147.064453125, 3.5755724906921387
v,47.171142578125, 148.0869140625, 3.5756430625915527
v,47.1708984375, 148.087890625, -1.4174766540527344
v,47.185302734375, 148.1572265625, -1.4174718856811523
v,46.482421875, 148.2998046875, -1.4174602031707764
v,46.482421875, 148.298828125, 3.97310209274292
v,47.185302734375, 148.15625, 3.9730896949768066
v,47.185302734375, 148.1572265625, -1.4174718856811523
v,46.85693359375, 146.5478515625, -1.4175825119018555
v,46.85693359375, 146.546875, 3.97298002243042
v,46.154296875, 146.6904296875, 3.972991466522217
v,46.154296875, 146.6904296875, -1.4175705909729004
i,1,3,0
i,4,5,10
i,16,17,18
i,20,22,23
i,25,27,24
i,29,31,28
i,32,34,35
i,36,38,39
i,41,43,44
i,47,49,46
i,52,53,54
i,60,61,56
i,65,67,64
i,68,70,71
i,1,2,3
i,5,6,7
i,7,8,5
i,8,9,10
i,10,11,12
i,8,10,5
i,10,12,4
i,12,13,14
i,4,12,14
i,19,15,18
i,15,16,18
i,20,21,22
i,25,26,27
i,29,30,31
i,32,33,34
i,36,37,38
i,45,40,41
i,41,42,43
i,44,45,41
i,47,48,49
i,55,50,54
i,50,51,54
i,51,52,54
i,57,58,60
i,58,59,60
i,62,63,61
i,63,56,61
i,57,60,56
i,65,66,67
i,68,69,70
n,-4.412872791290283, 0.900416374206543, 0.0
n,-6.345142537611537e-06, 0.00031066095107235014, -4.50379753112793
n,-8.805284596746787e-05, -0.0007484492380172014, 4.50379753112793
n,6.256014330574544e-06, -0.00031064279028214514, 4.50379753112793
n,1.2699119906756096e-05, -0.00031082361238077283, 4.50379753112793
n,0.8991219997406006, 4.4131364822387695, 0.0008172765374183655
n,4.412819862365723, -0.9006748199462891, -0.0001667975593591109
n,-0.8949428200721741, -4.413985729217529, -0.0008174338145181537
n,4.414521217346191, -0.8922968506813049, 0.0
n,0.8224868774414062, 4.428059101104736, 0.0007334531983360648
n,-0.8220264315605164, -4.428144454956055, -0.0008200558950193226
n,4.412737846374512, -0.9010744094848633, 0.0008269833051599562
n,0.8987118601799011, 4.413219451904297, 0.0007100724615156651
n,-0.893480122089386, -4.414281845092773, 0.0
n,-4.412967205047607, 0.8999505043029785, 0.000144799065310508
n,-1.2633364349312615e-05, 0.00031304373987950385, -4.50379753112793
n,-1.2012218576273881e-05, 0.0003117009182460606, -4.50379753112793
n,-1.3837597180099692e-05, 0.0003052329702768475, -4.50379753112793
n,-1.0205876606050879e-05, 0.00028894946444779634, -4.50379753112793
n,-1.1817910490208305e-05, 0.00031177635537460446, -4.50379753112793
n,-5.6386770665994845e-06, 0.00031202263198792934, -4.50379753112793
n,-1.147177272287081e-06, 0.0003107894735876471, -4.50379753112793
n,-6.474538167822175e-07, 0.0003109666577074677, -4.50379753112793
n,1.147177272287081e-06, -0.0003107894735876471, 4.50379753112793
n,1.147630541709077e-06, -0.00031078929896466434, 4.50379753112793
n,6.131983809609665e-06, -0.00031088225659914315, 4.50379753112793
n,1.2699119906756096e-05, -0.00031082361238077283, 4.50379753112793
n,0.8991219997406006, 4.4131364822387695, 0.0008172765374183655
n,4.412819862365723, -0.9006748199462891, -0.0001667975593591109
n,-0.8949428200721741, -4.413985729217529, -0.0008174338145181537
n,4.413010120391846, -0.8997400403022766, 0.0
n,4.4107184410095215, -0.9109092354774475, -0.00016869290266186
n,4.413070201873779, -0.8994436860084534, 0.000979166361503303
n,0.8214467763900757, 4.428252220153809, 0.0
n,-0.5262293219566345, -4.472949028015137, 0.0
n,-0.8224857449531555, -4.428053855895996, 0.007177066057920456
n,-0.8231194615364075, -4.427941799163818, 0.0
n,4.4130096435546875, -0.8997432589530945, -0.0001447657123208046
n,4.412735462188721, -0.9010879397392273, 0.0
n,4.410955429077148, -0.9097596406936646, -0.000349578564055264
n,4.413825511932373, -0.8957327008247375, -0.00014412043674383312
n,4.412871837615967, -0.9004161357879639, -0.0010564497206360102
n,0.8987118005752563, 4.413219451904297, 0.0007100724615156651
n,-0.8987118601799011, -4.413219451904297, -0.0007100724615156651
u,0.48126229643821716, 0.28956469893455505, 0
u,0.8066694140434265, 0.5809460878372192, 0
u,0.48126229643821716, 0.5809460878372192, 0
u,0.0, 0.0, 0
u,0.0, 0.0, 0
u,0.0, 0.0, 0
u,0.000993699999526143, 0.10310760140419006, 0
u,0.0009861999424174428, 0.10434780269861221, 0
u,0.0010131000308319926, 0.002419400028884411, 0
u,0.9992951154708862, 0.9911292195320129, 0
u,0.9398422241210938, 0.4147011935710907, 0
u,0.9993035793304443, 0.4116494953632355, 0
u,0.980654776096344, 0.1333950012922287, 0
u,0.9398422241210938, 0.40801748633384705, 0
u,0.9398422241210938, 0.13333329558372498, 0
u,0.937572717666626, 0.9943493008613586, 0
u,0.9022141098976135, 0.18840579688549042, 0
u,0.937572717666626, 0.18840579688549042, 0
u,0.9022141098976135, 0.9943493008613586, 0
u,0.843472421169281, 0.18840579688549042, 0
u,0.9022141098976135, 0.18840579688549042, 0
u,0.807692289352417, 0.9943493008613586, 0
u,0.843472421169281, 0.18840579688549042, 0
u,0.843472421169281, 0.9943493008613586, 0
u,0.2691153883934021, 0.9425380229949951, 0
u,0.27159300446510315, 0.1130433976650238, 0
u,0.27159300446510315, 0.9973971247673035, 0
u,0.48024219274520874, 0.9973971247673035, 0
u,0.27159300446510315, 0.1130433976650238, 0
u,0.48024219274520874, 0.1130433976650238, 0
u,0.0, 0.1130433976650238, 0
u,0.20820899307727814, 0.1130433976650238, 0
u,0.20820899307727814, 0.9425380229949951, 0
u,0.5052543878555298, 0.8017398715019226, 0
u,0.5052543878555298, 0.987013578414917, 0
u,0.48126229643821716, 0.9995700716972351, 0
u,0.48126229643821716, 0.28956469893455505, 0
u,0.8066694140434265, 0.16231879591941833, 0
u,0.8066694140434265, 0.28956469893455505, 0
u,0.8066694140434265, 0.7081909775733948, 0
u,0.48126229643821716, 0.5809460878372192, 0
u,0.8066694140434265, 0.5809460878372192, 0
u,0.48126229643821716, 0.28956469893455505, 0
u,0.8066694140434265, 0.28956469893455505, 0
u,0.8066694140434265, 0.5809460878372192, 0
u,0.0, 0.0, 0
u,0.0, 0.0, 0
u,0.0, 0.0, 0
u,0.0, 0.0, 0
u,0.0, 0.0, 0
u,0.0, 0.0, 0
u,0.0, 0.0, 0
u,0.0, 0.0, 0
u,0.0, 0.0, 0
u,0.0, 0.0, 0
u,0.0, 0.0, 0
u,0.0, 0.0, 0
u,0.0, 0.0, 0
u,0.0, 0.0, 0
u,0.0, 0.0, 0
u,0.0, 0.0, 0
u,0.0, 0.0, 0
u,0.0, 0.0, 0
u,0.0, 0.0, 0
u,0.0, 0.0, 0
u,0.0, 0.0, 0
u,0.0, 0.0, 0
u,0.0, 0.0, 0
u,0.0, 0.0, 0
u,0.05794839933514595, 0.002419400028884411, 0
u,0.05792900174856186, 0.10314709693193436, 0
u,0.0010131000308319926, 0.002419400028884411, 0
u,0.05792900174856186, 0.10314709693193436, 0
u,0.000993699999526143, 0.10310760140419006, 0
u,0.0010131000308319926, 0.002419400028884411, 0
u,0.9992951154708862, 0.9911292195320129, 0
u,0.9398422241210938, 0.9942029118537903, 0
u,0.9398422241210938, 0.4147011935710907, 0
u,0.980654776096344, 0.1333950012922287, 0
u,0.9806550741195679, 0.4080769121646881, 0
u,0.9398422241210938, 0.40801748633384705, 0
u,0.937572717666626, 0.9943493008613586, 0
u,0.9022141098976135, 0.9943493008613586, 0
u,0.9022141098976135, 0.18840579688549042, 0
u,0.9022141098976135, 0.9943493008613586, 0
u,0.843472421169281, 0.9943493008613586, 0
u,0.843472421169281, 0.18840579688549042, 0
u,0.807692289352417, 0.9943493008613586, 0
u,0.807692289352417, 0.18840579688549042, 0
u,0.843472421169281, 0.18840579688549042, 0
u,0.20865710079669952, 0.9973971247673035, 0
u,0.20865710079669952, 0.9425380229949951, 0
u,0.2691153883934021, 0.9425380229949951, 0
u,0.2691153883934021, 0.9425380229949951, 0
u,0.2691153883934021, 0.1130433976650238, 0
u,0.27159300446510315, 0.1130433976650238, 0
u,0.27159300446510315, 0.9973971247673035, 0
u,0.20865710079669952, 0.9973971247673035, 0
u,0.2691153883934021, 0.9425380229949951, 0
u,0.48024219274520874, 0.9973971247673035, 0
u,0.27159300446510315, 0.9973971247673035, 0
u,0.27159300446510315, 0.1130433976650238, 0
u,0.20865710079669952, 0.9425380229949951, 0
u,0.20865710079669952, 0.9973971247673035, 0
u,0.20820899307727814, 0.9425380229949951, 0
u,0.20865710079669952, 0.9973971247673035, 0
u,0.0, 0.9973971247673035, 0
u,0.20820899307727814, 0.9425380229949951, 0
u,0.0, 0.9973971247673035, 0
u,0.0, 0.1130433976650238, 0
u,0.20820899307727814, 0.9425380229949951, 0
u,0.48126229643821716, 0.7081909775733948, 0
u,0.8066694140434265, 0.7081909775733948, 0
u,0.5052543878555298, 0.8017398715019226, 0
u,0.8066694140434265, 0.7081909775733948, 0
u,0.8066694140434265, 0.8017398715019226, 0
u,0.5052543878555298, 0.8017398715019226, 0
u,0.8066694140434265, 0.987013578414917, 0
u,0.8066694140434265, 0.9995700716972351, 0
u,0.5052543878555298, 0.987013578414917, 0
u,0.8066694140434265, 0.9995700716972351, 0
u,0.48126229643821716, 0.9995700716972351, 0
u,0.5052543878555298, 0.987013578414917, 0
u,0.48126229643821716, 0.7081909775733948, 0
u,0.5052543878555298, 0.8017398715019226, 0
u,0.48126229643821716, 0.9995700716972351, 0
u,0.48126229643821716, 0.28956469893455505, 0
u,0.48126229643821716, 0.16231879591941833, 0
u,0.8066694140434265, 0.16231879591941833, 0
u,0.8066694140434265, 0.7081909775733948, 0
u,0.48126229643821716, 0.7081909775733948, 0
u,0.48126229643821716, 0.5809460878372192, 0
