s,197.726318359375, 68.7197265625, -0.5770092010498047
b,203.98779296875, 73.556640625, 5.296295166015625
v,201.041259765625, 72.328125, 3.8929176330566406
v,200.7314453125, 72.736328125, 3.8928918838500977
v,200.731201171875, 72.736328125, 4.273681640625
v,201.041015625, 72.328125, 4.273707389831543
v,201.108154296875, 73.310546875, -0.5766201019287109
v,201.2197265625, 73.150390625, -0.5766110420227051
v,201.78759765625, 73.556640625, -0.5765438079833984
v,202.143310546875, 73.060546875, -0.5765142440795898
v,202.69775390625, 73.4462890625, -0.5764484405517578
v,202.897705078125, 73.1591796875, -0.5764317512512207
v,202.8818359375, 73.15625, -0.5764331817626953
v,198.46533203125, 70.1044921875, -0.5769481658935547
v,198.5185546875, 70.0361328125, -0.5769433975219727
v,198.512939453125, 70.0322265625, -0.5769438743591309
v,197.726806640625, 71.162109375, -0.5770092010498047
v,199.118896484375, 72.130859375, -0.5768489837646484
v,199.214599609375, 71.9931640625, -0.5768413543701172
v,199.53515625, 68.7197265625, -0.5768556594848633
v,198.582275390625, 70.0888671875, -0.5769357681274414
v,203.03515625, 73.1875, -0.5764164924621582
v,203.98779296875, 71.8173828125, -0.5763359069824219
v,203.987548828125, 71.8173828125, 0.6637287139892578
v,199.38525390625, 68.9140625, 1.4547538757324219
v,199.53515625, 68.7197265625, 0.6632089614868164
v,203.987548828125, 71.8173828125, 0.6637287139892578
v,203.832763671875, 72.0048828125, 1.4552717208862305
v,199.38525390625, 68.9140625, 1.4547538757324219
v,203.832763671875, 72.0048828125, 1.4552717208862305
v,199.192626953125, 69.1630859375, 2.2897958755493164
v,199.38525390625, 68.9140625, 1.4547538757324219
v,203.832763671875, 72.0048828125, 1.4552717208862305
v,203.633544921875, 72.24609375, 2.290313720703125
v,199.192626953125, 69.1630859375, 2.2897958755493164
v,203.633544921875, 72.24609375, 2.290313720703125
v,199.021240234375, 69.384765625, 2.9018478393554688
v,199.192626953125, 69.1630859375, 2.2897958755493164
v,203.633544921875, 72.24609375, 2.290313720703125
v,203.45654296875, 72.4599609375, 2.902364730834961
v,199.021240234375, 69.384765625, 2.9018478393554688
v,203.45654296875, 72.4599609375, 2.902364730834961
v,198.7646484375, 69.716796875, 3.548105239868164
v,199.021240234375, 69.384765625, 2.9018478393554688
v,203.45654296875, 72.4599609375, 2.902364730834961
v,203.19091796875, 72.78125, 3.54862117767334
v,198.7646484375, 69.716796875, 3.548105239868164
v,202.92431640625, 73.1650390625, 3.5485992431640625
v,203.19091796875, 72.78125, 3.54862117767334
v,203.45654296875, 72.4599609375, 2.902364730834961
v,202.961181640625, 73.1728515625, 2.9023237228393555
v,202.897216796875, 73.1591796875, 3.722623825073242
v,202.932861328125, 73.107421875, 3.722654342651367
v,202.925537109375, 73.1025390625, 3.7840023040771484
v,203.19091796875, 72.78125, 3.54862117767334
v,202.92431640625, 73.1650390625, 3.5485992431640625
v,203.45654296875, 72.4599609375, 2.902364730834961
v,203.633544921875, 72.24609375, 2.290313720703125
v,202.985595703125, 73.177734375, 2.2902584075927734
v,202.961181640625, 73.1728515625, 2.9023237228393555
v,198.565673828125, 70.091796875, 1.4546842575073242
v,198.582275390625, 70.0888671875, 0.6631288528442383
v,199.53515625, 68.7197265625, 0.6632089614868164
v,199.38525390625, 68.9140625, 1.4547538757324219
v,198.54443359375, 70.0947265625, 2.2897415161132812
v,198.565673828125, 70.091796875, 1.4546842575073242
v,199.38525390625, 68.9140625, 1.4547538757324219
v,199.192626953125, 69.1630859375, 2.2897958755493164
v,198.52587890625, 70.0966796875, 2.901805877685547
v,198.54443359375, 70.0947265625, 2.2897415161132812
v,199.192626953125, 69.1630859375, 2.2897958755493164
v,199.021240234375, 69.384765625, 2.9018478393554688
v,198.49755859375, 70.1005859375, 3.5480823516845703
v,198.52587890625, 70.0966796875, 2.901805877685547
v,199.021240234375, 69.384765625, 2.9018478393554688
v,198.7646484375, 69.716796875, 3.548105239868164
v,198.517822265625, 70.0361328125, 3.7740821838378906
v,198.46484375, 70.1044921875, 3.822671890258789
v,198.49755859375, 70.1005859375, 3.5480823516845703
v,198.7646484375, 69.716796875, 3.548105239868164
v,198.582275390625, 70.0888671875, 0.6631288528442383
v,198.565673828125, 70.091796875, 1.4546842575073242
v,203.034912109375, 73.1875, 0.6636486053466797
v,198.565673828125, 70.091796875, 1.4546842575073242
v,203.013427734375, 73.1826171875, 1.4552021026611328
v,203.034912109375, 73.1875, 0.6636486053466797
v,198.565673828125, 70.091796875, 1.4546842575073242
v,198.54443359375, 70.0947265625, 2.2897415161132812
v,203.013427734375, 73.1826171875, 1.4552021026611328
v,198.54443359375, 70.0947265625, 2.2897415161132812
v,202.985595703125, 73.177734375, 2.2902584075927734
v,203.013427734375, 73.1826171875, 1.4552021026611328
v,198.54443359375, 70.0947265625, 2.2897415161132812
v,198.52587890625, 70.0966796875, 2.901805877685547
v,202.985595703125, 73.177734375, 2.2902584075927734
v,198.52587890625, 70.0966796875, 2.901805877685547
v,202.961181640625, 73.1728515625, 2.9023237228393555
v,202.985595703125, 73.177734375, 2.2902584075927734
v,199.280517578125, 70.56640625, 3.7753820419311523
v,203.19091796875, 72.78125, 3.54862117767334
v,202.925537109375, 73.1025390625, 3.7840023040771484
v,198.7646484375, 69.716796875, 3.548105239868164
v,203.19091796875, 72.78125, 3.54862117767334
v,199.280517578125, 70.56640625, 3.7753820419311523
v,198.517822265625, 70.0361328125, 3.7740821838378906
v,203.832763671875, 72.0048828125, 1.4552717208862305
v,203.987548828125, 71.8173828125, 0.6637287139892578
v,203.034912109375, 73.1875, 0.6636486053466797
v,203.013427734375, 73.1826171875, 1.4552021026611328
v,203.633544921875, 72.24609375, 2.290313720703125
v,203.832763671875, 72.0048828125, 1.4552717208862305
v,203.013427734375, 73.1826171875, 1.4552021026611328
v,202.985595703125, 73.177734375, 2.2902584075927734
v,198.46484375, 70.1044921875, 3.822671890258789
v,202.88134765625, 73.15625, 3.8231868743896484
v,202.897216796875, 73.1591796875, 3.722623825073242
v,202.92431640625, 73.1650390625, 3.5485992431640625
v,198.49755859375, 70.1005859375, 3.5480823516845703
v,198.46484375, 70.1044921875, 3.822671890258789
v,202.92431640625, 73.1650390625, 3.5485992431640625
v,198.49755859375, 70.1005859375, 3.5480823516845703
v,202.92431640625, 73.1650390625, 3.5485992431640625
v,202.961181640625, 73.1728515625, 2.9023237228393555
v,198.52587890625, 70.0966796875, 2.901805877685547
v,198.49755859375, 70.1005859375, 3.5480823516845703
v,202.961181640625, 73.1728515625, 2.9023237228393555
v,200.385498046875, 71.8310546875, 3.8928403854370117
v,200.0751953125, 72.2392578125, 3.8928146362304688
v,200.731201171875, 72.736328125, 3.8928918838500977
v,200.576416015625, 72.9404296875, 3.892878532409668
v,199.21435546875, 71.9931640625, 3.892719268798828
v,199.118408203125, 72.130859375, 3.892711639404297
v,197.726318359375, 71.162109375, 3.892552375793457
v,198.512451171875, 70.0322265625, 3.8926172256469727
v,201.30712890625, 71.9765625, 3.8929405212402344
v,201.041015625, 72.328125, 3.8929176330566406
v,201.30712890625, 71.9765625, 3.8929405212402344
v,202.932861328125, 73.107421875, 3.8931331634521484
v,202.697265625, 73.4462890625, 3.8931121826171875
v,202.142822265625, 73.060546875, 3.893047332763672
v,202.259033203125, 72.8984375, 3.893056869506836
v,201.563232421875, 72.3994140625, 3.892974853515625
v,201.09130859375, 73.0576171875, 3.8929357528686523
v,201.218994140625, 73.150390625, 3.8929500579833984
v,201.107666015625, 73.310546875, 3.8929405212402344
v,200.576416015625, 72.9404296875, 3.892878532409668
v,200.731201171875, 72.736328125, 3.8928918838500977
v,201.041015625, 72.328125, 3.8929176330566406
v,201.680419921875, 73.48046875, 5.176365852355957
v,201.803955078125, 73.318359375, 5.1763763427734375
v,202.03466796875, 73.013671875, 5.176396369934082
v,202.170166015625, 72.8349609375, 5.176407814025879
v,202.259033203125, 72.8984375, 5.176418304443359
v,201.786865234375, 73.556640625, 5.176379203796387
v,201.671875, 72.7392578125, 5.176353454589844
v,201.441162109375, 73.04296875, 5.176333427429199
v,201.803955078125, 73.318359375, 5.1763763427734375
v,201.680419921875, 73.48046875, 5.176365852355957
v,201.091064453125, 73.0576171875, 5.176297187805176
v,201.56298828125, 72.3994140625, 5.176335334777832
v,202.170166015625, 72.8349609375, 5.176407814025879
v,202.03466796875, 73.013671875, 5.176396369934082
v,201.803955078125, 73.318359375, 5.2962751388549805
v,201.441162109375, 73.04296875, 5.296232223510742
v,201.671875, 72.7392578125, 5.29625129699707
v,202.03466796875, 73.013671875, 5.296295166015625
v,200.73095703125, 72.736328125, 4.273681640625
v,200.0751953125, 72.2392578125, 4.273604393005371
v,200.38525390625, 71.8310546875, 4.273630142211914
v,201.040771484375, 72.328125, 4.273707389831543
v,203.98779296875, 71.8173828125, -0.5763359069824219
v,203.987548828125, 71.8173828125, 0.6637287139892578
v,199.53515625, 68.7197265625, 0.6632089614868164
v,199.53515625, 68.7197265625, -0.5768556594848633
v,202.897216796875, 73.1591796875, 3.722623825073242
v,202.88134765625, 73.15625, 3.8231868743896484
v,202.8818359375, 73.15625, -0.5764331817626953
v,202.897705078125, 73.1591796875, -0.5764317512512207
v,199.53515625, 68.7197265625, -0.5768556594848633
v,199.53515625, 68.7197265625, 0.6632089614868164
v,198.582275390625, 70.0888671875, 0.6631288528442383
v,198.582275390625, 70.0888671875, -0.5769357681274414
v,198.582275390625, 70.0888671875, -0.5769357681274414
v,198.582275390625, 70.0888671875, 0.6631288528442383
v,203.034912109375, 73.1875, 0.6636486053466797
v,203.03515625, 73.1875, -0.5764164924621582
v,202.88134765625, 73.15625, 3.8231868743896484
v,198.46484375, 70.1044921875, 3.822671890258789
v,198.46533203125, 70.1044921875, -0.5769481658935547
v,202.8818359375, 73.15625, -0.5764331817626953
v,198.5185546875, 70.0361328125, -0.5769433975219727
v,198.46533203125, 70.1044921875, -0.5769481658935547
v,198.46484375, 70.1044921875, 3.822671890258789
v,198.517822265625, 70.0361328125, 3.7740821838378906
v,203.034912109375, 73.1875, 0.6636486053466797
v,203.987548828125, 71.8173828125, 0.6637287139892578
v,203.98779296875, 71.8173828125, -0.5763359069824219
v,203.03515625, 73.1875, -0.5764164924621582
v,202.697265625, 73.4462890625, 3.8931121826171875
v,202.932861328125, 73.107421875, 3.8931331634521484
v,202.932861328125, 73.107421875, 3.722654342651367
v,202.897216796875, 73.1591796875, 3.722623825073242
v,202.897705078125, 73.1591796875, -0.5764317512512207
v,202.69775390625, 73.4462890625, -0.5764484405517578
v,197.726318359375, 71.162109375, 3.892552375793457
v,199.118408203125, 72.130859375, 3.892711639404297
v,199.118896484375, 72.130859375, -0.5768489837646484
v,197.726806640625, 71.162109375, -0.5770092010498047
v,199.118408203125, 72.130859375, 3.892711639404297
v,199.21435546875, 71.9931640625, 3.892719268798828
v,199.214599609375, 71.9931640625, -0.5768413543701172
v,199.118896484375, 72.130859375, -0.5768489837646484
v,201.107666015625, 73.310546875, 3.8929405212402344
v,201.108154296875, 73.310546875, -0.5766201019287109
v,199.214599609375, 71.9931640625, -0.5768413543701172
v,199.21435546875, 71.9931640625, 3.892719268798828
v,200.576416015625, 72.9404296875, 3.892878532409668
v,201.218994140625, 73.150390625, 3.8929500579833984
v,201.2197265625, 73.150390625, -0.5766110420227051
v,201.108154296875, 73.310546875, -0.5766201019287109
v,201.107666015625, 73.310546875, 3.8929405212402344
v,202.143310546875, 73.060546875, -0.5765142440795898
v,202.142822265625, 73.060546875, 3.893047332763672
v,202.697265625, 73.4462890625, 3.8931121826171875
v,202.69775390625, 73.4462890625, -0.5764484405517578
v,201.30712890625, 71.9765625, 3.8929405212402344
v,198.512451171875, 70.0322265625, 3.8926172256469727
v,198.512939453125, 70.0322265625, -0.5769438743591309
v,198.5185546875, 70.0361328125, -0.5769433975219727
v,198.517822265625, 70.0361328125, 3.7740821838378906
v,199.280517578125, 70.56640625, 3.7753820419311523
v,202.925537109375, 73.1025390625, 3.7840023040771484
v,202.932861328125, 73.107421875, 3.722654342651367
v,202.932861328125, 73.107421875, 3.8931331634521484
v,198.512939453125, 70.0322265625, -0.5769438743591309
v,198.512451171875, 70.0322265625, 3.8926172256469727
v,197.726318359375, 71.162109375, 3.892552375793457
v,197.726806640625, 71.162109375, -0.5770092010498047
v,201.78759765625, 73.556640625, -0.5765438079833984
v,201.2197265625, 73.150390625, -0.5766110420227051
v,201.218994140625, 73.150390625, 3.8929500579833984
v,201.09130859375, 73.0576171875, 3.8929357528686523
v,201.091064453125, 73.0576171875, 5.176297187805176
v,201.680419921875, 73.48046875, 5.176365852355957
v,201.786865234375, 73.556640625, 5.176379203796387
v,202.259033203125, 72.8984375, 5.176418304443359
v,202.259033203125, 72.8984375, 3.893056869506836
v,202.142822265625, 73.060546875, 3.893047332763672
v,202.143310546875, 73.060546875, -0.5765142440795898
v,201.78759765625, 73.556640625, -0.5765438079833984
v,201.786865234375, 73.556640625, 5.176379203796387
v,202.170166015625, 72.8349609375, 5.176407814025879
v,201.56298828125, 72.3994140625, 5.176335334777832
v,201.563232421875, 72.3994140625, 3.892974853515625
v,202.259033203125, 72.8984375, 3.893056869506836
v,202.259033203125, 72.8984375, 5.176418304443359
v,201.091064453125, 73.0576171875, 5.176297187805176
v,201.09130859375, 73.0576171875, 3.8929357528686523
v,201.563232421875, 72.3994140625, 3.892974853515625
v,201.56298828125, 72.3994140625, 5.176335334777832
v,201.671875, 72.7392578125, 5.176353454589844
v,202.03466796875, 73.013671875, 5.176396369934082
v,202.03466796875, 73.013671875, 5.296295166015625
v,201.671875, 72.7392578125, 5.29625129699707
v,201.441162109375, 73.04296875, 5.176333427429199
v,201.671875, 72.7392578125, 5.176353454589844
v,201.671875, 72.7392578125, 5.29625129699707
v,201.441162109375, 73.04296875, 5.296232223510742
v,201.803955078125, 73.318359375, 5.1763763427734375
v,201.441162109375, 73.04296875, 5.176333427429199
v,201.441162109375, 73.04296875, 5.296232223510742
v,201.803955078125, 73.318359375, 5.2962751388549805
v,202.03466796875, 73.013671875, 5.176396369934082
v,201.803955078125, 73.318359375, 5.1763763427734375
v,201.803955078125, 73.318359375, 5.2962751388549805
v,202.03466796875, 73.013671875, 5.296295166015625
v,200.385498046875, 71.8310546875, 3.8928403854370117
v,201.041015625, 72.328125, 3.8929176330566406
v,201.040771484375, 72.328125, 4.273707389831543
v,200.38525390625, 71.8310546875, 4.273630142211914
v,200.38525390625, 71.8310546875, 4.273630142211914
v,200.0751953125, 72.2392578125, 4.273604393005371
v,200.0751953125, 72.2392578125, 3.8928146362304688
v,200.385498046875, 71.8310546875, 3.8928403854370117
v,200.731201171875, 72.736328125, 3.8928918838500977
v,200.0751953125, 72.2392578125, 3.8928146362304688
v,200.0751953125, 72.2392578125, 4.273604393005371
v,200.73095703125, 72.736328125, 4.273681640625
i,1,3,0
i,11,13,14
i,17,19,20
i,21,22,23
i,24,25,26
i,27,28,29
i,30,31,32
i,33,34,35
i,36,37,38
i,39,40,41
i,42,43,44
i,46,48,45
i,50,52,53
i,54,56,57
i,59,61,58
i,63,65,62
i,67,69,66
i,71,73,70
i,74,76,77
i,78,79,80
i,81,82,83
i,84,85,86
i,87,88,89
i,90,91,92
i,93,94,95
i,96,97,98
i,99,101,102
i,103,105,106
i,107,109,110
i,111,113,114
i,115,116,117
i,118,119,120
i,121,122,123
i,124,128,131
i,134,139,145
i,150,151,148
i,153,156,157
i,161,163,160
i,164,166,167
i,169,171,168
i,172,174,175
i,176,178,179
i,181,183,180
i,185,187,184
i,189,191,188
i,193,195,192
i,196,199,201
i,203,205,202
i,207,209,206
i,212,213,214
i,215,217,218
i,220,222,219
i,223,229,231
i,233,235,232
i,238,241,242
i,245,247,248
i,252,249,251
i,255,257,254
i,259,261,258
i,263,265,262
i,266,268,269
i,270,272,273
i,275,277,274
i,279,281,278
i,282,284,285
i,1,2,3
i,16,4,5
i,5,6,7
i,7,8,10
i,8,9,10
i,16,5,7
i,14,15,16
i,11,12,13
i,7,10,11
i,14,16,11
i,16,7,11
i,17,18,19
i,46,47,48
i,53,49,50
i,50,51,52
i,54,55,56
i,59,60,61
i,63,64,65
i,67,68,69
i,71,72,73
i,74,75,76
i,99,100,101
i,103,104,105
i,107,108,109
i,111,112,113
i,125,126,127
i,128,129,130
i,125,127,128
i,132,133,124
i,124,125,128
i,128,130,131
i,131,132,124
i,135,136,138
i,136,137,138
i,143,144,140
i,144,145,140
i,141,142,140
i,142,143,140
i,135,138,134
i,138,139,134
i,139,140,145
i,151,146,147
i,147,148,151
i,148,149,150
i,153,154,155
i,157,158,152
i,158,159,152
i,153,155,156
i,157,152,153
i,161,162,163
i,164,165,166
i,169,170,171
i,172,173,174
i,176,177,178
i,181,182,183
i,185,186,187
i,189,190,191
i,193,194,195
i,196,197,199
i,197,198,199
i,199,200,201
i,203,204,205
i,207,208,209
i,214,210,211
i,211,212,214
i,215,216,217
i,220,221,222
i,224,225,227
i,225,226,227
i,227,228,224
i,228,229,223
i,223,224,228
i,229,230,231
i,233,234,235
i,242,236,238
i,236,237,238
i,238,239,240
i,238,240,241
i,248,243,245
i,243,244,245
i,245,246,247
i,253,249,252
i,249,250,251
i,255,256,257
i,259,260,261
i,263,264,265
i,266,267,268
i,270,271,272
i,275,276,277
i,279,280,281
i,282,283,284
n,3.5883569717407227, 2.7217423915863037, 0.0020432970486581326
n,-4.31943335570395e-05, -0.00028995343018323183, -4.50379753112793
n,0.00047823190107010305, 6.808422767790034e-05, -4.50379753112793
n,2.4572126865386963, -3.531606912612915, 1.331936240196228
n,2.457850456237793, -3.5364840030670166, 1.317741870880127
n,2.405442476272583, -3.4611270427703857, 1.5870214700698853
n,2.4062821865081787, -3.466022253036499, 1.575019359588623
n,2.3355138301849365, -3.364145040512085, 1.874058723449707
n,2.3381409645080566, -3.3721868991851807, 1.8562452793121338
n,2.152805805206299, -3.1050117015838623, 2.451228380203247
n,2.156804084777832, -3.1159629821777344, 2.4337546825408936
n,3.6917762756347656, 2.568387985229492, 0.2415875494480133
n,3.6578214168548584, 2.5447888374328613, 0.654661238193512
n,3.6943070888519287, 2.570500612258911, 0.16974394023418427
n,-3.6963729858398438, -2.5722224712371826, -0.06849832087755203
n,-3.6963207721710205, -2.571769952774048, -0.08604563027620316
n,-3.695993423461914, -2.5716702938079834, -0.10167142003774643
n,-3.694143056869507, -2.5721189975738525, -0.14731645584106445
n,-3.6815459728240967, -2.5633628368377686, -0.39947953820228577
n,-2.5720174312591553, 3.696565866470337, -0.06569723784923553
n,-2.5701940059661865, 3.698087453842163, -0.04944105073809624
n,-2.569971799850464, 3.69777250289917, -0.07691918313503265
n,-2.5682566165924072, 3.6992387771606445, -0.062306780368089676
n,-2.5679407119750977, 3.6987898349761963, -0.09396021068096161
n,-2.566073417663574, 3.700592041015625, -0.07126043736934662
n,1.2630181312561035, -1.8286882638931274, 3.9172537326812744
n,1.2528281211853027, -1.8124998807907104, 3.928035020828247
n,3.695927381515503, 2.5712344646453857, 0.1143171563744545
n,3.6956400871276855, 2.570439338684082, 0.13884872198104858
n,-2.555006265640259, 3.69777774810791, -0.28735750913619995
n,-2.5550613403320312, 3.691086530685425, -0.36295297741889954
n,-2.5627689361572266, 3.7021772861480713, -0.1014551892876625
n,-2.5652916431427, 3.699475049972534, -0.13174711167812347
n,-0.00047486103721894324, -6.541606853716075e-05, 4.50379753112793
n,-0.0004798253357876092, -7.020728662610054e-05, 4.50379753112793
n,-0.0004782144969794899, -7.055463356664404e-05, 4.50379753112793
n,-0.0004717236151918769, -7.153969636419788e-05, 4.50379753112793
n,-0.0004793905245605856, -7.509506394853815e-05, 4.50379753112793
n,-0.0004754783876705915, -7.116607594070956e-05, 4.50379753112793
n,2.572296142578125, -3.696955919265747, 0.00045028122258372605
n,0.9642446041107178, -4.39936637878418, 9.726695134304464e-05
n,-3.6968448162078857, -2.572455883026123, 0.0
n,-2.5722122192382812, 3.697014808654785, 0.0
n,2.5600483417510986, -3.7054479122161865, 0.00025233885389752686
n,3.55932354927063, 2.7596025466918945, 0.0005321306525729597
n,3.6971192359924316, 2.572061777114868, 0.0006464578909799457
n,3.6960387229919434, 2.5736145973205566, 0.00035861029755324125
n,-2.5727009773254395, 3.696674346923828, -0.000249617820372805
n,3.698375701904297, 2.5702545642852783, 0.0003588371037039906
n,-2.5727176666259766, 3.6966631412506104, -0.0002496194501873106
n,3.699023723602295, 2.569321870803833, 0.0003588999970816076
n,-2.5731444358825684, 3.6963653564453125, -0.00024966083583422005
n,2.571958065032959, -3.697190284729004, 0.0025551309809088707
n,-3.697436571121216, -2.5716054439544678, -0.00035874597961083055
n,-2.624122142791748, 3.6603517532348633, 0.0009723686380311847
n,3.660310983657837, 2.624178647994995, 0.0004138775693718344
n,2.6237106323242188, -3.660646915435791, 0.001151012722402811
n,-3.660649538040161, -2.623706817626953, -0.0006184868980199099
n,2.720437526702881, -3.5893468856811523, 0.0
n,-3.589494228363037, -2.720243453979492, 0.0
n,-2.720437526702881, 3.5893466472625732, 0.0
n,3.589493751525879, 2.720243453979492, 0.0
n,2.7204749584198, -3.589318037033081, 0.0015491042286157608
n,-3.587440013885498, -2.7229509353637695, -0.002042774809524417
n,-2.7199037075042725, 3.5897510051727295, -0.0015487790806218982
n,3.5883572101593018, 2.7217421531677246, 0.002043297281488776
n,0.00047131525934673846, 7.838010787963867e-05, -4.50379753112793
n,0.0004802386974915862, 7.510398427257314e-05, -4.50379753112793
n,0.00048418407095596194, 7.044702215353027e-05, -4.50379753112793
n,0.00046870761434547603, 6.0641417803708464e-05, -4.50379753112793
n,0.0004792289691977203, 6.46660482743755e-05, -4.50379753112793
n,0.0004723516176454723, 6.548161763930693e-05, -4.50379753112793
n,0.00035947797005064785, -2.7497382689034566e-05, -4.50379753112793
n,0.00048595311818644404, 5.675283318851143e-05, -4.50379753112793
n,0.00047046918189153075, 6.885253242217004e-05, -4.50379753112793
n,0.00047892637667246163, 6.54960676911287e-05, -4.50379753112793
n,0.0004781807365361601, 6.812433275626972e-05, -4.50379753112793
n,3.6916003227233887, 2.5686213970184326, 0.24179166555404663
n,3.6725895404815674, 2.5252745151519775, 0.6475073099136353
n,3.6579136848449707, 2.5444648265838623, 0.6554054617881775
n,3.6948046684265137, 2.5698599815368652, 0.16861052811145782
n,-3.6964168548583984, -2.572162628173828, -0.06836475431919098
n,-3.696118116378784, -2.5720460414886475, -0.08650471270084381
n,-3.6960556507110596, -2.5715863704681396, -0.10152600705623627
n,-3.6949827671051025, -2.570969581604004, -0.14633092284202576
n,-3.683140754699707, -2.5611886978149414, -0.3987199068069458
n,1.254970669746399, -1.8134952783584595, 3.926891326904297
n,3.6959245204925537, 2.571237087249756, 0.11432411521673203
n,3.6953437328338623, 2.5708298683166504, 0.13950689136981964
n,-2.5552637577056885, 3.698568820953369, -0.2746037542819977
n,-0.0004709851637016982, -7.668329635635018e-05, 4.50379753112793
n,-0.0004658638499677181, -7.48037637094967e-05, 4.50379753112793
n,-0.00047525574336759746, -7.36321453587152e-05, 4.50379753112793
n,-0.0004775253764819354, -6.846529140602797e-05, 4.50379753112793
n,-0.0004757565329782665, -7.188208837760612e-05, 4.50379753112793
n,-0.0004701683938037604, -6.709564331686124e-05, 4.50379753112793
n,-0.00047862736391834915, -6.149446562631056e-05, 4.50379753112793
n,-0.000487988319946453, -6.91894456394948e-05, 4.50379753112793
n,-0.00047362703480757773, -8.067051385296509e-05, 4.50379753112793
n,-0.0004777141148224473, -8.177275594789535e-05, 4.50379753112793
n,-0.0004824595816899091, -7.646126323379576e-05, 4.50379753112793
n,-0.0004640177940018475, -6.078730439185165e-05, 4.50379753112793
n,-0.00048276010784320533, -5.957968096481636e-05, 4.50379753112793
n,-0.0004908027476631105, -6.0115562519058585e-05, 4.50379753112793
n,-0.00048273091670125723, -6.844936433481053e-05, 4.50379753112793
n,-0.0004789295489899814, -7.670441846130416e-05, 4.50379753112793
n,-0.0004787292273249477, -8.192705718101934e-05, 4.50379753112793
n,-0.0005076461238786578, -8.397752390010282e-05, 4.50379753112793
n,-0.0004905228270217776, -9.450036304770038e-05, 4.50379753112793
n,-0.00047586424625478685, -7.974766049301252e-05, 4.50379753112793
n,-0.00047370538231916726, -8.417649223702028e-05, 4.50379753112793
n,-0.000474115222459659, -8.20552886580117e-05, 4.50379753112793
n,-0.00047215502127073705, -8.177889685612172e-05, 4.50379753112793
n,-0.0004977323114871979, -7.646452286280692e-05, 4.50379753112793
n,-0.0004793905245605856, -7.509506394853815e-05, 4.50379753112793
n,-0.0004752571985591203, -7.125055708456784e-05, 4.50379753112793
n,2.572381019592285, -3.696897506713867, 0.0
n,0.9648212194442749, -4.399240016937256, 9.510050585959107e-05
n,-3.6968448162078857, -2.572455883026123, 0.0
n,-2.572296380996704, 3.696956157684326, -0.00044977760990150273
n,2.5600483417510986, -3.7054479122161865, 0.00025233885389752686
n,3.5649001598358154, 2.7523953914642334, 0.0003513850679155439
n,3.6971192359924316, 2.572061538696289, 0.0006464578909799457
n,3.6982922554016113, 2.5703608989715576, 0.008480006828904152
n,3.711317777633667, 2.5515313148498535, 0.0
n,3.6959388256073, 2.573758125305176, 0.0003728231240529567
n,-2.5727009773254395, 3.696674346923828, -0.000249617820372805
n,3.698375701904297, 2.5702550411224365, 0.0003588371037039906
n,-2.5716052055358887, 3.697437047958374, -0.000249511533183977
n,-2.5724053382873535, 3.696880340576172, -0.0003907327482011169
n,3.696681499481201, 2.572690486907959, 0.0005380090442486107
n,-2.5731446743011475, 3.6963655948638916, -0.0002496608649380505
n,2.817142963409424, -3.5139575004577637, 0.0002733349392656237
n,2.74601411819458, -3.5698180198669434, 0.0004105381667613983
n,2.570110321044922, -3.6984331607818604, -0.017772840335965157
n,2.5721511840820312, -3.6970508098602295, 0.006864018272608519
n,2.572293758392334, -3.696955919265747, 0.0032654241658747196
n,2.597264289855957, -3.679457664489746, 0.0
n,-3.697436571121216, -2.5716054439544678, -0.00035874597961083055
n,-2.6222269535064697, 3.6617095470428467, -0.0002964996383525431
n,-2.6226696968078613, 3.6613924503326416, -0.00038169912295416
n,-2.631263256072998, 3.655221700668335, -0.00044456636533141136
n,-2.623636245727539, 3.6606998443603516, 0.0007081517251208425
n,3.660078525543213, 2.6245033740997314, 0.00022405442723538727
n,3.6609182357788086, 2.6233317852020264, 0.0
n,3.6605618000030518, 2.6238291263580322, 0.00035516812931746244
n,2.6126983165740967, -3.6685144901275635, 0.0
n,2.6246984004974365, -3.659938097000122, 0.00044345721835270524
n,-3.660649538040161, -2.623706817626953, -0.0006184868980199099
n,2.720437526702881, -3.5893468856811523, 0.0
n,-3.589494228363037, -2.720243453979492, 0.0
n,-2.72043776512146, 3.5893468856811523, 0.0
n,3.589494228363037, 2.720243453979492, 0.0
n,2.7204747200012207, -3.58931827545166, 0.001549104112200439
n,-3.5865235328674316, -2.724158763885498, 0.0
n,-2.7193331718444824, 3.590183973312378, 0.0
u,0.7336689233779907, 0.37667301297187805, 0
u,0.7558094263076782, 0.34471121430397034, 0
u,0.7558094263076782, 0.37667301297187805, 0
u,0.0, 0.0, 0
u,0.0, 0.0, 0
u,0.0, 0.0, 0
u,0.0, 0.0, 0
u,0.0, 0.0, 0
u,0.0, 0.0, 0
u,0.8210422992706299, 0.39862391352653503, 0
u,0.8675826191902161, 0.9925209879875183, 0
u,0.8210422992706299, 0.9911854863166809, 0
u,0.8210422992706299, 0.39862391352653503, 0
u,0.8675416707992554, 0.4008185863494873, 0
u,0.8675826191902161, 0.9925209879875183, 0
u,0.8675416707992554, 0.4008185863494873, 0
u,0.9177091121673584, 0.9942405819892883, 0
u,0.8675826191902161, 0.9925209879875183, 0
u,0.8675416707992554, 0.4008185863494873, 0
u,0.9176055788993835, 0.40364280343055725, 0
u,0.9177091121673584, 0.9942405819892883, 0
u,0.9176055788993835, 0.40364280343055725, 0
u,0.9555094838142395, 0.9957736730575562, 0
u,0.9177091121673584, 0.9942405819892883, 0
u,0.9176055788993835, 0.40364280343055725, 0
u,0.9553403854370117, 0.40615761280059814, 0
u,0.9555094838142395, 0.9957736730575562, 0
u,0.9553403854370117, 0.40615761280059814, 0
u,0.9987897276878357, 0.9980878829956055, 0
u,0.9555094838142395, 0.9957736730575562, 0
u,0.9553403854370117, 0.40615761280059814, 0
u,0.9984912276268005, 0.40994420647621155, 0
u,0.9987897276878357, 0.9980878829956055, 0
u,0.6712415218353271, 0.13933779299259186, 0
u,0.6410496830940247, 0.0960955023765564, 0
u,0.6717932820320129, 0.09621159732341766, 0
u,0.6800835728645325, 0.10139969736337662, 0
u,0.6712415218353271, 0.13933779299259186, 0
u,0.6717932820320129, 0.09621159732341766, 0
u,0.6400250792503357, 0.17618699371814728, 0
u,0.6119595170021057, 0.09560229629278183, 0
u,0.6410496830940247, 0.0960955023765564, 0
u,0.6075943112373352, 0.08030589669942856, 0
u,0.5798847079277039, 0.18321509659290314, 0
u,0.5785663723945618, 0.08092950284481049, 0
u,0.5785663723945618, 0.08092950284481049, 0
u,0.5489814281463623, 0.16228190064430237, 0
u,0.547939121723175, 0.0814049020409584, 0
u,0.547939121723175, 0.0814049020409584, 0
u,0.5262836217880249, 0.1434420943260193, 0
u,0.5254865288734436, 0.08159489929676056, 0
u,0.5254865288734436, 0.08159489929676056, 0
u,0.502196729183197, 0.11469700187444687, 0
u,0.5017675161361694, 0.08139470219612122, 0
u,0.4935098886489868, 0.08639220148324966, 0
u,0.5017675161361694, 0.08139470219612122, 0
u,0.502196729183197, 0.11469700187444687, 0
u,0.25452449917793274, 0.2846429944038391, 0
u,0.25399360060691833, 0.21780499815940857, 0
u,0.4900707006454468, 0.2846429944038391, 0
u,0.25399360060691833, 0.21780499815940857, 0
u,0.48919761180877686, 0.2178076058626175, 0
u,0.4900707006454468, 0.2846429944038391, 0
u,0.25399360060691833, 0.21780499815940857, 0
u,0.25331100821495056, 0.1472903937101364, 0
u,0.48919761180877686, 0.2178076058626175, 0
u,0.25331100821495056, 0.1472903937101364, 0
u,0.48807498812675476, 0.1472969949245453, 0
u,0.48919761180877686, 0.2178076058626175, 0
u,0.25331100821495056, 0.1472903937101364, 0
u,0.25270411372184753, 0.09560229629278183, 0
u,0.48807498812675476, 0.1472969949245453, 0
u,0.25270411372184753, 0.09560229629278183, 0
u,0.48707708716392517, 0.09561319649219513, 0
u,0.48807498812675476, 0.1472969949245453, 0
u,0.7389398813247681, 0.8920019268989563, 0
u,0.7109144926071167, 0.38096320629119873, 0
u,0.7389519214630127, 0.38485169410705566, 0
u,0.7118275165557861, 0.9958335757255554, 0
u,0.7389398813247681, 0.8920019268989563, 0
u,0.7389519214630127, 0.9980878829956055, 0
u,0.9585338830947876, 0.3321022093296051, 0
u,0.8995404243469238, 0.39579349756240845, 0
u,0.8991823196411133, 0.3321022093296051, 0
u,0.9456508755683899, 0.26489999890327454, 0
u,0.8991823196411133, 0.3321022093296051, 0
u,0.8987218141555786, 0.26489999890327454, 0
u,0.4611603021621704, 0.29827919602394104, 0
u,0.693920373916626, 0.3067893087863922, 0
u,0.6950234174728394, 0.32144978642463684, 0
u,0.46221959590911865, 0.3214404881000519, 0
u,0.4611603021621704, 0.29827919602394104, 0
u,0.6950234174728394, 0.32144978642463684, 0
u,0.46221959590911865, 0.3214404881000519, 0
u,0.6950234174728394, 0.32144978642463684, 0
u,0.6965147852897644, 0.37580010294914246, 0
u,0.4631271958351135, 0.37580010294914246, 0
u,0.46221959590911865, 0.3214404881000519, 0
u,0.6965147852897644, 0.37580010294914246, 0
u,0.7637670040130615, 0.7116326093673706, 0
u,0.8098512887954712, 0.8086441159248352, 0
u,0.7404130101203918, 0.9980878829956055, 0
u,0.7404232025146484, 0.6177526712417603, 0
u,0.7519910931587219, 0.5672674179077148, 0
u,0.7657197117805481, 0.6197630167007446, 0
u,0.752680778503418, 0.47164151072502136, 0
u,0.7992011904716492, 0.4729348123073578, 0
u,0.7654591202735901, 0.4848744869232178, 0
u,0.7863072752952576, 0.5374377965927124, 0
u,0.798503577709198, 0.5685575008392334, 0
u,0.7519910931587219, 0.5672674179077148, 0
u,0.7863072752952576, 0.5374377965927124, 0
u,0.7654591202735901, 0.4848744869232178, 0
u,0.787372887134552, 0.48662030696868896, 0
u,0.795158326625824, 0.6221023797988892, 0
u,0.7637670040130615, 0.7116326093673706, 0
u,0.7657197117805481, 0.6197630167007446, 0
u,0.27919068932533264, 0.8567153811454773, 0
u,0.0014749000547453761, 0.7332695722579956, 0
u,0.27919068932533264, 0.7332695722579956, 0
u,0.2903982102870941, 0.7138128280639648, 0
u,0.2895771861076355, 0.2858509123325348, 0
u,0.2903982102870941, 0.2858509123325348, 0
u,0.45858049392700195, 0.8717740774154663, 0
u,0.3731563985347748, 0.995219886302948, 0
u,0.3731563985347748, 0.8717740774154663, 0
u,0.0014749000547453761, 0.8671128153800964, 0
u,0.2791965901851654, 0.9905586242675781, 0
u,0.0014749000547453761, 0.9905586242675781, 0
u,0.0014749000547453761, 0.7238237857818604, 0
u,0.2763155996799469, 0.2858509123325348, 0
u,0.2763155996799469, 0.7238237857818604, 0
u,0.28072771430015564, 0.7313575744628906, 0
u,0.2851670980453491, 0.2982220947742462, 0
u,0.2851670980453491, 0.7313575744628906, 0
u,0.3690873980522156, 0.8736860752105713, 0
u,0.28367748856544495, 0.997131884098053, 0
u,0.28367748856544495, 0.8736860752105713, 0
u,0.6882343888282776, 0.2604452073574066, 0
u,0.6807348132133484, 0.2903810143470764, 0
u,0.4916420876979828, 0.2604452073574066, 0
u,0.4611603021621704, 0.666761577129364, 0
u,0.7092546820640564, 0.8498290777206421, 0
u,0.4611603021621704, 0.8498290777206421, 0
u,0.4611603021621704, 0.6486461758613586, 0
u,0.7092546820640564, 0.666761577129364, 0
u,0.4611603021621704, 0.666761577129364, 0
u,0.7092546820640564, 0.6486461758613586, 0
u,0.4611603021621704, 0.6486461758613586, 0
u,0.4611603021621704, 0.4695107936859131, 0
u,0.4611603021621704, 0.3785851001739502, 0
u,0.7092546820640564, 0.3996700942516327, 0
u,0.4611603021621704, 0.3996700942516327, 0
u,0.6882343888282776, 0.2026769071817398, 0
u,0.4916420876979828, 0.2604452073574066, 0
u,0.4916420876979828, 0.2026769071817398, 0
u,0.8251767754554749, 0.33897408843040466, 0
u,0.8981711268424988, 0.33111780881881714, 0
u,0.8985037803649902, 0.33897408843040466, 0
u,0.4611603021621704, 0.998426616191864, 0
u,0.7092546820640564, 0.8498290777206421, 0
u,0.7092546820640564, 0.998426616191864, 0
u,0.0559346005320549, 0.12979120016098022, 0
u,0.0, 0.08165259659290314, 0
u,0.0, 0.07055869698524475, 0
u,0.0559346005320549, 0.018819300457835197, 0
u,0.2507377862930298, 0.07055869698524475, 0
u,0.0, 0.07055869698524475, 0
u,0.0559346005320549, 0.28432250022888184, 0
u,0.0, 0.275058388710022, 0
u,0.0559346005320549, 0.2117568999528885, 0
u,0.0559346005320549, 0.14312200248241425, 0
u,0.0, 0.2117568999528885, 0
u,0.0, 0.14312200248241425, 0
u,0.7768837809562683, 0.3938814103603363, 0
u,0.7967190742492676, 0.38372430205345154, 0
u,0.7967190742492676, 0.3938814103603363, 0
u,0.7967190742492676, 0.3938814103603363, 0
u,0.8133543729782104, 0.38372430205345154, 0
u,0.8133543729782104, 0.3938814103603363, 0
u,0.7602497935295105, 0.3938814103603363, 0
u,0.7404130101203918, 0.38372430205345154, 0
u,0.7602497935295105, 0.38372430205345154, 0
u,0.7768837809562683, 0.3938814103603363, 0
u,0.7602497935295105, 0.38372430205345154, 0
u,0.7768837809562683, 0.38372430205345154, 0
u,0.7558094263076782, 0.37667301297187805, 0
u,0.7913423776626587, 0.34471121430397034, 0
u,0.7913423776626587, 0.37667301297187805, 0
u,0.8134958744049072, 0.34471121430397034, 0
u,0.7913423776626587, 0.37667301297187805, 0
u,0.7913423776626587, 0.34471121430397034, 0
u,0.7336689233779907, 0.37667301297187805, 0
u,0.698131799697876, 0.34471121430397034, 0
u,0.7336689233779907, 0.34471121430397034, 0
u,0.7336689233779907, 0.37667301297187805, 0
u,0.7336689233779907, 0.34471121430397034, 0
u,0.7558094263076782, 0.34471121430397034, 0
u,0.0, 0.0, 0
u,0.0, 0.0, 0
u,0.0, 0.0, 0
u,0.0, 0.0, 0
u,0.0, 0.0, 0
u,0.0, 0.0, 0
u,0.0, 0.0, 0
u,0.0, 0.0, 0
u,0.0, 0.0, 0
u,0.0, 0.0, 0
u,0.0, 0.0, 0
u,0.0, 0.0, 0
u,0.0, 0.0, 0
u,0.0, 0.0, 0
u,0.0, 0.0, 0
u,0.0, 0.0, 0
u,0.0, 0.0, 0
u,0.0, 0.0, 0
u,0.0, 0.0, 0
u,0.0, 0.0, 0
u,0.0, 0.0, 0
u,0.0, 0.0, 0
u,0.0, 0.0, 0
u,0.0, 0.0, 0
u,0.0, 0.0, 0
u,0.0, 0.0, 0
u,0.0, 0.0, 0
u,0.0, 0.0, 0
u,0.0, 0.0, 0
u,0.0, 0.0, 0
u,0.0, 0.0, 0
u,0.0, 0.0, 0
u,0.0, 0.0, 0
u,0.6712415218353271, 0.13933779299259186, 0
u,0.6400250792503357, 0.17618699371814728, 0
u,0.6410496830940247, 0.0960955023765564, 0
u,0.6717932820320129, 0.09621159732341766, 0
u,0.6801565289497375, 0.09560229629278183, 0
u,0.6800835728645325, 0.10139969736337662, 0
u,0.6800835728645325, 0.10139969736337662, 0
u,0.6830273270606995, 0.10154210031032562, 0
u,0.6712415218353271, 0.13933779299259186, 0
u,0.6400250792503357, 0.17618699371814728, 0
u,0.6106194853782654, 0.20033739507198334, 0
u,0.6119595170021057, 0.09560229629278183, 0
u,0.6075943112373352, 0.08030589669942856, 0
u,0.6091272234916687, 0.1992426961660385, 0
u,0.5798847079277039, 0.18321509659290314, 0
u,0.5785663723945618, 0.08092950284481049, 0
u,0.5798847079277039, 0.18321509659290314, 0
u,0.5489814281463623, 0.16228190064430237, 0
u,0.547939121723175, 0.0814049020409584, 0
u,0.5489814281463623, 0.16228190064430237, 0
u,0.5262836217880249, 0.1434420943260193, 0
u,0.5254865288734436, 0.08159489929676056, 0
u,0.5262836217880249, 0.1434420943260193, 0
u,0.502196729183197, 0.11469700187444687, 0
u,0.4935098886489868, 0.08639220148324966, 0
u,0.4916420876979828, 0.08030589669942856, 0
u,0.5017675161361694, 0.08139470219612122, 0
u,0.7118275165557861, 0.9958335757255554, 0
u,0.7109144926071167, 0.38096320629119873, 0
u,0.7389398813247681, 0.8920019268989563, 0
u,0.9585338830947876, 0.3321022093296051, 0
u,0.968553900718689, 0.39579349756240845, 0
u,0.8995404243469238, 0.39579349756240845, 0
u,0.9456508755683899, 0.26489999890327454, 0
u,0.9585338830947876, 0.3321022093296051, 0
u,0.8991823196411133, 0.3321022093296051, 0
u,0.4611603021621704, 0.29827919602394104, 0
u,0.6932830214500427, 0.29831770062446594, 0
u,0.693920373916626, 0.3067893087863922, 0
u,0.7932226061820984, 0.7139838933944702, 0
u,0.795158326625824, 0.6221023797988892, 0
u,0.8098521828651428, 0.6232699751853943, 0
u,0.8098512887954712, 0.8086441159248352, 0
u,0.8194916844367981, 0.808644711971283, 0
u,0.8194916844367981, 0.9980875849723816, 0
u,0.7932226061820984, 0.7139838933944702, 0
u,0.8098521828651428, 0.6232699751853943, 0
u,0.8098512887954712, 0.8086441159248352, 0
u,0.7404232025146484, 0.6177526712417603, 0
u,0.7657197117805481, 0.6197630167007446, 0
u,0.7637670040130615, 0.7116326093673706, 0
u,0.7637670040130615, 0.7116326093673706, 0
u,0.7932226061820984, 0.7139838933944702, 0
u,0.8098512887954712, 0.8086441159248352, 0
u,0.8098512887954712, 0.8086441159248352, 0
u,0.8194916844367981, 0.9980875849723816, 0
u,0.7404130101203918, 0.9980878829956055, 0
u,0.7404130101203918, 0.9980878829956055, 0
u,0.7404232025146484, 0.6177526712417603, 0
u,0.7637670040130615, 0.7116326093673706, 0
u,0.7404292225837708, 0.39652130007743835, 0
u,0.7641406059265137, 0.3965190052986145, 0
u,0.752680778503418, 0.47164151072502136, 0
u,0.7641406059265137, 0.3965190052986145, 0
u,0.7641385197639465, 0.47196000814437866, 0
u,0.752680778503418, 0.47164151072502136, 0
u,0.8098521828651428, 0.6232699751853943, 0
u,0.795158326625824, 0.6221023797988892, 0
u,0.798503577709198, 0.5685575008392334, 0
u,0.795158326625824, 0.6221023797988892, 0
u,0.7657197117805481, 0.6197630167007446, 0
u,0.798503577709198, 0.5685575008392334, 0
u,0.7986317873001099, 0.5509904026985168, 0
u,0.8098524808883667, 0.5509970784187317, 0
u,0.798503577709198, 0.5685575008392334, 0
u,0.8098524808883667, 0.5509970784187317, 0
u,0.8098521828651428, 0.6232699751853943, 0
u,0.798503577709198, 0.5685575008392334, 0
u,0.7404292225837708, 0.39652130007743835, 0
u,0.752680778503418, 0.47164151072502136, 0
u,0.7404232025146484, 0.6177526712417603, 0
u,0.752680778503418, 0.47164151072502136, 0
u,0.7519910931587219, 0.5672674179077148, 0
u,0.7404232025146484, 0.6177526712417603, 0
u,0.7519910931587219, 0.5672674179077148, 0
u,0.798503577709198, 0.5685575008392334, 0
u,0.7657197117805481, 0.6197630167007446, 0
u,0.7992011904716492, 0.4729348123073578, 0
u,0.7990946173667908, 0.4875541031360626, 0
u,0.787372887134552, 0.48662030696868896, 0
u,0.787372887134552, 0.48662030696868896, 0
u,0.7654591202735901, 0.4848744869232178, 0
u,0.7992011904716492, 0.4729348123073578, 0
u,0.7654591202735901, 0.4848744869232178, 0
u,0.7525926828384399, 0.48384949564933777, 0
u,0.752680778503418, 0.47164151072502136, 0
u,0.7863072752952576, 0.5374377965927124, 0
u,0.787372887134552, 0.48662030696868896, 0
u,0.7990946173667908, 0.4875541031360626, 0
u,0.7519910931587219, 0.5672674179077148, 0
u,0.7525926828384399, 0.48384949564933777, 0
u,0.7643918991088867, 0.5356879830360413, 0
u,0.7525926828384399, 0.48384949564933777, 0
u,0.7654591202735901, 0.4848744869232178, 0
u,0.7643918991088867, 0.5356879830360413, 0
u,0.7863072752952576, 0.5374377965927124, 0
u,0.7990946173667908, 0.4875541031360626, 0
u,0.798503577709198, 0.5685575008392334, 0
u,0.7519910931587219, 0.5672674179077148, 0
u,0.7643918991088867, 0.5356879830360413, 0
u,0.7863072752952576, 0.5374377965927124, 0
u,0.7863072752952576, 0.5374377965927124, 0
u,0.7643918991088867, 0.5356879830360413, 0
u,0.7654591202735901, 0.4848744869232178, 0
u,0.795158326625824, 0.6221023797988892, 0
u,0.7932226061820984, 0.7139838933944702, 0
u,0.7637670040130615, 0.7116326093673706, 0
u,0.27919068932533264, 0.8567153811454773, 0
u,0.0014749000547453761, 0.8567153811454773, 0
u,0.0014749000547453761, 0.7332695722579956, 0
u,0.2903982102870941, 0.7138128280639648, 0
u,0.2895771861076355, 0.7238237857818604, 0
u,0.2895771861076355, 0.2858509123325348, 0
u,0.45858049392700195, 0.8717740774154663, 0
u,0.45858049392700195, 0.995219886302948, 0
u,0.3731563985347748, 0.995219886302948, 0
u,0.0014749000547453761, 0.8671128153800964, 0
u,0.2791965901851654, 0.8671128153800964, 0
u,0.2791965901851654, 0.9905586242675781, 0
u,0.0014749000547453761, 0.7238237857818604, 0
u,0.0014749000547453761, 0.2858509123325348, 0
u,0.2763155996799469, 0.2858509123325348, 0
u,0.28072771430015564, 0.7313575744628906, 0
u,0.28072771430015564, 0.2933846116065979, 0
u,0.2851670980453491, 0.2982220947742462, 0
u,0.3690873980522156, 0.8736860752105713, 0
u,0.3690873980522156, 0.997131884098053, 0
u,0.28367748856544495, 0.997131884098053, 0
u,0.6882343888282776, 0.2604452073574066, 0
u,0.6882343888282776, 0.29575198888778687, 0
u,0.6807348132133484, 0.2903810143470764, 0
u,0.6882343888282776, 0.29575198888778687, 0
u,0.6807358860969543, 0.29575198888778687, 0
u,0.6807348132133484, 0.2903810143470764, 0
u,0.6807348132133484, 0.2903810143470764, 0
u,0.4916420876979828, 0.2903810143470764, 0
u,0.4916420876979828, 0.2604452073574066, 0
u,0.4611603021621704, 0.666761577129364, 0
u,0.7092546820640564, 0.666761577129364, 0
u,0.7092546820640564, 0.8498290777206421, 0
u,0.4611603021621704, 0.6486461758613586, 0
u,0.7092546820640564, 0.6486461758613586, 0
u,0.7092546820640564, 0.666761577129364, 0
u,0.4611603021621704, 0.4695107936859131, 0
u,0.4611603021621704, 0.3996700942516327, 0
u,0.7092546820640564, 0.3996700942516327, 0
u,0.7092546820640564, 0.3996700942516327, 0
u,0.7092546820640564, 0.6486461758613586, 0
u,0.4611603021621704, 0.4695107936859131, 0
u,0.4611603021621704, 0.3785851001739502, 0
u,0.7092546820640564, 0.3785851001739502, 0
u,0.7092546820640564, 0.3996700942516327, 0
u,0.6882343888282776, 0.2026769071817398, 0
u,0.6882343888282776, 0.2604452073574066, 0
u,0.4916420876979828, 0.2604452073574066, 0
u,0.6991150975227356, 0.33897408843040466, 0
u,0.6991150975227356, 0.0172083992511034, 0
u,0.6993625164031982, 0.33044061064720154, 0
u,0.6991150975227356, 0.0172083992511034, 0
u,0.6993625164031982, 0.0172083992511034, 0
u,0.6993625164031982, 0.33044061064720154, 0
u,0.6993625164031982, 0.33044061064720154, 0
u,0.7337551712989807, 0.33052799105644226, 0
u,0.6991150975227356, 0.33897408843040466, 0
u,0.7337551712989807, 0.33052799105644226, 0
u,0.8981711268424988, 0.33111780881881714, 0
u,0.8251767754554749, 0.33897408843040466, 0
u,0.8251767754554749, 0.33897408843040466, 0
u,0.6991150975227356, 0.33897408843040466, 0
u,0.7337551712989807, 0.33052799105644226, 0
u,0.8981711268424988, 0.33111780881881714, 0
u,0.8985037803649902, 0.32670119404792786, 0
u,0.8985037803649902, 0.33897408843040466, 0
u,0.4611603021621704, 0.998426616191864, 0
u,0.4611603021621704, 0.8498290777206421, 0
u,0.7092546820640564, 0.8498290777206421, 0
u,0.0, 0.07055869698524475, 0
u,0.2507377862930298, 0.07055869698524475, 0
u,0.0559346005320549, 0.12979120016098022, 0
u,0.2507377862930298, 0.07055869698524475, 0
u,0.2507377862930298, 0.12979120016098022, 0
u,0.0559346005320549, 0.12979120016098022, 0
u,0.0559346005320549, 0.12979120016098022, 0
u,0.0559346005320549, 0.14312200248241425, 0
u,0.0, 0.14312200248241425, 0
u,0.0559346005320549, 0.12979120016098022, 0
u,0.0, 0.14312200248241425, 0
u,0.0, 0.08165259659290314, 0
u,0.0, 0.07055869698524475, 0
u,0.0, 0.0019121000077575445, 0
u,0.0559346005320549, 0.018819300457835197, 0
u,0.0, 0.0019121000077575445, 0
u,0.0559346005320549, 0.0019121000077575445, 0
u,0.0559346005320549, 0.018819300457835197, 0
u,0.0559346005320549, 0.018819300457835197, 0
u,0.2507377862930298, 0.018819300457835197, 0
u,0.2507377862930298, 0.07055869698524475, 0
u,0.0, 0.28432250022888184, 0
u,0.0, 0.275058388710022, 0
u,0.0559346005320549, 0.28432250022888184, 0
u,0.0, 0.275058388710022, 0
u,0.0, 0.2117568999528885, 0
u,0.0559346005320549, 0.2117568999528885, 0
u,0.0559346005320549, 0.14312200248241425, 0
u,0.0559346005320549, 0.2117568999528885, 0
u,0.0, 0.2117568999528885, 0
u,0.7768837809562683, 0.3938814103603363, 0
u,0.7768837809562683, 0.38372430205345154, 0
u,0.7967190742492676, 0.38372430205345154, 0
u,0.7967190742492676, 0.3938814103603363, 0
u,0.7967190742492676, 0.38372430205345154, 0
u,0.8133543729782104, 0.38372430205345154, 0
u,0.7602497935295105, 0.3938814103603363, 0
u,0.7404130101203918, 0.3938814103603363, 0
u,0.7404130101203918, 0.38372430205345154, 0
u,0.7768837809562683, 0.3938814103603363, 0
u,0.7602497935295105, 0.3938814103603363, 0
u,0.7602497935295105, 0.38372430205345154, 0
u,0.7558094263076782, 0.37667301297187805, 0
u,0.7558094263076782, 0.34471121430397034, 0
u,0.7913423776626587, 0.34471121430397034, 0
u,0.8134958744049072, 0.34471121430397034, 0
u,0.8134958744049072, 0.37667301297187805, 0
u,0.7913423776626587, 0.37667301297187805, 0
u,0.7336689233779907, 0.37667301297187805, 0
u,0.698131799697876, 0.37667301297187805, 0
u,0.698131799697876, 0.34471121430397034, 0
