s,41.81005859375, 146.587890625, -0.17950963973999023
b,46.981689453125, 151.0087890625, 2.078230857849121
v,42.276611328125, 148.7939453125, -0.17934083938598633
v,42.276611328125, 148.7939453125, 2.07808780670166
v,44.07421875, 148.6669921875, 2.0780692100524902
v,44.07421875, 148.6669921875, -0.17935895919799805
v,42.260986328125, 148.6416015625, -0.1793513298034668
v,41.81005859375, 148.681640625, -0.17934608459472656
v,41.821533203125, 148.814453125, -0.1793365478515625
v,42.2744140625, 148.7744140625, -0.17934226989746094
v,42.2763671875, 148.7939453125, -0.17934083938598633
v,44.073974609375, 148.6669921875, -0.17935895919799805
v,44.9814453125, 151.0087890625, -0.17919683456420898
v,46.981689453125, 150.84765625, -0.1792149543762207
v,46.1201171875, 148.3505859375, -0.17938899993896484
v,45.919677734375, 148.3662109375, -0.17938756942749023
v,45.7587890625, 146.5888671875, -0.17950963973999023
v,42.0830078125, 146.8779296875, -0.1794724464416504
v,42.260986328125, 148.6416015625, 2.0647549629211426
v,42.2744140625, 148.7744140625, 2.0647635459899902
v,41.821533203125, 148.814453125, 2.064769744873047
v,41.81005859375, 148.681640625, 2.064760208129883
v,42.2763671875, 148.7939453125, 2.07808780670166
v,42.0830078125, 146.8779296875, 2.077955722808838
v,45.7587890625, 146.587890625, 2.077918529510498
v,45.919921875, 148.3662109375, 2.0780410766601562
v,46.1201171875, 148.3505859375, 2.0780386924743652
v,46.981689453125, 150.84765625, 2.0782132148742676
v,44.9814453125, 151.0087890625, 2.078230857849121
v,44.073974609375, 148.6669921875, 2.0780692100524902
v,42.260986328125, 148.6416015625, -0.1793513298034668
v,42.260986328125, 148.6416015625, 2.0647549629211426
v,41.81005859375, 148.681640625, 2.064760208129883
v,41.81005859375, 148.681640625, -0.17934608459472656
v,41.81005859375, 148.681640625, 2.064760208129883
v,41.821533203125, 148.814453125, 2.064769744873047
v,41.821533203125, 148.814453125, -0.1793365478515625
v,41.81005859375, 148.681640625, -0.17934608459472656
v,42.2744140625, 148.7744140625, 2.0647635459899902
v,42.2744140625, 148.7744140625, -0.17934226989746094
v,41.821533203125, 148.814453125, -0.1793365478515625
v,41.821533203125, 148.814453125, 2.064769744873047
v,42.0830078125, 146.8779296875, 2.077955722808838
v,42.2763671875, 148.7939453125, 2.07808780670166
v,42.2763671875, 148.7939453125, -0.17934083938598633
v,42.2744140625, 148.7744140625, -0.17934226989746094
v,42.2744140625, 148.7744140625, 2.0647635459899902
v,42.260986328125, 148.6416015625, 2.0647549629211426
v,42.260986328125, 148.6416015625, -0.1793513298034668
v,42.0830078125, 146.8779296875, -0.1794724464416504
v,44.073974609375, 148.6669921875, 2.0780692100524902
v,44.9814453125, 151.0087890625, 2.078230857849121
v,44.9814453125, 151.0087890625, -0.17919683456420898
v,44.073974609375, 148.6669921875, -0.17935895919799805
v,44.9814453125, 151.0087890625, 2.078230857849121
v,46.981689453125, 150.84765625, 2.0782132148742676
v,46.981689453125, 150.84765625, -0.1792149543762207
v,44.9814453125, 151.0087890625, -0.17919683456420898
v,46.981689453125, 150.84765625, 2.0782132148742676
v,46.1201171875, 148.3505859375, 2.0780386924743652
v,46.1201171875, 148.3505859375, -0.17938899993896484
v,46.981689453125, 150.84765625, -0.1792149543762207
v,46.1201171875, 148.3505859375, 2.0780386924743652
v,45.919921875, 148.3662109375, 2.0780410766601562
v,45.919677734375, 148.3662109375, -0.17938756942749023
v,46.1201171875, 148.3505859375, -0.17938899993896484
v,45.919921875, 148.3662109375, 2.0780410766601562
v,45.7587890625, 146.587890625, 2.077918529510498
v,45.7587890625, 146.5888671875, -0.17950963973999023
v,45.919677734375, 148.3662109375, -0.17938756942749023
v,45.7587890625, 146.587890625, 2.077918529510498
v,42.0830078125, 146.8779296875, 2.077955722808838
v,42.0830078125, 146.8779296875, -0.1794724464416504
v,45.7587890625, 146.5888671875, -0.17950963973999023
i,0,2,3
i,10,11,13
i,16,18,19
i,26,27,23
i,29,31,28
i,32,34,35
i,36,38,39
i,40,41,45
i,48,50,51
i,53,55,52
i,57,59,56
i,60,62,63
i,64,66,67
i,69,71,68
i,0,1,2
i,4,5,6
i,7,8,9
i,4,6,7
i,14,15,9
i,15,4,9
i,11,12,13
i,13,14,9
i,4,7,9
i,9,10,13
i,16,17,18
i,27,20,21
i,21,22,27
i,22,23,27
i,23,24,25
i,25,26,23
i,29,30,31
i,32,33,34
i,36,37,38
i,41,42,44
i,42,43,44
i,46,47,45
i,47,40,45
i,41,44,45
i,48,49,50
i,53,54,55
i,57,58,59
i,60,61,62
i,64,65,66
i,69,70,71
n,0.31649163365364075, 4.492663860321045, 0.0
n,-1.5245458598656114e-05, 0.0003193673328496516, -4.50379753112793
n,2.2603044271818362e-05, -0.0003181707870680839, 4.50379753112793
n,1.643079122004565e-05, -0.0003175016609020531, 4.50379753112793
n,-0.39686304330825806, -4.486278057098389, 0.0
n,-4.487003326416016, 0.3885803520679474, 0.0
n,0.3951665163040161, 4.486428260803223, 0.0
n,-4.480956554412842, 0.4523538649082184, 0.024398786947131157
n,-4.199527740478516, 1.627316951751709, 0.0
n,0.36205750703811646, 4.48922061920166, 0.0
n,4.25754451751709, -1.4688454866409302, 0.0
n,-0.34950870275497437, -4.49021577835083, 0.0
n,4.4854536056518555, -0.4060768783092499, -0.0004308374773245305
n,-0.35385048389434814, -4.489875316619873, -0.0017250492237508297
n,0.31649160385131836, 4.492663383483887, 0.0
n,-2.6799967599799857e-05, 0.00031853423570282757, -4.50379753112793
n,-2.432638757454697e-05, 0.00030236790189519525, -4.50379753112793
n,-2.6651121515897103e-05, 0.00031891328399069607, -4.50379753112793
n,-2.1349564121919684e-05, 0.00030943870660848916, -4.50379753112793
n,-2.3260154193849303e-05, 0.0003115646250080317, -4.50379753112793
n,-1.3246562048152555e-05, 0.000318511767545715, -4.50379753112793
n,-1.8389615433989093e-05, 0.0003118384047411382, -4.50379753112793
n,-2.335747740289662e-05, 0.0003185796085745096, -4.50379753112793
n,-1.727968810882885e-05, 0.00031864509219303727, -4.50379753112793
n,3.333435961394571e-05, -0.0002908436581492424, 4.50379753112793
n,2.4632070562802255e-05, -0.00031309115001931787, 4.50379753112793
n,2.1282436136971228e-05, -0.0003093640261795372, 4.50379753112793
n,1.722095112199895e-05, -0.0003126553783658892, 4.50379753112793
n,3.174410812789574e-05, -0.00032565725268796086, 4.50379753112793
n,1.4383746929524932e-05, -0.00031822858727537096, 4.50379753112793
n,-0.39686310291290283, -4.486278057098389, 0.0
n,-4.487003326416016, 0.3885803520679474, 0.0
n,0.39516645669937134, 4.486428260803223, 0.0
n,-4.48042631149292, 0.45822539925575256, 0.0
n,-4.48042631149292, 0.45822539925575256, 0.0
n,-4.4810404777526855, 0.4521797001361847, 0.0
n,-4.481040954589844, 0.45217975974082947, 0.0
n,-4.480858325958252, 0.45394274592399597, 0.006196357309818268
n,-4.199527740478516, 1.627316951751709, 0.0
n,0.36205753684043884, 4.48922061920166, 0.0
n,4.25754451751709, -1.4688454866409302, 0.0
n,-0.34988462924957275, -4.4901862144470215, 3.360717528266832e-05
n,4.485422134399414, -0.40642300248146057, -0.00015615126176271588
n,-0.3527975380420685, -4.4899582862854, 0.0
u,0.43024760484695435, 0.9982262849807739, 0
u,0.5322862267494202, 0.6623036861419678, 0
u,0.5322862267494202, 0.9982262849807739, 0
u,0.0, 0.0, 0
u,0.0, 0.0, 0
u,0.0, 0.0, 0
u,0.02592880092561245, 0.26937058568000793, 0
u,6.849999772384763e-05, 0.2900266945362091, 0
u,0.0, 0.26998239755630493, 0
u,0.17056229710578918, 0.6565430760383606, 0
u,0.12929290533065796, 0.2945275902748108, 0
u,0.23599709570407867, 0.2711876928806305, 0
u,0.9392430782318115, 0.6623036861419678, 0
u,0.9650641083717346, 0.9985474944114685, 0
u,0.9392430782318115, 0.9985474944114685, 0
u,0.9650641083717346, 0.6623036861419678, 0
u,0.9726588129997253, 0.9985474944114685, 0
u,0.9650641083717346, 0.9985474944114685, 0
u,0.9985793828964233, 0.6623036861419678, 0
u,0.9726588129997253, 0.9985474944114685, 0
u,0.9726588129997253, 0.6623036861419678, 0
u,0.3212352991104126, 0.6623036861419678, 0
u,0.43024760484695435, 0.6623036861419678, 0
u,0.4216350018978119, 0.6642860770225525, 0
u,0.5322862267494202, 0.6623036861419678, 0
u,0.6744903922080994, 0.9982262849807739, 0
u,0.5322862267494202, 0.9982262849807739, 0
u,0.7881212830543518, 0.6623036861419678, 0
u,0.6744903922080994, 0.9982262849807739, 0
u,0.6744903922080994, 0.6623036861419678, 0
u,0.9377099871635437, 0.6623036861419678, 0
u,0.7881212830543518, 0.9982262849807739, 0
u,0.7881212830543518, 0.6623036861419678, 0
u,0.0, 0.6623036861419678, 0
u,0.011384000070393085, 0.9982262849807739, 0
u,0.0, 0.9982262849807739, 0
u,0.011384000070393085, 0.6623036861419678, 0
u,0.11244980245828629, 0.9982262849807739, 0
u,0.011384000070393085, 0.9982262849807739, 0
u,0.3212352991104126, 0.6623036861419678, 0
u,0.11244980245828629, 0.9982262849807739, 0
u,0.11244980245828629, 0.6623036861419678, 0
u,0.43024760484695435, 0.9982262849807739, 0
u,0.43024760484695435, 0.6623036861419678, 0
u,0.5322862267494202, 0.6623036861419678, 0
u,0.0, 0.0, 0
u,0.0, 0.0, 0
u,0.0, 0.0, 0
u,0.0, 0.0, 0
u,0.0, 0.0, 0
u,0.0, 0.0, 0
u,0.0, 0.0, 0
u,0.0, 0.0, 0
u,0.0, 0.0, 0
u,0.0, 0.0, 0
u,0.0, 0.0, 0
u,0.0, 0.0, 0
u,0.0, 0.0, 0
u,0.0, 0.0, 0
u,0.0, 0.0, 0
u,0.0, 0.0, 0
u,0.0, 0.0, 0
u,0.0, 0.0, 0
u,0.0, 0.0, 0
u,0.0, 0.0, 0
u,0.0, 0.0, 0
u,0.0, 0.0, 0
u,0.0, 0.0, 0
u,0.0, 0.0, 0
u,0.0, 0.0, 0
u,0.0, 0.0, 0
u,0.0, 0.0, 0
u,0.02592880092561245, 0.26937058568000793, 0
u,0.02609720081090927, 0.28941258788108826, 0
u,6.849999772384763e-05, 0.2900266945362091, 0
u,0.12929290533065796, 0.2945275902748108, 0
u,0.026120999827980995, 0.2922534942626953, 0
u,0.02368820086121559, 0.00261779990978539, 0
u,0.02368820086121559, 0.00261779990978539, 0
u,0.23479999601840973, 0.00261779990978539, 0
u,0.12929290533065796, 0.2945275902748108, 0
u,0.23479999601840973, 0.00261779990978539, 0
u,0.23599709570407867, 0.2711876928806305, 0
u,0.12929290533065796, 0.2945275902748108, 0
u,0.23599709570407867, 0.2711876928806305, 0
u,0.24750789999961853, 0.27119359374046326, 0
u,0.2854591906070709, 0.6560171246528625, 0
u,0.2854591906070709, 0.6560171246528625, 0
u,0.17056229710578918, 0.6565430760383606, 0
u,0.23599709570407867, 0.2711876928806305, 0
u,0.9392430782318115, 0.6623036861419678, 0
u,0.9650641083717346, 0.6623036861419678, 0
u,0.9650641083717346, 0.9985474944114685, 0
u,0.9650641083717346, 0.6623036861419678, 0
u,0.9726588129997253, 0.6623036861419678, 0
u,0.9726588129997253, 0.9985474944114685, 0
u,0.9985793828964233, 0.6623036861419678, 0
u,0.9985793828964233, 0.9985474944114685, 0
u,0.9726588129997253, 0.9985474944114685, 0
u,0.43024760484695435, 0.6623036861419678, 0
u,0.43024760484695435, 0.9982262849807739, 0
u,0.429178386926651, 0.6642860770225525, 0
u,0.43024760484695435, 0.9982262849807739, 0
u,0.429178386926651, 0.9982262849807739, 0
u,0.429178386926651, 0.6642860770225525, 0
u,0.4216350018978119, 0.9982262849807739, 0
u,0.3212352991104126, 0.9982262849807739, 0
u,0.4216350018978119, 0.6642860770225525, 0
u,0.3212352991104126, 0.9982262849807739, 0
u,0.3212352991104126, 0.6623036861419678, 0
u,0.4216350018978119, 0.6642860770225525, 0
u,0.43024760484695435, 0.6623036861419678, 0
u,0.429178386926651, 0.6642860770225525, 0
u,0.4216350018978119, 0.6642860770225525, 0
u,0.5322862267494202, 0.6623036861419678, 0
u,0.6744903922080994, 0.6623036861419678, 0
u,0.6744903922080994, 0.9982262849807739, 0
u,0.7881212830543518, 0.6623036861419678, 0
u,0.7881212830543518, 0.9982262849807739, 0
u,0.6744903922080994, 0.9982262849807739, 0
u,0.9377099871635437, 0.6623036861419678, 0
u,0.9377099871635437, 0.9982262849807739, 0
u,0.7881212830543518, 0.9982262849807739, 0
u,0.0, 0.6623036861419678, 0
u,0.011384000070393085, 0.6623036861419678, 0
u,0.011384000070393085, 0.9982262849807739, 0
u,0.011384000070393085, 0.6623036861419678, 0
u,0.11244980245828629, 0.6623036861419678, 0
u,0.11244980245828629, 0.9982262849807739, 0
u,0.3212352991104126, 0.6623036861419678, 0
u,0.3212352991104126, 0.9982262849807739, 0
u,0.11244980245828629, 0.9982262849807739, 0
