s,117.64208984375, 153.484375, 0.16527414321899414
b,125.586181640625, 158.7275390625, 2.5720953941345215
v,123.6513671875, 157.9716796875, 0.1657886505126953
v,123.6513671875, 157.9716796875, 1.680954933166504
v,124.10498046875, 158.5693359375, 1.6810235977172852
v,124.105224609375, 158.5693359375, 0.16585826873779297
v,124.10498046875, 158.5693359375, 0.16585826873779297
v,125.586181640625, 157.4443359375, 0.1658496856689453
v,123.69140625, 157.94140625, 0.1657886505126953
v,125.13232421875, 156.8466796875, 0.16578006744384766
v,125.1044921875, 156.8671875, 0.16578006744384766
v,118.3115234375, 156.1376953125, 0.16538429260253906
v,117.64208984375, 155.0927734375, 0.16527414321899414
v,118.169189453125, 156.205078125, 0.16538238525390625
v,119.53125, 158.7275390625, 0.16564083099365234
v,118.922119140625, 157.40625, 0.1655101776123047
v,118.9111328125, 157.4111328125, 0.16550970077514648
v,120.87109375, 158.091796875, 0.16565752029418945
v,119.9619140625, 156.89453125, 0.16552162170410156
v,120.873046875, 158.0966796875, 0.16565799713134766
v,122.82080078125, 157.1357421875, 0.16568231582641602
v,123.651123046875, 157.9716796875, 0.1657886505126953
v,122.806640625, 153.841796875, 0.1654353141784668
v,122.73046875, 153.8994140625, 0.1654353141784668
v,120.150146484375, 154.373046875, 0.16534137725830078
v,119.9677734375, 153.9892578125, 0.16530418395996094
v,120.234619140625, 154.5087890625, 0.16535568237304688
v,122.428466796875, 153.484375, 0.1653895378112793
v,118.77587890625, 157.123046875, 0.1654810905456543
v,118.786376953125, 157.119140625, 0.1654815673828125
v,120.166015625, 154.365234375, 0.16534185409545898
v,120.400146484375, 156.7822265625, 0.16553449630737305
v,121.060546875, 156.470703125, 0.1655435562133789
v,120.69189453125, 155.6884765625, 0.16546630859375
v,119.629638671875, 156.189453125, 0.1654520034790039
v,120.363525390625, 156.705078125, 0.1655268669128418
v,118.1669921875, 156.2001953125, 1.741607666015625
v,117.78271484375, 155.3896484375, 1.7415285110473633
v,120.071533203125, 154.3037109375, 1.7415575981140137
v,120.112548828125, 154.390625, 1.7415661811828613
v,117.968017578125, 155.408203125, 1.7415385246276855
v,118.3095703125, 156.1337890625, 1.7416095733642578
v,117.863037109375, 155.3515625, 1.0365691184997559
v,117.760498046875, 155.134765625, 1.0365476608276367
v,119.92578125, 154.107421875, 1.0365757942199707
v,120.028564453125, 154.3232421875, 1.0365967750549316
v,117.64208984375, 155.0927734375, 1.2585735321044922
v,119.9677734375, 153.9892578125, 1.258603572845459
v,120.14990234375, 154.3720703125, 1.258641242980957
v,120.112548828125, 154.390625, 1.2586407661437988
v,120.071533203125, 154.3037109375, 1.2586321830749512
v,120.028564453125, 154.3232421875, 1.258631706237793
v,119.92578125, 154.107421875, 1.258610725402832
v,117.760498046875, 155.134765625, 1.258582592010498
v,117.863037109375, 155.3515625, 1.258603572845459
v,117.78271484375, 155.3896484375, 1.2586030960083008
v,118.3115234375, 156.1376953125, 1.2586841583251953
v,118.1689453125, 156.205078125, 1.2586822509765625
v,118.167236328125, 156.2001953125, 1.2586817741394043
v,118.3095703125, 156.1337890625, 1.258683681488037
v,119.14208984375, 157.3017578125, 1.0367774963378906
v,119.002197265625, 157.3681640625, 1.0367755889892578
v,118.86669921875, 157.0810546875, 1.0367469787597656
v,119.006591796875, 157.0146484375, 1.0367488861083984
v,119.002197265625, 157.3681640625, 1.2588105201721191
v,118.921875, 157.40625, 1.2588095664978027
v,118.786376953125, 157.119140625, 1.2587809562683105
v,118.86669921875, 157.0810546875, 1.258781909942627
v,120.87109375, 158.091796875, 1.837357997894287
v,119.53125, 158.7275390625, 1.83734130859375
v,118.910888671875, 157.4111328125, 1.837209701538086
v,119.14208984375, 157.3017578125, 1.8372130393981934
v,119.006591796875, 157.0146484375, 1.8371844291687012
v,118.77587890625, 157.123046875, 1.8371820449829102
v,117.968017578125, 155.408203125, 1.8370132446289062
v,120.166015625, 154.365234375, 1.8370423316955566
v,120.686279296875, 155.4619140625, 1.8371496200561523
v,120.613525390625, 155.5166015625, 1.8371496200561523
v,120.1240234375, 154.4833984375, 1.8370490074157715
v,118.0859375, 155.4501953125, 1.8370227813720703
v,118.818359375, 157.0048828125, 1.837174892425537
v,119.049072265625, 156.896484375, 1.8371777534484863
v,119.26025390625, 157.3447265625, 1.837221622467041
v,119.029052734375, 157.4541015625, 1.83721923828125
v,119.57373046875, 158.6103515625, 1.837334156036377
v,120.834228515625, 158.01171875, 1.8373494148254395
v,119.049072265625, 156.896484375, 1.615142822265625
v,118.818359375, 157.0048828125, 1.6151399612426758
v,118.0859375, 155.4501953125, 1.614987850189209
v,120.1240234375, 154.4833984375, 1.6150140762329102
v,120.61376953125, 155.5166015625, 1.615114688873291
v,120.611328125, 155.517578125, 1.6151151657104492
v,120.65380859375, 155.6083984375, 1.6151237487792969
v,119.511474609375, 156.146484375, 1.6151084899902344
v,119.91943359375, 157.0126953125, 1.6151938438415527
v,120.29833984375, 156.8349609375, 1.6151986122131348
v,120.834228515625, 158.01171875, 1.6153149604797363
v,119.57373046875, 158.6103515625, 1.6152992248535156
v,119.029052734375, 157.4541015625, 1.6151843070983887
v,119.26025390625, 157.3447265625, 1.6151866912841797
v,120.69189453125, 155.6875, 1.8371667861938477
v,119.629638671875, 156.189453125, 1.8371520042419434
v,119.9619140625, 156.89453125, 1.837221622467041
v,120.363525390625, 156.705078125, 1.8372268676757812
v,120.39990234375, 156.7822265625, 1.8372344970703125
v,120.296630859375, 156.8310546875, 1.837233543395996
v,120.29833984375, 156.8349609375, 1.837233543395996
v,119.91943359375, 157.0126953125, 1.8372282981872559
v,119.511474609375, 156.146484375, 1.8371429443359375
v,120.65380859375, 155.6083984375, 1.8371591567993164
v,122.64208984375, 153.9658203125, 1.4918718338012695
v,122.074462890625, 154.3974609375, 1.491875171661377
v,121.72412109375, 153.935546875, 1.491823673248291
v,122.392333984375, 153.6240234375, 1.4918341636657715
v,121.682861328125, 153.955078125, 1.713857650756836
v,120.36181640625, 154.572265625, 1.7138376235961914
v,120.764404296875, 155.404296875, 1.7139196395874023
v,120.686279296875, 155.4619140625, 1.7139201164245605
v,120.234375, 154.5087890625, 1.7138266563415527
v,122.428466796875, 153.484375, 1.7138605117797852
v,122.730224609375, 153.8994140625, 1.7139062881469727
v,122.641845703125, 153.9658203125, 1.7139067649841309
v,122.392333984375, 153.6240234375, 1.7138690948486328
v,121.72412109375, 153.935546875, 1.7138586044311523
v,121.718505859375, 153.927734375, 1.713857650756836
v,120.593505859375, 154.76953125, 1.4918289184570312
v,120.96337890625, 155.2568359375, 1.4918837547302246
v,120.764404296875, 155.404296875, 1.491884708404541
v,120.36181640625, 154.572265625, 1.49180269241333
v,121.68310546875, 153.955078125, 1.4918227195739746
v,121.016845703125, 155.216796875, 2.3269124031066895
v,120.68701171875, 154.7822265625, 2.326345443725586
v,121.70556640625, 154.021484375, 1.8871850967407227
v,122.021484375, 154.4375, 1.8878002166748047
v,121.071044921875, 155.16015625, 2.300088882446289
v,121.16259765625, 155.279296875, 2.3001022338867188
v,121.121337890625, 155.3095703125, 2.317901134490967
v,121.018798828125, 155.21484375, 2.32615327835083
v,121.10009765625, 155.326171875, 2.5490894317626953
v,121.046630859375, 155.3662109375, 2.5720953941345215
v,120.59326171875, 154.76953125, 2.571317195892334
v,121.718505859375, 153.927734375, 2.086134910583496
v,122.074462890625, 154.3974609375, 2.0868287086486816
v,122.021484375, 154.4375, 2.109834671020508
v,121.70556640625, 154.021484375, 2.109220027923584
v,120.68701171875, 154.7822265625, 2.5483803749084473
v,120.96337890625, 155.255859375, 2.4677271842956543
v,121.046630859375, 155.3662109375, 2.467738628387451
v,121.10009765625, 155.326171875, 2.467738628387451
v,121.016845703125, 155.216796875, 2.467726230621338
v,121.018798828125, 155.21484375, 2.467726230621338
v,123.00048828125, 157.046875, 2.4679641723632812
v,120.872802734375, 158.0966796875, 2.4679369926452637
v,120.296630859375, 156.8310546875, 2.4678125381469727
v,121.060546875, 156.470703125, 2.467822551727295
v,120.611328125, 155.517578125, 2.467728614807129
v,121.16259765625, 155.279296875, 2.3001022338867188
v,121.071044921875, 155.16015625, 2.300088882446289
v,122.806640625, 153.841796875, 2.3000779151916504
v,125.146484375, 156.921875, 2.300429344177246
v,123.74267578125, 157.98828125, 2.3004374504089355
v,122.820556640625, 157.1357421875, 2.3003249168395996
v,123.00048828125, 157.046875, 2.300327777862549
v,121.121337890625, 155.3095703125, 2.3001022338867188
v,123.691162109375, 157.9404296875, 1.6809544563293457
v,123.74267578125, 157.98828125, 1.6809606552124023
v,125.146484375, 156.921875, 1.6809520721435547
v,125.1044921875, 156.8671875, 1.680945873260498
v,125.132080078125, 156.845703125, 1.680945873260498
v,125.586181640625, 157.4443359375, 1.6810154914855957
v,124.104736328125, 158.5693359375, 1.6810235977172852
v,123.651123046875, 157.9716796875, 1.680954933166504
v,118.3095703125, 156.1337890625, 1.258683681488037
v,118.167236328125, 156.2001953125, 1.2586817741394043
v,118.1669921875, 156.2001953125, 1.741607666015625
v,118.3095703125, 156.1337890625, 1.7416095733642578
v,120.071533203125, 154.3037109375, 1.2586321830749512
v,120.112548828125, 154.390625, 1.2586407661437988
v,120.112548828125, 154.390625, 1.7415661811828613
v,120.071533203125, 154.3037109375, 1.7415575981140137
v,120.028564453125, 154.3232421875, 1.0365967750549316
v,120.028564453125, 154.3232421875, 1.258631706237793
v,120.071533203125, 154.3037109375, 1.2586321830749512
v,120.071533203125, 154.3037109375, 1.7415575981140137
v,117.78271484375, 155.3896484375, 1.7415285110473633
v,117.78271484375, 155.3896484375, 1.2586030960083008
v,117.863037109375, 155.3515625, 1.258603572845459
v,117.863037109375, 155.3515625, 1.0365691184997559
v,118.169189453125, 156.205078125, 0.16538238525390625
v,117.64208984375, 155.0927734375, 0.16527414321899414
v,117.64208984375, 155.0927734375, 1.2585735321044922
v,117.78271484375, 155.3896484375, 1.2586030960083008
v,117.78271484375, 155.3896484375, 1.7415285110473633
v,118.1669921875, 156.2001953125, 1.741607666015625
v,118.167236328125, 156.2001953125, 1.2586817741394043
v,118.1689453125, 156.205078125, 1.2586822509765625
v,118.1689453125, 156.205078125, 1.2586822509765625
v,118.3115234375, 156.1376953125, 1.2586841583251953
v,118.3115234375, 156.1376953125, 0.16538429260253906
v,118.169189453125, 156.205078125, 0.16538238525390625
v,119.9677734375, 153.9892578125, 0.16530418395996094
v,119.9677734375, 153.9892578125, 1.258603572845459
v,117.64208984375, 155.0927734375, 1.2585735321044922
v,117.64208984375, 155.0927734375, 0.16527414321899414
v,120.150146484375, 154.373046875, 0.16534137725830078
v,120.14990234375, 154.3720703125, 1.258641242980957
v,119.9677734375, 153.9892578125, 1.258603572845459
v,119.9677734375, 153.9892578125, 0.16530418395996094
v,117.760498046875, 155.134765625, 1.0365476608276367
v,117.760498046875, 155.134765625, 1.258582592010498
v,119.92578125, 154.107421875, 1.258610725402832
v,119.92578125, 154.107421875, 1.0365757942199707
v,117.863037109375, 155.3515625, 1.0365691184997559
v,117.863037109375, 155.3515625, 1.258603572845459
v,117.760498046875, 155.134765625, 1.258582592010498
v,117.760498046875, 155.134765625, 1.0365476608276367
v,120.028564453125, 154.3232421875, 1.258631706237793
v,120.028564453125, 154.3232421875, 1.0365967750549316
v,119.92578125, 154.107421875, 1.0365757942199707
v,119.92578125, 154.107421875, 1.258610725402832
v,119.002197265625, 157.3681640625, 1.0367755889892578
v,119.002197265625, 157.3681640625, 1.2588105201721191
v,118.86669921875, 157.0810546875, 1.258781909942627
v,118.86669921875, 157.0810546875, 1.0367469787597656
v,118.921875, 157.40625, 1.2588095664978027
v,118.922119140625, 157.40625, 0.1655101776123047
v,118.786376953125, 157.119140625, 0.1654815673828125
v,118.786376953125, 157.119140625, 1.2587809562683105
v,117.968017578125, 155.408203125, 1.8370132446289062
v,118.77587890625, 157.123046875, 1.8371820449829102
v,118.77587890625, 157.123046875, 0.1654810905456543
v,118.3115234375, 156.1376953125, 0.16538429260253906
v,118.3115234375, 156.1376953125, 1.2586841583251953
v,118.3095703125, 156.1337890625, 1.258683681488037
v,118.3095703125, 156.1337890625, 1.7416095733642578
v,117.968017578125, 155.408203125, 1.7415385246276855
v,118.86669921875, 157.0810546875, 1.258781909942627
v,118.786376953125, 157.119140625, 1.2587809562683105
v,118.786376953125, 157.119140625, 0.1654815673828125
v,118.77587890625, 157.123046875, 0.1654810905456543
v,118.77587890625, 157.123046875, 1.8371820449829102
v,119.006591796875, 157.0146484375, 1.8371844291687012
v,119.006591796875, 157.0146484375, 1.0367488861083984
v,118.86669921875, 157.0810546875, 1.0367469787597656
v,119.14208984375, 157.3017578125, 1.8372130393981934
v,118.910888671875, 157.4111328125, 1.837209701538086
v,118.9111328125, 157.4111328125, 0.16550970077514648
v,118.922119140625, 157.40625, 0.1655101776123047
v,118.921875, 157.40625, 1.2588095664978027
v,119.002197265625, 157.3681640625, 1.2588105201721191
v,119.002197265625, 157.3681640625, 1.0367755889892578
v,119.14208984375, 157.3017578125, 1.0367774963378906
v,118.910888671875, 157.4111328125, 1.837209701538086
v,119.53125, 158.7275390625, 1.83734130859375
v,119.53125, 158.7275390625, 0.16564083099365234
v,118.9111328125, 157.4111328125, 0.16550970077514648
v,120.87109375, 158.091796875, 1.837357997894287
v,120.87109375, 158.091796875, 0.16565752029418945
v,119.53125, 158.7275390625, 0.16564083099365234
v,119.53125, 158.7275390625, 1.83734130859375
v,120.112548828125, 154.390625, 1.2586407661437988
v,120.14990234375, 154.3720703125, 1.258641242980957
v,120.150146484375, 154.373046875, 0.16534137725830078
v,120.166015625, 154.365234375, 0.16534185409545898
v,120.166015625, 154.365234375, 1.8370423316955566
v,117.968017578125, 155.408203125, 1.8370132446289062
v,117.968017578125, 155.408203125, 1.7415385246276855
v,120.112548828125, 154.390625, 1.7415661811828613
v,120.686279296875, 155.4619140625, 1.8371496200561523
v,120.166015625, 154.365234375, 1.8370423316955566
v,120.166015625, 154.365234375, 0.16534185409545898
v,120.234619140625, 154.5087890625, 0.16535568237304688
v,120.234375, 154.5087890625, 1.7138266563415527
v,120.686279296875, 155.4619140625, 1.7139201164245605
v,119.14208984375, 157.3017578125, 1.8372130393981934
v,119.14208984375, 157.3017578125, 1.0367774963378906
v,119.006591796875, 157.0146484375, 1.0367488861083984
v,119.006591796875, 157.0146484375, 1.8371844291687012
v,118.0859375, 155.4501953125, 1.8370227813720703
v,120.1240234375, 154.4833984375, 1.8370490074157715
v,120.1240234375, 154.4833984375, 1.6150140762329102
v,118.0859375, 155.4501953125, 1.614987850189209
v,118.818359375, 157.0048828125, 1.837174892425537
v,118.0859375, 155.4501953125, 1.8370227813720703
v,118.0859375, 155.4501953125, 1.614987850189209
v,118.818359375, 157.0048828125, 1.6151399612426758
v,119.049072265625, 156.896484375, 1.8371777534484863
v,118.818359375, 157.0048828125, 1.837174892425537
v,118.818359375, 157.0048828125, 1.6151399612426758
v,119.049072265625, 156.896484375, 1.615142822265625
v,119.26025390625, 157.3447265625, 1.837221622467041
v,119.049072265625, 156.896484375, 1.8371777534484863
v,119.049072265625, 156.896484375, 1.615142822265625
v,119.26025390625, 157.3447265625, 1.6151866912841797
v,119.029052734375, 157.4541015625, 1.83721923828125
v,119.26025390625, 157.3447265625, 1.837221622467041
v,119.26025390625, 157.3447265625, 1.6151866912841797
v,119.029052734375, 157.4541015625, 1.6151843070983887
v,119.57373046875, 158.6103515625, 1.837334156036377
v,119.029052734375, 157.4541015625, 1.83721923828125
v,119.029052734375, 157.4541015625, 1.6151843070983887
v,119.57373046875, 158.6103515625, 1.6152992248535156
v,120.834228515625, 158.01171875, 1.6153149604797363
v,120.834228515625, 158.01171875, 1.8373494148254395
v,119.57373046875, 158.6103515625, 1.837334156036377
v,119.57373046875, 158.6103515625, 1.6152992248535156
v,120.29833984375, 156.8349609375, 1.837233543395996
v,120.29833984375, 156.8349609375, 1.6151986122131348
v,119.91943359375, 157.0126953125, 1.6151938438415527
v,119.91943359375, 157.0126953125, 1.8372282981872559
v,119.511474609375, 156.146484375, 1.8371429443359375
v,119.91943359375, 157.0126953125, 1.8372282981872559
v,119.91943359375, 157.0126953125, 1.6151938438415527
v,119.511474609375, 156.146484375, 1.6151084899902344
v,120.65380859375, 155.6083984375, 1.8371591567993164
v,119.511474609375, 156.146484375, 1.8371429443359375
v,119.511474609375, 156.146484375, 1.6151084899902344
v,120.65380859375, 155.6083984375, 1.6151237487792969
v,120.613525390625, 155.5166015625, 1.8371496200561523
v,120.61376953125, 155.5166015625, 1.615114688873291
v,120.1240234375, 154.4833984375, 1.6150140762329102
v,120.1240234375, 154.4833984375, 1.8370490074157715
v,120.400146484375, 156.7822265625, 0.16553449630737305
v,120.39990234375, 156.7822265625, 1.8372344970703125
v,120.363525390625, 156.705078125, 1.8372268676757812
v,120.363525390625, 156.705078125, 0.1655268669128418
v,120.363525390625, 156.705078125, 1.8372268676757812
v,119.9619140625, 156.89453125, 1.837221622467041
v,119.9619140625, 156.89453125, 0.16552162170410156
v,120.363525390625, 156.705078125, 0.1655268669128418
v,119.9619140625, 156.89453125, 1.837221622467041
v,119.629638671875, 156.189453125, 1.8371520042419434
v,119.629638671875, 156.189453125, 0.1654520034790039
v,119.9619140625, 156.89453125, 0.16552162170410156
v,120.69189453125, 155.6884765625, 0.16546630859375
v,119.629638671875, 156.189453125, 0.1654520034790039
v,119.629638671875, 156.189453125, 1.8371520042419434
v,120.69189453125, 155.6875, 1.8371667861938477
v,122.641845703125, 153.9658203125, 1.7139067649841309
v,122.64208984375, 153.9658203125, 1.4918718338012695
v,122.392333984375, 153.6240234375, 1.4918341636657715
v,122.392333984375, 153.6240234375, 1.7138690948486328
v,121.72412109375, 153.935546875, 1.491823673248291
v,121.72412109375, 153.935546875, 1.7138586044311523
v,122.392333984375, 153.6240234375, 1.7138690948486328
v,122.392333984375, 153.6240234375, 1.4918341636657715
v,121.682861328125, 153.955078125, 1.713857650756836
v,121.68310546875, 153.955078125, 1.4918227195739746
v,120.36181640625, 154.572265625, 1.49180269241333
v,120.36181640625, 154.572265625, 1.7138376235961914
v,120.764404296875, 155.404296875, 1.7139196395874023
v,120.36181640625, 154.572265625, 1.7138376235961914
v,120.36181640625, 154.572265625, 1.49180269241333
v,120.764404296875, 155.404296875, 1.491884708404541
v,122.73046875, 153.8994140625, 0.1654353141784668
v,122.730224609375, 153.8994140625, 1.7139062881469727
v,122.428466796875, 153.484375, 1.7138605117797852
v,122.428466796875, 153.484375, 0.1653895378112793
v,122.428466796875, 153.484375, 1.7138605117797852
v,120.234375, 154.5087890625, 1.7138266563415527
v,120.234619140625, 154.5087890625, 0.16535568237304688
v,122.428466796875, 153.484375, 0.1653895378112793
v,120.593505859375, 154.76953125, 1.4918289184570312
v,120.59326171875, 154.76953125, 2.571317195892334
v,121.046630859375, 155.3662109375, 2.5720953941345215
v,121.046630859375, 155.3662109375, 2.467738628387451
v,120.96337890625, 155.255859375, 2.4677271842956543
v,120.96337890625, 155.2568359375, 1.4918837547302246
v,120.68701171875, 154.7822265625, 2.5483803749084473
v,121.70556640625, 154.021484375, 2.109220027923584
v,121.70556640625, 154.021484375, 1.8871850967407227
v,120.68701171875, 154.7822265625, 2.326345443725586
v,121.10009765625, 155.326171875, 2.5490894317626953
v,120.68701171875, 154.7822265625, 2.5483803749084473
v,120.68701171875, 154.7822265625, 2.326345443725586
v,121.016845703125, 155.216796875, 2.3269124031066895
v,121.016845703125, 155.216796875, 2.467726230621338
v,121.10009765625, 155.326171875, 2.467738628387451
v,121.10009765625, 155.326171875, 2.467738628387451
v,121.046630859375, 155.3662109375, 2.467738628387451
v,121.046630859375, 155.3662109375, 2.5720953941345215
v,121.10009765625, 155.326171875, 2.5490894317626953
v,122.021484375, 154.4375, 2.109834671020508
v,122.021484375, 154.4375, 1.8878002166748047
v,121.70556640625, 154.021484375, 1.8871850967407227
v,121.70556640625, 154.021484375, 2.109220027923584
v,121.16259765625, 155.279296875, 2.3001022338867188
v,121.121337890625, 155.3095703125, 2.3001022338867188
v,121.121337890625, 155.3095703125, 2.317901134490967
v,122.074462890625, 154.3974609375, 1.491875171661377
v,122.074462890625, 154.3974609375, 2.0868287086486816
v,121.718505859375, 153.927734375, 2.086134910583496
v,121.718505859375, 153.927734375, 1.713857650756836
v,121.72412109375, 153.935546875, 1.7138586044311523
v,121.72412109375, 153.935546875, 1.491823673248291
v,121.718505859375, 153.927734375, 2.086134910583496
v,120.59326171875, 154.76953125, 2.571317195892334
v,120.593505859375, 154.76953125, 1.4918289184570312
v,121.68310546875, 153.955078125, 1.4918227195739746
v,121.682861328125, 153.955078125, 1.713857650756836
v,121.718505859375, 153.927734375, 1.713857650756836
v,122.820556640625, 157.1357421875, 2.3003249168395996
v,122.82080078125, 157.1357421875, 0.16568231582641602
v,120.873046875, 158.0966796875, 0.16565799713134766
v,120.872802734375, 158.0966796875, 2.4679369926452637
v,123.00048828125, 157.046875, 2.4679641723632812
v,123.00048828125, 157.046875, 2.300327777862549
v,121.060546875, 156.470703125, 0.1655435562133789
v,120.69189453125, 155.6884765625, 0.16546630859375
v,120.69189453125, 155.6875, 1.8371667861938477
v,120.65380859375, 155.6083984375, 1.8371591567993164
v,120.65380859375, 155.6083984375, 1.6151237487792969
v,120.611328125, 155.517578125, 1.6151151657104492
v,120.611328125, 155.517578125, 2.467728614807129
v,121.060546875, 156.470703125, 2.467822551727295
v,120.296630859375, 156.8310546875, 1.837233543395996
v,120.39990234375, 156.7822265625, 1.8372344970703125
v,120.400146484375, 156.7822265625, 0.16553449630737305
v,121.060546875, 156.470703125, 0.1655435562133789
v,121.060546875, 156.470703125, 2.467822551727295
v,120.296630859375, 156.8310546875, 2.4678125381469727
v,120.296630859375, 156.8310546875, 2.4678125381469727
v,120.872802734375, 158.0966796875, 2.4679369926452637
v,120.873046875, 158.0966796875, 0.16565799713134766
v,120.87109375, 158.091796875, 0.16565752029418945
v,120.87109375, 158.091796875, 1.837357997894287
v,120.834228515625, 158.01171875, 1.8373494148254395
v,120.834228515625, 158.01171875, 1.6153149604797363
v,120.29833984375, 156.8349609375, 1.6151986122131348
v,120.29833984375, 156.8349609375, 1.837233543395996
v,120.296630859375, 156.8310546875, 1.837233543395996
v,121.121337890625, 155.3095703125, 2.3001022338867188
v,123.00048828125, 157.046875, 2.300327777862549
v,123.00048828125, 157.046875, 2.4679641723632812
v,121.018798828125, 155.21484375, 2.467726230621338
v,121.018798828125, 155.21484375, 2.32615327835083
v,121.121337890625, 155.3095703125, 2.317901134490967
v,121.016845703125, 155.216796875, 2.3269124031066895
v,121.018798828125, 155.21484375, 2.32615327835083
v,121.018798828125, 155.21484375, 2.467726230621338
v,121.016845703125, 155.216796875, 2.467726230621338
v,120.96337890625, 155.255859375, 2.4677271842956543
v,120.611328125, 155.517578125, 2.467728614807129
v,120.611328125, 155.517578125, 1.6151151657104492
v,120.61376953125, 155.5166015625, 1.615114688873291
v,120.613525390625, 155.5166015625, 1.8371496200561523
v,120.686279296875, 155.4619140625, 1.8371496200561523
v,120.686279296875, 155.4619140625, 1.7139201164245605
v,120.764404296875, 155.404296875, 1.7139196395874023
v,120.764404296875, 155.404296875, 1.491884708404541
v,120.96337890625, 155.2568359375, 1.4918837547302246
v,123.69140625, 157.94140625, 0.1657886505126953
v,122.82080078125, 157.1357421875, 0.16568231582641602
v,122.820556640625, 157.1357421875, 2.3003249168395996
v,123.74267578125, 157.98828125, 2.3004374504089355
v,123.74267578125, 157.98828125, 1.6809606552124023
v,123.691162109375, 157.9404296875, 1.6809544563293457
v,125.146484375, 156.921875, 2.300429344177246
v,122.806640625, 153.841796875, 2.3000779151916504
v,122.806640625, 153.841796875, 0.1654353141784668
v,125.1044921875, 156.8671875, 0.16578006744384766
v,125.1044921875, 156.8671875, 1.680945873260498
v,125.146484375, 156.921875, 1.6809520721435547
v,122.641845703125, 153.9658203125, 1.7139067649841309
v,122.730224609375, 153.8994140625, 1.7139062881469727
v,122.73046875, 153.8994140625, 0.1654353141784668
v,122.806640625, 153.841796875, 0.1654353141784668
v,122.806640625, 153.841796875, 2.3000779151916504
v,121.071044921875, 155.16015625, 2.300088882446289
v,122.021484375, 154.4375, 1.8878002166748047
v,122.021484375, 154.4375, 2.109834671020508
v,122.074462890625, 154.3974609375, 2.0868287086486816
v,122.074462890625, 154.3974609375, 1.491875171661377
v,122.64208984375, 153.9658203125, 1.4918718338012695
v,125.146484375, 156.921875, 1.6809520721435547
v,123.74267578125, 157.98828125, 1.6809606552124023
v,123.74267578125, 157.98828125, 2.3004374504089355
v,125.146484375, 156.921875, 2.300429344177246
v,124.104736328125, 158.5693359375, 1.6810235977172852
v,125.586181640625, 157.4443359375, 1.6810154914855957
v,125.586181640625, 157.4443359375, 0.1658496856689453
v,124.10498046875, 158.5693359375, 0.16585826873779297
v,125.586181640625, 157.4443359375, 0.1658496856689453
v,125.586181640625, 157.4443359375, 1.6810154914855957
v,125.132080078125, 156.845703125, 1.680945873260498
v,125.13232421875, 156.8466796875, 0.16578006744384766
v,123.69140625, 157.94140625, 0.1657886505126953
v,123.691162109375, 157.9404296875, 1.6809544563293457
v,123.651123046875, 157.9716796875, 1.680954933166504
v,123.651123046875, 157.9716796875, 0.1657886505126953
v,125.1044921875, 156.8671875, 1.680945873260498
v,125.1044921875, 156.8671875, 0.16578006744384766
v,125.13232421875, 156.8466796875, 0.16578006744384766
v,125.132080078125, 156.845703125, 1.680945873260498
i,1,3,0
i,4,5,6
i,7,8,5
i,9,10,11
i,12,13,14
i,12,15,16
i,17,18,15
i,4,6,19
i,20,21,8
i,10,22,23
i,24,21,25
i,26,27,9
i,8,18,6
i,16,27,13
i,22,24,28
i,5,8,6
i,9,22,10
i,16,13,12
i,16,15,29
i,18,30,15
i,8,21,18
i,24,31,21
i,27,32,9
i,16,32,27
i,32,24,22
i,32,22,9
i,15,30,29
i,33,16,29
i,21,30,18
i,31,30,21
i,32,31,24
i,36,37,38
i,40,42,43
i,51,44,45
i,54,56,57
i,59,61,58
i,62,64,65
i,70,79,80
i,92,95,97
i,104,105,100
i,109,111,108
i,116,117,122
i,123,125,126
i,134,135,132
i,138,139,143
i,149,150,152
i,154,156,160
i,163,164,167
i,171,173,170
i,175,177,174
i,179,181,184
i,190,191,192
i,195,197,194
i,198,200,201
i,203,205,202
i,207,209,206
i,210,212,213
i,215,217,214
i,218,220,221
i,223,225,222
i,227,230,232
i,234,235,238
i,243,246,247
i,250,252,253
i,255,257,254
i,259,262,265
i,268,269,270
i,273,275,272
i,276,278,279
i,281,283,280
i,285,287,284
i,289,291,288
i,292,294,295
i,297,299,296
i,300,302,303
i,305,307,304
i,308,310,311
i,313,315,312
i,317,319,316
i,321,323,320
i,325,327,324
i,329,331,328
i,332,334,335
i,337,339,336
i,341,343,340
i,344,346,347
i,349,351,348
i,352,354,355
i,356,358,359
i,362,363,364
i,367,369,366
i,372,373,374
i,377,379,376
i,381,383,380
i,384,385,386
i,389,390,391
i,395,396,397
i,399,401,402
i,407,408,411
i,417,418,414
i,424,425,427
i,432,433,434
i,435,437,438
i,440,443,444
i,452,453,454
i,457,458,459
i,461,462,465
i,473,475,472
i,477,479,476
i,481,483,480
i,484,486,487
i,488,490,491
i,1,2,3
i,39,34,38
i,34,35,38
i,35,36,38
i,40,41,42
i,45,46,48
i,46,47,48
i,48,49,50
i,52,53,51
i,53,44,51
i,45,48,50
i,50,51,45
i,54,55,56
i,59,60,61
i,62,63,64
i,83,66,82
i,66,67,82
i,73,74,76
i,74,75,76
i,81,82,67
i,72,73,77
i,73,76,77
i,81,67,68
i,72,77,78
i,81,68,69
i,71,72,78
i,70,71,78
i,80,81,69
i,70,78,79
i,80,69,70
i,84,85,86
i,86,87,91
i,87,88,89
i,89,90,91
i,87,89,91
i,92,93,94
i,86,91,84
i,91,92,84
i,92,94,95
i,95,96,97
i,97,84,92
i,107,98,99
i,100,101,103
i,101,102,103
i,106,107,99
i,106,99,105
i,99,100,105
i,103,104,100
i,109,110,111
i,122,112,116
i,112,113,116
i,113,114,115
i,117,118,120
i,118,119,120
i,120,121,122
i,113,115,116
i,117,120,122
i,123,124,125
i,126,127,123
i,135,128,132
i,128,129,132
i,129,130,132
i,130,131,132
i,132,133,134
i,143,136,137
i,139,140,142
i,140,141,142
i,143,137,138
i,139,142,143
i,153,144,145
i,146,147,148
i,152,153,145
i,146,148,149
i,152,145,146
i,150,151,152
i,152,146,149
i,154,155,156
i,156,157,160
i,157,158,160
i,158,159,160
i,160,161,154
i,169,162,163
i,164,165,166
i,168,169,163
i,164,166,167
i,168,163,167
i,171,172,173
i,175,176,177
i,185,178,184
i,178,179,184
i,179,180,181
i,181,182,184
i,182,183,184
i,193,186,192
i,186,187,189
i,192,186,189
i,187,188,189
i,189,190,192
i,195,196,197
i,198,199,200
i,203,204,205
i,207,208,209
i,210,211,212
i,215,216,217
i,218,219,220
i,223,224,225
i,233,226,232
i,226,227,232
i,227,228,230
i,228,229,230
i,230,231,232
i,235,236,237
i,238,239,234
i,239,240,234
i,240,241,234
i,235,237,238
i,249,242,247
i,242,243,247
i,243,244,246
i,244,245,246
i,247,248,249
i,250,251,252
i,255,256,257
i,265,258,259
i,259,260,261
i,262,263,265
i,263,264,265
i,259,261,262
i,271,266,270
i,266,267,270
i,267,268,270
i,273,274,275
i,276,277,278
i,281,282,283
i,285,286,287
i,289,290,291
i,292,293,294
i,297,298,299
i,300,301,302
i,305,306,307
i,308,309,310
i,313,314,315
i,317,318,319
i,321,322,323
i,325,326,327
i,329,330,331
i,332,333,334
i,337,338,339
i,341,342,343
i,344,345,346
i,349,350,351
i,352,353,354
i,356,357,358
i,365,360,364
i,360,361,364
i,361,362,364
i,367,368,369
i,375,370,374
i,370,371,374
i,371,372,374
i,377,378,379
i,381,382,383
i,392,387,391
i,387,388,391
i,388,389,391
i,398,393,397
i,393,394,395
i,397,393,395
i,399,400,401
i,402,403,399
i,403,404,399
i,412,405,407
i,405,406,407
i,409,410,408
i,410,411,408
i,412,407,411
i,418,413,414
i,414,415,416
i,416,417,414
i,428,419,427
i,419,420,424
i,427,419,424
i,420,421,423
i,421,422,423
i,425,426,427
i,420,423,424
i,434,429,430
i,430,431,434
i,431,432,434
i,435,436,437
i,448,439,446
i,439,440,444
i,446,439,444
i,440,441,443
i,441,442,443
i,446,447,448
i,444,445,446
i,454,449,450
i,450,451,454
i,451,452,454
i,460,455,459
i,455,456,459
i,456,457,459
i,462,463,464
i,466,467,468
i,469,470,461
i,470,471,461
i,465,466,468
i,465,468,469
i,462,464,465
i,469,461,465
i,473,474,475
i,477,478,479
i,481,482,483
i,484,485,486
i,488,489,490
n,-3.586731195449829, 2.7238857746124268, 0.0
n,0.00023503210104536265, 0.00034337586839683354, -4.50379753112793
n,0.0002501223934814334, 0.00033349651494063437, -4.50379753112793
n,0.0002122514124494046, 0.0003385170712135732, -4.50379753112793
n,0.00031930484692566097, 0.00029869843274354935, -4.50379753112793
n,0.00021914295211900026, 0.0003448232018854469, -4.50379753112793
n,0.00022405083291232586, 0.00033900109701789916, -4.50379753112793
n,0.00025069282855838537, 0.00033306333352811635, -4.50379753112793
n,0.00023199761926662177, 0.0003375359810888767, -4.50379753112793
n,0.00021677202312275767, 0.0003339644172228873, -4.50379753112793
n,0.00022582561359740794, 0.0003362428105901927, -4.50379753112793
n,0.00030232142307795584, 0.00030086346669122577, -4.50379753112793
n,0.00023310602409765124, 0.0003423024027142674, -4.50379753112793
n,0.00021793953783344477, 0.00034225976560264826, -4.50379753112793
n,0.0002720439515542239, 0.000307298032566905, -4.50379753112793
n,0.0002356174954911694, 0.00034560757922008634, -4.50379753112793
n,0.00021717364143114537, 0.00033536364207975566, -4.50379753112793
n,0.0002192085376009345, 0.000344838626915589, -4.50379753112793
n,0.00022234760399442166, 0.00034239073283970356, -4.50379753112793
n,0.00022597952920477837, 0.0003429319185670465, -4.50379753112793
n,0.0002324995439266786, 0.00033713452285155654, -4.50379753112793
n,0.0002254432620247826, 0.00033467772300355136, -4.50379753112793
n,0.00021826451120432466, 0.0003415541723370552, -4.50379753112793
n,0.00021770827879663557, 0.0003410496865399182, -4.50379753112793
n,0.0002227312361355871, 0.0003379221598152071, -4.50379753112793
n,0.00021845308947376907, 0.0003366963646840304, -4.50379753112793
n,0.0002221029280917719, 0.00034247871371917427, -4.50379753112793
n,0.0002216239954577759, 0.00033955666003748775, -4.50379753112793
n,0.00022812151291873306, 0.00033725681714713573, -4.50379753112793
n,0.00022715755039826035, 0.00033663088106550276, -4.50379753112793
n,0.0002197970898123458, 0.0003368656034581363, -4.50379753112793
n,-0.0002175607660319656, -0.0003364825970493257, 4.50379753112793
n,-0.00021839035616721958, -0.00033765757689252496, 4.50379753112793
n,-0.0002191366074839607, -0.0003389452176634222, 4.50379753112793
n,-0.00022555075702257454, -0.00033832615008577704, 4.50379753112793
n,-0.00021624250803142786, -0.00034306084853596985, 4.50379753112793
n,-0.00021174429275561124, -0.0003451842349022627, 4.50379753112793
n,-0.00022391174570657313, -0.0003369167388882488, 4.50379753112793
n,-0.0002226775250164792, -0.00034425556077621877, 4.50379753112793
n,-0.0002188737562391907, -0.0003375789092388004, 4.50379753112793
n,-0.00022500084014609456, -0.00033158904989250004, 4.50379753112793
n,-0.00021939046564511955, -0.0003206586989108473, 4.50379753112793
n,-0.00022801726299803704, -0.00033219304168596864, 4.50379753112793
n,1.1695380210876465, -0.8973037600517273, 4.255727767944336
n,1.166672706604004, -0.8947765231132507, 4.257046222686768
n,-0.00022648235608357936, -0.0003428244381211698, 4.50379753112793
n,-0.00022771295334678143, -0.00033729540882632136, 4.50379753112793
n,-0.00023551909544039518, -0.00034594794851727784, 4.50379753112793
n,1.911723256111145, 4.077929496765137, 0.0008583529852330685
n,4.068179130554199, -1.9323850870132446, 0.0
n,-1.9311128854751587, -4.06878137588501, 0.0036065266467630863
n,-4.070074558258057, 1.9283884763717651, -0.0018274391768500209
n,1.9093403816223145, 4.079045295715332, 0.00037867389619350433
n,-1.9315030574798584, -4.068597793579102, 0.0
n,4.0688018798828125, -1.9310734272003174, -0.0007249831105582416
n,1.9299408197402954, 4.069338798522949, 0.0
n,4.071329116821289, -1.9257386922836304, 0.0
n,-4.06675386428833, 1.9353828430175781, 0.0
n,4.072816848754883, -1.9225910902023315, 0.0
n,-4.07400369644165, 1.920074224472046, -0.0008079851977527142
n,-4.073967933654785, 1.9201507568359375, -0.0010491512948647141
n,1.9346257448196411, 4.067111015319824, 0.005043801851570606
n,-1.9303711652755737, -4.069134712219238, 0.0004276161780580878
n,-4.074450969696045, 1.9191255569458008, -0.0005284840590320528
n,1.9307596683502197, 4.068950653076172, 0.0
n,-1.927694320678711, -4.070401191711426, 0.004647215362638235
n,4.064375400543213, -1.9403722286224365, 0.0005691306432709098
n,-4.072816848754883, 1.9225910902023315, 0.0
n,1.9307866096496582, 4.0689377784729, 0.0
n,4.07447624206543, -1.9190714359283447, 0.0
n,-1.9280142784118652, -4.070252418518066, 0.0
n,4.0744948387146, -1.9190318584442139, 0.0
n,1.925058364868164, 4.071650981903076, 0.0
n,4.074288845062256, -1.9194698333740234, 0.0
n,-1.9317140579223633, -4.068497657775879, 0.0
n,1.9136567115783691, 4.077022075653076, 0.0
n,-4.07377815246582, 1.9205536842346191, 0.0
n,-1.9205328226089478, -4.073787689208984, 0.0
n,-4.069798469543457, 1.9289685487747192, -0.003974412567913532
n,4.068621635437012, -1.9314526319503784, 0.0005277280579321086
n,-1.9185513257980347, -4.074721336364746, 0.0
n,4.073841571807861, -1.9204179048538208, 0.0
n,1.9221866130828857, 4.073006629943848, 0.002113186987116933
n,-3.641385316848755, 2.6503758430480957, -0.003556040348485112
n,1.9064748287200928, 4.080385684967041, 0.0
n,1.907119631767273, 4.080084323883057, 0.0
n,4.053773880004883, -1.9624240398406982, 0.0
n,3.642794370651245, -2.6484408378601074, 0.0
n,-1.9068201780319214, -4.08022403717041, 0.0
n,-3.5962307453155518, 2.711331367492676, 0.0
n,2.695020914077759, 3.6084702014923096, 0.0
n,3.5875117778778076, -2.7228569984436035, 0.0
n,2.690566301345825, 3.61179256439209, 0.0
n,-3.584995985031128, 2.726168632507324, 0.0
n,2.6716485023498535, 3.6258084774017334, 0.0
n,3.651135206222534, -2.6369309425354004, 0.0
n,-2.6964166164398193, -3.607426166534424, -0.002633219351992011
n,1.9927420616149902, 4.038956642150879, 0.00018767837900668383
n,-4.067321300506592, 1.9341877698898315, 0.002553948201239109
n,-1.9234912395477295, -4.072391033172607, -0.0011574695818126202
n,-4.098760604858398, 1.8666425943374634, 0.0
n,3.052509307861328, -3.3115525245666504, 0.0
n,-2.9921603202819824, -3.366180419921875, 0.0
n,-2.6745903491973877, -3.62363862991333, 0.0007713484228588641
n,-3.064079999923706, 3.300849676132202, 0.0
n,3.5869367122650146, -2.7236149311065674, 0.0
n,-2.7135419845581055, -3.594562292098999, -0.0020205695182085037
n,2.7236833572387695, 3.5868844985961914, 0.0
n,2.7237348556518555, 3.586845636367798, 0.00038978568045422435
n,3.58673095703125, -2.7238850593566895, 0.0
n,-2.708465337753296, -3.5983896255493164, 0.0
n,-2.7862327098846436, -3.53851580619812, -0.0024242757353931665
n,-3.587357759475708, 2.723059892654419, -0.0005133762606419623
n,-0.00021256318723317236, -0.00033918212284334004, 4.50379753112793
n,-0.0002122488513123244, -0.00033926116884686053, 4.50379753112793
n,-0.00021335933706723154, -0.0003284845734015107, 4.50379753112793
n,-0.0002178591676056385, -0.00033677657484076917, 4.50379753112793
n,-0.00021886930335313082, -0.0003338461392559111, 4.50379753112793
n,-0.00021586452203337103, -0.0003372883365955204, 4.50379753112793
n,-0.0002044095890596509, -0.00034431106178089976, 4.50379753112793
n,-0.0002096026437357068, -0.00034068190143443644, 4.50379753112793
n,-0.00021880946587771177, -0.0003398755507078022, 4.50379753112793
n,-0.00021818386449012905, -0.00033407178125344217, 4.50379753112793
n,-0.0002162520249839872, -0.00033338789944536984, 4.50379753112793
n,-0.00022970838472247124, -0.0003479406295809895, 4.50379753112793
n,-0.00021624250803142786, -0.00034306084853596985, 4.50379753112793
n,-0.00021133985137566924, -0.00034553479054011405, 4.50379753112793
n,-0.00022927491227164865, -0.00036815283237956464, 4.50379753112793
n,-0.00021676928736269474, -0.0003368206962477416, 4.50379753112793
n,-0.00022004659695085138, -0.00033719249768182635, 4.50379753112793
n,-0.00024029539781622589, -0.00032556153018958867, 4.50379753112793
n,-0.000228542136028409, -0.0003410623758099973, 4.50379753112793
n,-0.00022920026094652712, -0.00035852918517775834, 4.50379753112793
n,-0.00021761875541415066, -0.000336326687829569, 4.50379753112793
n,-0.000233072045375593, -0.0003392769140191376, 4.50379753112793
n,-0.00023975806834641844, -0.00032861545332707465, 4.50379753112793
n,-0.00023019968648441136, -0.0003472639073152095, 4.50379753112793
n,-0.00022129210992716253, -0.00033845024881884456, 4.50379753112793
n,-0.0002060737315332517, -0.00033296714536845684, 4.50379753112793
n,-0.00020473510085139424, -0.0003283110272604972, 4.50379753112793
n,-0.00020619473070837557, -0.0003305800200905651, 4.50379753112793
n,-0.00019311494543217123, -0.00036062218714505434, 4.50379753112793
n,-0.00021784045384265482, -0.0003377120883669704, 4.50379753112793
n,-0.00021732569439336658, -0.00033570907544344664, 4.50379753112793
n,0.00035697160637937486, -0.0006087240180931985, 4.50379753112793
n,-0.0002123159501934424, -0.00032287416979670525, 4.50379753112793
n,-0.00022027359227649868, -0.000336794531904161, 4.50379753112793
n,-0.00021797389490529895, -0.0003463891625870019, 4.50379753112793
n,-0.00021562640904448926, -0.00033918701228685677, 4.50379753112793
n,-0.00021954970725346357, -0.00034160728682763875, 4.50379753112793
n,-0.00022075783635955304, -0.0003438402200117707, 4.50379753112793
n,-0.00021336459030862898, -0.00034656302887015045, 4.50379753112793
n,-0.0002199253358412534, -0.0003387942851986736, 4.50379753112793
n,-0.00021569672389887273, -0.0003276894276496023, 4.50379753112793
n,-0.0002283461217302829, -0.0003639211936388165, 4.50379753112793
n,-0.00020151094940956682, -0.00034967076499015093, 4.50379753112793
n,-0.00022888131206855178, -0.0003509297384880483, 4.50379753112793
n,-0.00023482363030780107, -0.0003344065335113555, 4.50379753112793
n,-0.00022230579634197056, -0.0003388154727872461, 4.50379753112793
n,-0.00014733150601387024, 6.445752660511062e-05, 4.50379753112793
n,-0.00022658600937575102, -0.0003322403645142913, 4.50379753112793
n,-0.0001946192205650732, -0.0002573996316641569, 4.50379753112793
n,-0.00022373220417648554, -0.00033348516444675624, 4.50379753112793
n,-0.00020626801415346563, -0.00034272181801497936, 4.50379753112793
n,-0.00022620894014835358, -0.0003314910863991827, 4.50379753112793
n,-0.00022749454365111887, -0.0003299164236523211, 4.50379753112793
n,-0.00022407334472518414, -0.00032686255872249603, 4.50379753112793
n,-0.00022199031081981957, -0.00033698685001581907, 4.50379753112793
n,-0.00022615835769101977, -0.00033147804788313806, 4.50379753112793
n,-0.00022708943288307637, -0.0003324427525512874, 4.50379753112793
n,-0.00022483986685983837, -0.000335933844326064, 4.50379753112793
n,-0.6571103930473328, -2.385622024536133, 3.7631378173828125
n,1.1663191318511963, -0.8907678723335266, 4.257983684539795
n,1.1685482263565063, -0.8931135535240173, 4.256880760192871
n,1.1672378778457642, -0.8939135670661926, 4.257072448730469
n,1.1753308773040771, -0.8990135192871094, 4.25377082824707
n,1.1655232906341553, -0.8908469080924988, 4.258185386657715
n,1.1624079942703247, -0.8883091807365417, 4.259566307067871
n,1.1700893640518188, -0.8960801362991333, 4.255834102630615
n,1.1663923263549805, -0.8913680911064148, 4.257838249206543
n,1.1738197803497314, -0.8860678672790527, 4.256902694702148
n,-0.00021718352218158543, -0.00032110261963680387, 4.50379753112793
n,-0.000277491461019963, -0.000312177900923416, 4.50379753112793
n,-0.0002234934363514185, -0.00033919402630999684, 4.50379753112793
n,-0.00019968292326666415, -0.0003691665770020336, 4.50379753112793
n,-0.0002524040173739195, -0.000338824960635975, 4.50379753112793
n,-0.00022158212959766388, -0.00034225860144943, 4.50379753112793
n,-0.00022792266099713743, -0.00033798045478761196, 4.50379753112793
n,-0.00022695846564602107, -0.0003364327421877533, 4.50379753112793
n,-0.00023292472178582102, -0.0003369805926922709, 4.50379753112793
n,-0.00023327457893174142, -0.0003429921343922615, 4.50379753112793
n,-0.0002326967369299382, -0.00034344784216955304, 4.50379753112793
n,-0.00023950173635967076, -0.00032503806869499385, 4.50379753112793
n,-0.00022805861954111606, -0.0003540786565281451, 4.50379753112793
n,-0.0002571869408711791, -0.0003266274288762361, 4.50379753112793
n,-0.0002295053709531203, -0.00034604532993398607, 4.50379753112793
n,-0.0002588244096841663, -0.000326320412568748, 4.50379753112793
n,-0.0002346095716347918, -0.0003428647178225219, 4.50379753112793
n,1.9117233753204346, 4.077929496765137, 0.0008583523449487984
n,4.068179130554199, -1.9323850870132446, 0.0
n,-1.9311134815216064, -4.068782329559326, 0.0
n,-1.9311134815216064, -4.068782329559326, 0.0
n,-1.8978122472763062, -4.0844221115112305, 0.0
n,-1.9306155443191528, -4.069018840789795, 0.0008169853244908154
n,-1.934626817703247, -4.067113399505615, 0.0
n,-4.181671142578125, 1.6726683378219604, -0.0008293386199511588
n,-4.0696539878845215, 1.9292763471603394, 0.00038782169576734304
n,-4.069653511047363, 1.929276943206787, 0.00038845467497594655
n,-4.069100856781006, 1.930443286895752, 0.0
n,-4.069653511047363, 1.9292770624160767, 0.0
n,1.911723256111145, 4.0779290199279785, 0.0
n,-1.9315030574798584, -4.068597793579102, 0.0
n,4.068000316619873, -1.9327603578567505, 0.0
n,1.9299408197402954, 4.069338798522949, 0.0
n,4.071329116821289, -1.9257386922836304, 0.0
n,-4.06675386428833, 1.9353828430175781, 0.0
n,4.072816848754883, -1.9225910902023315, 0.0
n,-4.072816848754883, 1.9225910902023315, 0.0
n,-4.074484825134277, 1.9190531969070435, 0.0
n,-4.074206352233887, 1.919636607170105, 0.005433744750916958
n,-4.07420539855957, 1.9196466207504272, 0.0
n,-4.07420539855957, 1.9196466207504272, 0.0
n,-4.107109069824219, 1.8481993675231934, -0.0018440689891576767
n,1.7019715309143066, 4.169830322265625, 0.0
n,1.9154890775680542, 4.0761613845825195, 0.0013729664497077465
n,1.9201369285583496, 4.073974132537842, 0.0
n,1.92013680934906, 4.073974609375, 0.0
n,1.7019715309143066, 4.169830322265625, 0.0
n,-1.9201369285583496, -4.073974609375, 0.0
n,-1.925058364868164, -4.071650981903076, 0.0014547869795933366
n,-1.9599488973617554, -4.054971218109131, -0.0002542187285143882
n,-1.9489332437515259, -4.060277462005615, -0.0003865262260660529
n,-1.92013680934906, -4.073974609375, 0.0
n,-4.074192047119141, 1.9196745157241821, 0.0
n,1.9307594299316406, 4.068950653076172, 0.0
n,-1.976425290107727, -4.046966075897217, 0.0
n,-1.9919949769973755, -4.039323806762695, -0.0035994956269860268
n,-1.9313757419586182, -4.068652153015137, 0.007164638489484787
n,-1.931638240814209, -4.068533897399902, 0.0
n,-1.7876074314117432, -4.133842468261719, 0.0
n,4.069648742675781, -1.9292874336242676, 0.0
n,4.069262981414795, -1.9300857782363892, 0.007584664039313793
n,4.06675386428833, -1.9353829622268677, 0.0
n,-4.072816371917725, 1.9225908517837524, 0.0
n,1.9307866096496582, 4.0689377784729, 0.0
n,4.07447624206543, -1.9190714359283447, 0.0
n,-1.9280141592025757, -4.070252418518066, 0.0
n,4.0744948387146, -1.9190318584442139, 0.0
n,1.925058364868164, 4.071650981903076, 0.0
n,4.074288845062256, -1.9194698333740234, 0.0
n,-1.9317138195037842, -4.068497657775879, 0.0
n,1.9136565923690796, 4.077022075653076, 0.0
n,-4.07377815246582, 1.9205536842346191, 0.0
n,-1.9205330610275269, -4.073787212371826, 0.0
n,-4.069468975067139, 1.929666519165039, 0.0
n,4.073043346405029, -1.9221103191375732, 0.0
n,-1.9185513257980347, -4.074721336364746, 0.0
n,4.074325084686279, -1.919392704963684, 0.0005284677026793361
n,1.9197863340377808, 4.074139595031738, 0.0002490093756932765
n,-3.6402900218963623, 2.6518821716308594, 0.0
n,1.9064748287200928, 4.080385684967041, 0.0
n,1.9068626165390015, 4.080204010009766, 0.0018621705239638686
n,4.053773880004883, -1.9624240398406982, 0.0
n,3.6436986923217773, -2.6471967697143555, 0.0005102237337268889
n,-1.9066654443740845, -4.080296039581299, -0.00026698855799622834
n,-3.587658643722534, 2.7226624488830566, 0.0024198859464377165
n,-3.5846264362335205, 2.7266547679901123, -0.0007200243999250233
n,-3.586655855178833, 2.7239043712615967, -0.020888514816761017
n,2.695020914077759, 3.6084702014923096, 0.0
n,3.582463502883911, -2.7294960021972656, 0.0
n,3.5864927768707275, -2.7241756916046143, -0.011269710026681423
n,3.5875115394592285, -2.7228569984436035, 0.0
n,2.690566301345825, 3.61179256439209, 0.0
n,-3.584995985031128, 2.726168632507324, 0.0
n,3.586792469024658, -2.7238049507141113, 0.0
n,3.586792469024658, -2.7238049507141113, 0.0
n,3.587862253189087, -2.7223942279815674, -0.002750175539404154
n,-2.7162773609161377, -3.592496156692505, 0.0
n,-2.6971981525421143, -3.6068427562713623, -0.0005417715874500573
n,-2.696370840072632, -3.6074600219726562, -0.002982265083119273
n,1.9927290678024292, 4.0389628410339355, 0.00020241571473889053
n,1.9923938512802124, 4.039125442504883, -0.004826158285140991
n,1.9887725114822388, 4.040912628173828, 0.0
n,-4.0739874839782715, 1.9201078414916992, 0.0007233505602926016
n,-4.073762893676758, 1.9205849170684814, 0.0009964518249034882
n,-4.07423210144043, 1.9195901155471802, 0.0
n,-4.07423210144043, 1.9195902347564697, 0.0
n,-4.073268413543701, 1.9216333627700806, -0.0015894268872216344
n,-1.9177035093307495, -4.075119972229004, 0.0
n,-1.9205372333526611, -4.073785781860352, -0.00024910681531764567
n,-1.9231970310211182, -4.072530269622803, -0.0015342194819822907
n,-4.126187324523926, 1.8052070140838623, 0.0
n,-4.098974704742432, 1.8661717176437378, -0.0006607812829315662
n,-4.098760604858398, 1.8666424751281738, 0.0004040208295919001
n,-4.161729335784912, 1.7216854095458984, -0.0003919557493645698
n,-4.107109546661377, 1.8481993675231934, 0.0
n,-4.098760604858398, 1.8666425943374634, 0.0
n,-4.0963263511657715, 1.8719772100448608, -0.0016054598381742835
n,3.057434558868408, -3.3070056438446045, 0.0
n,3.057434558868408, -3.3070056438446045, 0.0
n,3.0571770668029785, -3.3072381019592285, 0.005917608272284269
n,-2.9921603202819824, -3.366180419921875, 0.0
n,-2.683098793029785, -3.6173417568206787, -0.003215071512386203
n,-2.688016176223755, -3.6136906147003174, -0.001701694680377841
n,-2.6898632049560547, -3.6123158931732178, -0.00044001624337397516
n,-2.813500165939331, -3.5168750286102295, 0.0
n,-2.6490061283111572, -3.6423826217651367, -0.0025869200471788645
n,-2.680784225463867, -3.619058847427368, 0.0
n,-2.6894161701202393, -3.6126487255096436, 0.0
n,-3.0592103004455566, 3.3053629398345947, 0.0014542884891852736
n,-3.057554244995117, 3.306894540786743, -0.00031057759770192206
n,-3.0578064918518066, 3.306661605834961, -0.0009679528302513063
n,3.5756120681762695, -2.738464832305908, 0.0
n,3.586735486984253, -2.723878860473633, -0.0020386730320751667
n,3.5869369506835938, -2.7236149311065674, 0.0
n,-2.72826886177063, -3.58339786529541, -0.0003820369020104408
n,-2.72564959526062, -3.58539080619812, 0.0
n,-2.7250335216522217, -3.5858588218688965, 0.0
n,-2.7243728637695312, -3.586359977722168, -0.002660520374774933
n,-2.7240829467773438, -3.586560010910034, 0.012265668250620365
n,-2.715813159942627, -3.5926151275634766, -0.040838684886693954
n,-2.7233686447143555, -3.5871238708496094, 0.0
n,-2.7239534854888916, -3.586678981781006, 0.0025900357868522406
n,2.7236833572387695, 3.5868844985961914, 0.0
n,2.723987579345703, 3.586653470993042, 0.0
n,3.5880069732666016, -2.7222049236297607, -0.001044797943904996
n,-2.7663934230804443, -3.5540475845336914, -0.002430327469483018
n,-2.7022786140441895, -3.6030383110046387, 0.0
u,0.7406172156333923, 0.46635740995407104, 0
u,0.7031012773513794, 0.28662538528442383, 0
u,0.7406172156333923, 0.28662538528442383, 0
u,0.0, 0.0, 0
u,0.0, 0.0, 0
u,0.0, 0.0, 0
u,0.0, 0.0, 0
u,0.0, 0.0, 0
u,0.0, 0.0, 0
u,0.0, 0.0, 0
u,0.0, 0.0, 0
u,0.0, 0.0, 0
u,0.0, 0.0, 0
u,0.0, 0.0, 0
u,0.0, 0.0, 0
u,0.0, 0.0, 0
u,0.0, 0.0, 0
u,0.0, 0.0, 0
u,0.0, 0.0, 0
u,0.0, 0.0, 0
u,0.0, 0.0, 0
u,0.0, 0.0, 0
u,0.0, 0.0, 0
u,0.0, 0.0, 0
u,0.0, 0.0, 0
u,0.0, 0.0, 0
u,0.0, 0.0, 0
u,0.0, 0.0, 0
u,0.0, 0.0, 0
u,0.0, 0.0, 0
u,0.0, 0.0, 0
u,0.0, 0.0, 0
u,0.0, 0.0, 0
u,0.0, 0.0, 0
u,0.0, 0.0, 0
u,0.0, 0.0, 0
u,0.0, 0.0, 0
u,0.0, 0.0, 0
u,0.0, 0.0, 0
u,0.0, 0.0, 0
u,0.0, 0.0, 0
u,0.0, 0.0, 0
u,0.0, 0.0, 0
u,0.0, 0.0, 0
u,0.0, 0.0, 0
u,0.0, 0.0, 0
u,0.0, 0.0, 0
u,0.0, 0.0, 0
u,0.0, 0.0, 0
u,0.0, 0.0, 0
u,0.0, 0.0, 0
u,0.0, 0.0, 0
u,0.0, 0.0, 0
u,0.0, 0.0, 0
u,0.0, 0.0, 0
u,0.0, 0.0, 0
u,0.0, 0.0, 0
u,0.0, 0.0, 0
u,0.0, 0.0, 0
u,0.0, 0.0, 0
u,0.0, 0.0, 0
u,0.0, 0.0, 0
u,0.0, 0.0, 0
u,0.0, 0.0, 0
u,0.0, 0.0, 0
u,0.0, 0.0, 0
u,0.0, 0.0, 0
u,0.0, 0.0, 0
u,0.0, 0.0, 0
u,0.0, 0.0, 0
u,0.0, 0.0, 0
u,0.0, 0.0, 0
u,0.0, 0.0, 0
u,0.0, 0.0, 0
u,0.0, 0.0, 0
u,0.0, 0.0, 0
u,0.0, 0.0, 0
u,0.0, 0.0, 0
u,0.0, 0.0, 0
u,0.0, 0.0, 0
u,0.0, 0.0, 0
u,0.0, 0.0, 0
u,0.0, 0.0, 0
u,0.0, 0.0, 0
u,0.0, 0.0, 0
u,0.0, 0.0, 0
u,0.0, 0.0, 0
u,0.0, 0.0, 0
u,0.0, 0.0, 0
u,0.0, 0.0, 0
u,0.0, 0.0, 0
u,0.0, 0.0, 0
u,0.0, 0.0, 0
u,0.2850804030895233, 0.011601000092923641, 0
u,0.28507140278816223, 0.024429600685834885, 0
u,0.1516970992088318, 0.024418100714683533, 0
u,0.2864125072956085, 0.04111560061573982, 0
u,0.420391708612442, 0.009315700270235538, 0
u,0.4203948974609375, 0.04111560061573982, 0
u,0.4380298852920532, 0.09070979803800583, 0
u,0.43305158615112305, 0.07888630032539368, 0
u,0.5774518251419067, 0.07888630032539368, 0
u,0.5278645753860474, 0.7013099193572998, 0
u,0.5190616250038147, 0.7006961107254028, 0
u,0.5278645157814026, 0.7006961107254028, 0
u,0.9902259111404419, 0.9261242747306824, 0
u,0.9988700747489929, 0.8839907050132751, 0
u,0.9988657832145691, 0.9261242747306824, 0
u,0.5104296207427979, 0.6912286281585693, 0
u,0.49267029762268066, 0.7030162811279297, 0
u,0.49266859889030457, 0.6912286281585693, 0
u,0.10694760084152222, 0.4299792945384979, 0
u,0.10195349901914597, 0.41813579201698303, 0
u,0.12978680431842804, 0.4181276857852936, 0
u,0.12869709730148315, 0.31972458958625793, 0
u,0.20160159468650818, 0.45219218730926514, 0
u,0.12978680431842804, 0.4181276857852936, 0
u,0.12869709730148315, 0.26386189460754395, 0
u,0.12869709730148315, 0.31972458958625793, 0
u,0.12370669841766357, 0.3078790009021759, 0
u,0.5826001763343811, 0.0885969027876854, 0
u,0.6229726076126099, 0.03224069997668266, 0
u,0.6224876046180725, 0.0885625034570694, 0
u,0.5718474984169006, 0.13921119272708893, 0
u,0.7078896760940552, 0.1410122960805893, 0
u,0.6611639857292175, 0.15399329364299774, 0
u,0.947147786617279, 0.6867039203643799, 0
u,0.9833024144172668, 0.7030162811279297, 0
u,0.9315738081932068, 0.7030162811279297, 0
u,0.7544500231742859, 0.23505090177059174, 0
u,0.7464172840118408, 0.238624706864357, 0
u,0.7456744909286499, 0.227560892701149, 0
u,0.8866080045700073, 0.2552204132080078, 0
u,0.9735097289085388, 0.2566024959087372, 0
u,0.8907303214073181, 0.26453089714050293, 0
u,0.570019006729126, 0.14466629922389984, 0
u,0.570019006729126, 0.461716890335083, 0
u,0.4925917088985443, 0.3431225121021271, 0
u,0.2176980972290039, 0.4548332989215851, 0
u,0.20918869972229004, 0.16370490193367004, 0
u,0.3594914972782135, 0.4021157920360565, 0
u,0.8901491761207581, 0.37115320563316345, 0
u,0.9891324043273926, 0.37118130922317505, 0
u,0.9910774827003479, 0.46201980113983154, 0
u,0.9902247786521912, 0.9950047135353088, 0
u,0.9990991950035095, 0.9303944110870361, 0
u,0.9990991950035095, 0.9950047135353088, 0
u,0.430996298789978, 0.07557400315999985, 0
u,0.42567089200019836, 0.13901929557323456, 0
u,0.42567089200019836, 0.07557400315999985, 0
u,0.4230392873287201, 0.07557400315999985, 0
u,0.42567089200019836, 0.13901929557323456, 0
u,0.29035091400146484, 0.07557400315999985, 0
u,0.5813847780227661, 0.6888837218284607, 0
u,0.5318976044654846, 0.6888837218284607, 0
u,0.5318976044654846, 0.6256818175315857, 0
u,0.5229715704917908, 0.6256818175315857, 0
u,0.5316519737243652, 0.48259860277175903, 0
u,0.5316519737243652, 0.6256818175315857, 0
u,0.7414699196815491, 0.48259860277175903, 0
u,0.5995141863822937, 0.6256818175315857, 0
u,0.5995141863822937, 0.48259860277175903, 0
u,0.7648887038230896, 0.6256818175315857, 0
u,0.7414699196815491, 0.48259860277175903, 0
u,0.7648887038230896, 0.48259860277175903, 0
u,0.9146577715873718, 0.4988399147987366, 0
u,0.779854416847229, 0.4692018926143646, 0
u,0.9146577715873718, 0.4692018926143646, 0
u,0.9281535744667053, 0.4692018926143646, 0
u,0.9146577715873718, 0.4988399147987366, 0
u,0.9146577715873718, 0.4692018926143646, 0
u,0.7663733959197998, 0.4692018926143646, 0
u,0.779854416847229, 0.4988399147987366, 0
u,0.7663733959197998, 0.4988399147987366, 0
u,0.9902247786521912, 0.8816704750061035, 0
u,0.9996418952941895, 0.8660457134246826, 0
u,0.9996418952941895, 0.8816704750061035, 0
u,0.9569892287254333, 0.8578206896781921, 0
u,0.9738221764564514, 0.9953595995903015, 0
u,0.9569892287254333, 0.9953595995903015, 0
u,0.21112999320030212, 0.6890950798988342, 0
u,0.2722044885158539, 0.6121553778648376, 0
u,0.27246370911598206, 0.6763948798179626, 0
u,0.20549869537353516, 0.6121553778648376, 0
u,0.2104761004447937, 0.6121553778648376, 0
u,0.21112999320030212, 0.6890950798988342, 0
u,0.16470929980278015, 0.6890950798988342, 0
u,0.16538000106811523, 0.6121553778648376, 0
u,0.17035740613937378, 0.6121553778648376, 0
u,0.16470929980278015, 0.6890950798988342, 0
u,0.0831184983253479, 0.4667229950428009, 0
u,0.16470929980278015, 0.4667229950428009, 0
u,0.0, 0.4667229950428009, 0
u,0.0831184983253479, 0.6890950798988342, 0
u,0.0, 0.6890950798988342, 0
u,0.4527912139892578, 0.6121553778648376, 0
u,0.45378339290618896, 0.6890950798988342, 0
u,0.4504680037498474, 0.6763948798179626, 0
u,0.45378339290618896, 0.4667229950428009, 0
u,0.46275201439857483, 0.4667229950428009, 0
u,0.46275201439857483, 0.6727030277252197, 0
u,0.17902320623397827, 0.5826199054718018, 0
u,0.1968275010585785, 0.6890950798988342, 0
u,0.17902320623397827, 0.6890950798988342, 0
u,0.6832212805747986, 0.7378190755844116, 0
u,0.5561084151268005, 0.708125114440918, 0
u,0.6832212805747986, 0.708125114440918, 0
u,0.6832212805747986, 0.7378190755844116, 0
u,0.7800713181495667, 0.708125114440918, 0
u,0.7800713181495667, 0.7378190755844116, 0
u,0.7800713181495667, 0.7378190755844116, 0
u,0.7944496870040894, 0.708125114440918, 0
u,0.7944496870040894, 0.7378190755844116, 0
u,0.7944496870040894, 0.7378190755844116, 0
u,0.8223599195480347, 0.708125114440918, 0
u,0.8223599195480347, 0.7378190755844116, 0
u,0.8367511034011841, 0.7378190755844116, 0
u,0.8223599195480347, 0.708125114440918, 0
u,0.8367511034011841, 0.708125114440918, 0
u,0.8367511034011841, 0.7378190755844116, 0
u,0.9087585210800171, 0.708125114440918, 0
u,0.9087585210800171, 0.7378190755844116, 0
u,0.9873834252357483, 0.708125114440918, 0
u,0.9087585210800171, 0.7378190755844116, 0
u,0.9087585210800171, 0.708125114440918, 0
u,0.4320625960826874, 0.04872389882802963, 0
u,0.45557451248168945, 0.07830660045146942, 0
u,0.4320625960826874, 0.07830660045146942, 0
u,0.5093209147453308, 0.07830660045146942, 0
u,0.45557451248168945, 0.04872389882802963, 0
u,0.5093209147453308, 0.04872389882802963, 0
u,0.5093209147453308, 0.07830660045146942, 0
u,0.5802220702171326, 0.04872389882802963, 0
u,0.5802220702171326, 0.07830660045146942, 0
u,0.49169111251831055, 0.708125114440918, 0
u,0.5561084151268005, 0.7378190755844116, 0
u,0.49169111251831055, 0.7378190755844116, 0
u,0.7448679804801941, 0.24361950159072876, 0
u,0.7496405839920044, 0.465787410736084, 0
u,0.7448679804801941, 0.465787410736084, 0
u,0.7744991183280945, 0.24361950159072876, 0
u,0.7496405839920044, 0.465787410736084, 0
u,0.7496405839920044, 0.24361950159072876, 0
u,0.8181663155555725, 0.24361950159072876, 0
u,0.7744991183280945, 0.465787410736084, 0
u,0.7744991183280945, 0.24361950159072876, 0
u,0.883918821811676, 0.465787410736084, 0
u,0.8181663155555725, 0.24361950159072876, 0
u,0.883918821811676, 0.24361950159072876, 0
u,0.9870591163635254, 0.8427551984786987, 0
u,0.9745845794677734, 0.8992959260940552, 0
u,0.9745845794677734, 0.8427551984786987, 0
u,0.9745845794677734, 0.9976798295974731, 0
u,0.9870591163635254, 0.8992959260940552, 0
u,0.9870591163635254, 0.9976798295974731, 0
u,0.5661342144012451, 0.016749199479818344, 0
u,0.4840601086616516, 0.04640379920601845, 0
u,0.4840601086616516, 0.016749199479818344, 0
u,0.4840601086616516, 0.016749199479818344, 0
u,0.4320625960826874, 0.04640379920601845, 0
u,0.4320625960826874, 0.016749199479818344, 0
u,0.9294080138206482, 0.5011600852012634, 0
u,0.90090012550354, 0.7053154706954956, 0
u,0.90090012550354, 0.5011600852012634, 0
u,0.90090012550354, 0.7053154706954956, 0
u,0.7663733959197998, 0.5011600852012634, 0
u,0.90090012550354, 0.5011600852012634, 0
u,0.0, 0.13379189372062683, 0
u,0.0, 0.1210905984044075, 0
u,0.0070501998998224735, 0.1210905984044075, 0
u,0.6064813733100891, 0.12363670021295547, 0
u,0.6725876927375793, 0.11290010064840317, 0
u,0.6752703189849854, 0.13921119272708893, 0
u,0.6725876927375793, 0.11290010064840317, 0
u,0.6998146772384644, 0.09732569754123688, 0
u,0.7015160918235779, 0.11401209980249405, 0
u,0.5175839066505432, 0.7030162811279297, 0
u,0.5134016871452332, 0.6948878765106201, 0
u,0.5175839066505432, 0.6948878765106201, 0
u,0.5777125954627991, 0.1123809963464737, 0
u,0.6064813733100891, 0.12363670021295547, 0
u,0.5803952217102051, 0.13869209587574005, 0
u,0.5148649215698242, 0.6912642121315002, 0
u,0.5122190117835999, 0.6912642121315002, 0
u,0.5122190117835999, 0.6890950798988342, 0
u,0.1104494035243988, 0.07465430349111557, 0
u,0.1104494035243988, 0.02934419922530651, 0
u,0.11092259734869003, 0.02934419922530651, 0
u,0.03841320052742958, 0.0023201999720185995, 0
u,0.10817380249500275, 0.0023201999720185995, 0
u,0.10817380249500275, 0.02934419922530651, 0
u,0.16156810522079468, 0.9758790731430054, 0
u,0.2825157046318054, 0.6937354803085327, 0
u,0.2825157046318054, 0.9980363249778748, 0
u,0.45515069365501404, 0.9146903157234192, 0
u,0.4600963890552521, 0.9146903157234192, 0
u,0.4656437933444977, 0.9980363249778748, 0
u,0.40697818994522095, 0.9980363249778748, 0
u,0.3599429130554199, 0.9980363249778748, 0
u,0.36629781126976013, 0.9146903157234192, 0
u,0.2877185046672821, 0.9146903157234192, 0
u,0.2877185046672821, 0.885343074798584, 0
u,0.3597472906112671, 0.9146903157234192, 0
u,0.00012229999992996454, 0.9980363249778748, 0
u,0.00012229999992996454, 0.9793239831924438, 0
u,0.007899199612438679, 0.9782316088676453, 0
u,0.0, 0.9794242978096008, 0
u,0.00012229999992996454, 0.9980363249778748, 0
u,0.0, 0.9980363249778748, 0
u,0.4656437933444977, 0.9980363249778748, 0
u,0.4658018946647644, 0.9146903157234192, 0
u,0.47084400057792664, 0.9146903157234192, 0
u,0.5557296872138977, 0.7401391863822937, 0
u,0.5557296872138977, 0.8151171207427979, 0
u,0.5521599054336548, 0.8151171207427979, 0
u,0.8429207801818848, 0.9985039830207825, 0
u,0.6491451859474182, 0.9985039830207825, 0
u,0.6491451859474182, 0.8151171207427979, 0
u,0.8534808158874512, 0.811086118221283, 0
u,0.8478184938430786, 0.811086118221283, 0
u,0.8429207801818848, 0.7401391863822937, 0
u,0.5557296872138977, 0.8151171207427979, 0
u,0.6456133127212524, 0.7401391863822937, 0
u,0.6456133127212524, 0.8151171207427979, 0
u,0.6101264953613281, 0.46635740995407104, 0
u,0.7031012773513794, 0.28662538528442383, 0
u,0.7031012773513794, 0.46635740995407104, 0
u,0.6101264953613281, 0.46635740995407104, 0
u,0.5726045966148376, 0.28662538528442383, 0
u,0.6101264953613281, 0.28662538528442383, 0
u,0.7431471943855286, 0.28662538528442383, 0
u,0.7406172156333923, 0.46635740995407104, 0
u,0.7406172156333923, 0.28662538528442383, 0
u,0.5708699822425842, 0.46635740995407104, 0
u,0.5726045966148376, 0.28662538528442383, 0
u,0.5726045966148376, 0.46635740995407104, 0
u,0.7406172156333923, 0.46635740995407104, 0
u,0.7031012773513794, 0.46635740995407104, 0
u,0.7031012773513794, 0.28662538528442383, 0
u,0.1515617072582245, 0.1313437968492508, 0
u,0.14271749556064606, 0.131271094083786, 0
u,0.1516970992088318, 0.024418100714683533, 0
u,0.14271749556064606, 0.131271094083786, 0
u,0.1427547037601471, 0.011601000092923641, 0
u,0.1516970992088318, 0.024418100714683533, 0
u,0.1427547037601471, 0.011601000092923641, 0
u,0.2850804030895233, 0.011601000092923641, 0
u,0.1516970992088318, 0.024418100714683533, 0
u,0.2864125072956085, 0.04111560061573982, 0
u,0.28642240166664124, 0.009280799888074398, 0
u,0.420391708612442, 0.009315700270235538, 0
u,0.5774518251419067, 0.07888630032539368, 0
u,0.577459990978241, 0.1354292929172516, 0
u,0.5751433968544006, 0.1226210966706276, 0
u,0.577459990978241, 0.1354292929172516, 0
u,0.5751349925994873, 0.13542969524860382, 0
u,0.5751433968544006, 0.1226210966706276, 0
u,0.5751433968544006, 0.1226210966706276, 0
u,0.5724766850471497, 0.1226217970252037, 0
u,0.572472095489502, 0.09070979803800583, 0
u,0.43802139163017273, 0.12265700101852417, 0
u,0.4330401122570038, 0.12265829741954803, 0
u,0.4380298852920532, 0.09070979803800583, 0
u,0.4330401122570038, 0.12265829741954803, 0
u,0.43305158615112305, 0.07888630032539368, 0
u,0.4380298852920532, 0.09070979803800583, 0
u,0.5774518251419067, 0.07888630032539368, 0
u,0.5751433968544006, 0.1226210966706276, 0
u,0.572472095489502, 0.09070979803800583, 0
u,0.572472095489502, 0.09070979803800583, 0
u,0.4380298852920532, 0.09070979803800583, 0
u,0.5774518251419067, 0.07888630032539368, 0
u,0.5278645753860474, 0.7013099193572998, 0
u,0.5190622210502625, 0.7012870907783508, 0
u,0.5190616250038147, 0.7006961107254028, 0
u,0.9902259111404419, 0.9261242747306824, 0
u,0.9902247786521912, 0.883998692035675, 0
u,0.9988700747489929, 0.8839907050132751, 0
u,0.5104296207427979, 0.6912286281585693, 0
u,0.510429322719574, 0.7030162811279297, 0
u,0.49267029762268066, 0.7030162811279297, 0
u,0.20137059688568115, 0.2660858929157257, 0
u,0.20636120438575745, 0.26623860001564026, 0
u,0.20160159468650818, 0.45219218730926514, 0
u,0.20636120438575745, 0.26623860001564026, 0
u,0.2066067010164261, 0.46403709053993225, 0
u,0.20160159468650818, 0.45219218730926514, 0
u,0.0, 0.13947579264640808, 0
u,0.06824219971895218, 0.13905610144138336, 0
u,0.005005099810659885, 0.15129010379314423, 0
u,0.06824219971895218, 0.13905610144138336, 0
u,0.06924519687891006, 0.150894895195961, 0
u,0.005005099810659885, 0.15129010379314423, 0
u,0.12979209423065186, 0.45219218730926514, 0
u,0.20160159468650818, 0.45219218730926514, 0
u,0.2066067010164261, 0.46403709053993225, 0
u,0.0004048999981023371, 0.464013010263443, 0
u,0.0, 0.13947579264640808, 0
u,0.005380500108003616, 0.45216819643974304, 0
u,0.0, 0.13947579264640808, 0
u,0.005005099810659885, 0.15129010379314423, 0
u,0.005380500108003616, 0.45216819643974304, 0
u,0.12979209423065186, 0.45219218730926514, 0
u,0.2066067010164261, 0.46403709053993225, 0
u,0.12480349838733673, 0.46403709053993225, 0
u,0.0004048999981023371, 0.464013010263443, 0
u,0.005380500108003616, 0.45216819643974304, 0
u,0.1019643023610115, 0.452170193195343, 0
u,0.12979209423065186, 0.45219218730926514, 0
u,0.12480349838733673, 0.46403709053993225, 0
u,0.12479829788208008, 0.4299739897251129, 0
u,0.10695850104093552, 0.4640151858329773, 0
u,0.0004048999981023371, 0.464013010263443, 0
u,0.1019643023610115, 0.452170193195343, 0
u,0.10694760084152222, 0.4299792945384979, 0
u,0.10695850104093552, 0.4640151858329773, 0
u,0.1019643023610115, 0.452170193195343, 0
u,0.12978680431842804, 0.4181276857852936, 0
u,0.12979209423065186, 0.45219218730926514, 0
u,0.12479829788208008, 0.4299739897251129, 0
u,0.10694760084152222, 0.4299792945384979, 0
u,0.1019643023610115, 0.452170193195343, 0
u,0.10195349901914597, 0.41813579201698303, 0
u,0.12978680431842804, 0.4181276857852936, 0
u,0.12479829788208008, 0.4299739897251129, 0
u,0.10694760084152222, 0.4299792945384979, 0
u,0.10195349901914597, 0.41813579201698303, 0
u,0.1019643023610115, 0.452170193195343, 0
u,0.005380500108003616, 0.45216819643974304, 0
u,0.005380500108003616, 0.45216819643974304, 0
u,0.005005099810659885, 0.15129010379314423, 0
u,0.074896901845932, 0.3197166919708252, 0
u,0.005005099810659885, 0.15129010379314423, 0
u,0.06924519687891006, 0.150894895195961, 0
u,0.0692766010761261, 0.1512662023305893, 0
u,0.0692766010761261, 0.1512662023305893, 0
u,0.07487410306930542, 0.1512605994939804, 0
u,0.074896901845932, 0.3197166919708252, 0
u,0.005005099810659885, 0.15129010379314423, 0
u,0.0692766010761261, 0.1512662023305893, 0
u,0.074896901845932, 0.3197166919708252, 0
u,0.12869709730148315, 0.31972458958625793, 0
u,0.12869709730148315, 0.26386189460754395, 0
u,0.20137059688568115, 0.2660858929157257, 0
u,0.005380500108003616, 0.45216819643974304, 0
u,0.074896901845932, 0.3197166919708252, 0
u,0.10195349901914597, 0.41813579201698303, 0
u,0.074896901845932, 0.3197166919708252, 0
u,0.12869709730148315, 0.31972458958625793, 0
u,0.10195349901914597, 0.41813579201698303, 0
u,0.12869709730148315, 0.31972458958625793, 0
u,0.20137059688568115, 0.2660858929157257, 0
u,0.20160159468650818, 0.45219218730926514, 0
u,0.20160159468650818, 0.45219218730926514, 0
u,0.12979209423065186, 0.45219218730926514, 0
u,0.12978680431842804, 0.4181276857852936, 0
u,0.12978680431842804, 0.4181276857852936, 0
u,0.10195349901914597, 0.41813579201698303, 0
u,0.12869709730148315, 0.31972458958625793, 0
u,0.07487410306930542, 0.1512605994939804, 0
u,0.079864501953125, 0.1512555032968521, 0
u,0.07988569885492325, 0.3078725039958954, 0
u,0.12370669841766357, 0.3078790009021759, 0
u,0.12370669841766357, 0.24866800010204315, 0
u,0.1284998059272766, 0.263855904340744, 0
u,0.12370669841766357, 0.24866800010204315, 0
u,0.12849600613117218, 0.2486359030008316, 0
u,0.1284998059272766, 0.263855904340744, 0
u,0.074896901845932, 0.3197166919708252, 0
u,0.07487410306930542, 0.1512605994939804, 0
u,0.07988569885492325, 0.3078725039958954, 0
u,0.074896901845932, 0.3197166919708252, 0
u,0.07988569885492325, 0.3078725039958954, 0
u,0.12869709730148315, 0.31972458958625793, 0
u,0.07988569885492325, 0.3078725039958954, 0
u,0.12370669841766357, 0.3078790009021759, 0
u,0.12869709730148315, 0.31972458958625793, 0
u,0.1284998059272766, 0.263855904340744, 0
u,0.12869709730148315, 0.26386189460754395, 0
u,0.12370669841766357, 0.3078790009021759, 0
u,0.5826001763343811, 0.0885969027876854, 0
u,0.5826001763343811, 0.011601000092923641, 0
u,0.6229726076126099, 0.03224069997668266, 0
u,0.6611639857292175, 0.15399329364299774, 0
u,0.6587203741073608, 0.15516360104084015, 0
u,0.5718474984169006, 0.13921119272708893, 0
u,0.6587203741073608, 0.15516360104084015, 0
u,0.5767874121665955, 0.15407879650592804, 0
u,0.5718474984169006, 0.13921119272708893, 0
u,0.5767874121665955, 0.15407879650592804, 0
u,0.5772045850753784, 0.2772834897041321, 0
u,0.5718474984169006, 0.27980610728263855, 0
u,0.7078896760940552, 0.1410122960805893, 0
u,0.7132248282432556, 0.2082587033510208, 0
u,0.7027127146720886, 0.1557459980249405, 0
u,0.7132248282432556, 0.2082587033510208, 0
u,0.7071202993392944, 0.21130070090293884, 0
u,0.7027127146720886, 0.1557459980249405, 0
u,0.7027127146720886, 0.1557459980249405, 0
u,0.6612703204154968, 0.15519729256629944, 0
u,0.6611639857292175, 0.15399329364299774, 0
u,0.5767874121665955, 0.15407879650592804, 0
u,0.5718474984169006, 0.27980610728263855, 0
u,0.5718474984169006, 0.13921119272708893, 0
u,0.7078896760940552, 0.1410122960805893, 0
u,0.7027127146720886, 0.1557459980249405, 0
u,0.6611639857292175, 0.15399329364299774, 0
u,0.947147786617279, 0.6867039203643799, 0
u,0.980710506439209, 0.6706439256668091, 0
u,0.9833024144172668, 0.7030162811279297, 0
u,0.9315738081932068, 0.7030162811279297, 0
u,0.9326854944229126, 0.5092350840568542, 0
u,0.947147786617279, 0.6867039203643799, 0
u,0.7464172840118408, 0.238624706864357, 0
u,0.7464159727096558, 0.23894700407981873, 0
u,0.7456744909286499, 0.227560892701149, 0
u,0.7464159727096558, 0.23894700407981873, 0
u,0.7145649790763855, 0.23897920548915863, 0
u,0.7456744909286499, 0.227560892701149, 0
u,0.7145649790763855, 0.23897920548915863, 0
u,0.7150915861129761, 0.05245419964194298, 0
u,0.7456744909286499, 0.227560892701149, 0
u,0.7150915861129761, 0.05245419964194298, 0
u,0.7456228137016296, 0.05245419964194298, 0
u,0.7456744909286499, 0.227560892701149, 0
u,0.7456744909286499, 0.227560892701149, 0
u,0.7544733881950378, 0.22749119997024536, 0
u,0.7544500231742859, 0.23505090177059174, 0
u,0.8907303214073181, 0.26453089714050293, 0
u,0.8907473087310791, 0.35926029086112976, 0
u,0.8866266012191772, 0.35918810963630676, 0
u,0.9735097289085388, 0.2566024959087372, 0
u,0.9735097289085388, 0.3383108079433441, 0
u,0.9693890810012817, 0.2657819092273712, 0
u,0.9735097289085388, 0.3383108079433441, 0
u,0.9693890810012817, 0.3383176922798157, 0
u,0.9693890810012817, 0.2657819092273712, 0
u,0.8907303214073181, 0.26453089714050293, 0
u,0.8866266012191772, 0.35918810963630676, 0
u,0.8866080045700073, 0.2552204132080078, 0
u,0.9735097289085388, 0.2566024959087372, 0
u,0.9693890810012817, 0.2657819092273712, 0
u,0.8907303214073181, 0.26453089714050293, 0
u,0.43328168988227844, 0.340657502412796, 0
u,0.428847998380661, 0.28299060463905334, 0
u,0.43644800782203674, 0.2794908881187439, 0
u,0.43576520681381226, 0.2707371115684509, 0
u,0.4281747043132782, 0.2742323875427246, 0
u,0.42815250158309937, 0.27394360303878784, 0
u,0.4925917088985443, 0.3431225121021271, 0
u,0.43328168988227844, 0.340657502412796, 0
u,0.43644800782203674, 0.2794908881187439, 0
u,0.43576520681381226, 0.2707371115684509, 0
u,0.42815250158309937, 0.27394360303878784, 0
u,0.570019006729126, 0.14466629922389984, 0
u,0.4925917088985443, 0.3431225121021271, 0
u,0.43644800782203674, 0.2794908881187439, 0
u,0.43576520681381226, 0.2707371115684509, 0
u,0.570019006729126, 0.461716890335083, 0
u,0.4917665123939514, 0.455989807844162, 0
u,0.4925917088985443, 0.3431225121021271, 0
u,0.4925917088985443, 0.3431225121021271, 0
u,0.43576520681381226, 0.2707371115684509, 0
u,0.570019006729126, 0.14466629922389984, 0
u,0.2176980972290039, 0.4548332989215851, 0
u,0.2092214971780777, 0.45489469170570374, 0
u,0.20918869972229004, 0.16370490193367004, 0
u,0.20918869972229004, 0.16370490193367004, 0
u,0.4269413948059082, 0.16372370719909668, 0
u,0.3594914972782135, 0.4021157920360565, 0
u,0.4269413948059082, 0.16372370719909668, 0
u,0.4269413948059082, 0.3991735875606537, 0
u,0.3594914972782135, 0.4021157920360565, 0
u,0.4269413948059082, 0.3991735875606537, 0
u,0.35734739899635315, 0.42839089035987854, 0
u,0.3594914972782135, 0.4021157920360565, 0
u,0.3594914972782135, 0.4021157920360565, 0
u,0.2176741063594818, 0.461716890335083, 0
u,0.2176980972290039, 0.4548332989215851, 0
u,0.8866220712661743, 0.36196520924568176, 0
u,0.8894649147987366, 0.36196470260620117, 0
u,0.8901491761207581, 0.37115320563316345, 0
u,0.9891324043273926, 0.37118130922317505, 0
u,0.9891330003738403, 0.36194929480552673, 0
u,0.9910820126533508, 0.36194899678230286, 0
u,0.8866080045700073, 0.46201980113983154, 0
u,0.8866220712661743, 0.36196520924568176, 0
u,0.8901491761207581, 0.37115320563316345, 0
u,0.9891324043273926, 0.37118130922317505, 0
u,0.9910820126533508, 0.36194899678230286, 0
u,0.9910774827003479, 0.46201980113983154, 0
u,0.8866080045700073, 0.46201980113983154, 0
u,0.8901491761207581, 0.37115320563316345, 0
u,0.9910774827003479, 0.46201980113983154, 0
u,0.9902247786521912, 0.9950047135353088, 0
u,0.9902247786521912, 0.9303944110870361, 0
u,0.9990991950035095, 0.9303944110870361, 0
u,0.430996298789978, 0.07557400315999985, 0
u,0.430996298789978, 0.13901929557323456, 0
u,0.42567089200019836, 0.13901929557323456, 0
u,0.29035091400146484, 0.04640379920601845, 0
u,0.4230392873287201, 0.04640379920601845, 0
u,0.29035091400146484, 0.07557400315999985, 0
u,0.4230392873287201, 0.04640379920601845, 0
u,0.4230392873287201, 0.07557400315999985, 0
u,0.29035091400146484, 0.07557400315999985, 0
u,0.4230392873287201, 0.07557400315999985, 0
u,0.42567089200019836, 0.07557400315999985, 0
u,0.42567089200019836, 0.13901929557323456, 0
u,0.42567089200019836, 0.13901929557323456, 0
u,0.2854349911212921, 0.13901929557323456, 0
u,0.29035091400146484, 0.07557400315999985, 0
u,0.2854349911212921, 0.13901929557323456, 0
u,0.2854349911212921, 0.07557400315999985, 0
u,0.29035091400146484, 0.07557400315999985, 0
u,0.5316519737243652, 0.6256818175315857, 0
u,0.5316519737243652, 0.48259860277175903, 0
u,0.5318976044654846, 0.6256818175315857, 0
u,0.5316519737243652, 0.48259860277175903, 0
u,0.5995141863822937, 0.48259860277175903, 0
u,0.5813847780227661, 0.6256818175315857, 0
u,0.5318976044654846, 0.6256818175315857, 0
u,0.5316519737243652, 0.48259860277175903, 0
u,0.5813847780227661, 0.6256818175315857, 0
u,0.5995141863822937, 0.48259860277175903, 0
u,0.5995141863822937, 0.6256818175315857, 0
u,0.5813847780227661, 0.6256818175315857, 0
u,0.5813847780227661, 0.6256818175315857, 0
u,0.5813847780227661, 0.6888837218284607, 0
u,0.5318976044654846, 0.6256818175315857, 0
u,0.5229715704917908, 0.6256818175315857, 0
u,0.5229715704917908, 0.48259860277175903, 0
u,0.5316519737243652, 0.48259860277175903, 0
u,0.7414699196815491, 0.48259860277175903, 0
u,0.7414699196815491, 0.6256818175315857, 0
u,0.5995141863822937, 0.6256818175315857, 0
u,0.7648887038230896, 0.6256818175315857, 0
u,0.7414699196815491, 0.6256818175315857, 0
u,0.7414699196815491, 0.48259860277175903, 0
u,0.9146577715873718, 0.4988399147987366, 0
u,0.779854416847229, 0.4988399147987366, 0
u,0.779854416847229, 0.4692018926143646, 0
u,0.9281535744667053, 0.4692018926143646, 0
u,0.9281535744667053, 0.4988399147987366, 0
u,0.9146577715873718, 0.4988399147987366, 0
u,0.7663733959197998, 0.4692018926143646, 0
u,0.779854416847229, 0.4692018926143646, 0
u,0.779854416847229, 0.4988399147987366, 0
u,0.9902247786521912, 0.8816704750061035, 0
u,0.9902247786521912, 0.8660457134246826, 0
u,0.9996418952941895, 0.8660457134246826, 0
u,0.9569892287254333, 0.8578206896781921, 0
u,0.9738221764564514, 0.8578206896781921, 0
u,0.9738221764564514, 0.9953595995903015, 0
u,0.3174070119857788, 0.6763948798179626, 0
u,0.3174070119857788, 0.6890950798988342, 0
u,0.27246370911598206, 0.6763948798179626, 0
u,0.3174070119857788, 0.6890950798988342, 0
u,0.21112999320030212, 0.6890950798988342, 0
u,0.27246370911598206, 0.6763948798179626, 0
u,0.21112999320030212, 0.6890950798988342, 0
u,0.21112999320030212, 0.4667229950428009, 0
u,0.2722044885158539, 0.6121553778648376, 0
u,0.21112999320030212, 0.4667229950428009, 0
u,0.2722044885158539, 0.4667229950428009, 0
u,0.2722044885158539, 0.6121553778648376, 0
u,0.2722044885158539, 0.6121553778648376, 0
u,0.27246370911598206, 0.6121553778648376, 0
u,0.27246370911598206, 0.6763948798179626, 0
u,0.2104761004447937, 0.6121553778648376, 0
u,0.2104761004447937, 0.4667229950428009, 0
u,0.21112999320030212, 0.4667229950428009, 0
u,0.21112999320030212, 0.6890950798988342, 0
u,0.1968275010585785, 0.6890950798988342, 0
u,0.20549869537353516, 0.6121553778648376, 0
u,0.1968275010585785, 0.6890950798988342, 0
u,0.1968275010585785, 0.5826199054718018, 0
u,0.20549869537353516, 0.6121553778648376, 0
u,0.1968275010585785, 0.5826199054718018, 0
u,0.20549869537353516, 0.5826199054718018, 0
u,0.20549869537353516, 0.6121553778648376, 0
u,0.2104761004447937, 0.6121553778648376, 0
u,0.21112999320030212, 0.4667229950428009, 0
u,0.21112999320030212, 0.6890950798988342, 0
u,0.17902320623397827, 0.5826199054718018, 0
u,0.17902320623397827, 0.6890950798988342, 0
u,0.17035740613937378, 0.6121553778648376, 0
u,0.17902320623397827, 0.6890950798988342, 0
u,0.16470929980278015, 0.6890950798988342, 0
u,0.17035740613937378, 0.6121553778648376, 0
u,0.16470929980278015, 0.6890950798988342, 0
u,0.16470929980278015, 0.4667229950428009, 0
u,0.16538000106811523, 0.6121553778648376, 0
u,0.16470929980278015, 0.4667229950428009, 0
u,0.16538000106811523, 0.4667229950428009, 0
u,0.16538000106811523, 0.6121553778648376, 0
u,0.17035740613937378, 0.6121553778648376, 0
u,0.17035740613937378, 0.5826199054718018, 0
u,0.17902320623397827, 0.5826199054718018, 0
u,0.16470929980278015, 0.6890950798988342, 0
u,0.0831184983253479, 0.6890950798988342, 0
u,0.0831184983253479, 0.4667229950428009, 0
u,0.0, 0.4667229950428009, 0
u,0.0831184983253479, 0.4667229950428009, 0
u,0.0831184983253479, 0.6890950798988342, 0
u,0.4504680037498474, 0.6763948798179626, 0
u,0.4504680037498474, 0.6121553778648376, 0
u,0.4527912139892578, 0.6121553778648376, 0
u,0.4527912139892578, 0.6121553778648376, 0
u,0.4527912139892578, 0.4667229950428009, 0
u,0.45378339290618896, 0.4667229950428009, 0
u,0.45378339290618896, 0.6890950798988342, 0
u,0.3174070119857788, 0.6890950798988342, 0
u,0.4504680037498474, 0.6763948798179626, 0
u,0.3174070119857788, 0.6890950798988342, 0
u,0.3174070119857788, 0.6763948798179626, 0
u,0.4504680037498474, 0.6763948798179626, 0
u,0.4527912139892578, 0.6121553778648376, 0
u,0.45378339290618896, 0.4667229950428009, 0
u,0.45378339290618896, 0.6890950798988342, 0
u,0.5218486785888672, 0.6727030277252197, 0
u,0.5218486785888672, 0.6890950798988342, 0
u,0.46275201439857483, 0.6727030277252197, 0
u,0.5218486785888672, 0.6890950798988342, 0
u,0.45378339290618896, 0.6890950798988342, 0
u,0.46275201439857483, 0.6727030277252197, 0
u,0.45378339290618896, 0.6890950798988342, 0
u,0.45378339290618896, 0.4667229950428009, 0
u,0.46275201439857483, 0.6727030277252197, 0
u,0.17902320623397827, 0.5826199054718018, 0
u,0.1968275010585785, 0.5826199054718018, 0
u,0.1968275010585785, 0.6890950798988342, 0
u,0.6832212805747986, 0.7378190755844116, 0
u,0.5561084151268005, 0.7378190755844116, 0
u,0.5561084151268005, 0.708125114440918, 0
u,0.6832212805747986, 0.7378190755844116, 0
u,0.6832212805747986, 0.708125114440918, 0
u,0.7800713181495667, 0.708125114440918, 0
u,0.7800713181495667, 0.7378190755844116, 0
u,0.7800713181495667, 0.708125114440918, 0
u,0.7944496870040894, 0.708125114440918, 0
u,0.7944496870040894, 0.7378190755844116, 0
u,0.7944496870040894, 0.708125114440918, 0
u,0.8223599195480347, 0.708125114440918, 0
u,0.8367511034011841, 0.7378190755844116, 0
u,0.8223599195480347, 0.7378190755844116, 0
u,0.8223599195480347, 0.708125114440918, 0
u,0.8367511034011841, 0.7378190755844116, 0
u,0.8367511034011841, 0.708125114440918, 0
u,0.9087585210800171, 0.708125114440918, 0
u,0.9873834252357483, 0.708125114440918, 0
u,0.9873834252357483, 0.7378190755844116, 0
u,0.9087585210800171, 0.7378190755844116, 0
u,0.4320625960826874, 0.04872389882802963, 0
u,0.45557451248168945, 0.04872389882802963, 0
u,0.45557451248168945, 0.07830660045146942, 0
u,0.5093209147453308, 0.07830660045146942, 0
u,0.45557451248168945, 0.07830660045146942, 0
u,0.45557451248168945, 0.04872389882802963, 0
u,0.5093209147453308, 0.07830660045146942, 0
u,0.5093209147453308, 0.04872389882802963, 0
u,0.5802220702171326, 0.04872389882802963, 0
u,0.49169111251831055, 0.708125114440918, 0
u,0.5561084151268005, 0.708125114440918, 0
u,0.5561084151268005, 0.7378190755844116, 0
u,0.7448679804801941, 0.24361950159072876, 0
u,0.7496405839920044, 0.24361950159072876, 0
u,0.7496405839920044, 0.465787410736084, 0
u,0.7744991183280945, 0.24361950159072876, 0
u,0.7744991183280945, 0.465787410736084, 0
u,0.7496405839920044, 0.465787410736084, 0
u,0.8181663155555725, 0.24361950159072876, 0
u,0.8181663155555725, 0.465787410736084, 0
u,0.7744991183280945, 0.465787410736084, 0
u,0.883918821811676, 0.465787410736084, 0
u,0.8181663155555725, 0.465787410736084, 0
u,0.8181663155555725, 0.24361950159072876, 0
u,0.9870591163635254, 0.8427551984786987, 0
u,0.9870591163635254, 0.8992959260940552, 0
u,0.9745845794677734, 0.8992959260940552, 0
u,0.9745845794677734, 0.9976798295974731, 0
u,0.9745845794677734, 0.8992959260940552, 0
u,0.9870591163635254, 0.8992959260940552, 0
u,0.5661342144012451, 0.016749199479818344, 0
u,0.5661342144012451, 0.04640379920601845, 0
u,0.4840601086616516, 0.04640379920601845, 0
u,0.4840601086616516, 0.016749199479818344, 0
u,0.4840601086616516, 0.04640379920601845, 0
u,0.4320625960826874, 0.04640379920601845, 0
u,0.9294080138206482, 0.5011600852012634, 0
u,0.9294080138206482, 0.7053154706954956, 0
u,0.90090012550354, 0.7053154706954956, 0
u,0.90090012550354, 0.7053154706954956, 0
u,0.7663733959197998, 0.7053154706954956, 0
u,0.7663733959197998, 0.5011600852012634, 0
u,0.0070501998998224735, 0.0023201999720185995, 0
u,0.03841320052742958, 0.0023201999720185995, 0
u,0.0070501998998224735, 0.1210905984044075, 0
u,0.03841320052742958, 0.0023201999720185995, 0
u,0.03841320052742958, 0.13370530307292938, 0
u,0.0070501998998224735, 0.1210905984044075, 0
u,0.03841320052742958, 0.13370530307292938, 0
u,0.0, 0.13379189372062683, 0
u,0.0070501998998224735, 0.1210905984044075, 0
u,0.6064813733100891, 0.12363670021295547, 0
u,0.6037986874580383, 0.09732569754123688, 0
u,0.6725876927375793, 0.11290010064840317, 0
u,0.7083718180656433, 0.11007410287857056, 0
u,0.7093546986579895, 0.11971410363912582, 0
u,0.7015160918235779, 0.11401209980249405, 0
u,0.7093546986579895, 0.11971410363912582, 0
u,0.6752703189849854, 0.13921119272708893, 0
u,0.7015160918235779, 0.11401209980249405, 0
u,0.6752703189849854, 0.13921119272708893, 0
u,0.6725876927375793, 0.11290010064840317, 0
u,0.7015160918235779, 0.11401209980249405, 0
u,0.5175839066505432, 0.7030162811279297, 0
u,0.5122190117835999, 0.7030162811279297, 0
u,0.5134016871452332, 0.6948878765106201, 0
u,0.5777125954627991, 0.1123809963464737, 0
u,0.6037986874580383, 0.09732569754123688, 0
u,0.6064813733100891, 0.12363670021295547, 0
u,0.11092259734869003, 0.0023201999720185995, 0
u,0.14063839614391327, 0.0023201999720185995, 0
u,0.11092259734869003, 0.02934419922530651, 0
u,0.14063839614391327, 0.0023201999720185995, 0
u,0.14063839614391327, 0.07473240047693253, 0
u,0.11092259734869003, 0.02934419922530651, 0
u,0.14063839614391327, 0.07473240047693253, 0
u,0.1104494035243988, 0.07465430349111557, 0
u,0.11092259734869003, 0.02934419922530651, 0
u,0.1104494035243988, 0.02934419922530651, 0
u,0.1104494035243988, 0.07465430349111557, 0
u,0.10817380249500275, 0.02934419922530651, 0
u,0.1104494035243988, 0.07465430349111557, 0
u,0.03841320052742958, 0.13370530307292938, 0
u,0.03841320052742958, 0.0023201999720185995, 0
u,0.10817380249500275, 0.02934419922530651, 0
u,0.1104494035243988, 0.07465430349111557, 0
u,0.03841320052742958, 0.0023201999720185995, 0
u,0.16156810522079468, 0.9758790731430054, 0
u,0.16156810522079468, 0.6937354803085327, 0
u,0.2825157046318054, 0.6937354803085327, 0
u,0.2825157046318054, 0.9980363249778748, 0
u,0.15041080117225647, 0.9980363249778748, 0
u,0.16156810522079468, 0.9758790731430054, 0
u,0.15041080117225647, 0.9980363249778748, 0
u,0.15041080117225647, 0.9758790731430054, 0
u,0.16156810522079468, 0.9758790731430054, 0
u,0.40697818994522095, 0.9980363249778748, 0
u,0.40697818994522095, 0.6937354803085327, 0
u,0.45515069365501404, 0.9146903157234192, 0
u,0.40697818994522095, 0.6937354803085327, 0
u,0.45515069365501404, 0.6937354803085327, 0
u,0.45515069365501404, 0.9146903157234192, 0
u,0.4600963890552521, 0.885343074798584, 0
u,0.4656437933444977, 0.885343074798584, 0
u,0.4600963890552521, 0.9146903157234192, 0
u,0.4656437933444977, 0.885343074798584, 0
u,0.4656437933444977, 0.9980363249778748, 0
u,0.4600963890552521, 0.9146903157234192, 0
u,0.40697818994522095, 0.9980363249778748, 0
u,0.45515069365501404, 0.9146903157234192, 0
u,0.4656437933444977, 0.9980363249778748, 0
u,0.3599429130554199, 0.9980363249778748, 0
u,0.3599429130554199, 0.9146903157234192, 0
u,0.36629781126976013, 0.9146903157234192, 0
u,0.36629781126976013, 0.9146903157234192, 0
u,0.36629781126976013, 0.6937354803085327, 0
u,0.40697818994522095, 0.6937354803085327, 0
u,0.40697818994522095, 0.6937354803085327, 0
u,0.40697818994522095, 0.9980363249778748, 0
u,0.36629781126976013, 0.9146903157234192, 0
u,0.3599429130554199, 0.9146903157234192, 0
u,0.3599429130554199, 0.9980363249778748, 0
u,0.3597472906112671, 0.9146903157234192, 0
u,0.3599429130554199, 0.9980363249778748, 0
u,0.2825157046318054, 0.9980363249778748, 0
u,0.2877185046672821, 0.9146903157234192, 0
u,0.3597472906112671, 0.9146903157234192, 0
u,0.3599429130554199, 0.9980363249778748, 0
u,0.2877185046672821, 0.9146903157234192, 0
u,0.2825157046318054, 0.9980363249778748, 0
u,0.2825157046318054, 0.6937354803085327, 0
u,0.2827722132205963, 0.9146903157234192, 0
u,0.2825157046318054, 0.6937354803085327, 0
u,0.2827722132205963, 0.6937354803085327, 0
u,0.2827722132205963, 0.9146903157234192, 0
u,0.2877185046672821, 0.885343074798584, 0
u,0.3597472906112671, 0.885343074798584, 0
u,0.3597472906112671, 0.9146903157234192, 0
u,0.2825157046318054, 0.9980363249778748, 0
u,0.2827722132205963, 0.9146903157234192, 0
u,0.2877185046672821, 0.9146903157234192, 0
u,0.007899199612438679, 0.9782316088676453, 0
u,0.007899199612438679, 0.9758790731430054, 0
u,0.15041080117225647, 0.9758790731430054, 0
u,0.15041080117225647, 0.9758790731430054, 0
u,0.15041080117225647, 0.9980363249778748, 0
u,0.007899199612438679, 0.9782316088676453, 0
u,0.15041080117225647, 0.9980363249778748, 0
u,0.00012229999992996454, 0.9980363249778748, 0
u,0.007899199612438679, 0.9782316088676453, 0
u,0.0, 0.9794242978096008, 0
u,0.00012229999992996454, 0.9793239831924438, 0
u,0.00012229999992996454, 0.9980363249778748, 0
u,0.49006861448287964, 0.8690553903579712, 0
u,0.49006861448287964, 0.9980363249778748, 0
u,0.47625818848609924, 0.8984025716781616, 0
u,0.49006861448287964, 0.9980363249778748, 0
u,0.4656437933444977, 0.9980363249778748, 0
u,0.47084400057792664, 0.9146903157234192, 0
u,0.47625818848609924, 0.8984025716781616, 0
u,0.49006861448287964, 0.9980363249778748, 0
u,0.47084400057792664, 0.9146903157234192, 0
u,0.4656437933444977, 0.9980363249778748, 0
u,0.4656437933444977, 0.885343074798584, 0
u,0.4658018946647644, 0.9146903157234192, 0
u,0.4656437933444977, 0.885343074798584, 0
u,0.4658018946647644, 0.885343074798584, 0
u,0.4658018946647644, 0.9146903157234192, 0
u,0.47625818848609924, 0.8984025716781616, 0
u,0.47625818848609924, 0.8690553903579712, 0
u,0.49006861448287964, 0.8690553903579712, 0
u,0.47084400057792664, 0.9146903157234192, 0
u,0.47084400057792664, 0.8984025716781616, 0
u,0.47625818848609924, 0.8984025716781616, 0
u,0.5521599054336548, 0.8151171207427979, 0
u,0.5521599054336548, 0.9985039830207825, 0
u,0.49169111251831055, 0.9985039830207825, 0
u,0.49169111251831055, 0.9985039830207825, 0
u,0.49169111251831055, 0.7401391863822937, 0
u,0.5521599054336548, 0.8151171207427979, 0
u,0.49169111251831055, 0.7401391863822937, 0
u,0.5557296872138977, 0.7401391863822937, 0
u,0.5521599054336548, 0.8151171207427979, 0
u,0.6456133127212524, 0.8151171207427979, 0
u,0.6456133127212524, 0.7401391863822937, 0
u,0.6491451859474182, 0.8151171207427979, 0
u,0.6456133127212524, 0.7401391863822937, 0
u,0.8429207801818848, 0.7401391863822937, 0
u,0.6491451859474182, 0.8151171207427979, 0
u,0.8429207801818848, 0.7401391863822937, 0
u,0.8429207801818848, 0.9985039830207825, 0
u,0.6491451859474182, 0.8151171207427979, 0
u,0.8478184938430786, 0.811086118221283, 0
u,0.8478184938430786, 0.9985039830207825, 0
u,0.8429207801818848, 0.9985039830207825, 0
u,0.9540833234786987, 0.7401391863822937, 0
u,0.8932132124900818, 0.7900394201278687, 0
u,0.8932132124900818, 0.7631657123565674, 0
u,0.8898165822029114, 0.765950083732605, 0
u,0.8898165822029114, 0.837959885597229, 0
u,0.8534808158874512, 0.811086118221283, 0
u,0.8898165822029114, 0.837959885597229, 0
u,0.8534808158874512, 0.837959885597229, 0
u,0.8534808158874512, 0.811086118221283, 0
u,0.8429207801818848, 0.7401391863822937, 0
u,0.9540833234786987, 0.7401391863822937, 0
u,0.8932132124900818, 0.7631657123565674, 0
u,0.8429207801818848, 0.7401391863822937, 0
u,0.8932132124900818, 0.7631657123565674, 0
u,0.8898165822029114, 0.765950083732605, 0
u,0.8478184938430786, 0.811086118221283, 0
u,0.8429207801818848, 0.9985039830207825, 0
u,0.8429207801818848, 0.7401391863822937, 0
u,0.8898165822029114, 0.765950083732605, 0
u,0.8534808158874512, 0.811086118221283, 0
u,0.8429207801818848, 0.7401391863822937, 0
u,0.5557296872138977, 0.8151171207427979, 0
u,0.5557296872138977, 0.7401391863822937, 0
u,0.6456133127212524, 0.7401391863822937, 0
u,0.6101264953613281, 0.46635740995407104, 0
u,0.6101264953613281, 0.28662538528442383, 0
u,0.7031012773513794, 0.28662538528442383, 0
u,0.6101264953613281, 0.46635740995407104, 0
u,0.5726045966148376, 0.46635740995407104, 0
u,0.5726045966148376, 0.28662538528442383, 0
u,0.7431471943855286, 0.28662538528442383, 0
u,0.7431471943855286, 0.46635740995407104, 0
u,0.7406172156333923, 0.46635740995407104, 0
u,0.5708699822425842, 0.46635740995407104, 0
u,0.5708699822425842, 0.28662538528442383, 0
u,0.5726045966148376, 0.28662538528442383, 0
