s,202.85302734375, 72.4169921875, -0.7131924629211426
b,206.13671875, 75.248046875, 5.458841323852539
v,206.070068359375, 73.98828125, 4.715017318725586
v,204.165283203125, 72.65234375, 4.714787483215332
v,204.327880859375, 72.4169921875, 4.714800834655762
v,205.592041015625, 73.29296875, 4.71495246887207
v,205.905029296875, 73.5810546875, 4.714991569519043
v,206.076171875, 73.9794921875, 4.715017318725586
v,206.070556640625, 73.98828125, -0.7128467559814453
v,206.07666015625, 73.9794921875, -0.7128462791442871
v,205.905517578125, 73.5810546875, -0.7128715515136719
v,205.59228515625, 73.29296875, -0.7129111289978027
v,204.328125, 72.41796875, -0.7130627632141113
v,204.16552734375, 72.65234375, -0.7130765914916992
v,204.1552734375, 72.64453125, -0.7130780220031738
v,204.151123046875, 72.650390625, -0.713078498840332
v,204.021728515625, 72.5576171875, -0.7130937576293945
v,202.853759765625, 74.185546875, -0.7131924629211426
v,203.310302734375, 74.513671875, -0.7131376266479492
v,203.29296875, 74.5380859375, -0.7131390571594238
v,203.719970703125, 74.8369140625, -0.7130875587463379
v,203.882080078125, 74.6064453125, -0.7130746841430664
v,204.548583984375, 75.0732421875, -0.7129940986633301
v,204.7099609375, 74.8427734375, -0.7129802703857422
v,205.28564453125, 75.248046875, -0.7129106521606445
v,206.13671875, 74.0341796875, -0.7128386497497559
v,204.150390625, 72.650390625, 5.356466293334961
v,203.303955078125, 73.8564453125, 5.3563947677612305
v,203.615966796875, 74.076171875, 5.35643196105957
v,203.3095703125, 74.513671875, 5.356407165527344
v,202.85302734375, 74.185546875, 5.356351852416992
v,204.02099609375, 72.5576171875, 5.356451034545898
v,203.615966796875, 74.076171875, 5.458568572998047
v,203.303955078125, 73.8564453125, 5.458531379699707
v,204.154541015625, 72.64453125, 5.4586029052734375
v,206.13623046875, 74.0341796875, 5.458841323852539
v,205.28515625, 75.2470703125, 5.458769798278809
v,204.70947265625, 74.8427734375, 5.458700180053711
v,204.5478515625, 75.0732421875, 5.458686828613281
v,203.88134765625, 74.6064453125, 5.458606719970703
v,203.719482421875, 74.8369140625, 5.458592414855957
v,203.29248046875, 74.5380859375, 5.458540916442871
v,204.151123046875, 72.650390625, -0.713078498840332
v,204.150390625, 72.650390625, 5.356466293334961
v,204.02099609375, 72.5576171875, 5.356451034545898
v,204.021728515625, 72.5576171875, -0.7130937576293945
v,204.021728515625, 72.5576171875, -0.7130937576293945
v,204.02099609375, 72.5576171875, 5.356451034545898
v,202.85302734375, 74.185546875, 5.356351852416992
v,202.853759765625, 74.185546875, -0.7131924629211426
v,203.3095703125, 74.513671875, 5.356407165527344
v,203.310302734375, 74.513671875, -0.7131376266479492
v,202.853759765625, 74.185546875, -0.7131924629211426
v,202.85302734375, 74.185546875, 5.356351852416992
v,203.303955078125, 73.8564453125, 5.458531379699707
v,203.303955078125, 73.8564453125, 5.3563947677612305
v,204.150390625, 72.650390625, 5.356466293334961
v,204.151123046875, 72.650390625, -0.713078498840332
v,204.1552734375, 72.64453125, -0.7130780220031738
v,204.154541015625, 72.64453125, 5.4586029052734375
v,204.1650390625, 72.65234375, 4.714787483215332
v,206.06982421875, 73.98828125, 4.715017318725586
v,206.070556640625, 73.98828125, -0.7128467559814453
v,206.13671875, 74.0341796875, -0.7128386497497559
v,206.13623046875, 74.0341796875, 5.458841323852539
v,204.154541015625, 72.64453125, 5.4586029052734375
v,204.1552734375, 72.64453125, -0.7130780220031738
v,204.16552734375, 72.65234375, -0.7130765914916992
v,203.29296875, 74.5380859375, -0.7131390571594238
v,203.29248046875, 74.5380859375, 5.458540916442871
v,203.719482421875, 74.8369140625, 5.458592414855957
v,203.719970703125, 74.8369140625, -0.7130875587463379
v,203.719482421875, 74.8369140625, 5.458592414855957
v,203.88134765625, 74.6064453125, 5.458606719970703
v,203.882080078125, 74.6064453125, -0.7130746841430664
v,203.719970703125, 74.8369140625, -0.7130875587463379
v,203.88134765625, 74.6064453125, 5.458606719970703
v,204.5478515625, 75.0732421875, 5.458686828613281
v,204.548583984375, 75.0732421875, -0.7129940986633301
v,203.882080078125, 74.6064453125, -0.7130746841430664
v,204.5478515625, 75.0732421875, 5.458686828613281
v,204.70947265625, 74.8427734375, 5.458700180053711
v,204.7099609375, 74.8427734375, -0.7129802703857422
v,204.548583984375, 75.0732421875, -0.7129940986633301
v,204.70947265625, 74.8427734375, 5.458700180053711
v,205.28515625, 75.2470703125, 5.458769798278809
v,205.28564453125, 75.248046875, -0.7129106521606445
v,204.7099609375, 74.8427734375, -0.7129802703857422
v,205.28515625, 75.2470703125, 5.458769798278809
v,206.13623046875, 74.0341796875, 5.458841323852539
v,206.13671875, 74.0341796875, -0.7128386497497559
v,205.28564453125, 75.248046875, -0.7129106521606445
v,203.615966796875, 74.076171875, 5.458568572998047
v,203.29248046875, 74.5380859375, 5.458540916442871
v,203.29296875, 74.5380859375, -0.7131390571594238
v,203.310302734375, 74.513671875, -0.7131376266479492
v,203.3095703125, 74.513671875, 5.356407165527344
v,203.615966796875, 74.076171875, 5.35643196105957
v,203.615966796875, 74.076171875, 5.35643196105957
v,203.303955078125, 73.8564453125, 5.3563947677612305
v,203.303955078125, 73.8564453125, 5.458531379699707
v,203.615966796875, 74.076171875, 5.458568572998047
v,206.075927734375, 73.9794921875, 4.715017318725586
v,205.90478515625, 73.5810546875, 4.714991569519043
v,205.905517578125, 73.5810546875, -0.7128715515136719
v,206.07666015625, 73.9794921875, -0.7128462791442871
v,205.90478515625, 73.5810546875, 4.714991569519043
v,205.592041015625, 73.29296875, 4.71495246887207
v,205.59228515625, 73.29296875, -0.7129111289978027
v,205.905517578125, 73.5810546875, -0.7128715515136719
v,205.59228515625, 73.29296875, -0.7129111289978027
v,205.592041015625, 73.29296875, 4.71495246887207
v,204.32763671875, 72.4169921875, 4.714800834655762
v,204.328125, 72.41796875, -0.7130627632141113
v,204.1650390625, 72.65234375, 4.714787483215332
v,204.16552734375, 72.65234375, -0.7130765914916992
v,204.328125, 72.41796875, -0.7130627632141113
v,204.32763671875, 72.4169921875, 4.714800834655762
v,206.070556640625, 73.98828125, -0.7128467559814453
v,206.06982421875, 73.98828125, 4.715017318725586
v,206.075927734375, 73.9794921875, 4.715017318725586
v,206.07666015625, 73.9794921875, -0.7128462791442871
i,3,4,0
i,13,16,19
i,25,27,28
i,30,35,37
i,41,43,40
i,45,47,44
i,49,51,48
i,54,56,57
i,59,62,63
i,67,69,66
i,71,73,70
i,75,77,74
i,79,81,78
i,82,84,85
i,86,88,89
i,92,93,94
i,96,98,99
i,101,103,100
i,104,106,107
i,109,111,108
i,112,114,115
i,117,119,116
i,5,0,4
i,0,1,3
i,1,2,3
i,6,7,8
i,8,9,21
i,9,10,11
i,11,12,13
i,9,11,19
i,8,21,6
i,22,23,6
i,21,9,19
i,13,14,15
i,11,13,19
i,21,22,6
i,19,20,21
i,17,18,16
i,18,19,16
i,13,15,16
i,29,24,25
i,25,26,27
i,28,29,25
i,30,31,32
i,32,33,35
i,33,34,35
i,35,36,37
i,38,39,37
i,39,30,37
i,30,32,35
i,41,42,43
i,45,46,47
i,49,50,51
i,57,52,54
i,52,53,54
i,54,55,56
i,59,60,61
i,63,64,58
i,64,65,58
i,59,61,62
i,63,58,59
i,67,68,69
i,71,72,73
i,75,76,77
i,79,80,81
i,82,83,84
i,86,87,88
i,95,90,94
i,90,91,94
i,91,92,94
i,96,97,98
i,101,102,103
i,104,105,106
i,109,110,111
i,112,113,114
i,117,118,119
n,-0.0004820351314265281, -8.561704453313723e-05, 4.50379753112793
n,0.0004847827658522874, 7.547491986770183e-05, -4.50379753112793
n,-0.0004878326435573399, -7.715250103501603e-05, 4.50379753112793
n,-0.0004887028480879962, -7.917793845990673e-05, 4.50379753112793
n,2.624154806137085, -3.6603281497955322, 0.0002812391612678766
n,-3.659547805786133, -2.6252431869506836, -0.00039220551843754947
n,-2.6274683475494385, 3.6579504013061523, -0.0002815942862071097
n,-3.723712682723999, -2.5334079265594482, -0.00039247784297913313
n,2.5867364406585693, -3.6868655681610107, -0.0028934734873473644
n,-2.584894895553589, 3.688157796859741, -0.00027244692319072783
n,3.686070442199707, 2.5878713130950928, 0.00038851037970744073
n,-2.5861382484436035, 3.687286138534546, -0.0002725779195316136
n,3.689329147338867, 2.583223819732666, 0.0003888538049068302
n,-2.5915963649749756, 3.6834523677825928, -0.0002731532440520823
n,3.6872382164001465, 2.5862064361572266, 0.0007520803483203053
n,-3.680368423461914, -2.5959739685058594, -0.00039443696732632816
n,-2.590827703475952, 3.683993101119995, 0.0
n,4.139294147491455, -1.7749472856521606, 0.0004960663500241935
n,3.0487287044525146, -3.3150336742401123, 0.00036536951665766537
n,2.563540458679199, -3.703032970428467, 0.00020481532556004822
n,-3.7037248611450195, -2.562540292739868, -0.0008533371728844941
n,3.6896543502807617, 2.5827581882476807, 0.0004421801131684333
n,-0.0006522184703499079, -1.6728981790947728e-05, 4.50379753112793
n,-0.0004831933183595538, -8.482133853249252e-05, 4.50379753112793
n,-0.0004866828676313162, -7.705241296207532e-05, 4.50379753112793
n,0.00044892964069731534, 9.433874947717413e-05, -4.50379753112793
n,0.0004936862387694418, 7.920909411041066e-05, -4.50379753112793
n,0.0004904494853690267, 7.180857210187241e-05, -4.50379753112793
n,0.0005205017514526844, 3.903762990375981e-05, -4.50379753112793
n,0.0004886546521447599, 7.580367673654109e-05, -4.50379753112793
n,0.0004914767923764884, 7.711620128247887e-05, -4.50379753112793
n,0.0004921649815514684, 7.797463331371546e-05, -4.50379753112793
n,0.0004893927834928036, 7.676504901610315e-05, -4.50379753112793
n,0.0004892603610642254, 7.7993689046707e-05, -4.50379753112793
n,0.000515644031111151, 7.972090679686517e-05, -4.50379753112793
n,0.0004919200437143445, 7.78219909989275e-05, -4.50379753112793
n,0.0004890721174888313, 7.788660877849907e-05, -4.50379753112793
n,0.0005120700225234032, 4.7032288421178237e-05, -4.50379753112793
n,0.0004835316212847829, 8.318352047353983e-05, -4.50379753112793
n,0.00048799594515003264, 7.69251782912761e-05, -4.50379753112793
n,-0.00047960231313481927, -7.091280713211745e-05, 4.50379753112793
n,-0.0004836522275581956, -7.718840060988441e-05, 4.50379753112793
n,-0.00048576141125522554, -7.431201811414212e-05, 4.50379753112793
n,-0.0004861509660258889, -7.36353249521926e-05, 4.50379753112793
n,-0.0004895548918284476, -7.597824151162058e-05, 4.50379753112793
n,-0.0004897619364783168, -7.634372013853863e-05, 4.50379753112793
n,-0.0004890721174888313, -7.788660877849907e-05, 4.50379753112793
n,-0.0004895607125945389, -7.91489437688142e-05, 4.50379753112793
n,-0.0004896101891063154, -7.872353307902813e-05, 4.50379753112793
n,-0.0004912455333396792, -7.555157208116725e-05, 4.50379753112793
n,2.624154806137085, -3.6603283882141113, 0.0002812391612678766
n,-3.659547805786133, -2.6252431869506836, -0.0003922055766452104
n,-2.6274683475494385, 3.6579504013061523, -0.0002815942862071097
n,-3.6869864463806152, -2.5865609645843506, -0.005033442284911871
n,-3.686788558959961, -2.586848258972168, 0.0
n,-3.726783037185669, -2.528888463973999, -0.0003994113649241626
n,2.56486439704895, -3.702115774154663, 0.0003073816478718072
n,2.715350866317749, -3.5931966304779053, 0.00028619691147468984
n,2.7022786140441895, -3.6030383110046387, 0.0003238497592974454
n,2.5628178119659424, -3.7035326957702637, 0.00027012001373805106
n,2.5868403911590576, -3.6867928504943848, -0.0024942317977547646
n,-2.584894895553589, 3.6881580352783203, -0.00027244692319072783
n,3.686070442199707, 2.5878710746765137, 0.0003885103506036103
n,-2.5861384868621826, 3.687286376953125, -0.0002725779777392745
n,3.689329147338867, 2.583223819732666, 0.0003888538049068302
n,-2.5878806114196777, 3.686063766479492, 0.00024525131448172033
n,3.686368942260742, 2.5874457359313965, 0.00038854184094816446
n,-3.6881067752838135, -2.584967613220215, 0.0
n,-3.6876986026763916, -2.585548162460327, -0.003708416596055031
n,-3.6811366081237793, -2.594884157180786, -0.0003879903524648398
n,-2.590827703475952, 3.683993101119995, 0.0
n,4.139293670654297, -1.774947166442871, 0.0004960663500241935
n,3.049872636795044, -3.3139808177948, 0.00024367106379941106
n,2.564959764480591, -3.702049732208252, -0.0002841610403265804
n,-3.6992838382720947, -2.5689470767974854, -0.00044333410914987326
n,3.68965482711792, 2.5827584266662598, 0.0004421801131684333
u,0.1985017955303192, 0.0023924000561237335, 0
u,0.24695579707622528, 0.010265800170600414, 0
u,0.28932100534439087, 0.04359849914908409, 0
u,0.0, 0.0, 0
u,0.0, 0.0, 0
u,0.0, 0.0, 0
u,0.020695600658655167, 0.25079450011253357, 0
u,0.0645046979188919, 0.3254004120826721, 0
u,0.0, 0.32459089159965515, 0
u,0.06448359787464142, 0.2508035898208618, 0
u,0.21785509586334229, 0.2507432997226715, 0
u,0.12437629699707031, 0.29010120034217834, 0
u,0.7583497166633606, 0.35406699776649475, 0
u,0.7722622752189636, 0.9995896816253662, 0
u,0.7583497166633606, 0.9995896816253662, 0
u,0.7722622752189636, 0.35406699776649475, 0
u,0.9472677707672119, 0.9995896816253662, 0
u,0.7722622752189636, 0.9995896816253662, 0
u,0.9963365793228149, 0.9995896816253662, 0
u,0.9472677707672119, 0.35406699776649475, 0
u,0.9963365793228149, 0.35406699776649475, 0
u,0.13026639819145203, 0.9890099763870239, 0
u,0.13089710474014282, 0.33592090010643005, 0
u,0.13089710474014282, 1.0, 0
u,0.33765751123428345, 0.919964611530304, 0
u,0.34482958912849426, 1.0, 0
u,0.13089710474014282, 1.0, 0
u,0.7057818174362183, 1.0, 0
u,0.6596915125846863, 0.33592090010643005, 0
u,0.7057818174362183, 0.33592090010643005, 0
u,0.6347591876983643, 1.0, 0
u,0.6596915125846863, 0.33592090010643005, 0
u,0.6596915125846863, 1.0, 0
u,0.562792181968689, 1.0, 0
u,0.6347591876983643, 0.33592090010643005, 0
u,0.6347591876983643, 1.0, 0
u,0.5379245281219482, 1.0, 0
u,0.562792181968689, 0.33592090010643005, 0
u,0.562792181968689, 1.0, 0
u,0.5379245281219482, 1.0, 0
u,0.47575390338897705, 0.33592090010643005, 0
u,0.5379245281219482, 0.33592090010643005, 0
u,0.47575390338897705, 1.0, 0
u,0.34482958912849426, 0.33592090010643005, 0
u,0.47575390338897705, 0.33592090010643005, 0
u,0.7057818174362183, 0.33592090010643005, 0
u,0.7084084153175354, 0.33592090010643005, 0
u,0.7084084153175354, 0.9890099763870239, 0
u,0.7920479774475098, 0.35070279240608215, 0
u,0.7583497166633606, 0.33971288800239563, 0
u,0.7920479774475098, 0.33971288800239563, 0
u,0.7542706727981567, 0.10003189742565155, 0
u,0.30255401134490967, 0.0560901015996933, 0
u,0.7542706727981567, 0.0560901015996933, 0
u,0.7542706727981567, 0.10003189742565155, 0
u,0.30255401134490967, 0.14317570626735687, 0
u,0.30255401134490967, 0.10003189742565155, 0
u,0.7542706727981567, 0.14317570626735687, 0
u,0.30255401134490967, 0.29901811480522156, 0
u,0.30255401134490967, 0.14317570626735687, 0
u,0.7542706727981567, 0.32793569564819336, 0
u,0.30255401134490967, 0.29901811480522156, 0
u,0.7542706727981567, 0.29901811480522156, 0
u,0.7542706727981567, 0.055024001747369766, 0
u,0.30255401134490967, 0.0560901015996933, 0
u,0.30255401134490967, 0.055024001747369766, 0
u,0.289313405752182, 0.04212769865989685, 0
u,0.28932100534439087, 0.04359849914908409, 0
u,0.24695579707622528, 0.010265800170600414, 0
u,0.28932100534439087, 0.04359849914908409, 0
u,0.022108199074864388, 0.0436755008995533, 0
u,0.1985017955303192, 0.0023924000561237335, 0
u,0.022108199074864388, 0.0436755008995533, 0
u,0.021930400282144547, 0.0037785000167787075, 0
u,0.1985017955303192, 0.0023924000561237335, 0
u,0.0, 0.0, 0
u,0.0, 0.0, 0
u,0.0, 0.0, 0
u,0.0, 0.0, 0
u,0.0, 0.0, 0
u,0.0, 0.0, 0
u,0.0, 0.0, 0
u,0.0, 0.0, 0
u,0.0, 0.0, 0
u,0.0, 0.0, 0
u,0.0, 0.0, 0
u,0.0, 0.0, 0
u,0.0, 0.0, 0
u,0.0, 0.0, 0
u,0.0, 0.0, 0
u,0.0, 0.0, 0
u,0.0, 0.0, 0
u,0.0, 0.0, 0
u,0.0, 0.0, 0
u,0.0, 0.0, 0
u,0.0, 0.0, 0
u,0.0, 0.0, 0
u,0.0, 0.0, 0
u,0.0, 0.0, 0
u,0.0, 0.0, 0
u,0.0, 0.0, 0
u,0.0, 0.0, 0
u,0.0, 0.0, 0
u,0.0, 0.0, 0
u,0.0, 0.0, 0
u,0.0, 0.0, 0
u,0.0, 0.0, 0
u,0.0, 0.0, 0
u,0.0, 0.0, 0
u,0.0, 0.0, 0
u,0.0, 0.0, 0
u,0.0, 0.0, 0
u,0.0, 0.0, 0
u,0.0, 0.0, 0
u,0.0, 0.0, 0
u,0.0, 0.0, 0
u,0.0, 0.0, 0
u,0.0, 0.0, 0
u,0.0, 0.0, 0
u,0.0, 0.0, 0
u,0.00236480007879436, 0.04444880038499832, 0
u,0.020654000341892242, 0.04467400163412094, 0
u,0.020695600658655167, 0.25079450011253357, 0
u,0.020695600658655167, 0.25079450011253357, 0
u,0.06448359787464142, 0.2508035898208618, 0
u,0.0645046979188919, 0.3254004120826721, 0
u,0.0, 0.32459089159965515, 0
u,0.00236480007879436, 0.04444880038499832, 0
u,0.020695600658655167, 0.25079450011253357, 0
u,0.06448359787464142, 0.2508035898208618, 0
u,0.020695600658655167, 0.25079450011253357, 0
u,0.020653799176216125, 0.04367600008845329, 0
u,0.020653799176216125, 0.04367600008845329, 0
u,0.29864048957824707, 0.043595898896455765, 0
u,0.21785509586334229, 0.2507432997226715, 0
u,0.29864048957824707, 0.043595898896455765, 0
u,0.29864048957824707, 0.2507573068141937, 0
u,0.21785509586334229, 0.2507432997226715, 0
u,0.21785509586334229, 0.2507432997226715, 0
u,0.21789120137691498, 0.2900911867618561, 0
u,0.12437629699707031, 0.29010120034217834, 0
u,0.12439630180597305, 0.32955148816108704, 0
u,0.06450589746236801, 0.32955649495124817, 0
u,0.12437629699707031, 0.29010120034217834, 0
u,0.06450589746236801, 0.32955649495124817, 0
u,0.06448359787464142, 0.2508035898208618, 0
u,0.12437629699707031, 0.29010120034217834, 0
u,0.06448359787464142, 0.2508035898208618, 0
u,0.020653799176216125, 0.04367600008845329, 0
u,0.21785509586334229, 0.2507432997226715, 0
u,0.7583497166633606, 0.35406699776649475, 0
u,0.7722622752189636, 0.35406699776649475, 0
u,0.7722622752189636, 0.9995896816253662, 0
u,0.7722622752189636, 0.35406699776649475, 0
u,0.9472677707672119, 0.35406699776649475, 0
u,0.9472677707672119, 0.9995896816253662, 0
u,0.9963365793228149, 0.9995896816253662, 0
u,0.9472677707672119, 0.9995896816253662, 0
u,0.9472677707672119, 0.35406699776649475, 0
u,0.13089710474014282, 1.0, 0
u,0.0, 1.0, 0
u,0.13026639819145203, 0.9890099763870239, 0
u,0.0, 1.0, 0
u,0.0, 0.9890099763870239, 0
u,0.13026639819145203, 0.9890099763870239, 0
u,0.13026639819145203, 0.9890099763870239, 0
u,0.13026639819145203, 0.33592090010643005, 0
u,0.13089710474014282, 0.33592090010643005, 0
u,0.33765751123428345, 0.919964611530304, 0
u,0.33765751123428345, 0.33592090010643005, 0
u,0.34482958912849426, 0.33592090010643005, 0
u,0.13089710474014282, 1.0, 0
u,0.13089710474014282, 0.33592090010643005, 0
u,0.1320164054632187, 0.919964611530304, 0
u,0.13089710474014282, 0.33592090010643005, 0
u,0.1320164054632187, 0.33592090010643005, 0
u,0.1320164054632187, 0.919964611530304, 0
u,0.33765751123428345, 0.919964611530304, 0
u,0.34482958912849426, 0.33592090010643005, 0
u,0.34482958912849426, 1.0, 0
u,0.13089710474014282, 1.0, 0
u,0.1320164054632187, 0.919964611530304, 0
u,0.33765751123428345, 0.919964611530304, 0
u,0.7057818174362183, 1.0, 0
u,0.6596915125846863, 1.0, 0
u,0.6596915125846863, 0.33592090010643005, 0
u,0.6347591876983643, 1.0, 0
u,0.6347591876983643, 0.33592090010643005, 0
u,0.6596915125846863, 0.33592090010643005, 0
u,0.562792181968689, 1.0, 0
u,0.562792181968689, 0.33592090010643005, 0
u,0.6347591876983643, 0.33592090010643005, 0
u,0.5379245281219482, 1.0, 0
u,0.5379245281219482, 0.33592090010643005, 0
u,0.562792181968689, 0.33592090010643005, 0
u,0.5379245281219482, 1.0, 0
u,0.47575390338897705, 1.0, 0
u,0.47575390338897705, 0.33592090010643005, 0
u,0.47575390338897705, 1.0, 0
u,0.34482958912849426, 1.0, 0
u,0.34482958912849426, 0.33592090010643005, 0
u,0.7555528879165649, 0.9890099763870239, 0
u,0.7555528879165649, 1.0, 0
u,0.7084084153175354, 0.9890099763870239, 0
u,0.7555528879165649, 1.0, 0
u,0.7057818174362183, 1.0, 0
u,0.7084084153175354, 0.9890099763870239, 0
u,0.7057818174362183, 1.0, 0
u,0.7057818174362183, 0.33592090010643005, 0
u,0.7084084153175354, 0.9890099763870239, 0
u,0.7920479774475098, 0.35070279240608215, 0
u,0.7583497166633606, 0.35070279240608215, 0
u,0.7583497166633606, 0.33971288800239563, 0
u,0.7542706727981567, 0.10003189742565155, 0
u,0.30255401134490967, 0.10003189742565155, 0
u,0.30255401134490967, 0.0560901015996933, 0
u,0.7542706727981567, 0.10003189742565155, 0
u,0.7542706727981567, 0.14317570626735687, 0
u,0.30255401134490967, 0.14317570626735687, 0
u,0.7542706727981567, 0.14317570626735687, 0
u,0.7542706727981567, 0.29901811480522156, 0
u,0.30255401134490967, 0.29901811480522156, 0
u,0.7542706727981567, 0.32793569564819336, 0
u,0.30255401134490967, 0.32793569564819336, 0
u,0.30255401134490967, 0.29901811480522156, 0
u,0.7542706727981567, 0.055024001747369766, 0
u,0.7542706727981567, 0.0560901015996933, 0
u,0.30255401134490967, 0.0560901015996933, 0
