s,185.62158203125, 109.08984375, 0.0003876686096191406
b,188.9970703125, 112.8330078125, 7.98212194442749
v,187.5185546875, 109.6923828125, 0.00046825408935546875
v,187.51806640625, 109.6923828125, 6.871779918670654
v,185.621826171875, 112.0419921875, 6.871700763702393
v,185.62255859375, 112.0419921875, 0.0003876686096191406
v,187.836181640625, 109.380859375, 0.0004858970642089844
v,187.820556640625, 109.3671875, 0.00048351287841796875
v,187.54150390625, 109.7109375, 0.0004706382751464844
v,187.518310546875, 109.6923828125, 0.00046825408935546875
v,185.622314453125, 112.0419921875, 0.0003876686096191406
v,186.605224609375, 112.8330078125, 0.0005173683166503906
v,187.6396484375, 111.5517578125, 0.0005598068237304688
v,187.838134765625, 111.7119140625, 0.0005860328674316406
v,188.98046875, 110.306640625, 0.0006361007690429688
v,188.7587890625, 110.126953125, 0.0006070137023925781
v,188.9970703125, 109.826171875, 0.0006175041198730469
v,188.065185546875, 109.0908203125, 0.0004954338073730469
v,188.758056640625, 110.126953125, 7.861084461212158
v,187.835205078125, 109.3798828125, 7.860962390899658
v,188.064453125, 109.08984375, 7.860972881317139
v,188.99609375, 109.8251953125, 7.861094951629639
v,186.77978515625, 112.4091796875, 7.8265767097473145
v,185.914794921875, 111.708984375, 7.826463222503662
v,187.777587890625, 109.4189453125, 7.826544284820557
v,188.885986328125, 110.31640625, 7.826690196990967
v,187.82763671875, 111.6181640625, 7.8266425132751465
v,187.583984375, 111.4208984375, 7.826610088348389
v,187.59375, 111.5146484375, 7.982040882110596
v,186.78955078125, 112.5029296875, 7.982006549835205
v,185.87255859375, 111.7607421875, 7.981886386871338
v,185.91455078125, 111.708984375, 7.981888294219971
v,186.77978515625, 112.4091796875, 7.982001781463623
v,187.583984375, 111.4208984375, 7.982036113739014
v,187.827392578125, 111.6181640625, 7.982067584991455
v,188.885986328125, 110.31640625, 7.982113361358643
v,187.777587890625, 109.4189453125, 7.981968402862549
v,187.819580078125, 109.3671875, 7.981969356536865
v,188.97998046875, 110.3056640625, 7.98212194442749
v,187.837158203125, 111.7119140625, 7.9820733070373535
v,185.935546875, 111.8115234375, 6.760702610015869
v,186.76123046875, 112.48046875, 6.7608113288879395
v,186.589599609375, 112.693359375, 6.760804653167725
v,185.76220703125, 112.0263671875, 6.760695934295654
v,185.76220703125, 112.0263671875, 6.8717122077941895
v,186.589599609375, 112.693359375, 6.87182092666626
v,186.76123046875, 112.48046875, 6.871829509735107
v,186.78955078125, 112.5029296875, 6.871832370758057
v,187.59375, 111.5146484375, 6.871866703033447
v,187.638916015625, 111.55078125, 6.871871471405029
v,186.6044921875, 112.8330078125, 6.871829509735107
v,185.62158203125, 112.0419921875, 6.871700763702393
v,187.517822265625, 109.6923828125, 6.871779918670654
v,187.540771484375, 109.7099609375, 6.87178373336792
v,185.87255859375, 111.7607421875, 6.8717122077941895
v,185.935302734375, 111.8115234375, 6.871718883514404
v,187.835205078125, 109.3798828125, 7.860962390899658
v,187.836181640625, 109.380859375, 0.0004858970642089844
v,188.065185546875, 109.0908203125, 0.0004954338073730469
v,188.064453125, 109.08984375, 7.860972881317139
v,188.7587890625, 110.126953125, 0.0006070137023925781
v,188.758056640625, 110.126953125, 7.861084461212158
v,188.99609375, 109.8251953125, 7.861094951629639
v,188.9970703125, 109.826171875, 0.0006175041198730469
v,188.99609375, 109.8251953125, 7.861094951629639
v,188.064453125, 109.08984375, 7.860972881317139
v,188.065185546875, 109.0908203125, 0.0004954338073730469
v,188.9970703125, 109.826171875, 0.0006175041198730469
v,188.98046875, 110.306640625, 0.0006361007690429688
v,188.97998046875, 110.3056640625, 7.98212194442749
v,187.819580078125, 109.3671875, 7.981969356536865
v,187.820556640625, 109.3671875, 0.00048351287841796875
v,187.836181640625, 109.380859375, 0.0004858970642089844
v,187.835205078125, 109.3798828125, 7.860962390899658
v,188.758056640625, 110.126953125, 7.861084461212158
v,188.7587890625, 110.126953125, 0.0006070137023925781
v,187.59375, 111.5146484375, 6.871866703033447
v,187.59375, 111.5146484375, 7.982040882110596
v,187.837158203125, 111.7119140625, 7.9820733070373535
v,187.838134765625, 111.7119140625, 0.0005860328674316406
v,187.6396484375, 111.5517578125, 0.0005598068237304688
v,187.638916015625, 111.55078125, 6.871871471405029
v,187.837158203125, 111.7119140625, 7.9820733070373535
v,188.97998046875, 110.3056640625, 7.98212194442749
v,188.98046875, 110.306640625, 0.0006361007690429688
v,187.838134765625, 111.7119140625, 0.0005860328674316406
v,187.54150390625, 109.7109375, 0.0004706382751464844
v,187.820556640625, 109.3671875, 0.00048351287841796875
v,187.819580078125, 109.3671875, 7.981969356536865
v,187.777587890625, 109.4189453125, 7.981968402862549
v,187.777587890625, 109.4189453125, 7.826544284820557
v,185.914794921875, 111.708984375, 7.826463222503662
v,185.91455078125, 111.708984375, 7.981888294219971
v,185.87255859375, 111.7607421875, 7.981886386871338
v,185.87255859375, 111.7607421875, 6.8717122077941895
v,187.540771484375, 109.7099609375, 6.87178373336792
v,186.78955078125, 112.5029296875, 7.982006549835205
v,187.59375, 111.5146484375, 7.982040882110596
v,187.59375, 111.5146484375, 6.871866703033447
v,186.78955078125, 112.5029296875, 6.871832370758057
v,185.87255859375, 111.7607421875, 6.8717122077941895
v,185.87255859375, 111.7607421875, 7.981886386871338
v,186.78955078125, 112.5029296875, 7.982006549835205
v,186.78955078125, 112.5029296875, 6.871832370758057
v,186.76123046875, 112.48046875, 6.871829509735107
v,186.76123046875, 112.48046875, 6.7608113288879395
v,185.935546875, 111.8115234375, 6.760702610015869
v,185.935302734375, 111.8115234375, 6.871718883514404
v,186.77978515625, 112.4091796875, 7.982001781463623
v,185.91455078125, 111.708984375, 7.981888294219971
v,185.914794921875, 111.708984375, 7.826463222503662
v,186.77978515625, 112.4091796875, 7.8265767097473145
v,187.583984375, 111.4208984375, 7.982036113739014
v,186.77978515625, 112.4091796875, 7.982001781463623
v,186.77978515625, 112.4091796875, 7.8265767097473145
v,187.583984375, 111.4208984375, 7.826610088348389
v,187.827392578125, 111.6181640625, 7.982067584991455
v,187.583984375, 111.4208984375, 7.982036113739014
v,187.583984375, 111.4208984375, 7.826610088348389
v,187.82763671875, 111.6181640625, 7.8266425132751465
v,188.885986328125, 110.31640625, 7.982113361358643
v,187.827392578125, 111.6181640625, 7.982067584991455
v,187.82763671875, 111.6181640625, 7.8266425132751465
v,188.885986328125, 110.31640625, 7.826690196990967
v,187.777587890625, 109.4189453125, 7.826544284820557
v,187.777587890625, 109.4189453125, 7.981968402862549
v,188.885986328125, 110.31640625, 7.982113361358643
v,188.885986328125, 110.31640625, 7.826690196990967
v,186.589599609375, 112.693359375, 6.87182092666626
v,185.76220703125, 112.0263671875, 6.8717122077941895
v,185.76220703125, 112.0263671875, 6.760695934295654
v,186.589599609375, 112.693359375, 6.760804653167725
v,186.76123046875, 112.48046875, 6.7608113288879395
v,186.76123046875, 112.48046875, 6.871829509735107
v,186.589599609375, 112.693359375, 6.87182092666626
v,186.589599609375, 112.693359375, 6.760804653167725
v,185.935302734375, 111.8115234375, 6.871718883514404
v,185.935546875, 111.8115234375, 6.760702610015869
v,185.76220703125, 112.0263671875, 6.760695934295654
v,185.76220703125, 112.0263671875, 6.8717122077941895
v,187.6396484375, 111.5517578125, 0.0005598068237304688
v,186.605224609375, 112.8330078125, 0.0005173683166503906
v,186.6044921875, 112.8330078125, 6.871829509735107
v,187.638916015625, 111.55078125, 6.871871471405029
v,185.62158203125, 112.0419921875, 6.871700763702393
v,186.6044921875, 112.8330078125, 6.871829509735107
v,186.605224609375, 112.8330078125, 0.0005173683166503906
v,185.622314453125, 112.0419921875, 0.0003876686096191406
v,187.54150390625, 109.7109375, 0.0004706382751464844
v,187.540771484375, 109.7099609375, 6.87178373336792
v,187.517822265625, 109.6923828125, 6.871779918670654
v,187.518310546875, 109.6923828125, 0.00046825408935546875
i,1,3,0
i,6,10,13
i,17,19,16
i,23,24,25
i,33,36,37
i,39,41,38
i,42,48,49
i,54,56,57
i,59,61,58
i,62,64,65
i,67,68,72
i,79,75,76
i,80,82,83
i,89,92,93
i,95,97,94
i,100,102,105
i,106,108,109
i,111,113,110
i,114,116,117
i,119,121,118
i,123,125,122
i,127,129,126
i,130,132,133
i,135,137,134
i,138,140,141
i,142,144,145
i,147,149,146
i,1,2,3
i,4,5,6
i,6,7,10
i,7,8,10
i,8,9,10
i,10,11,12
i,13,14,4
i,14,15,4
i,10,12,13
i,4,6,13
i,17,18,19
i,25,20,21
i,21,22,25
i,22,23,25
i,27,28,30
i,28,29,30
i,26,27,30
i,33,34,35
i,26,30,31
i,26,31,32
i,33,35,36
i,37,26,32
i,32,33,37
i,39,40,41
i,43,44,45
i,45,46,47
i,49,50,52
i,50,51,52
i,52,53,42
i,45,47,48
i,43,45,48
i,49,52,42
i,42,43,48
i,54,55,56
i,59,60,61
i,62,63,64
i,73,66,72
i,66,67,72
i,68,69,71
i,69,70,71
i,68,71,72
i,79,74,75
i,76,77,79
i,77,78,79
i,80,81,82
i,93,84,85
i,85,86,88
i,86,87,88
i,93,85,88
i,89,90,91
i,93,88,89
i,89,91,92
i,95,96,97
i,105,98,99
i,99,100,105
i,100,101,102
i,102,103,105
i,103,104,105
i,106,107,108
i,111,112,113
i,114,115,116
i,119,120,121
i,123,124,125
i,127,128,129
i,130,131,132
i,135,136,137
i,138,139,140
i,142,143,144
i,147,148,149
n,-3.5048201084136963, -2.828503131866455, -0.000331753195496276
n,0.0004381020553410053, 0.00019425076607149094, -4.50379753112793
n,-0.0004379700403660536, -0.0001943628303706646, 4.50379753112793
n,-0.0004386063083074987, -0.00019247694581281394, 4.50379753112793
n,-0.00042736378964036703, -0.00018997771258000284, 4.50379753112793
n,-0.00042722976650111377, -0.0002026614238275215, 4.50379753112793
n,-0.00040427615749649704, -0.00023043426335789263, 4.50379753112793
n,-3.532041072845459, -2.794436454772949, -0.0006980623584240675
n,3.530977249145508, 2.795780897140503, 0.000600691419094801
n,2.7905654907226562, -3.535100221633911, -8.215182606363669e-05
n,2.8322927951812744, -3.501756429672241, 0.003616359317675233
n,-2.8392410278320312, 3.496126890182495, -0.0011820433428511024
n,3.4944045543670654, 2.841360569000244, 0.000379726174287498
n,-3.4936513900756836, -2.8422861099243164, 0.001587206730619073
n,3.493959665298462, 2.841907262802124, 0.0006824140436947346
n,-2.8340723514556885, 3.5003180503845215, 0.0008586533949710429
n,2.832720994949341, -3.5014116764068604, 0.0
n,-3.4943349361419678, -2.8414459228515625, 0.0
n,2.837716817855835, -3.497361898422241, 0.003958842251449823
n,-3.494391918182373, -2.8413758277893066, 0.0
n,-2.8344905376434326, 3.499979257583618, 0.0
n,2.8242499828338623, -3.5082480907440186, 0.0
n,-3.5028834342956543, -2.8309013843536377, 0.0
n,3.507537603378296, 2.8251237869262695, 0.0068507120013237
n,3.505805492401123, 2.8272814750671387, 0.0006887576309964061
n,-2.8255608081817627, 3.5071921348571777, -0.0002674898714758456
n,2.8768246173858643, -3.465266227722168, -0.0001650563208386302
n,-3.5048205852508545, -2.8285024166107178, -0.00033179394085891545
n,0.0005198747385293245, 0.00025579825160093606, -4.50379753112793
n,0.0003319457173347473, 0.00019991627777926624, -4.50379753112793
n,0.000430848216637969, 0.00019346960471011698, -4.50379753112793
n,0.00043249057489447296, 0.0002002308174269274, -4.50379753112793
n,0.0004377358709461987, 0.00019574782345443964, -4.50379753112793
n,0.0004353573312982917, 0.00019260965927969664, -4.50379753112793
n,0.00043330187327228487, 0.0001979622320504859, -4.50379753112793
n,0.00043161469511687756, 0.00018915312830358744, -4.50379753112793
n,0.0004410823748912662, 0.0001855365262599662, -4.50379753112793
n,-0.0004397006123326719, -0.00018985630595125258, 4.50379753112793
n,-0.0004316960694268346, -0.00019671286281663924, 4.50379753112793
n,-0.0004305847978685051, -0.0001902906078612432, 4.50379753112793
n,-0.00043730344623327255, -0.00019094051094725728, 4.50379753112793
n,-0.00042831816244870424, -0.0002007216535275802, 4.50379753112793
n,-0.00042810942977666855, -0.00020101356494706124, 4.50379753112793
n,-0.00043559682671912014, -0.00019998030620627105, 4.50379753112793
n,-0.0004278495616745204, -0.00020261398458387703, 4.50379753112793
n,-0.00043460173765197396, -0.00019907564274035394, 4.50379753112793
n,-0.0004335489356890321, -0.00019918530597351491, 4.50379753112793
n,-0.0004286632174625993, -0.00020169958588667214, 4.50379753112793
n,-0.0004335489356890321, -0.00019918530597351491, 4.50379753112793
n,-0.00043887674110010266, -0.00019863032503053546, 4.50379753112793
n,-0.0004275638784747571, -0.0002019254316110164, 4.50379753112793
n,-0.0004140541423112154, -0.0001551033346913755, 4.50379753112793
n,-0.00038044044049456716, -0.0001550339366076514, 4.50379753112793
n,-0.0004328132199589163, -0.00019667796732392162, 4.50379753112793
n,-0.00047894997987896204, -0.00023337070888374, 4.50379753112793
n,-0.0003636665060184896, -0.00015103413898032159, 4.50379753112793
n,-0.0004165714490227401, -0.00018725733389146626, 4.50379753112793
n,-0.00047637781244702637, -0.00022077086032368243, 4.50379753112793
n,-0.0003974149003624916, -0.00016505015082657337, 4.50379753112793
n,-0.0004063936066813767, -0.0002282228961121291, 4.50379753112793
n,-3.532041311264038, -2.7944369316101074, -0.0006980624748393893
n,3.5322155952453613, 2.7942163944244385, 0.000698057294357568
n,2.7905654907226562, -3.535100221633911, -8.215182606363669e-05
n,2.8334860801696777, -3.5007927417755127, -0.00015179206093307585
n,2.8335351943969727, -3.5007526874542236, -0.000149482351844199
n,2.7665159702301025, -3.553952693939209, 0.00030062877340242267
n,2.88326096534729, -3.4599132537841797, -6.3627703639213e-05
n,2.833103656768799, -3.5010735988616943, 0.014197757467627525
n,-2.821685552597046, 3.5103111267089844, 0.0
n,-2.8421850204467773, 3.493734121322632, -0.00030885147862136364
n,-2.83212947845459, 3.501889944076538, 0.0001739103317959234
n,3.4949986934661865, 2.8406295776367188, 0.0005935255903750658
n,-3.495460271835327, -2.840061664581299, -0.000689391337800771
n,-3.4786057472229004, -2.860680103302002, -0.0003780094557441771
n,-3.4791693687438965, -2.859995126724243, 0.0
n,-3.4945101737976074, -2.8412303924560547, -0.0005924326833337545
n,-3.486402750015259, -2.851168632507324, -0.004863811191171408
n,-3.4942054748535156, -2.8416054248809814, -0.0007824423955753446
n,-3.4791696071624756, -2.859995126724243, 0.0
n,3.4943349361419678, 2.8414461612701416, 0.0
n,-2.848687171936035, 3.4884345531463623, 0.0
n,-2.8344480991363525, 3.500013589859009, 0.001337441266514361
n,-2.8003456592559814, 3.527358293533325, -0.0005469424650073051
n,-2.8340721130371094, 3.5003178119659424, 0.0
n,-2.834519147872925, 3.4999518394470215, -0.005536212120205164
n,2.8322906494140625, -3.501757860183716, 0.003951272461563349
n,-3.4943349361419678, -2.8414459228515625, 0.0
n,2.8392410278320312, -3.496127128601074, 0.0
n,-3.4946744441986084, -2.8410239219665527, -0.004875350743532181
n,-2.8344905376434326, 3.499979257583618, 0.0
n,2.8242499828338623, -3.5082480907440186, 0.0
n,-3.502882719039917, -2.8309013843536377, 0.0
n,3.505814790725708, 2.827270030975342, 0.0
n,3.504870653152466, 2.828439950942993, 0.00033179877209477127
n,-2.8255605697631836, 3.507192373275757, -0.00026748990057967603
n,2.7972259521484375, -3.5298328399658203, 0.0002648075169418007
u,0.0, 0.4043942987918854, 0
u,0.5845810174942017, 0.19970110058784485, 0
u,0.5845810174942017, 0.4043942987918854, 0
u,0.0, 0.0, 0
u,0.0, 0.0, 0
u,0.0, 0.0, 0
u,0.8033403754234314, 0.6588184237480164, 0
u,0.944839596748352, 0.6223999857902527, 0
u,0.945289671421051, 0.6589804291725159, 0
u,0.971424400806427, 0.6653563976287842, 0
u,0.9706975817680359, 0.8252385854721069, 0
u,0.9332134127616882, 0.8251904249191284, 0
u,0.971424400806427, 0.6653563976287842, 0
u,0.9794179201126099, 0.659019410610199, 0
u,0.9786332845687866, 0.8315950036048889, 0
u,0.9361870884895325, 0.9529678225517273, 0
u,0.8091356158256531, 0.9791072010993958, 0
u,0.8091356158256531, 0.9528020024299622, 0
u,0.8091356158256531, 0.9791072010993958, 0
u,0.9481449127197266, 0.9885377287864685, 0
u,0.7971886992454529, 0.9886341094970703, 0
u,0.6734626293182373, 0.7487999796867371, 0
u,0.0, 0.7235732078552246, 0
u,0.6734626293182373, 0.7235732078552246, 0
u,0.6734626293182373, 0.6163206100463867, 0
u,0.0, 0.6425334215164185, 0
u,0.0, 0.6163206100463867, 0
u,0.6734626293182373, 0.6425334215164185, 0
u,0.0, 0.7235732078552246, 0
u,0.0, 0.6425334215164185, 0
u,0.6854230165481567, 0.8978589773178101, 0
u,0.6854230165481567, 1.0, 0
u,0.6750311255455017, 0.9173895716667175, 0
u,0.5900849103927612, 0.7564365863800049, 0
u,0.6854230165481567, 0.7524595856666565, 0
u,0.6854230165481567, 0.773911714553833, 0
u,0.6854230165481567, 0.773911714553833, 0
u,0.0, 0.8978589773178101, 0
u,0.0, 0.773911714553833, 0
u,0.014968499541282654, 0.41082578897476196, 0
u,0.09458290040493011, 0.40639999508857727, 0
u,0.09458290040493011, 0.582037091255188, 0
u,0.6887549757957458, 0.8299061059951782, 0
u,0.7853087186813354, 0.9182292819023132, 0
u,0.6887549757957458, 0.9182292819023132, 0
u,0.6887549757957458, 0.9182292819023132, 0
u,0.7853087186813354, 0.9207682013511658, 0
u,0.7853087186813354, 0.9944037199020386, 0
u,0.9819276928901672, 0.6192392110824585, 0
u,0.9976894855499268, 0.5292751789093018, 0
u,0.9976894855499268, 0.6192392110824585, 0
u,0.9819276928901672, 0.6192392110824585, 0
u,0.9976894855499268, 0.7222269177436829, 0
u,0.9819276928901672, 0.7222269177436829, 0
u,0.9819276928901672, 0.7475587129592896, 0
u,0.9976894855499268, 0.7222269177436829, 0
u,0.9976894855499268, 0.7475587129592896, 0
u,0.9819276928901672, 0.7475587129592896, 0
u,0.9976894855499268, 0.8831622004508972, 0
u,0.9819276928901672, 0.8831622004508972, 0
u,0.9819276928901672, 0.9983999729156494, 0
u,0.9976894855499268, 0.8831622004508972, 0
u,0.9976894855499268, 0.9983999729156494, 0
u,0.9142928123474121, 0.9906473159790039, 0
u,0.8211600184440613, 0.9983999729156494, 0
u,0.8211600184440613, 0.9906473159790039, 0
u,0.7971886992454529, 0.9983999729156494, 0
u,0.8211600184440613, 0.9906473159790039, 0
u,0.8211600184440613, 0.9983999729156494, 0
u,0.9384912252426147, 0.9983999729156494, 0
u,0.9142928123474121, 0.9906473159790039, 0
u,0.9384912252426147, 0.9906473159790039, 0
u,0.5845810174942017, 0.002423499943688512, 0
u,0.0, 0.11411870270967484, 0
u,0.0, 0.002423499943688512, 0
u,0.0, 0.19970110058784485, 0
u,0.5845810174942017, 0.11411870270967484, 0
u,0.5845810174942017, 0.19970110058784485, 0
u,0.0, 0.40639999508857727, 0
u,0.5845810174942017, 0.4043942987918854, 0
u,0.5845810174942017, 0.40639999508857727, 0
u,0.0, 0.4043942987918854, 0
u,0.0, 0.19970110058784485, 0
u,0.5845810174942017, 0.19970110058784485, 0
u,0.0, 0.0, 0
u,0.0, 0.0, 0
u,0.0, 0.0, 0
u,0.0, 0.0, 0
u,0.0, 0.0, 0
u,0.0, 0.0, 0
u,0.0, 0.0, 0
u,0.0, 0.0, 0
u,0.0, 0.0, 0
u,0.0, 0.0, 0
u,0.0, 0.0, 0
u,0.0, 0.0, 0
u,0.0, 0.0, 0
u,0.0, 0.0, 0
u,0.0, 0.0, 0
u,0.0, 0.0, 0
u,0.0, 0.0, 0
u,0.0, 0.0, 0
u,0.0, 0.0, 0
u,0.0, 0.0, 0
u,0.0, 0.0, 0
u,0.0, 0.0, 0
u,0.0, 0.0, 0
u,0.0, 0.0, 0
u,0.0, 0.0, 0
u,0.0, 0.0, 0
u,0.0, 0.0, 0
u,0.8033403754234314, 0.6588184237480164, 0
u,0.8029078245162964, 0.6236140131950378, 0
u,0.944839596748352, 0.6223999857902527, 0
u,0.9332134127616882, 0.8251904249191284, 0
u,0.9326335787773132, 0.9466168880462646, 0
u,0.7995110750198364, 0.9464433193206787, 0
u,0.7995110750198364, 0.9464433193206787, 0
u,0.8009036779403687, 0.6651617884635925, 0
u,0.9332134127616882, 0.8251904249191284, 0
u,0.8009036779403687, 0.6651617884635925, 0
u,0.971424400806427, 0.6653563976287842, 0
u,0.9332134127616882, 0.8251904249191284, 0
u,0.9405679106712341, 0.952973484992981, 0
u,0.7994797229766846, 0.9527894258499146, 0
u,0.9326335787773132, 0.9466168880462646, 0
u,0.7994797229766846, 0.9527894258499146, 0
u,0.7995110750198364, 0.9464433193206787, 0
u,0.9326335787773132, 0.9466168880462646, 0
u,0.9411476850509644, 0.8315467834472656, 0
u,0.9405679106712341, 0.952973484992981, 0
u,0.9326335787773132, 0.9466168880462646, 0
u,0.971424400806427, 0.6653563976287842, 0
u,0.8009036779403687, 0.6651617884635925, 0
u,0.8009350895881653, 0.6588156223297119, 0
u,0.9411476850509644, 0.8315467834472656, 0
u,0.9326335787773132, 0.9466168880462646, 0
u,0.9332134127616882, 0.8251904249191284, 0
u,0.9411476850509644, 0.8315467834472656, 0
u,0.9332134127616882, 0.8251904249191284, 0
u,0.9706975817680359, 0.8252385854721069, 0
u,0.971424400806427, 0.6653563976287842, 0
u,0.8009350895881653, 0.6588156223297119, 0
u,0.9794179201126099, 0.659019410610199, 0
u,0.9786332845687866, 0.8315950036048889, 0
u,0.9411476850509644, 0.8315467834472656, 0
u,0.9706975817680359, 0.8252385854721069, 0
u,0.9706975817680359, 0.8252385854721069, 0
u,0.971424400806427, 0.6653563976287842, 0
u,0.9786332845687866, 0.8315950036048889, 0
u,0.9361870884895325, 0.9529678225517273, 0
u,0.9361950755119324, 0.9790260791778564, 0
u,0.8091356158256531, 0.9791072010993958, 0
u,0.9361950755119324, 0.9790260791778564, 0
u,0.9361870884895325, 0.9529678225517273, 0
u,0.9405679106712341, 0.952973484992981, 0
u,0.9405679106712341, 0.952973484992981, 0
u,0.9411476850509644, 0.8315467834472656, 0
u,0.9480971097946167, 0.8315557241439819, 0
u,0.7971886992454529, 0.9886341094970703, 0
u,0.7971886992454529, 0.7009481191635132, 0
u,0.7994797229766846, 0.9527894258499146, 0
u,0.7971886992454529, 0.7009481191635132, 0
u,0.8007264733314514, 0.7009456753730774, 0
u,0.7994797229766846, 0.9527894258499146, 0
u,0.7994797229766846, 0.9527894258499146, 0
u,0.8091356158256531, 0.9528020024299622, 0
u,0.8091356158256531, 0.9791072010993958, 0
u,0.9405679106712341, 0.952973484992981, 0
u,0.9480971097946167, 0.8315557241439819, 0
u,0.9481449127197266, 0.9885377287864685, 0
u,0.9361950755119324, 0.9790260791778564, 0
u,0.9405679106712341, 0.952973484992981, 0
u,0.9481449127197266, 0.9885377287864685, 0
u,0.7971886992454529, 0.9886341094970703, 0
u,0.7994797229766846, 0.9527894258499146, 0
u,0.8091356158256531, 0.9791072010993958, 0
u,0.8091356158256531, 0.9791072010993958, 0
u,0.9361950755119324, 0.9790260791778564, 0
u,0.9481449127197266, 0.9885377287864685, 0
u,0.6734626293182373, 0.7487999796867371, 0
u,0.0, 0.7487999796867371, 0
u,0.0, 0.7235732078552246, 0
u,0.6734626293182373, 0.6163206100463867, 0
u,0.6734626293182373, 0.6425334215164185, 0
u,0.0, 0.6425334215164185, 0
u,0.6734626293182373, 0.6425334215164185, 0
u,0.6734626293182373, 0.7235732078552246, 0
u,0.0, 0.7235732078552246, 0
u,0.0, 0.9173895716667175, 0
u,0.0, 0.8978589773178101, 0
u,0.6750311255455017, 0.9173895716667175, 0
u,0.0, 0.8978589773178101, 0
u,0.6854230165481567, 0.8978589773178101, 0
u,0.6750311255455017, 0.9173895716667175, 0
u,0.6854230165481567, 1.0, 0
u,0.0, 1.0, 0
u,0.6750311255455017, 0.9986234903335571, 0
u,0.0, 1.0, 0
u,0.0, 0.9986234903335571, 0
u,0.6750311255455017, 0.9986234903335571, 0
u,0.6854230165481567, 1.0, 0
u,0.6750311255455017, 0.9986234903335571, 0
u,0.6750311255455017, 0.9173895716667175, 0
u,0.5900849103927612, 0.7564365863800049, 0
u,0.5900849103927612, 0.7524595856666565, 0
u,0.6854230165481567, 0.7524595856666565, 0
u,0.6854230165481567, 0.773911714553833, 0
u,0.0, 0.773911714553833, 0
u,0.5900849103927612, 0.7564365863800049, 0
u,0.0, 0.773911714553833, 0
u,0.0, 0.7564365863800049, 0
u,0.5900849103927612, 0.7564365863800049, 0
u,0.6854230165481567, 0.773911714553833, 0
u,0.6854230165481567, 0.8978589773178101, 0
u,0.0, 0.8978589773178101, 0
u,0.09458290040493011, 0.582037091255188, 0
u,0.6675661206245422, 0.582037091255188, 0
u,0.6675661206245422, 0.6114187836647034, 0
u,0.6675661206245422, 0.6114187836647034, 0
u,0.002007999923080206, 0.6114187836647034, 0
u,0.014968499541282654, 0.6069930195808411, 0
u,0.002007999923080206, 0.6114187836647034, 0
u,0.002007999923080206, 0.6069930195808411, 0
u,0.014968499541282654, 0.6069930195808411, 0
u,0.09458290040493011, 0.582037091255188, 0
u,0.6675661206245422, 0.6114187836647034, 0
u,0.014968499541282654, 0.6069930195808411, 0
u,0.014968499541282654, 0.41082578897476196, 0
u,0.002007999923080206, 0.41082578897476196, 0
u,0.002007999923080206, 0.40639999508857727, 0
u,0.09458290040493011, 0.582037091255188, 0
u,0.014968499541282654, 0.6069930195808411, 0
u,0.014968499541282654, 0.41082578897476196, 0
u,0.014968499541282654, 0.41082578897476196, 0
u,0.002007999923080206, 0.40639999508857727, 0
u,0.09458290040493011, 0.40639999508857727, 0
u,0.6887549757957458, 0.8299061059951782, 0
u,0.7853087186813354, 0.8299061059951782, 0
u,0.7853087186813354, 0.9182292819023132, 0
u,0.7853087186813354, 0.9944037199020386, 0
u,0.7853087186813354, 1.0, 0
u,0.6887549757957458, 1.0, 0
u,0.6887549757957458, 1.0, 0
u,0.6887549757957458, 0.9182292819023132, 0
u,0.7853087186813354, 0.9944037199020386, 0
u,0.6887549757957458, 0.9182292819023132, 0
u,0.7853087186813354, 0.9182292819023132, 0
u,0.7853087186813354, 0.9207682013511658, 0
u,0.7853087186813354, 0.9207682013511658, 0
u,0.794964075088501, 0.9207682013511658, 0
u,0.7853087186813354, 0.9944037199020386, 0
u,0.794964075088501, 0.9207682013511658, 0
u,0.794964075088501, 0.9944037199020386, 0
u,0.7853087186813354, 0.9944037199020386, 0
u,0.9819276928901672, 0.6192392110824585, 0
u,0.9819276928901672, 0.5292751789093018, 0
u,0.9976894855499268, 0.5292751789093018, 0
u,0.9819276928901672, 0.6192392110824585, 0
u,0.9976894855499268, 0.6192392110824585, 0
u,0.9976894855499268, 0.7222269177436829, 0
u,0.9819276928901672, 0.7475587129592896, 0
u,0.9819276928901672, 0.7222269177436829, 0
u,0.9976894855499268, 0.7222269177436829, 0
u,0.9819276928901672, 0.7475587129592896, 0
u,0.9976894855499268, 0.7475587129592896, 0
u,0.9976894855499268, 0.8831622004508972, 0
u,0.9819276928901672, 0.9983999729156494, 0
u,0.9819276928901672, 0.8831622004508972, 0
u,0.9976894855499268, 0.8831622004508972, 0
u,0.9142928123474121, 0.9906473159790039, 0
u,0.9142928123474121, 0.9983999729156494, 0
u,0.8211600184440613, 0.9983999729156494, 0
u,0.7971886992454529, 0.9983999729156494, 0
u,0.7971886992454529, 0.9906473159790039, 0
u,0.8211600184440613, 0.9906473159790039, 0
u,0.9384912252426147, 0.9983999729156494, 0
u,0.9142928123474121, 0.9983999729156494, 0
u,0.9142928123474121, 0.9906473159790039, 0
u,0.5845810174942017, 0.002423499943688512, 0
u,0.5845810174942017, 0.11411870270967484, 0
u,0.0, 0.11411870270967484, 0
u,0.0, 0.19970110058784485, 0
u,0.0, 0.11411870270967484, 0
u,0.5845810174942017, 0.11411870270967484, 0
u,0.0, 0.40639999508857727, 0
u,0.0, 0.4043942987918854, 0
u,0.5845810174942017, 0.4043942987918854, 0
