s,49.079833984375, 177.982421875, -0.7762880325317383
b,50.44091796875, 178.595703125, 0.5584197044372559
v,50.44091796875, 178.513671875, -0.7762398719787598
v,50.407470703125, 177.982421875, -0.7762880325317383
v,49.080078125, 178.0654296875, -0.7762799263000488
v,49.11328125, 178.595703125, -0.7762312889099121
v,49.079833984375, 178.0654296875, 0.5583715438842773
v,50.407470703125, 177.982421875, 0.5583634376525879
v,50.440673828125, 178.513671875, 0.5584120750427246
v,49.113037109375, 178.595703125, 0.5584197044372559
v,49.113037109375, 178.595703125, 0.5584197044372559
v,50.440673828125, 178.513671875, 0.5584120750427246
v,50.440673828125, 178.513671875, -0.7762398719787598
v,49.113037109375, 178.595703125, -0.7762312889099121
v,50.440673828125, 178.513671875, 0.5584120750427246
v,50.407470703125, 177.982421875, 0.5583634376525879
v,50.407470703125, 177.982421875, -0.7762880325317383
v,50.440673828125, 178.513671875, -0.7762398719787598
v,50.407470703125, 177.982421875, 0.5583634376525879
v,49.079833984375, 178.0654296875, 0.5583715438842773
v,49.079833984375, 178.0654296875, -0.7762799263000488
v,50.407470703125, 177.982421875, -0.7762880325317383
v,49.079833984375, 178.0654296875, 0.5583715438842773
v,49.113037109375, 178.595703125, 0.5584197044372559
v,49.113037109375, 178.595703125, -0.7762312889099121
v,49.079833984375, 178.0654296875, -0.7762799263000488
i,1,3,0
i,5,7,4
i,9,11,8
i,13,15,12
i,16,18,19
i,20,22,23
i,1,2,3
i,5,6,7
i,9,10,11
i,13,14,15
i,16,17,18
i,20,21,22
n,-3.297008561276016e-06, 0.00040984738734550774, -4.50379753112793
n,1.557736595714232e-06, -0.00041040792712010443, 4.50379753112793
n,0.2789738178253174, 4.4951491355896, 0.0
n,4.494912147521973, -0.2827681303024292, 0.0
n,-0.28194481134414673, -4.494963645935059, 0.0
n,-4.494997978210449, 0.2813971936702728, 0.0
n,-2.988980213558534e-06, 0.0004104975378140807, -4.50379753112793
n,1.865966510194994e-06, -0.00040975736919790506, 4.50379753112793
n,0.2789738178253174, 4.4951491355896, 0.0
n,4.494912147521973, -0.2827681303024292, 0.0
n,-0.28194481134414673, -4.494963645935059, 0.0
n,-4.494997978210449, 0.2813971936702728, 0.0
u,0.0, 0.0, 0
u,0.0, 0.0, 0
u,0.0, 0.0, 0
u,0.3771187961101532, 0.0, 0
u,0.0048779998905956745, 0.282387912273407, 0
u,0.004905399866402149, 0.0, 0
u,0.0, 1.0, 0
u,0.35522350668907166, 0.3235347867012024, 0
u,0.35522350668907166, 1.0, 0
u,0.8523896932601929, 1.0, 0
u,0.9944823980331421, 0.3235347867012024, 0
u,0.9944823980331421, 1.0, 0
u,0.8523896932601929, 1.0, 0
u,0.49719250202178955, 0.3235347867012024, 0
u,0.8523896932601929, 0.3235347867012024, 0
u,0.49719250202178955, 1.0, 0
u,0.35522350668907166, 0.3235347867012024, 0
u,0.49719250202178955, 0.3235347867012024, 0
u,0.0, 0.0, 0
u,0.0, 0.0, 0
u,0.0, 0.0, 0
u,0.3771187961101532, 0.0, 0
u,0.3771190941333771, 0.28263410925865173, 0
u,0.0048779998905956745, 0.282387912273407, 0
u,0.0, 1.0, 0
u,0.0, 0.3235347867012024, 0
u,0.35522350668907166, 0.3235347867012024, 0
u,0.8523896932601929, 1.0, 0
u,0.8523896932601929, 0.3235347867012024, 0
u,0.9944823980331421, 0.3235347867012024, 0
u,0.8523896932601929, 1.0, 0
u,0.49719250202178955, 1.0, 0
u,0.49719250202178955, 0.3235347867012024, 0
u,0.49719250202178955, 1.0, 0
u,0.35522350668907166, 1.0, 0
u,0.35522350668907166, 0.3235347867012024, 0
