s,39.737548828125, 69.0107421875, -1.9254467487335205
b,47.827392578125, 75.4169921875, 9.814945220947266
v,39.792236328125, 72.2333984375, 9.814945220947266
v,42.719482421875, 69.2451171875, 9.814882278442383
v,42.719482421875, 69.2451171875, 9.659456253051758
v,39.792236328125, 72.2333984375, 9.659521102905273
v,45.96728515625, 73.421875, -1.9253835678100586
v,47.827392578125, 72.9013671875, -1.9253971576690674
v,47.679931640625, 72.3603515625, -1.9254052639007568
v,47.74609375, 72.34375, -1.925405740737915
v,47.109619140625, 69.7294921875, -1.9254436492919922
v,46.018798828125, 69.298828125, -1.9254467487335205
v,44.919677734375, 69.068359375, -1.925445795059204
v,43.767578125, 69.01171875, -1.9254415035247803
v,42.657958984375, 69.1181640625, -1.9254341125488281
v,39.737548828125, 72.09765625, -1.9253709316253662
v,41.072021484375, 75.4169921875, -1.9253239631652832
v,46.12939453125, 74.0234375, -1.9253737926483154
v,45.817138671875, 72.86328125, 7.375869274139404
v,47.679931640625, 72.3603515625, 7.375855922698975
v,47.827392578125, 72.9013671875, 7.375864505767822
v,45.96728515625, 73.421875, 7.375877857208252
v,46.12939453125, 74.0234375, 9.659515380859375
v,41.072021484375, 75.4169921875, 9.659566879272461
v,39.7919921875, 72.2333984375, 9.659521102905273
v,42.71923828125, 69.2451171875, 9.659456253051758
v,43.7705078125, 69.14453125, 9.65945053100586
v,44.902587890625, 69.2001953125, 9.659446716308594
v,45.980712890625, 69.4267578125, 9.659444808959961
v,46.99658203125, 69.8271484375, 9.659448623657227
v,47.61767578125, 72.376953125, 9.65948486328125
v,45.817138671875, 72.86328125, 9.659496307373047
v,47.74609375, 72.3427734375, 9.814908981323242
v,47.61767578125, 72.376953125, 9.814908981323242
v,46.99658203125, 69.8271484375, 9.814870834350586
v,45.980712890625, 69.4267578125, 9.814870834350586
v,44.902587890625, 69.2001953125, 9.814870834350586
v,43.7705078125, 69.1435546875, 9.814874649047852
v,42.71923828125, 69.2451171875, 9.814882278442383
v,39.7919921875, 72.2333984375, 9.814945220947266
v,39.73779296875, 72.09765625, 9.814943313598633
v,42.657958984375, 69.1171875, 9.81488037109375
v,43.767578125, 69.0107421875, 9.814872741699219
v,44.919677734375, 69.068359375, 9.814868927001953
v,46.018798828125, 69.298828125, 9.814868927001953
v,47.109619140625, 69.728515625, 9.814870834350586
v,45.96728515625, 73.421875, -1.9253835678100586
v,45.96728515625, 73.421875, 7.375877857208252
v,47.827392578125, 72.9013671875, 7.375864505767822
v,47.827392578125, 72.9013671875, -1.9253971576690674
v,47.679931640625, 72.3603515625, 7.375855922698975
v,47.679931640625, 72.3603515625, -1.9254052639007568
v,47.827392578125, 72.9013671875, -1.9253971576690674
v,47.827392578125, 72.9013671875, 7.375864505767822
v,47.74609375, 72.3427734375, 9.814908981323242
v,47.74609375, 72.34375, -1.925405740737915
v,47.679931640625, 72.3603515625, -1.9254052639007568
v,47.679931640625, 72.3603515625, 7.375855922698975
v,45.817138671875, 72.86328125, 7.375869274139404
v,45.817138671875, 72.86328125, 9.659496307373047
v,47.61767578125, 72.376953125, 9.65948486328125
v,47.61767578125, 72.376953125, 9.814908981323242
v,47.74609375, 72.3427734375, 9.814908981323242
v,47.109619140625, 69.728515625, 9.814870834350586
v,47.109619140625, 69.7294921875, -1.9254436492919922
v,47.74609375, 72.34375, -1.925405740737915
v,47.109619140625, 69.7294921875, -1.9254436492919922
v,47.109619140625, 69.728515625, 9.814870834350586
v,46.018798828125, 69.298828125, 9.814868927001953
v,46.018798828125, 69.298828125, -1.9254467487335205
v,46.018798828125, 69.298828125, -1.9254467487335205
v,46.018798828125, 69.298828125, 9.814868927001953
v,44.919677734375, 69.068359375, 9.814868927001953
v,44.919677734375, 69.068359375, -1.925445795059204
v,44.919677734375, 69.068359375, -1.925445795059204
v,44.919677734375, 69.068359375, 9.814868927001953
v,43.767578125, 69.0107421875, 9.814872741699219
v,43.767578125, 69.01171875, -1.9254415035247803
v,43.767578125, 69.01171875, -1.9254415035247803
v,43.767578125, 69.0107421875, 9.814872741699219
v,42.657958984375, 69.1171875, 9.81488037109375
v,42.657958984375, 69.1181640625, -1.9254341125488281
v,39.737548828125, 72.09765625, -1.9253709316253662
v,42.657958984375, 69.1181640625, -1.9254341125488281
v,42.657958984375, 69.1171875, 9.81488037109375
v,39.73779296875, 72.09765625, 9.814943313598633
v,41.072021484375, 75.4169921875, -1.9253239631652832
v,39.737548828125, 72.09765625, -1.9253709316253662
v,39.73779296875, 72.09765625, 9.814943313598633
v,39.7919921875, 72.2333984375, 9.814945220947266
v,39.7919921875, 72.2333984375, 9.659521102905273
v,41.072021484375, 75.4169921875, 9.659566879272461
v,41.072021484375, 75.4169921875, 9.659566879272461
v,46.12939453125, 74.0234375, 9.659515380859375
v,46.12939453125, 74.0234375, -1.9253737926483154
v,41.072021484375, 75.4169921875, -1.9253239631652832
v,45.817138671875, 72.86328125, 7.375869274139404
v,45.96728515625, 73.421875, 7.375877857208252
v,45.96728515625, 73.421875, -1.9253835678100586
v,46.12939453125, 74.0234375, -1.9253737926483154
v,46.12939453125, 74.0234375, 9.659515380859375
v,45.817138671875, 72.86328125, 9.659496307373047
v,46.99658203125, 69.8271484375, 9.814870834350586
v,47.61767578125, 72.376953125, 9.814908981323242
v,47.61767578125, 72.376953125, 9.65948486328125
v,46.99658203125, 69.8271484375, 9.659448623657227
v,45.980712890625, 69.4267578125, 9.814870834350586
v,46.99658203125, 69.8271484375, 9.814870834350586
v,46.99658203125, 69.8271484375, 9.659448623657227
v,45.980712890625, 69.4267578125, 9.659444808959961
v,44.902587890625, 69.2001953125, 9.814870834350586
v,45.980712890625, 69.4267578125, 9.814870834350586
v,45.980712890625, 69.4267578125, 9.659444808959961
v,44.902587890625, 69.2001953125, 9.659446716308594
v,43.7705078125, 69.1435546875, 9.814874649047852
v,44.902587890625, 69.2001953125, 9.814870834350586
v,44.902587890625, 69.2001953125, 9.659446716308594
v,43.7705078125, 69.14453125, 9.65945053100586
v,42.71923828125, 69.2451171875, 9.814882278442383
v,43.7705078125, 69.1435546875, 9.814874649047852
v,43.7705078125, 69.14453125, 9.65945053100586
v,42.71923828125, 69.2451171875, 9.659456253051758
i,1,3,0
i,4,6,8
i,16,18,19
i,27,28,29
i,41,33,34
i,44,46,47
i,48,50,51
i,52,55,58
i,60,62,63
i,64,66,67
i,69,71,68
i,73,75,72
i,76,78,79
i,81,83,80
i,86,87,88
i,91,93,90
i,95,97,98
i,100,102,103
i,104,106,107
i,109,111,108
i,113,115,112
i,117,119,116
i,1,2,3
i,4,5,6
i,6,7,8
i,8,9,4
i,9,10,4
i,10,11,4
i,11,12,4
i,12,13,4
i,13,14,4
i,14,15,4
i,16,17,18
i,29,20,21
i,21,22,29
i,22,23,29
i,23,24,29
i,24,25,29
i,25,26,29
i,26,27,29
i,43,30,32
i,30,31,32
i,41,42,33
i,42,43,32
i,33,42,32
i,39,40,36
i,40,41,34
i,35,40,34
i,37,38,36
i,38,39,36
i,35,36,40
i,44,45,46
i,48,49,50
i,52,53,55
i,53,54,55
i,55,56,58
i,56,57,58
i,58,59,52
i,60,61,62
i,64,65,66
i,69,70,71
i,73,74,75
i,76,77,78
i,81,82,83
i,89,84,88
i,84,85,88
i,85,86,88
i,91,92,93
i,99,94,95
i,95,96,97
i,98,99,95
i,100,101,102
i,104,105,106
i,109,110,111
i,113,114,115
i,117,118,119
n,3.2171833515167236, 3.1518123149871826, 0.0
n,-1.471783616580069e-05, 6.878619751660153e-05, -4.50379753112793
n,1.2714943295577541e-05, -7.171624747570604e-05, 4.50379753112793
n,1.113975486077834e-05, -6.853694503661245e-05, 4.50379753112793
n,1.1832884410978295e-05, -5.6353539548581466e-05, 4.50379753112793
n,1.2152398824691772, 4.336748123168945, 0.0
n,4.344497203826904, -1.1872402429580688, 0.0
n,1.172587275505066, 4.348474502563477, 0.0005743048386648297
n,4.375905513763428, -1.0656651258468628, -7.872671994846314e-05
n,1.6522594690322876, -4.18977689743042, 0.0
n,0.9251999258995056, -4.407742977142334, 0.0
n,0.22013697028160095, -4.498414516448975, 0.0
n,-0.4275798201560974, -4.483455181121826, -0.0003312182379886508
n,-3.216684341430664, -3.1523220539093018, 5.9408677770989016e-05
n,-4.180746078491211, 1.6749783754348755, 0.0
n,1.1966643333435059, 4.341910362243652, 0.0
n,4.348665237426758, -1.1718806028366089, 0.0
n,-4.375898361206055, 1.06569504737854, 0.0
n,-1.6526052951812744, 4.189640522003174, 0.0
n,-0.9255061149597168, 4.407678604125977, 0.0
n,-0.22400294244289398, 4.498153209686279, 0.02510114014148712
n,0.4326723515987396, 4.48296594619751, 0.0
n,3.2171835899353027, 3.1518123149871826, 0.0
n,-1.2561052244564053e-05, 7.226542220450938e-05, -4.50379753112793
n,-1.0975379154842813e-05, 6.797516834922135e-05, -4.50379753112793
n,-1.4868603102513589e-05, 6.873956590425223e-05, -4.50379753112793
n,-1.7891452444018796e-05, 6.870189099572599e-05, -4.50379753112793
n,-1.9942710423492827e-05, 6.919549923622981e-05, -4.50379753112793
n,-2.3323827917920426e-05, 7.088190614013001e-05, -4.50379753112793
n,-2.4435701561742462e-05, 7.173670019255951e-05, -4.50379753112793
n,-2.4804219719953835e-05, 7.347014616243541e-05, -4.50379753112793
n,-2.2527363398694433e-05, 7.905734673840925e-05, -4.50379753112793
n,1.2758873708662577e-05, -7.408441888401285e-05, 4.50379753112793
n,2.356412005610764e-05, -7.87167955422774e-05, 4.50379753112793
n,2.5574765459168702e-05, -7.498046761611477e-05, 4.50379753112793
n,2.528941331547685e-05, -7.225383160402998e-05, 4.50379753112793
n,2.2351983716362156e-05, -6.973902054596692e-05, 4.50379753112793
n,1.6746878827689216e-05, -6.665477849310264e-05, 4.50379753112793
n,2.131194924004376e-05, -6.779414979973808e-05, 4.50379753112793
n,1.1897626791324e-05, -6.824254523962736e-05, 4.50379753112793
n,7.240364539029542e-06, -6.888966890983284e-05, 4.50379753112793
n,-1.6665198927512392e-05, -6.17654004599899e-05, 4.50379753112793
n,1.1822075066447724e-05, -5.632152169710025e-05, 4.50379753112793
n,1.6123847672133707e-05, -5.8739897212944925e-05, 4.50379753112793
n,1.4402749911823776e-05, -5.555346797336824e-05, 4.50379753112793
n,2.088791734422557e-05, -6.938565638847649e-05, 4.50379753112793
n,2.2599368094233796e-05, -5.497231541085057e-05, 4.50379753112793
n,2.3107346351025626e-05, -5.8021931181428954e-05, 4.50379753112793
n,2.759377457550727e-05, -6.744288839399815e-05, 4.50379753112793
n,2.4217430109274574e-05, -7.097167690517381e-05, 4.50379753112793
n,2.3424625396728516e-05, -5.80291889491491e-05, 4.50379753112793
n,1.2152398824691772, 4.336748123168945, 0.0
n,4.344497203826904, -1.1872402429580688, 0.0
n,1.1812522411346436, 4.346128463745117, 0.00032107316656038165
n,1.139175534248352, 4.357346534729004, 0.0
n,1.1741890907287598, 4.3480424880981445, 0.0006210730061866343
n,1.1749231815338135, 4.347844123840332, 0.0
n,1.1732343435287476, 4.348300457000732, 0.0
n,4.375905990600586, -1.0656652450561523, -7.872672722442076e-05
n,1.6493754386901855, -4.190913200378418, -0.0003096065192949027
n,0.9251999855041504, -4.407742977142334, 0.0
n,0.22351540625095367, -4.498248100280762, -0.0003323110577184707
n,-0.4275798499584198, -4.483455181121826, -0.0003312182379886508
n,-3.2172598838806152, -3.1517348289489746, -0.00023283653717953712
n,-4.178681373596191, 1.6801235675811768, 0.0
n,-4.178671360015869, 1.680148959159851, 8.113336662063375e-06
n,-4.180716037750244, 1.675054907798767, 7.721329893684015e-05
n,1.1966642141342163, 4.341910362243652, 0.0
n,4.349165916442871, -1.1700202226638794, 0.0
n,4.348665237426758, -1.1718806028366089, 0.0
n,4.348906517028809, -1.1709846258163452, -0.00025294633815065026
n,-4.375898361206055, 1.06569504737854, 0.0
n,-1.6526052951812744, 4.189640522003174, 0.0
n,-0.9255061149597168, 4.407678604125977, 0.0
n,-0.22056861221790314, 4.498393535614014, 0.0
n,0.4290015399456024, 4.483249187469482, 0.02501796744763851
u,0.7586866021156311, 0.4521537125110626, 0
u,0.7544291019439697, 0.12605039775371552, 0
u,0.7586866021156311, 0.12605039775371552, 0
u,0.0, 0.0, 0
u,0.0, 0.0, 0
u,0.0, 0.0, 0
u,0.964215874671936, 0.5263621211051941, 0
u,0.9809393882751465, 0.3654184937477112, 0
u,0.9811707139015198, 0.5266553163528442, 0
u,0.8875548839569092, 0.36410489678382874, 0
u,0.9645025134086609, 0.3706924021244049, 0
u,0.964215874671936, 0.5263621211051941, 0
u,0.8498988151550293, 0.5143957138061523, 0
u,0.868297815322876, 0.4369562864303589, 0
u,0.8534904718399048, 0.5186833143234253, 0
u,0.7593504190444946, 0.9985994100570679, 0
u,0.8163651823997498, 0.21736159920692444, 0
u,0.8163651823997498, 0.9985994100570679, 0
u,0.8328964710235596, 0.21736159920692444, 0
u,0.8163651823997498, 0.9985994100570679, 0
u,0.8163651823997498, 0.21736159920692444, 0
u,0.34114938974380493, 1.0, 0
u,0.3432045876979828, 0.7927876710891724, 0
u,0.34512749314308167, 0.9867957830429077, 0
u,0.34114938974380493, 1.0, 0
u,0.26082688570022583, 0.0025891000404953957, 0
u,0.34114938974380493, 0.0025891000404953957, 0
u,0.26082688570022583, 0.0025891000404953957, 0
u,0.22582639753818512, 1.0, 0
u,0.22582639753818512, 0.0025891000404953957, 0
u,0.22582639753818512, 1.0, 0
u,0.19229349493980408, 0.0025891000404953957, 0
u,0.22582639753818512, 0.0025891000404953957, 0
u,0.19229349493980408, 1.0, 0
u,0.15785939991474152, 0.0025891000404953957, 0
u,0.19229349493980408, 0.0025891000404953957, 0
u,0.15785939991474152, 0.0025891000404953957, 0
u,0.12458159774541855, 1.0, 0
u,0.12458159774541855, 0.0025891000404953957, 0
u,0.12458159774541855, 0.0025891000404953957, 0
u,0.0, 1.0, 0
u,0.0, 0.0025891000404953957, 0
u,0.7536215782165527, 0.14425769448280334, 0
u,0.7536215782165527, 0.15667219460010529, 0
u,0.7489609718322754, 0.15667219460010529, 0
u,0.7489609718322754, 0.8972923159599304, 0
u,0.4015747904777527, 0.4495891034603119, 0
u,0.7489609718322754, 0.4495891034603119, 0
u,0.6804838180541992, 0.950451672077179, 0
u,0.4015747904777527, 0.8972923159599304, 0
u,0.7489609718322754, 0.8972923159599304, 0
u,0.7586866021156311, 0.793911874294281, 0
u,0.7544291019439697, 0.9985448122024536, 0
u,0.7544291019439697, 0.793911874294281, 0
u,0.7586866021156311, 0.7087624073028564, 0
u,0.7544291019439697, 0.793911874294281, 0
u,0.7544291019439697, 0.7087624073028564, 0
u,0.7586866021156311, 0.7087624073028564, 0
u,0.7544291019439697, 0.6228768825531006, 0
u,0.7586866021156311, 0.6228768825531006, 0
u,0.7586866021156311, 0.6228768825531006, 0
u,0.7544291019439697, 0.5345169901847839, 0
u,0.7586866021156311, 0.5345169901847839, 0
u,0.7586866021156311, 0.5345169901847839, 0
u,0.7544291019439697, 0.4521537125110626, 0
u,0.7586866021156311, 0.4521537125110626, 0
u,0.7586866021156311, 0.4521537125110626, 0
u,0.7544291019439697, 0.4521537125110626, 0
u,0.7544291019439697, 0.12605039775371552, 0
u,0.0, 0.0, 0
u,0.0, 0.0, 0
u,0.0, 0.0, 0
u,0.0, 0.0, 0
u,0.0, 0.0, 0
u,0.0, 0.0, 0
u,0.0, 0.0, 0
u,0.0, 0.0, 0
u,0.0, 0.0, 0
u,0.0, 0.0, 0
u,0.0, 0.0, 0
u,0.0, 0.0, 0
u,0.0, 0.0, 0
u,0.0, 0.0, 0
u,0.0, 0.0, 0
u,0.0, 0.0, 0
u,0.0, 0.0, 0
u,0.0, 0.0, 0
u,0.0, 0.0, 0
u,0.0, 0.0, 0
u,0.0, 0.0, 0
u,0.0, 0.0, 0
u,0.0, 0.0, 0
u,0.0, 0.0, 0
u,0.0, 0.0, 0
u,0.0, 0.0, 0
u,0.0, 0.0, 0
u,0.964215874671936, 0.5263621211051941, 0
u,0.964512288570404, 0.3653160035610199, 0
u,0.9809393882751465, 0.3654184937477112, 0
u,0.964215874671936, 0.5263621211051941, 0
u,0.9994388818740845, 0.5269712209701538, 0
u,0.9994388818740845, 0.9648361802101135, 0
u,0.9994388818740845, 0.9648361802101135, 0
u,0.8994216918945312, 0.9972267150878906, 0
u,0.964215874671936, 0.5263621211051941, 0
u,0.8994216918945312, 0.9972267150878906, 0
u,0.8377562761306763, 0.6954017877578735, 0
u,0.964215874671936, 0.5263621211051941, 0
u,0.8377562761306763, 0.6954017877578735, 0
u,0.8430954217910767, 0.6085397005081177, 0
u,0.964215874671936, 0.5263621211051941, 0
u,0.8430954217910767, 0.6085397005081177, 0
u,0.8534904718399048, 0.5186833143234253, 0
u,0.964215874671936, 0.5263621211051941, 0
u,0.8534904718399048, 0.5186833143234253, 0
u,0.868297815322876, 0.4369562864303589, 0
u,0.964215874671936, 0.5263621211051941, 0
u,0.868297815322876, 0.4369562864303589, 0
u,0.8875548839569092, 0.36410489678382874, 0
u,0.964215874671936, 0.5263621211051941, 0
u,0.8856472969055176, 0.35281750559806824, 0
u,0.9645228981971741, 0.3595699965953827, 0
u,0.8875548839569092, 0.36410489678382874, 0
u,0.9645228981971741, 0.3595699965953827, 0
u,0.9645025134086609, 0.3706924021244049, 0
u,0.8875548839569092, 0.36410489678382874, 0
u,0.8498988151550293, 0.5143957138061523, 0
u,0.8649994730949402, 0.43106961250305176, 0
u,0.868297815322876, 0.4369562864303589, 0
u,0.8649994730949402, 0.43106961250305176, 0
u,0.8856472969055176, 0.35281750559806824, 0
u,0.8875548839569092, 0.36410489678382874, 0
u,0.868297815322876, 0.4369562864303589, 0
u,0.8649994730949402, 0.43106961250305176, 0
u,0.8875548839569092, 0.36410489678382874, 0
u,0.8336613774299622, 0.6974794268608093, 0
u,0.8393157720565796, 0.6058388948440552, 0
u,0.8377562761306763, 0.6954017877578735, 0
u,0.8393157720565796, 0.6058388948440552, 0
u,0.8498988151550293, 0.5143957138061523, 0
u,0.8534904718399048, 0.5186833143234253, 0
u,0.8430954217910767, 0.6085397005081177, 0
u,0.8393157720565796, 0.6058388948440552, 0
u,0.8534904718399048, 0.5186833143234253, 0
u,0.8994216918945312, 0.9972267150878906, 0
u,0.895182728767395, 0.9985994100570679, 0
u,0.8377562761306763, 0.6954017877578735, 0
u,0.895182728767395, 0.9985994100570679, 0
u,0.8336613774299622, 0.6974794268608093, 0
u,0.8377562761306763, 0.6954017877578735, 0
u,0.8430954217910767, 0.6085397005081177, 0
u,0.8377562761306763, 0.6954017877578735, 0
u,0.8393157720565796, 0.6058388948440552, 0
u,0.7593504190444946, 0.9985994100570679, 0
u,0.7593504190444946, 0.21736159920692444, 0
u,0.8163651823997498, 0.21736159920692444, 0
u,0.8328964710235596, 0.21736159920692444, 0
u,0.8328964710235596, 0.9985994100570679, 0
u,0.8163651823997498, 0.9985994100570679, 0
u,0.34114938974380493, 1.0, 0
u,0.34114938974380493, 0.0025891000404953957, 0
u,0.3432045876979828, 0.7927876710891724, 0
u,0.34114938974380493, 0.0025891000404953957, 0
u,0.3432045876979828, 0.0025891000404953957, 0
u,0.3432045876979828, 0.7927876710891724, 0
u,0.3432045876979828, 0.7927876710891724, 0
u,0.40080541372299194, 0.7927876710891724, 0
u,0.34512749314308167, 0.9867957830429077, 0
u,0.40080541372299194, 0.7927876710891724, 0
u,0.40080541372299194, 0.9867957830429077, 0
u,0.34512749314308167, 0.9867957830429077, 0
u,0.34512749314308167, 0.9867957830429077, 0
u,0.34512749314308167, 1.0, 0
u,0.34114938974380493, 1.0, 0
u,0.34114938974380493, 1.0, 0
u,0.26082688570022583, 1.0, 0
u,0.26082688570022583, 0.0025891000404953957, 0
u,0.26082688570022583, 0.0025891000404953957, 0
u,0.26082688570022583, 1.0, 0
u,0.22582639753818512, 1.0, 0
u,0.22582639753818512, 1.0, 0
u,0.19229349493980408, 1.0, 0
u,0.19229349493980408, 0.0025891000404953957, 0
u,0.19229349493980408, 1.0, 0
u,0.15785939991474152, 1.0, 0
u,0.15785939991474152, 0.0025891000404953957, 0
u,0.15785939991474152, 0.0025891000404953957, 0
u,0.15785939991474152, 1.0, 0
u,0.12458159774541855, 1.0, 0
u,0.12458159774541855, 0.0025891000404953957, 0
u,0.12458159774541855, 1.0, 0
u,0.0, 1.0, 0
u,0.7489609718322754, 0.4495891034603119, 0
u,0.4015747904777527, 0.4495891034603119, 0
u,0.7489609718322754, 0.15667219460010529, 0
u,0.4015747904777527, 0.4495891034603119, 0
u,0.4015747904777527, 0.14425769448280334, 0
u,0.7489609718322754, 0.15667219460010529, 0
u,0.4015747904777527, 0.14425769448280334, 0
u,0.7536215782165527, 0.14425769448280334, 0
u,0.7489609718322754, 0.15667219460010529, 0
u,0.7489609718322754, 0.8972923159599304, 0
u,0.4015747904777527, 0.8972923159599304, 0
u,0.4015747904777527, 0.4495891034603119, 0
u,0.7489609718322754, 0.9997891187667847, 0
u,0.6804838180541992, 0.9997891187667847, 0
u,0.6804838180541992, 0.950451672077179, 0
u,0.6804838180541992, 0.950451672077179, 0
u,0.4015747904777527, 0.950451672077179, 0
u,0.4015747904777527, 0.8972923159599304, 0
u,0.7489609718322754, 0.8972923159599304, 0
u,0.7489609718322754, 0.9997891187667847, 0
u,0.6804838180541992, 0.950451672077179, 0
u,0.7586866021156311, 0.793911874294281, 0
u,0.7586866021156311, 0.9985448122024536, 0
u,0.7544291019439697, 0.9985448122024536, 0
u,0.7586866021156311, 0.7087624073028564, 0
u,0.7586866021156311, 0.793911874294281, 0
u,0.7544291019439697, 0.793911874294281, 0
u,0.7586866021156311, 0.7087624073028564, 0
u,0.7544291019439697, 0.7087624073028564, 0
u,0.7544291019439697, 0.6228768825531006, 0
u,0.7586866021156311, 0.6228768825531006, 0
u,0.7544291019439697, 0.6228768825531006, 0
u,0.7544291019439697, 0.5345169901847839, 0
u,0.7586866021156311, 0.5345169901847839, 0
u,0.7544291019439697, 0.5345169901847839, 0
u,0.7544291019439697, 0.4521537125110626, 0
