s,202.7099609375, 52.634765625, -0.8757209777832031
b,205.2451171875, 54.9169921875, 1.9968490600585938
v,203.629638671875, 53.140625, 1.1575498580932617
v,203.697998046875, 53.2216796875, 1.157557487487793
v,203.69775390625, 53.2216796875, 1.9968490600585938
v,203.629638671875, 53.140625, 1.9968414306640625
v,203.37158203125, 52.634765625, -0.8756518363952637
v,202.710205078125, 53.5654296875, -0.8757209777832031
v,204.583984375, 54.9169921875, -0.8755145072937012
v,205.2451171875, 53.986328125, -0.8754458427429199
v,203.43359375, 53.3740234375, 1.996821403503418
v,203.3974609375, 53.275390625, 1.9968175888061523
v,203.433349609375, 53.17578125, 1.9968204498291016
v,203.525146484375, 53.1220703125, 1.996830940246582
v,203.62939453125, 53.140625, 1.9968414306640625
v,203.697509765625, 53.2216796875, 1.9968490600585938
v,203.69775390625, 53.3271484375, 1.9968490600585938
v,203.6298828125, 53.4091796875, 1.996842384338379
v,203.525634765625, 53.4267578125, 1.996830940246582
v,203.43359375, 53.17578125, 1.1575288772583008
v,203.3974609375, 53.275390625, 1.1575250625610352
v,203.433837890625, 53.3740234375, 1.1575288772583008
v,203.0166015625, 53.1337890625, 1.1574840545654297
v,203.371337890625, 52.634765625, 1.1575202941894531
v,205.2451171875, 53.986328125, 1.1577272415161133
v,205.02783203125, 54.2919921875, 1.1577043533325195
v,203.525634765625, 53.4267578125, 1.1575393676757812
v,203.6298828125, 53.4091796875, 1.1575498580932617
v,203.69775390625, 53.3271484375, 1.157557487487793
v,203.69775390625, 53.2216796875, 1.157557487487793
v,203.62939453125, 53.140625, 1.1575498580932617
v,203.525146484375, 53.1220703125, 1.1575384140014648
v,203.0166015625, 53.1337890625, 1.1574840545654297
v,203.433837890625, 53.3740234375, 1.1575288772583008
v,203.525634765625, 53.4267578125, 1.1575393676757812
v,205.02783203125, 54.2919921875, 1.1577043533325195
v,204.583740234375, 54.9169921875, 1.157658576965332
v,202.7099609375, 53.5654296875, 1.1574516296386719
v,203.6298828125, 53.4091796875, 1.1575498580932617
v,203.525634765625, 53.4267578125, 1.1575393676757812
v,203.525634765625, 53.4267578125, 1.996830940246582
v,203.6298828125, 53.4091796875, 1.996842384338379
v,203.69775390625, 53.3271484375, 1.157557487487793
v,203.6298828125, 53.4091796875, 1.1575498580932617
v,203.6298828125, 53.4091796875, 1.996842384338379
v,203.69775390625, 53.3271484375, 1.9968490600585938
v,203.69775390625, 53.2216796875, 1.157557487487793
v,203.69775390625, 53.3271484375, 1.157557487487793
v,203.69775390625, 53.3271484375, 1.9968490600585938
v,203.697509765625, 53.2216796875, 1.9968490600585938
v,203.525146484375, 53.1220703125, 1.1575384140014648
v,203.62939453125, 53.140625, 1.1575498580932617
v,203.62939453125, 53.140625, 1.9968414306640625
v,203.525146484375, 53.1220703125, 1.996830940246582
v,203.43359375, 53.17578125, 1.1575288772583008
v,203.525146484375, 53.1220703125, 1.1575384140014648
v,203.525146484375, 53.1220703125, 1.996830940246582
v,203.433349609375, 53.17578125, 1.9968204498291016
v,203.3974609375, 53.275390625, 1.1575250625610352
v,203.43359375, 53.17578125, 1.1575288772583008
v,203.433349609375, 53.17578125, 1.9968204498291016
v,203.3974609375, 53.275390625, 1.9968175888061523
v,203.433837890625, 53.3740234375, 1.1575288772583008
v,203.3974609375, 53.275390625, 1.1575250625610352
v,203.3974609375, 53.275390625, 1.9968175888061523
v,203.43359375, 53.3740234375, 1.996821403503418
v,203.525634765625, 53.4267578125, 1.1575393676757812
v,203.433837890625, 53.3740234375, 1.1575288772583008
v,203.43359375, 53.3740234375, 1.996821403503418
v,203.525634765625, 53.4267578125, 1.996830940246582
v,205.2451171875, 53.986328125, 1.1577272415161133
v,203.371337890625, 52.634765625, 1.1575202941894531
v,203.37158203125, 52.634765625, -0.8756518363952637
v,205.2451171875, 53.986328125, -0.8754458427429199
v,203.371337890625, 52.634765625, 1.1575202941894531
v,203.0166015625, 53.1337890625, 1.1574840545654297
v,202.7099609375, 53.5654296875, 1.1574516296386719
v,202.710205078125, 53.5654296875, -0.8757209777832031
v,203.37158203125, 52.634765625, -0.8756518363952637
v,202.7099609375, 53.5654296875, 1.1574516296386719
v,204.583740234375, 54.9169921875, 1.157658576965332
v,204.583984375, 54.9169921875, -0.8755145072937012
v,202.710205078125, 53.5654296875, -0.8757209777832031
v,204.583740234375, 54.9169921875, 1.157658576965332
v,205.02783203125, 54.2919921875, 1.1577043533325195
v,205.2451171875, 53.986328125, 1.1577272415161133
v,205.2451171875, 53.986328125, -0.8754458427429199
v,204.583984375, 54.9169921875, -0.8755145072937012
i,1,3,0
i,5,7,4
i,14,15,16
i,21,28,29
i,32,34,35
i,36,38,39
i,40,42,43
i,45,47,44
i,49,51,48
i,52,54,55
i,57,59,56
i,60,62,63
i,64,66,67
i,68,70,71
i,73,75,76
i,78,80,77
i,82,84,85
i,1,2,3
i,5,6,7
i,16,8,11
i,8,9,11
i,9,10,11
i,11,12,16
i,12,13,14
i,16,12,14
i,18,19,20
i,21,22,27
i,22,23,26
i,21,27,28
i,23,24,25
i,23,25,26
i,18,20,17
i,20,21,17
i,26,27,22
i,29,17,21
i,35,30,31
i,32,33,34
i,35,31,32
i,36,37,38
i,40,41,42
i,45,46,47
i,49,50,51
i,52,53,54
i,57,58,59
i,60,61,62
i,64,65,66
i,68,69,70
i,76,72,73
i,73,74,75
i,78,79,80
i,85,81,82
i,82,83,84
n,3.4370858669281006, -2.910435199737549, 0.0
n,0.00048706927918829024, 1.2053868886141572e-05, -4.50379753112793
n,-0.0005226758657954633, -6.0781556385336444e-05, 4.50379753112793
n,-0.0005115349777042866, -3.013283048858284e-06, 4.50379753112793
n,-0.00048466521548107266, -1.6798727301647887e-05, 4.50379753112793
n,0.7748000025749207, 4.436651706695557, 0.0
n,3.4614217281341553, 2.8814494609832764, 0.0
n,4.50379753112793, -9.31380217394917e-09, 0.0011635547270998359
n,0.7747997641563416, -4.436651229858398, 0.0
n,-2.250382423400879, -3.901277780532837, -0.0005813862080685794
n,-4.233444690704346, -1.5369246006011963, 0.0
n,-4.229107856750488, 1.5488182306289673, -0.0010925887618213892
n,-2.246396780014038, 3.9035744667053223, 0.0
n,2.634507179260254, -3.6528844833374023, 0.000280961103271693
n,-3.6712374687194824, -2.6088709831237793, -0.001003806828521192
n,-2.634507179260254, 3.6528844833374023, -0.000280961103271693
n,3.671236991882324, 2.6088709831237793, 0.0005641169263981283
n,3.4416441917419434, -2.905043601989746, 0.0008891476318240166
n,0.00048706927918829024, 1.2053868886141572e-05, -4.50379753112793
n,-0.0004567955620586872, 6.50705942462082e-07, 4.50379753112793
n,-0.0004927734262309968, -1.2437790246622171e-05, 4.50379753112793
n,-0.0005188504583202302, -3.425509203225374e-05, 4.50379753112793
n,-0.0004756036796607077, 6.774981216040032e-07, 4.50379753112793
n,-0.0005054839421063662, 1.0358278359490214e-06, 4.50379753112793
n,-0.0004901220672763884, -4.590909156831913e-06, 4.50379753112793
n,-0.0004741343145724386, -1.8224187442683615e-05, 4.50379753112793
n,-0.0004928407142870128, -5.463009529194096e-06, 4.50379753112793
n,-0.0004887661780230701, -1.0117223609995563e-05, 4.50379753112793
n,-0.00033968454226851463, -9.070710075320676e-05, 4.50379753112793
n,-0.0004800541209988296, -2.616148594825063e-05, 4.50379753112793
n,-0.0004997772630304098, 5.0700664360192604e-06, 4.50379753112793
n,-0.0004863453796133399, 1.4663293768535368e-05, 4.50379753112793
n,-0.00048339104978367686, -1.4926308722351678e-05, 4.50379753112793
n,-0.00047771810204721987, -3.6051143979420885e-05, 4.50379753112793
n,-0.0004682245780713856, -1.667300966801122e-05, 4.50379753112793
n,-0.0004811954277101904, -5.962809154880233e-06, 4.50379753112793
n,-0.000485980388475582, -1.5864792658248916e-05, 4.50379753112793
n,-0.0004857440653722733, -2.3138423784985207e-05, 4.50379753112793
n,0.7747998237609863, 4.436651229858398, 0.0
n,3.4614217281341553, 2.8814496994018555, 0.0
n,4.503787994384766, -0.009229074232280254, 0.0
n,0.7747998237609863, -4.436651229858398, 0.0
n,-2.254380226135254, -3.8989694118499756, 0.0
n,-4.236390590667725, -1.5287845134735107, -0.0010944714304059744
n,-4.226107597351074, 1.556986927986145, 0.0
n,-2.250382661819458, 3.901277780532837, -0.0005813856259919703
n,2.634507179260254, -3.6528844833374023, 0.00028096119058318436
n,-3.6700587272644043, -2.6105287075042725, -0.0003913992259185761
n,-3.672598361968994, -2.606954574584961, -0.00039166994974948466
n,-2.634507179260254, 3.6528844833374023, -0.0002809610450640321
n,3.6715025901794434, 2.6084980964660645, 0.00039155303966253996
n,3.670694589614868, 2.6096341609954834, 0.00039146695053204894
u,0.9862291216850281, 0.9849619269371033, 0
u,0.9978213906288147, 0.49473679065704346, 0
u,0.9978213906288147, 0.9849619269371033, 0
u,0.0, 0.0, 0
u,0.0, 0.0, 0
u,0.0, 0.0, 0
u,0.7016661167144775, 0.5204327702522278, 0
u,0.7007961869239807, 0.5847668051719666, 0
u,0.6923810839653015, 0.631065309047699, 0
u,0.6252465844154358, 0.2947368025779724, 0
u,0.6828632950782776, 0.4524224102497101, 0
u,0.6719887256622314, 0.4805687963962555, 0
u,0.6923810839653015, 0.631065309047699, 0
u,0.8897899985313416, 0.9903196096420288, 0
u,0.6261579990386963, 0.9901549220085144, 0
u,0.9630445837974548, 0.9849619269371033, 0
u,0.951452374458313, 0.49473679065704346, 0
u,0.9630445837974548, 0.49473679065704346, 0
u,0.9746369123458862, 0.9849619269371033, 0
u,0.9630445837974548, 0.49473679065704346, 0
u,0.9746369123458862, 0.49473679065704346, 0
u,0.9746369123458862, 0.9849619269371033, 0
u,0.9862291216850281, 0.49473679065704346, 0
u,0.9862291216850281, 0.9849619269371033, 0
u,0.8934910893440247, 0.9849619269371033, 0
u,0.905083417892456, 0.49473679065704346, 0
u,0.905083417892456, 0.9849619269371033, 0
u,0.9166756272315979, 0.9849619269371033, 0
u,0.905083417892456, 0.49473679065704346, 0
u,0.9166756272315979, 0.49473679065704346, 0
u,0.9166756272315979, 0.9849619269371033, 0
u,0.9282678961753845, 0.49473679065704346, 0
u,0.9282678961753845, 0.9849619269371033, 0
u,0.9398602247238159, 0.9849619269371033, 0
u,0.9282678961753845, 0.49473679065704346, 0
u,0.9398602247238159, 0.49473679065704346, 0
u,0.951452374458313, 0.9849619269371033, 0
u,0.9398602247238159, 0.49473679065704346, 0
u,0.951452374458313, 0.49473679065704346, 0
u,0.4145619869232178, 0.020962100476026535, 0
u,0.6229994893074036, 1.0, 0
u,0.4145619869232178, 1.0, 0
u,0.055253300815820694, 0.020962100476026535, 0
u,0.10303830355405807, 1.0, 0
u,0.0, 1.0, 0
u,0.31149908900260925, 0.020962100476026535, 0
u,0.10303830355405807, 1.0, 0
u,0.10303830355405807, 0.020962100476026535, 0
u,0.38073331117630005, 0.020962100476026535, 0
u,0.4145619869232178, 1.0, 0
u,0.31149908900260925, 1.0, 0
u,0.9862291216850281, 0.9849619269371033, 0
u,0.9862291216850281, 0.49473679065704346, 0
u,0.9978213906288147, 0.49473679065704346, 0
u,0.0, 0.0, 0
u,0.0, 0.0, 0
u,0.0, 0.0, 0
u,0.6923810839653015, 0.631065309047699, 0
u,0.6803585290908813, 0.6376646757125854, 0
u,0.6719887256622314, 0.4805687963962555, 0
u,0.6803585290908813, 0.6376646757125854, 0
u,0.6703537702560425, 0.6014770865440369, 0
u,0.6719887256622314, 0.4805687963962555, 0
u,0.6703537702560425, 0.6014770865440369, 0
u,0.6670482754707336, 0.539435088634491, 0
u,0.6719887256622314, 0.4805687963962555, 0
u,0.6719887256622314, 0.4805687963962555, 0
u,0.6828632950782776, 0.4524224102497101, 0
u,0.6923810839653015, 0.631065309047699, 0
u,0.6828632950782776, 0.4524224102497101, 0
u,0.6945837736129761, 0.46816590428352356, 0
u,0.7016661167144775, 0.5204327702522278, 0
u,0.6923810839653015, 0.631065309047699, 0
u,0.6828632950782776, 0.4524224102497101, 0
u,0.7016661167144775, 0.5204327702522278, 0
u,0.6703537702560425, 0.6014770865440369, 0
u,0.6803585290908813, 0.6376646757125854, 0
u,0.6257352828979492, 0.6676483750343323, 0
u,0.6252465844154358, 0.2947368025779724, 0
u,0.8888490796089172, 0.2947368025779724, 0
u,0.6945837736129761, 0.46816590428352356, 0
u,0.8888490796089172, 0.2947368025779724, 0
u,0.8891580104827881, 0.5230509042739868, 0
u,0.7016661167144775, 0.5204327702522278, 0
u,0.6252465844154358, 0.2947368025779724, 0
u,0.6945837736129761, 0.46816590428352356, 0
u,0.6828632950782776, 0.4524224102497101, 0
u,0.8891580104827881, 0.5230509042739868, 0
u,0.6923810839653015, 0.631065309047699, 0
u,0.7007961869239807, 0.5847668051719666, 0
u,0.8891580104827881, 0.5230509042739868, 0
u,0.7007961869239807, 0.5847668051719666, 0
u,0.7016661167144775, 0.5204327702522278, 0
u,0.6703537702560425, 0.6014770865440369, 0
u,0.6257352828979492, 0.6676483750343323, 0
u,0.6670482754707336, 0.539435088634491, 0
u,0.6257352828979492, 0.6676483750343323, 0
u,0.6252465844154358, 0.2947368025779724, 0
u,0.6670482754707336, 0.539435088634491, 0
u,0.7016661167144775, 0.5204327702522278, 0
u,0.6945837736129761, 0.46816590428352356, 0
u,0.8888490796089172, 0.2947368025779724, 0
u,0.6719887256622314, 0.4805687963962555, 0
u,0.6670482754707336, 0.539435088634491, 0
u,0.6252465844154358, 0.2947368025779724, 0
u,0.6261579990386963, 0.9901549220085144, 0
u,0.6257352828979492, 0.6676483750343323, 0
u,0.6803585290908813, 0.6376646757125854, 0
u,0.6923810839653015, 0.631065309047699, 0
u,0.8891580104827881, 0.5230509042739868, 0
u,0.8897899985313416, 0.9903196096420288, 0
u,0.6261579990386963, 0.9901549220085144, 0
u,0.6803585290908813, 0.6376646757125854, 0
u,0.6923810839653015, 0.631065309047699, 0
u,0.9630445837974548, 0.9849619269371033, 0
u,0.951452374458313, 0.9849619269371033, 0
u,0.951452374458313, 0.49473679065704346, 0
u,0.9746369123458862, 0.9849619269371033, 0
u,0.9630445837974548, 0.9849619269371033, 0
u,0.9630445837974548, 0.49473679065704346, 0
u,0.9746369123458862, 0.9849619269371033, 0
u,0.9746369123458862, 0.49473679065704346, 0
u,0.9862291216850281, 0.49473679065704346, 0
u,0.8934910893440247, 0.9849619269371033, 0
u,0.8934910893440247, 0.49473679065704346, 0
u,0.905083417892456, 0.49473679065704346, 0
u,0.9166756272315979, 0.9849619269371033, 0
u,0.905083417892456, 0.9849619269371033, 0
u,0.905083417892456, 0.49473679065704346, 0
u,0.9166756272315979, 0.9849619269371033, 0
u,0.9166756272315979, 0.49473679065704346, 0
u,0.9282678961753845, 0.49473679065704346, 0
u,0.9398602247238159, 0.9849619269371033, 0
u,0.9282678961753845, 0.9849619269371033, 0
u,0.9282678961753845, 0.49473679065704346, 0
u,0.951452374458313, 0.9849619269371033, 0
u,0.9398602247238159, 0.9849619269371033, 0
u,0.9398602247238159, 0.49473679065704346, 0
u,0.4145619869232178, 0.020962100476026535, 0
u,0.6229994893074036, 0.020962100476026535, 0
u,0.6229994893074036, 1.0, 0
u,0.0, 1.0, 0
u,0.0, 0.020962100476026535, 0
u,0.055253300815820694, 0.020962100476026535, 0
u,0.055253300815820694, 0.020962100476026535, 0
u,0.10303830355405807, 0.020962100476026535, 0
u,0.10303830355405807, 1.0, 0
u,0.31149908900260925, 0.020962100476026535, 0
u,0.31149908900260925, 1.0, 0
u,0.10303830355405807, 1.0, 0
u,0.31149908900260925, 1.0, 0
u,0.31149908900260925, 0.020962100476026535, 0
u,0.38073331117630005, 0.020962100476026535, 0
u,0.38073331117630005, 0.020962100476026535, 0
u,0.4145619869232178, 0.020962100476026535, 0
u,0.4145619869232178, 1.0, 0
