s,98.98828125, 69.2763671875, -2.1752333641052246
b,104.1259765625, 76.5, 6.543169975280762
v,103.787353515625, 71.80078125, 6.371085166931152
v,103.103271484375, 74.87890625, 6.371110916137695
v,103.103271484375, 74.87890625, 6.3156023025512695
v,103.787353515625, 71.80078125, 6.315576553344727
v,101.642822265625, 76.103515625, -2.1750411987304688
v,102.6904296875, 76.5, -2.1749954223632812
v,102.874267578125, 75.9453125, -2.174999237060547
v,102.91015625, 75.962890625, -2.174997329711914
v,103.132080078125, 74.953125, -2.1750078201293945
v,103.15380859375, 74.9580078125, -2.175006866455078
v,103.866943359375, 71.7509765625, -2.1750335693359375
v,103.80029296875, 71.736328125, -2.1750364303588867
v,104.1259765625, 70.2666015625, -2.175046443939209
v,99.464599609375, 69.2763671875, -2.1752285957336426
v,99.251708984375, 69.4677734375, -2.1752333641052246
v,98.988525390625, 75.111328125, -2.17515230178833
v,101.642333984375, 76.1044921875, -2.1750411987304688
v,101.8828125, 75.4697265625, 5.056963920593262
v,101.8759765625, 75.48828125, 5.056842803955078
v,101.979248046875, 75.513671875, 4.992152214050293
v,101.97900390625, 75.5146484375, 4.992038726806641
v,102.813720703125, 75.9169921875, 4.425230026245117
v,102.649169921875, 76.4130859375, 4.40825080871582
v,101.666259765625, 76.041015625, 5.05314826965332
v,101.864013671875, 75.5205078125, 5.056631088256836
v,101.6748046875, 76.0029296875, 5.056632995605469
v,101.874755859375, 75.4677734375, 5.06218147277832
v,102.813720703125, 75.9169921875, 4.480738639831543
v,102.874267578125, 75.9453125, 4.439641952514648
v,102.690185546875, 76.5, 4.420686721801758
v,101.642578125, 76.1025390625, 5.108240127563477
v,101.665771484375, 76.0419921875, 5.108647346496582
v,101.660888671875, 76.0400390625, 5.111757278442383
v,101.661376953125, 76.0390625, 5.111771583557129
v,102.649169921875, 76.4130859375, 4.463759422302246
v,100.5869140625, 75.638671875, 5.056588172912598
v,101.24853515625, 72.638671875, 5.056558609008789
v,101.8056640625, 72.7626953125, 5.056581497192383
v,102.048095703125, 71.6630859375, 5.056572914123535
v,101.49072265625, 71.5400390625, 5.056550979614258
v,101.86279296875, 69.8544921875, 5.0565385818481445
v,104.046142578125, 70.318359375, 5.056626319885254
v,103.73486328125, 71.7216796875, 5.056634902954102
v,102.68212890625, 71.486328125, 5.05659294128418
v,101.963134765625, 74.6923828125, 5.056619644165039
v,102.1513671875, 74.734375, 5.05662727355957
v,101.99365234375, 75.4482421875, 5.056633949279785
v,101.899658203125, 75.42578125, 5.0566301345825195
v,101.8828125, 75.4697265625, 5.056631088256836
v,101.874755859375, 75.4677734375, 5.0566301345825195
v,101.6748046875, 76.0029296875, 5.056632995605469
v,101.864013671875, 75.5205078125, 5.056631088256836
v,101.666259765625, 76.041015625, 5.056633949279785
v,101.661376953125, 76.0390625, 5.056632995605469
v,101.660888671875, 76.0400390625, 5.056633949279785
v,101.86279296875, 69.8544921875, 5.0565385818481445
v,101.49072265625, 71.5400390625, 5.056550979614258
v,101.24853515625, 72.638671875, 5.056558609008789
v,100.5869140625, 75.638671875, 5.056588172912598
v,99.057373046875, 75.06640625, 5.056524276733398
v,99.316650390625, 69.4990234375, 5.05644416809082
v,99.48388671875, 69.3486328125, 5.056447982788086
v,101.99365234375, 75.4482421875, 5.112143516540527
v,101.979248046875, 75.513671875, 5.112143516540527
v,101.8759765625, 75.48828125, 5.112139701843262
v,101.899658203125, 75.42578125, 5.112138748168945
v,104.125732421875, 70.2666015625, 5.1121368408203125
v,103.800048828125, 71.736328125, 5.112147331237793
v,103.73486328125, 71.7216796875, 5.112143516540527
v,104.046142578125, 70.318359375, 5.11213493347168
v,99.48388671875, 69.3486328125, 5.111956596374512
v,99.316650390625, 69.4990234375, 5.111952781677246
v,99.05712890625, 75.06640625, 5.112032890319824
v,101.665771484375, 76.0419921875, 5.112142562866211
v,101.64208984375, 76.1044921875, 5.112142562866211
v,98.98828125, 75.111328125, 5.112030982971191
v,99.251220703125, 69.4677734375, 5.111949920654297
v,99.46435546875, 69.2763671875, 5.111954689025879
v,102.1513671875, 74.734375, 5.593951225280762
v,103.1318359375, 74.953125, 5.593991279602051
v,102.909912109375, 75.962890625, 5.594001770019531
v,101.978759765625, 75.5146484375, 5.593958854675293
v,101.49072265625, 71.5400390625, 5.751520156860352
v,102.048095703125, 71.6630859375, 5.751542091369629
v,101.8056640625, 72.7626953125, 5.751550674438477
v,101.248291015625, 72.638671875, 5.751528739929199
v,102.732666015625, 71.56640625, 6.371042251586914
v,102.04248046875, 74.6416015625, 6.371068000793457
v,103.10302734375, 74.87890625, 6.371110916137695
v,103.153564453125, 74.9580078125, 6.3711137771606445
v,101.963134765625, 74.6923828125, 6.371066093444824
v,102.68212890625, 71.486328125, 6.371039390563965
v,103.86669921875, 71.7509765625, 6.371087074279785
v,103.787109375, 71.80078125, 6.371085166931152
v,102.965087890625, 71.6171875, 6.315543174743652
v,102.48876953125, 73.7958984375, 6.315560340881348
v,102.372802734375, 74.3271484375, 6.315566062927246
v,102.2919921875, 74.697265625, 6.315568923950195
v,102.04248046875, 74.6416015625, 6.315558433532715
v,102.732666015625, 71.56640625, 6.315533638000488
v,102.848876953125, 74.4306640625, 6.315585136413574
v,102.965087890625, 73.900390625, 6.315580368041992
v,102.48876953125, 73.7958984375, 6.315560340881348
v,102.965087890625, 71.6171875, 6.315543174743652
v,103.787109375, 71.80078125, 6.315576553344727
v,103.10302734375, 74.87890625, 6.3156023025512695
v,102.2919921875, 74.697265625, 6.315568923950195
v,102.372802734375, 74.3271484375, 6.315566062927246
v,103.10302734375, 74.87890625, 6.371110916137695
v,103.787109375, 71.80078125, 6.371085166931152
v,103.86669921875, 71.7509765625, 6.371087074279785
v,103.153564453125, 74.9580078125, 6.3711137771606445
v,102.48876953125, 73.7958984375, 6.543146133422852
v,102.965087890625, 73.900390625, 6.543166160583496
v,102.848876953125, 74.4306640625, 6.543169975280762
v,102.372802734375, 74.3271484375, 6.54315185546875
v,101.874755859375, 75.4677734375, 5.0566301345825195
v,101.8828125, 75.4697265625, 5.056631088256836
v,101.8828125, 75.4697265625, 5.056963920593262
v,101.874755859375, 75.4677734375, 5.06218147277832
v,101.6748046875, 76.0029296875, 5.056632995605469
v,101.874755859375, 75.4677734375, 5.0566301345825195
v,101.874755859375, 75.4677734375, 5.06218147277832
v,101.661376953125, 76.0390625, 5.056632995605469
v,101.666259765625, 76.041015625, 5.056633949279785
v,101.666259765625, 76.041015625, 5.05314826965332
v,102.649169921875, 76.4130859375, 4.40825080871582
v,102.649169921875, 76.4130859375, 4.463759422302246
v,101.661376953125, 76.0390625, 5.111771583557129
v,101.660888671875, 76.0400390625, 5.111757278442383
v,101.660888671875, 76.0400390625, 5.056633949279785
v,101.661376953125, 76.0390625, 5.056632995605469
v,101.661376953125, 76.0390625, 5.111771583557129
v,102.813720703125, 75.9169921875, 4.425230026245117
v,102.813720703125, 75.9169921875, 4.480738639831543
v,102.649169921875, 76.4130859375, 4.463759422302246
v,102.649169921875, 76.4130859375, 4.40825080871582
v,101.642822265625, 76.103515625, -2.1750411987304688
v,101.642578125, 76.1025390625, 5.108240127563477
v,102.690185546875, 76.5, 4.420686721801758
v,102.6904296875, 76.5, -2.1749954223632812
v,102.874267578125, 75.9453125, 4.439641952514648
v,102.874267578125, 75.9453125, -2.174999237060547
v,102.6904296875, 76.5, -2.1749954223632812
v,102.690185546875, 76.5, 4.420686721801758
v,101.642333984375, 76.1044921875, -2.1750411987304688
v,101.64208984375, 76.1044921875, 5.112142562866211
v,101.665771484375, 76.0419921875, 5.112142562866211
v,101.665771484375, 76.0419921875, 5.108647346496582
v,101.642578125, 76.1025390625, 5.108240127563477
v,101.642822265625, 76.103515625, -2.1750411987304688
v,103.80029296875, 71.736328125, -2.1750364303588867
v,103.800048828125, 71.736328125, 5.112147331237793
v,104.125732421875, 70.2666015625, 5.1121368408203125
v,104.1259765625, 70.2666015625, -2.175046443939209
v,104.1259765625, 70.2666015625, -2.175046443939209
v,104.125732421875, 70.2666015625, 5.1121368408203125
v,99.46435546875, 69.2763671875, 5.111954689025879
v,99.464599609375, 69.2763671875, -2.1752285957336426
v,99.464599609375, 69.2763671875, -2.1752285957336426
v,99.46435546875, 69.2763671875, 5.111954689025879
v,99.251220703125, 69.4677734375, 5.111949920654297
v,99.251708984375, 69.4677734375, -2.1752333641052246
v,98.988525390625, 75.111328125, -2.17515230178833
v,99.251708984375, 69.4677734375, -2.1752333641052246
v,99.251220703125, 69.4677734375, 5.111949920654297
v,98.98828125, 75.111328125, 5.112030982971191
v,98.988525390625, 75.111328125, -2.17515230178833
v,98.98828125, 75.111328125, 5.112030982971191
v,101.64208984375, 76.1044921875, 5.112142562866211
v,101.642333984375, 76.1044921875, -2.1750411987304688
v,101.864013671875, 75.5205078125, 5.056631088256836
v,101.666259765625, 76.041015625, 5.05314826965332
v,101.666259765625, 76.041015625, 5.056633949279785
v,101.979248046875, 75.513671875, 5.112143516540527
v,101.979248046875, 75.513671875, 4.992152214050293
v,101.8759765625, 75.48828125, 5.056842803955078
v,101.8759765625, 75.48828125, 5.112139701843262
v,101.8759765625, 75.48828125, 5.056842803955078
v,101.8828125, 75.4697265625, 5.056963920593262
v,101.8828125, 75.4697265625, 5.056631088256836
v,101.899658203125, 75.42578125, 5.0566301345825195
v,101.899658203125, 75.42578125, 5.112138748168945
v,101.8759765625, 75.48828125, 5.112139701843262
v,101.99365234375, 75.4482421875, 5.056633949279785
v,101.99365234375, 75.4482421875, 5.112143516540527
v,101.899658203125, 75.42578125, 5.112138748168945
v,101.899658203125, 75.42578125, 5.0566301345825195
v,103.73486328125, 71.7216796875, 5.112143516540527
v,103.73486328125, 71.7216796875, 5.056634902954102
v,104.046142578125, 70.318359375, 5.056626319885254
v,104.046142578125, 70.318359375, 5.11213493347168
v,99.48388671875, 69.3486328125, 5.111956596374512
v,104.046142578125, 70.318359375, 5.11213493347168
v,104.046142578125, 70.318359375, 5.056626319885254
v,101.86279296875, 69.8544921875, 5.0565385818481445
v,99.48388671875, 69.3486328125, 5.056447982788086
v,99.316650390625, 69.4990234375, 5.111952781677246
v,99.48388671875, 69.3486328125, 5.111956596374512
v,99.48388671875, 69.3486328125, 5.056447982788086
v,99.316650390625, 69.4990234375, 5.05644416809082
v,99.05712890625, 75.06640625, 5.112032890319824
v,99.316650390625, 69.4990234375, 5.111952781677246
v,99.316650390625, 69.4990234375, 5.05644416809082
v,99.057373046875, 75.06640625, 5.056524276733398
v,101.665771484375, 76.0419921875, 5.112142562866211
v,99.05712890625, 75.06640625, 5.112032890319824
v,99.057373046875, 75.06640625, 5.056524276733398
v,100.5869140625, 75.638671875, 5.056588172912598
v,101.660888671875, 76.0400390625, 5.056633949279785
v,101.660888671875, 76.0400390625, 5.111757278442383
v,101.665771484375, 76.0419921875, 5.108647346496582
v,101.978759765625, 75.5146484375, 5.593958854675293
v,102.909912109375, 75.962890625, 5.594001770019531
v,102.91015625, 75.962890625, -2.174997329711914
v,102.874267578125, 75.9453125, -2.174999237060547
v,102.874267578125, 75.9453125, 4.439641952514648
v,102.813720703125, 75.9169921875, 4.480738639831543
v,102.813720703125, 75.9169921875, 4.425230026245117
v,101.97900390625, 75.5146484375, 4.992038726806641
v,102.909912109375, 75.962890625, 5.594001770019531
v,103.1318359375, 74.953125, 5.593991279602051
v,103.132080078125, 74.953125, -2.1750078201293945
v,102.91015625, 75.962890625, -2.174997329711914
v,101.979248046875, 75.513671875, 5.112143516540527
v,101.99365234375, 75.4482421875, 5.112143516540527
v,101.99365234375, 75.4482421875, 5.056633949279785
v,102.1513671875, 74.734375, 5.05662727355957
v,102.1513671875, 74.734375, 5.593951225280762
v,101.978759765625, 75.5146484375, 5.593958854675293
v,101.97900390625, 75.5146484375, 4.992038726806641
v,101.979248046875, 75.513671875, 4.992152214050293
v,101.8056640625, 72.7626953125, 5.056581497192383
v,101.24853515625, 72.638671875, 5.056558609008789
v,101.248291015625, 72.638671875, 5.751528739929199
v,101.8056640625, 72.7626953125, 5.751550674438477
v,102.048095703125, 71.6630859375, 5.751542091369629
v,102.048095703125, 71.6630859375, 5.056572914123535
v,101.8056640625, 72.7626953125, 5.056581497192383
v,101.8056640625, 72.7626953125, 5.751550674438477
v,101.49072265625, 71.5400390625, 5.751520156860352
v,101.49072265625, 71.5400390625, 5.056550979614258
v,102.048095703125, 71.6630859375, 5.056572914123535
v,102.048095703125, 71.6630859375, 5.751542091369629
v,101.248291015625, 72.638671875, 5.751528739929199
v,101.24853515625, 72.638671875, 5.056558609008789
v,101.49072265625, 71.5400390625, 5.056550979614258
v,101.49072265625, 71.5400390625, 5.751520156860352
v,101.963134765625, 74.6923828125, 6.371066093444824
v,103.153564453125, 74.9580078125, 6.3711137771606445
v,103.15380859375, 74.9580078125, -2.175006866455078
v,103.132080078125, 74.953125, -2.1750078201293945
v,103.1318359375, 74.953125, 5.593991279602051
v,102.1513671875, 74.734375, 5.593951225280762
v,102.1513671875, 74.734375, 5.05662727355957
v,101.963134765625, 74.6923828125, 5.056619644165039
v,103.153564453125, 74.9580078125, 6.3711137771606445
v,103.86669921875, 71.7509765625, 6.371087074279785
v,103.866943359375, 71.7509765625, -2.1750335693359375
v,103.15380859375, 74.9580078125, -2.175006866455078
v,103.73486328125, 71.7216796875, 5.112143516540527
v,103.800048828125, 71.736328125, 5.112147331237793
v,103.80029296875, 71.736328125, -2.1750364303588867
v,103.866943359375, 71.7509765625, -2.1750335693359375
v,103.86669921875, 71.7509765625, 6.371087074279785
v,102.68212890625, 71.486328125, 6.371039390563965
v,102.68212890625, 71.486328125, 5.05659294128418
v,103.73486328125, 71.7216796875, 5.056634902954102
v,101.963134765625, 74.6923828125, 6.371066093444824
v,101.963134765625, 74.6923828125, 5.056619644165039
v,102.68212890625, 71.486328125, 5.05659294128418
v,102.68212890625, 71.486328125, 6.371039390563965
v,102.732666015625, 71.56640625, 6.371042251586914
v,103.787109375, 71.80078125, 6.371085166931152
v,103.787109375, 71.80078125, 6.315576553344727
v,102.965087890625, 71.6171875, 6.315543174743652
v,102.732666015625, 71.56640625, 6.315533638000488
v,102.04248046875, 74.6416015625, 6.371068000793457
v,102.732666015625, 71.56640625, 6.371042251586914
v,102.732666015625, 71.56640625, 6.315533638000488
v,102.04248046875, 74.6416015625, 6.315558433532715
v,103.10302734375, 74.87890625, 6.371110916137695
v,102.04248046875, 74.6416015625, 6.371068000793457
v,102.04248046875, 74.6416015625, 6.315558433532715
v,102.2919921875, 74.697265625, 6.315568923950195
v,103.10302734375, 74.87890625, 6.3156023025512695
v,102.848876953125, 74.4306640625, 6.315585136413574
v,102.372802734375, 74.3271484375, 6.315566062927246
v,102.372802734375, 74.3271484375, 6.54315185546875
v,102.848876953125, 74.4306640625, 6.543169975280762
v,102.965087890625, 73.900390625, 6.543166160583496
v,102.965087890625, 73.900390625, 6.315580368041992
v,102.848876953125, 74.4306640625, 6.315585136413574
v,102.848876953125, 74.4306640625, 6.543169975280762
v,102.48876953125, 73.7958984375, 6.543146133422852
v,102.48876953125, 73.7958984375, 6.315560340881348
v,102.965087890625, 73.900390625, 6.315580368041992
v,102.965087890625, 73.900390625, 6.543166160583496
v,102.372802734375, 74.3271484375, 6.54315185546875
v,102.372802734375, 74.3271484375, 6.315566062927246
v,102.48876953125, 73.7958984375, 6.315560340881348
v,102.48876953125, 73.7958984375, 6.543146133422852
i,0,2,3
i,15,4,8
i,24,26,18
i,31,33,34
i,45,46,47
i,60,61,56
i,63,65,62
i,71,72,76
i,79,81,78
i,83,85,82
i,86,87,90
i,95,96,98
i,100,101,105
i,108,110,111
i,113,115,112
i,116,118,119
i,120,121,122
i,127,128,124
i,129,131,132
i,133,135,136
i,137,139,140
i,142,144,141
i,147,148,149
i,151,153,154
i,155,157,158
i,160,162,159
i,163,165,166
i,168,170,167
i,171,172,173
i,174,176,177
i,182,183,179
i,184,186,187
i,189,191,188
i,193,194,195
i,197,199,200
i,202,204,201
i,210,211,205
i,213,217,219
i,221,223,220
i,224,225,229
i,232,234,235
i,236,238,239
i,240,242,243
i,245,247,244
i,248,249,253
i,257,259,256
i,260,261,264
i,269,271,268
i,273,274,275
i,278,280,277
i,282,283,284
i,286,288,289
i,290,292,293
i,294,296,297
i,299,301,298
i,0,1,2
i,4,5,6
i,6,7,8
i,8,9,10
i,11,12,13
i,8,10,11
i,4,6,8
i,15,16,4
i,13,14,11
i,14,15,11
i,8,11,15
i,26,17,18
i,18,19,20
i,20,21,22
i,22,23,20
i,23,24,20
i,24,25,26
i,18,20,24
i,34,27,28
i,29,30,34
i,30,31,34
i,31,32,33
i,34,28,29
i,54,35,50
i,35,36,44
i,44,36,37
i,54,50,53
i,51,52,50
i,52,53,50
i,50,35,49
i,38,39,40
i,37,38,43
i,35,44,47
i,47,48,49
i,44,37,43
i,49,35,47
i,38,40,43
i,40,41,43
i,41,42,43
i,44,45,47
i,61,55,56
i,56,57,60
i,57,58,59
i,59,60,57
i,63,64,65
i,66,67,69
i,67,68,69
i,73,74,72
i,74,75,72
i,77,66,69
i,77,69,70
i,72,75,76
i,77,70,76
i,70,71,76
i,79,80,81
i,83,84,85
i,87,88,89
i,91,92,93
i,91,93,86
i,87,89,90
i,91,86,90
i,99,94,95
i,96,97,98
i,99,95,98
i,101,102,103
i,103,104,101
i,104,105,101
i,105,106,100
i,106,107,100
i,108,109,110
i,113,114,115
i,116,117,118
i,128,123,124
i,124,125,127
i,125,126,127
i,129,130,131
i,133,134,135
i,137,138,139
i,142,143,144
i,150,145,149
i,145,146,149
i,146,147,149
i,151,152,153
i,155,156,157
i,160,161,162
i,163,164,165
i,168,169,170
i,174,175,176
i,183,178,179
i,179,180,181
i,181,182,179
i,184,185,186
i,189,190,191
i,196,192,195
i,192,193,195
i,197,198,199
i,202,203,204
i,205,206,210
i,206,207,208
i,208,209,210
i,206,208,210
i,219,212,213
i,213,214,216
i,214,215,216
i,217,218,219
i,213,216,217
i,221,222,223
i,225,226,227
i,227,228,225
i,228,229,225
i,229,230,224
i,230,231,224
i,232,233,234
i,236,237,238
i,240,241,242
i,245,246,247
i,249,250,252
i,250,251,252
i,254,255,253
i,255,248,253
i,249,252,253
i,257,258,259
i,261,262,263
i,264,265,260
i,265,266,260
i,266,267,260
i,261,263,264
i,269,270,271
i,276,272,275
i,272,273,275
i,278,279,280
i,285,281,284
i,281,282,284
i,286,287,288
i,290,291,292
i,294,295,296
i,299,300,301
n,-4.396468639373779, -0.9773716330528259, 0.0
n,0.00015987729420885444, 7.603229460073635e-05, -4.50379753112793
n,2.2457547187805176, 0.8596983551979065, 3.8081095218658447
n,2.0928847789764404, 1.1102430820465088, 3.830324411392212
n,-0.00018315500346943736, -8.325653470819816e-05, 4.50379753112793
n,-0.0001665390154812485, -5.809882713947445e-05, 4.50379753112793
n,-0.00017957774980459362, -9.815029625315219e-05, 4.50379753112793
n,-0.00014105820446275175, -7.166917202994227e-05, 4.50379753112793
n,-0.00016492193390149623, -8.044847345445305e-05, 4.50379753112793
n,-0.00016239356773439795, -7.053781155264005e-05, 4.50379753112793
n,-0.00013913455768488348, -6.843302980996668e-05, 4.50379753112793
n,-0.0001686644391156733, -7.998089859029278e-05, 4.50379753112793
n,-0.00016195120406337082, -7.851374539313838e-05, 4.50379753112793
n,-0.00017903921252582222, -7.786876085447147e-05, 4.50379753112793
n,-0.00016686519666109234, -7.958767673699185e-05, 4.50379753112793
n,1.3894426822662354, -4.284114837646484, 0.0
n,-4.219000339508057, -1.5761419534683228, 0.0
n,1.5975415706634521, -4.210940837860107, 0.005735157523304224
n,-4.028319358825684, -2.014159679412842, 0.0
n,-4.274728298187256, -1.4180588722229004, 0.0
n,-1.5936108827590942, 4.212433338165283, -5.238944140728563e-05
n,4.274678707122803, 1.418208122253418, 0.0001401258778059855
n,4.207075119018555, 1.6077035665512085, 0.0
n,4.397067546844482, 0.9746747016906738, 0.0001308352075284347
n,0.9360900521278381, -4.40544319152832, 2.7853457140736282e-05
n,-3.014953851699829, -3.3457798957824707, -8.971025818027556e-05
n,-4.49891471862793, -0.20966587960720062, -0.00013386567297857255
n,-1.5772705078125, 4.218578815460205, -4.693185110227205e-05
n,4.210075855255127, 1.5998287200927734, 0.0
n,-1.0642454624176025, 4.376251220703125, 0.0
n,-4.207353115081787, -1.6069751977920532, 0.0013778498396277428
n,1.0518295764923096, -4.379251956939697, 0.0
n,-4.397011756896973, -0.9749245643615723, 0.0
n,-0.9362950325012207, 4.405399322509766, 0.0
n,3.017909049987793, 3.3431148529052734, 0.0
n,4.498877048492432, 0.2097347527742386, 0.01757373847067356
n,1.5391415357589722, -4.232639312744141, 0.0
n,-1.952160120010376, 4.058726787567139, 0.0012288122670724988
n,4.398672580718994, 0.9674055576324463, 0.00012276589404791594
n,-4.398608684539795, -0.9676938056945801, -0.0004750805674120784
n,-0.9719371795654297, 4.397673606872559, 0.0
n,4.398054599761963, 0.9702101349830627, 0.0
n,0.9719371795654297, -4.397673606872559, 0.0
n,-4.398054122924805, -0.9702101349830627, -0.001372195896692574
n,-0.9829425811767578, 4.395226001739502, 0.0020332650747150183
n,4.396430015563965, 0.9775458574295044, 0.00011154556705150753
n,0.9956051707267761, -4.392375469207764, -0.0013718117261305451
n,-4.394546031951904, -0.9859787225723267, -0.0007249239715747535
n,-0.9829007983207703, 4.395236015319824, 0.0
n,4.394505500793457, 0.9861611723899841, 0.0
n,0.9786298274993896, -4.396188735961914, 0.0
n,-0.961730420589447, 4.399916648864746, 0.0
n,4.399947643280029, 0.9615898728370667, 0.0
n,0.961730420589447, -4.399916648864746, 0.0
n,-4.399947166442871, -0.9615899324417114, 0.0
n,-4.396468639373779, -0.9773716330528259, 0.0
n,0.00016427409718744457, 8.547447214368731e-05, -4.50379753112793
n,0.0001728338102111593, 8.335423626704141e-05, -4.50379753112793
n,0.00015848089242354035, 7.270293281180784e-05, -4.50379753112793
n,0.00016236334340646863, 6.584840593859553e-05, -4.50379753112793
n,0.00018264443497173488, 7.824805652489886e-05, -4.50379753112793
n,0.00016369811783079058, 8.09804696473293e-05, -4.50379753112793
n,0.00015864787565078586, 7.932393782539293e-05, -4.50379753112793
n,0.00016066708485595882, 6.883838796056807e-05, -4.50379753112793
n,0.0001589399907970801, 7.230203482322395e-05, -4.50379753112793
n,0.00015978030569385737, 7.349984662141651e-05, -4.50379753112793
n,2.2085163593292236, 0.8667969703674316, 3.8282251358032227
n,2.277235984802246, 0.5345953702926636, 3.8487133979797363
n,2.1936047077178955, 0.8590563535690308, 3.8385298252105713
n,2.1932942867279053, 0.8593593835830688, 3.838639497756958
n,2.192582368850708, 0.8588756322860718, 3.8391547203063965
n,2.162747621536255, 0.8479702472686768, 3.8584530353546143
n,2.193676233291626, 0.840571939945221, 3.8425791263580322
n,2.1983842849731445, 0.8605368137359619, 3.8354625701904297
n,2.1908295154571533, 0.8656635880470276, 3.8386306762695312
n,2.191622257232666, 0.8632720708847046, 3.838716745376587
n,2.092979907989502, 1.110079288482666, 3.830320119857788
n,2.1983580589294434, 0.8605232238769531, 3.8354809284210205
n,-0.0001348055520793423, -0.00015244485985022038, 4.50379753112793
n,-0.00015921011799946427, -7.836254371795803e-05, 4.50379753112793
n,-0.00016085321840364486, -7.7790544310119e-05, 4.50379753112793
n,0.033585499972105026, 0.012394648045301437, 4.503655433654785
n,-0.0005105099407956004, -0.00021598498278763145, 4.50379753112793
n,-0.0007050613057799637, -0.000260201224591583, 4.50379753112793
n,-0.0001588237937539816, -8.071897173067555e-05, 4.50379753112793
n,-0.00016303131997119635, -6.765215948689729e-05, 4.50379753112793
n,-0.00016413808043580502, -7.092264422681183e-05, 4.50379753112793
n,-0.00015760819951537997, -7.603271660627797e-05, 4.50379753112793
n,-0.0003981433401349932, -0.00023847127158660442, 4.50379753112793
n,-0.00017272229888476431, -7.682101568207145e-05, 4.50379753112793
n,-0.0001609007886145264, -9.637286711949855e-05, 4.50379753112793
n,-0.00016322030569426715, -6.763281999155879e-05, 4.50379753112793
n,-0.00016587467689532787, -6.630035204580054e-05, 4.50379753112793
n,-0.00016627609147690237, -6.676896009594202e-05, 4.50379753112793
n,-0.00016510032583028078, -7.668141188332811e-05, 4.50379753112793
n,-0.00015745109703857452, -6.642072548856959e-05, 4.50379753112793
n,-0.00015617879398632795, -6.913601100677624e-05, 4.50379753112793
n,-0.0001578588125994429, -7.80644768383354e-05, 4.50379753112793
n,-0.00015129598614294082, -7.214055949589238e-05, 4.50379753112793
n,-0.0001551465247757733, -0.00012034401152050123, 4.50379753112793
n,-0.00019108432752545923, -7.351300882874057e-05, 4.50379753112793
n,-0.0002168945356970653, -7.799230661476031e-05, 4.50379753112793
n,-0.00016526294348295778, -6.254743493627757e-05, 4.50379753112793
n,-0.00016024398792069405, -7.505493704229593e-05, 4.50379753112793
n,-0.00016796494310256094, -3.7560406781267375e-05, 4.50379753112793
n,-0.0001624197029741481, -6.195231253514066e-05, 4.50379753112793
n,-0.00015841767890378833, -7.227158494060859e-05, 4.50379753112793
n,-0.00016309697821270674, -6.176864553708583e-05, 4.50379753112793
n,-0.00015412774519063532, -4.43501521658618e-05, 4.50379753112793
n,-0.00016555831825826317, -8.175412949640304e-05, 4.50379753112793
n,-0.00016239356773439795, -7.053781155264005e-05, 4.50379753112793
n,-0.00016392525867559016, -8.743818762013689e-05, 4.50379753112793
n,-0.00015829145559109747, -9.873726958176121e-05, 4.50379753112793
n,-0.00017759937327355146, -3.0973438697401434e-05, 4.50379753112793
n,-0.00015995564172044396, -0.00010136985656572506, 4.50379753112793
n,-0.00012423186853993684, -6.476318230852485e-05, 4.50379753112793
n,-0.00016466127999592572, -7.275560346897691e-05, 4.50379753112793
n,-0.00016632136248517781, -7.752324745524675e-05, 4.50379753112793
n,-0.00015243831148836762, -7.141849346226081e-05, 4.50379753112793
n,-0.00016818998847156763, -7.352681132033467e-05, 4.50379753112793
n,-0.00016913704166654497, -7.352681132033467e-05, 4.50379753112793
n,-0.00017659123113844544, -7.644687866559252e-05, 4.50379753112793
n,-0.0001664298033574596, -7.59706599637866e-05, 4.50379753112793
n,-0.00016727109323255718, -7.773064862703905e-05, 4.50379753112793
n,-0.0001389042881783098, -6.806875171605498e-05, 4.50379753112793
n,-0.0001607183221494779, -7.105763506842777e-05, 4.50379753112793
n,1.3894426822662354, -4.284114837646484, 0.0
n,1.5391416549682617, -4.232639312744141, 0.0
n,1.5945173501968384, -4.212090492248535, 0.0
n,1.5945173501968384, -4.212090492248535, 0.0
n,-4.028318881988525, -2.0141594409942627, 0.0
n,-4.274728298187256, -1.4180588722229004, 0.0
n,-1.5963997840881348, 4.2113776206970215, 0.0004539819492492825
n,4.274680137634277, 1.4182037115097046, 0.0001405287184752524
n,4.028319358825684, 2.014159679412842, 0.00035978181404061615
n,4.369394302368164, 1.0920560359954834, 0.00013001177285332233
n,4.206212997436523, 1.5919348001480103, -0.24022169411182404
n,4.397067546844482, 0.9746747016906738, 0.0001308352075284347
n,0.9360900521278381, -4.40544319152832, 2.7853457140736282e-05
n,-3.013258457183838, -3.3473074436187744, -0.00017931962793227285
n,-4.49890661239624, -0.2098383605480194, -0.00026773085119202733
n,-1.5772708654403687, 4.218578815460205, -4.693185837822966e-05
n,-1.064245581626892, 4.376251220703125, 0.0
n,-4.208743572235107, -1.6033308506011963, 0.0
n,-4.206780433654785, -1.608474850654602, 0.0
n,-4.206780433654785, -1.608474850654602, 0.0
n,1.0518295764923096, -4.379251956939697, 0.0
n,-4.397011756896973, -0.9749245643615723, 0.0
n,-0.9363265633583069, 4.405392646789551, 0.0
n,-0.9363115429878235, 4.405395984649658, 0.0006771616754122078
n,3.017909049987793, 3.3431148529052734, 0.0
n,4.498919486999512, 0.20956175029277802, 0.0
n,1.565965175628662, -4.190361022949219, -0.5223212838172913
n,1.576339840888977, -4.2189226150512695, 0.006157577503472567
n,1.5773745775222778, -4.218540191650391, 0.0
n,1.576643943786621, -4.218782901763916, 0.015988878905773163
n,-1.9511455297470093, 4.0592145919799805, -0.0007028651889413595
n,-1.9634556770324707, 4.053274154663086, -5.479958053911105e-05
n,-1.9648874998092651, 4.0525803565979, -6.440989091061056e-05
n,-1.9527716636657715, 4.058432579040527, 0.0
n,-1.9269366264343262, 4.0707621574401855, -0.0014494276838377118
n,4.398672580718994, 0.9674055576324463, 0.00012276589404791594
n,-4.397552490234375, -0.972484290599823, 0.0
n,-4.397552490234375, -0.9724843502044678, 0.0
n,-4.397581100463867, -0.9723540544509888, 0.0002023017586907372
n,-4.454006671905518, -0.6678428053855896, -0.001604476012289524
n,-4.469018459320068, -0.5586273074150085, 0.0
n,-0.9722978472709656, 4.3975934982299805, -0.0003033575776498765
n,4.398054599761963, 0.9702101349830627, 0.0
n,0.9719371795654297, -4.397673606872559, 0.0
n,-4.398237228393555, -0.9693825840950012, 0.0
n,-1.050161600112915, 4.37965202331543, -2.664454405021388e-05
n,-1.0510644912719727, 4.3794355392456055, -2.9334960345295258e-05
n,-0.9920103549957275, 4.3931884765625, 0.0
n,-0.9915659427642822, 4.393289089202881, -0.00016356866399291903
n,-0.979892373085022, 4.395906925201416, -0.0020961242262274027
n,4.396430015563965, 0.9775458574295044, 0.00011154556705150753
n,0.9709625244140625, -4.397888660430908, 2.8891088732052594e-05
n,0.9816107153892517, -4.395524024963379, 0.00016740300634410232
n,0.9814200401306152, -4.395566463470459, 0.0
n,0.9814201593399048, -4.395566940307617, 0.0
n,0.9705198407173157, -4.397985935211182, 2.46238851104863e-05
n,-4.3946099281311035, -0.9856957793235779, 0.0
n,-0.9691823720932007, 4.398280620574951, 0.0
n,-0.9798269271850586, 4.395671367645264, -0.046946197748184204
n,4.394505500793457, 0.9861611723899841, 0.0
n,0.9822350740432739, -4.395384788513184, 0.0
n,0.9813829660415649, -4.39555549621582, 0.013003108091652393
n,-0.961730420589447, 4.399916648864746, 0.0
n,4.399947166442871, 0.9615898728370667, 0.0
n,0.961730420589447, -4.399916648864746, 0.0
n,-4.399947166442871, -0.9615898728370667, 0.0
u,0.9813175797462463, 0.5705490112304688, 0
u,0.9846457242965698, 0.3569492995738983, 0
u,0.9846457242965698, 0.5705490112304688, 0
u,0.0, 0.0, 0
u,0.0, 0.0, 0
u,0.0, 0.0, 0
u,0.9435728192329407, 0.5347930192947388, 0
u,0.9400253295898438, 0.5355554819107056, 0
u,0.9413102865219116, 0.5347995162010193, 0
u,0.7073791027069092, 0.17952780425548553, 0
u,0.7069814205169678, 0.1794189065694809, 0
u,0.789694607257843, 0.1794189065694809, 0
u,0.7814661264419556, 0.25740909576416016, 0
u,0.8241479992866516, 0.25779929757118225, 0
u,0.8239802718162537, 0.2641690969467163, 0
u,0.516991376876831, 0.5120357275009155, 0
u,0.5063453912734985, 0.5033258199691772, 0
u,0.6071426272392273, 0.34380239248275757, 0
u,0.8280358910560608, 0.25783491134643555, 0
u,0.8239802718162537, 0.2641690969467163, 0
u,0.8241479992866516, 0.25779929757118225, 0
u,0.516991376876831, 0.5120357275009155, 0
u,0.8379654288291931, 0.4524626135826111, 0
u,0.5160233974456787, 0.5166667103767395, 0
u,0.7820671200752258, 0.19115899503231049, 0
u,0.8281052708625793, 0.25783538818359375, 0
u,0.7814661264419556, 0.25740909576416016, 0
u,0.6073920130729675, 0.3061803877353668, 0
u,0.672820508480072, 0.3443725109100342, 0
u,0.6071426272392273, 0.34380239248275757, 0
u,0.5935273170471191, 0.26333820819854736, 0
u,0.7775036096572876, 0.2656877934932709, 0
u,0.7813506722450256, 0.27012959122657776, 0
u,0.7238243222236633, 0.24849699437618256, 0
u,0.7555165886878967, 0.24870410561561584, 0
u,0.7775036096572876, 0.2656877934932709, 0
u,0.7556784152984619, 0.216560497879982, 0
u,0.723986029624939, 0.21635350584983826, 0
u,0.7781534790992737, 0.1940394937992096, 0
u,0.7781534790992737, 0.1940394937992096, 0
u,0.5903316140174866, 0.18764719367027283, 0
u,0.7820804119110107, 0.18968859314918518, 0
u,0.723986029624939, 0.21635350584983826, 0
u,0.7555165886878967, 0.24870410561561584, 0
u,0.7238243222236633, 0.24849699437618256, 0
u,0.9205641746520996, 0.5296847820281982, 0
u,0.9209914803504944, 0.529703676700592, 0
u,0.9205641746520996, 0.5299999713897705, 0
u,0.891838788986206, 0.5296847820281982, 0
u,0.9205641746520996, 0.5296847820281982, 0
u,0.9205641746520996, 0.5299999713897705, 0
u,0.9576262831687927, 0.5398021936416626, 0
u,0.8849558234214783, 0.5398021936416626, 0
u,0.886900782585144, 0.5368636250495911, 0
u,0.8849558234214783, 0.5211102962493896, 0
u,0.8850294947624207, 0.5179781913757324, 0
u,0.8850294947624207, 0.5211110711097717, 0
u,0.9108105897903442, 0.5334513187408447, 0
u,0.8840649127960205, 0.5366665720939636, 0
u,0.8839725255966187, 0.5334513187408447, 0
u,0.8839725255966187, 1.0, 0
u,0.9462798237800598, 0.5855603218078613, 0
u,0.9462798237800598, 1.0, 0
u,0.9787474870681763, 1.0, 0
u,0.9462798237800598, 0.5855603218078613, 0
u,0.9787474870681763, 0.584368884563446, 0
u,0.8822906017303467, 0.5191192030906677, 0
u,0.8822906017303467, 0.5193498134613037, 0
u,0.8784849047660828, 0.519376814365387, 0
u,0.0, 1.0, 0
u,0.08789840340614319, 0.5191192030906677, 0
u,0.08789840340614319, 1.0, 0
u,0.08789840340614319, 1.0, 0
u,0.36621519923210144, 0.5191192030906677, 0
u,0.36621519923210144, 1.0, 0
u,0.36621519923210144, 0.5191192030906677, 0
u,0.3829745948314667, 1.0, 0
u,0.36621519923210144, 1.0, 0
u,0.7129381895065308, 1.0, 0
u,0.3829745948314667, 0.5191192030906677, 0
u,0.7129381895065308, 0.5191192030906677, 0
u,0.7129381895065308, 0.5191192030906677, 0
u,0.8784006237983704, 1.0, 0
u,0.7129381895065308, 1.0, 0
u,0.9238191246986389, 0.5311111211776733, 0
u,0.8928220868110657, 0.5311111211776733, 0
u,0.8928232789039612, 0.5308917760848999, 0
u,0.8910934925079346, 0.5222222208976746, 0
u,0.8849558234214783, 0.5258275270462036, 0
u,0.8849558234214783, 0.5222222208976746, 0
u,0.9270660877227783, 0.5328692197799683, 0
u,0.9270660877227783, 0.5366665720939636, 0
u,0.9243038296699524, 0.5355728268623352, 0
u,0.9242870807647705, 0.5274022221565247, 0
u,0.9270660877227783, 0.5328692197799683, 0
u,0.9242870807647705, 0.5328692197799683, 0
u,0.9950835704803467, 0.9988889098167419, 0
u,0.9983566999435425, 0.903083086013794, 0
u,0.9983566999435425, 0.9988889098167419, 0
u,0.9983566999435425, 0.903083086013794, 0
u,0.9950835704803467, 0.903083086013794, 0
u,0.9950835704803467, 0.7543460130691528, 0
u,0.9983566999435425, 0.5772665143013, 0
u,0.9950835704803467, 0.5922735929489136, 0
u,0.9950835704803467, 0.5772665143013, 0
u,0.9983566999435425, 0.5772665143013, 0
u,0.9950835704803467, 0.2058694064617157, 0
u,0.9983566999435425, 0.2058694064617157, 0
u,0.9983341097831726, 0.020629899576306343, 0
u,0.9981505870819092, 0.02029220014810562, 0
u,0.9983566999435425, 0.02029220014810562, 0
u,0.44362398982048035, 0.06777630001306534, 0
u,0.3800550103187561, 0.060880400240421295, 0
u,0.4092532992362976, 0.00111109996214509, 0
u,0.44362398982048035, 0.13446779549121857, 0
u,0.0, 0.06777630001306534, 0
u,0.44362398982048035, 0.06777630001306534, 0
u,0.7955408096313477, 0.15629330277442932, 0
u,0.7991216778755188, 0.15629330277442932, 0
u,0.7954769134521484, 0.18555550277233124, 0
u,0.5695310235023499, 0.1387653946876526, 0
u,0.6035302877426147, 0.18555550277233124, 0
u,0.5695310235023499, 0.18555550277233124, 0
u,0.5024582147598267, 0.18555550277233124, 0
u,0.5695310235023499, 0.1387653946876526, 0
u,0.5695310235023499, 0.18555550277233124, 0
u,0.670589029788971, 0.18555550277233124, 0
u,0.7045828104019165, 0.1387653946876526, 0
u,0.7045828104019165, 0.18555550277233124, 0
u,0.6035302877426147, 0.1387653946876526, 0
u,0.670589029788971, 0.18555550277233124, 0
u,0.6035302877426147, 0.18555550277233124, 0
u,0.5011212825775146, 0.13768209517002106, 0
u,0.5011212825775146, 0.21851469576358795, 0
u,0.45555299520492554, 0.1504645049571991, 0
u,0.5011212825775146, 0.4362435042858124, 0
u,0.0, 0.21851469576358795, 0
u,0.5011212825775146, 0.21851469576358795, 0
u,0.4273006021976471, 0.44519639015197754, 0
u,0.4273006021976471, 0.4407827854156494, 0
u,0.5011212825775146, 0.4362435042858124, 0
u,0.9377620816230774, 0.3177778124809265, 0
u,0.8672565817832947, 0.5169525742530823, 0
u,0.8672565817832947, 0.3177778124809265, 0
u,0.9813175797462463, 0.5705490112304688, 0
u,0.9846457242965698, 0.5705490112304688, 0
u,0.9846457242965698, 0.6276412010192871, 0
u,0.9813175797462463, 0.6437634229660034, 0
u,0.9846457242965698, 0.8573685884475708, 0
u,0.9813175797462463, 0.8573685884475708, 0
u,0.9813175797462463, 0.28333330154418945, 0
u,0.9846457242965698, 0.28333330154418945, 0
u,0.9846457242965698, 0.30063489079475403, 0
u,0.9939622282981873, 0.8956369757652283, 0
u,0.9803342819213867, 0.9286205172538757, 0
u,0.9803342819213867, 0.8956369757652283, 0
u,0.9803342819213867, 0.8588889241218567, 0
u,0.9939622282981873, 0.8956369757652283, 0
u,0.9803342819213867, 0.8956369757652283, 0
u,0.9803342819213867, 0.9653685092926025, 0
u,0.9939622282981873, 0.9983518719673157, 0
u,0.9803342819213867, 0.9983518719673157, 0
u,0.9939622282981873, 0.9286205172538757, 0
u,0.9803342819213867, 0.9653685092926025, 0
u,0.9803342819213867, 0.9286205172538757, 0
u,0.9813175797462463, 0.5705490112304688, 0
u,0.9813175797462463, 0.3569492995738983, 0
u,0.9846457242965698, 0.3569492995738983, 0
u,0.0, 0.0, 0
u,0.0, 0.0, 0
u,0.0, 0.0, 0
u,0.0, 0.0, 0
u,0.0, 0.0, 0
u,0.0, 0.0, 0
u,0.0, 0.0, 0
u,0.0, 0.0, 0
u,0.0, 0.0, 0
u,0.0, 0.0, 0
u,0.0, 0.0, 0
u,0.0, 0.0, 0
u,0.0, 0.0, 0
u,0.0, 0.0, 0
u,0.0, 0.0, 0
u,0.0, 0.0, 0
u,0.0, 0.0, 0
u,0.0, 0.0, 0
u,0.0, 0.0, 0
u,0.0, 0.0, 0
u,0.0, 0.0, 0
u,0.0, 0.0, 0
u,0.0, 0.0, 0
u,0.0, 0.0, 0
u,0.0, 0.0, 0
u,0.0, 0.0, 0
u,0.0, 0.0, 0
u,0.0, 0.0, 0
u,0.0, 0.0, 0
u,0.0, 0.0, 0
u,0.9400253295898438, 0.5355554819107056, 0
u,0.9400197267532349, 0.5348030924797058, 0
u,0.9413102865219116, 0.5347995162010193, 0
u,0.9413102865219116, 0.5347995162010193, 0
u,0.9404392838478088, 0.5254607200622559, 0
u,0.940517783164978, 0.5254452228546143, 0
u,0.940517783164978, 0.5254452228546143, 0
u,0.9458485245704651, 0.44375959038734436, 0
u,0.9807276725769043, 0.44168370962142944, 0
u,0.9807276725769043, 0.44168370962142944, 0
u,0.9807276725769043, 0.5346876978874207, 0
u,0.940517783164978, 0.5254452228546143, 0
u,0.9807276725769043, 0.5346876978874207, 0
u,0.9435728192329407, 0.5347930192947388, 0
u,0.940517783164978, 0.5254452228546143, 0
u,0.9435728192329407, 0.5347930192947388, 0
u,0.9781795144081116, 0.5351629853248596, 0
u,0.9400253295898438, 0.5355554819107056, 0
u,0.9413102865219116, 0.5347995162010193, 0
u,0.940517783164978, 0.5254452228546143, 0
u,0.9435728192329407, 0.5347930192947388, 0
u,0.789694607257843, 0.1794189065694809, 0
u,0.787857174873352, 0.14000000059604645, 0
u,0.7930992245674133, 0.1404367983341217, 0
u,0.7951505184173584, 0.18444359302520752, 0
u,0.7073901295661926, 0.18444359302520752, 0
u,0.789694607257843, 0.1794189065694809, 0
u,0.7073901295661926, 0.18444359302520752, 0
u,0.7073791027069092, 0.17952780425548553, 0
u,0.789694607257843, 0.1794189065694809, 0
u,0.7073791027069092, 0.17952780425548553, 0
u,0.7069823145866394, 0.17952939867973328, 0
u,0.7069814205169678, 0.1794189065694809, 0
u,0.789694607257843, 0.1794189065694809, 0
u,0.7930992245674133, 0.1404367983341217, 0
u,0.7951505184173584, 0.18444359302520752, 0
u,0.8619472980499268, 0.2711504101753235, 0
u,0.852056622505188, 0.3459281921386719, 0
u,0.8596590757369995, 0.27076488733291626, 0
u,0.852056622505188, 0.3459281921386719, 0
u,0.672820508480072, 0.3443725109100342, 0
u,0.7813506722450256, 0.27012959122657776, 0
u,0.7813506722450256, 0.27012959122657776, 0
u,0.672820508480072, 0.3443725109100342, 0
u,0.6730837821960449, 0.3067443072795868, 0
u,0.8619472980499268, 0.2711504101753235, 0
u,0.8596590757369995, 0.27076488733291626, 0
u,0.8618627190589905, 0.27113619446754456, 0
u,0.8298060894012451, 0.2651884853839874, 0
u,0.8619077801704407, 0.27080538868904114, 0
u,0.8596590757369995, 0.27076488733291626, 0
u,0.8619077801704407, 0.27080538868904114, 0
u,0.8618627190589905, 0.27113619446754456, 0
u,0.8596590757369995, 0.27076488733291626, 0
u,0.8596590757369995, 0.27076488733291626, 0
u,0.852056622505188, 0.3459281921386719, 0
u,0.8266655802726746, 0.26520639657974243, 0
u,0.6073920130729675, 0.3061803877353668, 0
u,0.6071426272392273, 0.34380239248275757, 0
u,0.5063453912734985, 0.34292760491371155, 0
u,0.6730837821960449, 0.3067443072795868, 0
u,0.6073920130729675, 0.3061803877353668, 0
u,0.5896000862121582, 0.2676807940006256, 0
u,0.852056622505188, 0.3459281921386719, 0
u,0.7813506722450256, 0.27012959122657776, 0
u,0.8239802718162537, 0.2641690969467163, 0
u,0.8239802718162537, 0.2641690969467163, 0
u,0.8267362713813782, 0.2646513879299164, 0
u,0.8266655802726746, 0.26520639657974243, 0
u,0.7813506722450256, 0.27012959122657776, 0
u,0.6730837821960449, 0.3067443072795868, 0
u,0.5896000862121582, 0.2676807940006256, 0
u,0.8266655802726746, 0.26520639657974243, 0
u,0.852056622505188, 0.3459281921386719, 0
u,0.8239802718162537, 0.2641690969467163, 0
u,0.6073920130729675, 0.3061803877353668, 0
u,0.5063453912734985, 0.34292760491371155, 0
u,0.5896000862121582, 0.2676807940006256, 0
u,0.5063453912734985, 0.34292760491371155, 0
u,0.5063453912734985, 0.19572679698467255, 0
u,0.5896000862121582, 0.2676807940006256, 0
u,0.5063453912734985, 0.19572679698467255, 0
u,0.5902501940727234, 0.19655680656433105, 0
u,0.5896000862121582, 0.2676807940006256, 0
u,0.7813506722450256, 0.27012959122657776, 0
u,0.7814661264419556, 0.25740909576416016, 0
u,0.8239802718162537, 0.2641690969467163, 0
u,0.5063453912734985, 0.5033258199691772, 0
u,0.5063453912734985, 0.34292760491371155, 0
u,0.6071426272392273, 0.34380239248275757, 0
u,0.6071426272392273, 0.34380239248275757, 0
u,0.672820508480072, 0.3443725109100342, 0
u,0.516991376876831, 0.5120357275009155, 0
u,0.672820508480072, 0.3443725109100342, 0
u,0.852056622505188, 0.3459281921386719, 0
u,0.8379654288291931, 0.4524626135826111, 0
u,0.8379654288291931, 0.4524626135826111, 0
u,0.516991376876831, 0.5120357275009155, 0
u,0.672820508480072, 0.3443725109100342, 0
u,0.8280358910560608, 0.25783491134643555, 0
u,0.8278512954711914, 0.26484641432762146, 0
u,0.8239802718162537, 0.2641690969467163, 0
u,0.5024582147598267, 0.19129569828510284, 0
u,0.5902904272079468, 0.19216449558734894, 0
u,0.5063453912734985, 0.19572679698467255, 0
u,0.5902904272079468, 0.19216449558734894, 0
u,0.5902501940727234, 0.19655680656433105, 0
u,0.5063453912734985, 0.19572679698467255, 0
u,0.8619909882545471, 0.2708199918270111, 0
u,0.8658323884010315, 0.2714920938014984, 0
u,0.8379654288291931, 0.4524626135826111, 0
u,0.8658323884010315, 0.2714920938014984, 0
u,0.8413910269737244, 0.45627808570861816, 0
u,0.8379654288291931, 0.4524626135826111, 0
u,0.5024582147598267, 0.5055683851242065, 0
u,0.5024582147598267, 0.19129569828510284, 0
u,0.5063453912734985, 0.19572679698467255, 0
u,0.5024582147598267, 0.5055683851242065, 0
u,0.5063453912734985, 0.19572679698467255, 0
u,0.5063453912734985, 0.5033258199691772, 0
u,0.8379654288291931, 0.4524626135826111, 0
u,0.8413910269737244, 0.45627808570861816, 0
u,0.5160233974456787, 0.5166667103767395, 0
u,0.5024582147598267, 0.5055683851242065, 0
u,0.5063453912734985, 0.5033258199691772, 0
u,0.5160233974456787, 0.5166667103767395, 0
u,0.5063453912734985, 0.5033258199691772, 0
u,0.516991376876831, 0.5120357275009155, 0
u,0.5160233974456787, 0.5166667103767395, 0
u,0.7820671200752258, 0.19115899503231049, 0
u,0.8423811793327332, 0.1916431039571762, 0
u,0.8281052708625793, 0.25783538818359375, 0
u,0.6073920130729675, 0.3061803877353668, 0
u,0.6730837821960449, 0.3067443072795868, 0
u,0.672820508480072, 0.3443725109100342, 0
u,0.7775036096572876, 0.2656877934932709, 0
u,0.7781534790992737, 0.1940394937992096, 0
u,0.7820804119110107, 0.18968859314918518, 0
u,0.5896000862121582, 0.2676807940006256, 0
u,0.5903316140174866, 0.18764719367027283, 0
u,0.5941783785820007, 0.19208090007305145, 0
u,0.5896000862121582, 0.2676807940006256, 0
u,0.5941783785820007, 0.19208090007305145, 0
u,0.5935273170471191, 0.26333820819854736, 0
u,0.7775036096572876, 0.2656877934932709, 0
u,0.7820804119110107, 0.18968859314918518, 0
u,0.7813506722450256, 0.27012959122657776, 0
u,0.5896000862121582, 0.2676807940006256, 0
u,0.5935273170471191, 0.26333820819854736, 0
u,0.7813506722450256, 0.27012959122657776, 0
u,0.5935273170471191, 0.26333820819854736, 0
u,0.5936706066131592, 0.24764689803123474, 0
u,0.7238243222236633, 0.24849699437618256, 0
u,0.7555165886878967, 0.24870410561561584, 0
u,0.7776563763618469, 0.24884870648384094, 0
u,0.7775036096572876, 0.2656877934932709, 0
u,0.5935273170471191, 0.26333820819854736, 0
u,0.7238243222236633, 0.24849699437618256, 0
u,0.7775036096572876, 0.2656877934932709, 0
u,0.723986029624939, 0.21635350584983826, 0
u,0.7238243222236633, 0.24849699437618256, 0
u,0.5936706066131592, 0.24764689803123474, 0
u,0.5936706066131592, 0.24764689803123474, 0
u,0.5941783785820007, 0.19208090007305145, 0
u,0.723986029624939, 0.21635350584983826, 0
u,0.5941783785820007, 0.19208090007305145, 0
u,0.7781534790992737, 0.1940394937992096, 0
u,0.723986029624939, 0.21635350584983826, 0
u,0.7781534790992737, 0.1940394937992096, 0
u,0.7776563763618469, 0.24884870648384094, 0
u,0.7556784152984619, 0.216560497879982, 0
u,0.7776563763618469, 0.24884870648384094, 0
u,0.7555165886878967, 0.24870410561561584, 0
u,0.7556784152984619, 0.216560497879982, 0
u,0.7781534790992737, 0.1940394937992096, 0
u,0.5941783785820007, 0.19208090007305145, 0
u,0.5903316140174866, 0.18764719367027283, 0
u,0.723986029624939, 0.21635350584983826, 0
u,0.7556784152984619, 0.216560497879982, 0
u,0.7555165886878967, 0.24870410561561584, 0
u,0.9205641746520996, 0.5296847820281982, 0
u,0.9209914803504944, 0.5296847820281982, 0
u,0.9209914803504944, 0.529703676700592, 0
u,0.8849558234214783, 0.5398021936416626, 0
u,0.8866472244262695, 0.5366876125335693, 0
u,0.886900782585144, 0.5368636250495911, 0
u,0.886900782585144, 0.5368636250495911, 0
u,0.8870077729225159, 0.5366665720939636, 0
u,0.9576262831687927, 0.5398021936416626, 0
u,0.8870077729225159, 0.5366665720939636, 0
u,0.9593290090560913, 0.5366665720939636, 0
u,0.9576262831687927, 0.5398021936416626, 0
u,0.8849558234214783, 0.5211102962493896, 0
u,0.8849558234214783, 0.5179781913757324, 0
u,0.8850294947624207, 0.5179781913757324, 0
u,0.9108105897903442, 0.5334513187408447, 0
u,0.9109029769897461, 0.5366665720939636, 0
u,0.8840649127960205, 0.5366665720939636, 0
u,0.8839725255966187, 1.0, 0
u,0.8839725255966187, 0.5423550009727478, 0
u,0.9462798237800598, 0.5855603218078613, 0
u,0.9787474870681763, 1.0, 0
u,0.9462798237800598, 1.0, 0
u,0.9462798237800598, 0.5855603218078613, 0
u,0.8784849047660828, 1.0, 0
u,0.8784006237983704, 1.0, 0
u,0.8784849047660828, 0.519376814365387, 0
u,0.8784006237983704, 1.0, 0
u,0.8784006237983704, 0.5191192030906677, 0
u,0.8784849047660828, 0.519376814365387, 0
u,0.8784006237983704, 0.5191192030906677, 0
u,0.8822906017303467, 0.5191192030906677, 0
u,0.8784849047660828, 0.519376814365387, 0
u,0.0, 1.0, 0
u,0.0, 0.5191192030906677, 0
u,0.08789840340614319, 0.5191192030906677, 0
u,0.08789840340614319, 1.0, 0
u,0.08789840340614319, 0.5191192030906677, 0
u,0.36621519923210144, 0.5191192030906677, 0
u,0.36621519923210144, 0.5191192030906677, 0
u,0.3829745948314667, 0.5191192030906677, 0
u,0.3829745948314667, 1.0, 0
u,0.7129381895065308, 1.0, 0
u,0.3829745948314667, 1.0, 0
u,0.3829745948314667, 0.5191192030906677, 0
u,0.7129381895065308, 0.5191192030906677, 0
u,0.8784006237983704, 0.5191192030906677, 0
u,0.8784006237983704, 1.0, 0
u,0.8910934925079346, 0.5222222208976746, 0
u,0.8910934925079346, 0.5300456285476685, 0
u,0.8849558234214783, 0.5258275270462036, 0
u,0.9270660877227783, 0.5366665720939636, 0
u,0.9242976903915405, 0.5366665720939636, 0
u,0.9243038296699524, 0.5355728268623352, 0
u,0.9243038296699524, 0.5355728268623352, 0
u,0.9242870807647705, 0.5355728268623352, 0
u,0.9242870807647705, 0.5328692197799683, 0
u,0.9242870807647705, 0.5328692197799683, 0
u,0.9270660877227783, 0.5328692197799683, 0
u,0.9243038296699524, 0.5355728268623352, 0
u,0.9242870807647705, 0.5274022221565247, 0
u,0.9270660877227783, 0.5274022221565247, 0
u,0.9270660877227783, 0.5328692197799683, 0
u,0.9950835704803467, 0.9988889098167419, 0
u,0.9950835704803467, 0.903083086013794, 0
u,0.9983566999435425, 0.903083086013794, 0
u,0.9950835704803467, 0.5922735929489136, 0
u,0.9983566999435425, 0.5922735929489136, 0
u,0.9950835704803467, 0.7543460130691528, 0
u,0.9983566999435425, 0.5922735929489136, 0
u,0.9983566999435425, 0.903083086013794, 0
u,0.9950835704803467, 0.7543460130691528, 0
u,0.9983566999435425, 0.5772665143013, 0
u,0.9983566999435425, 0.5922735929489136, 0
u,0.9950835704803467, 0.5922735929489136, 0
u,0.9983566999435425, 0.5772665143013, 0
u,0.9950835704803467, 0.5772665143013, 0
u,0.9950835704803467, 0.2058694064617157, 0
u,0.9983566999435425, 0.02029220014810562, 0
u,0.9983566999435425, 0.2058694064617157, 0
u,0.9983341097831726, 0.020629899576306343, 0
u,0.9983566999435425, 0.2058694064617157, 0
u,0.9950835704803467, 0.2058694064617157, 0
u,0.9950835704803467, 0.09702739864587784, 0
u,0.9950835704803467, 0.09702739864587784, 0
u,0.9950835704803467, 0.020629899576306343, 0
u,0.9983341097831726, 0.020629899576306343, 0
u,0.9983566999435425, 0.2058694064617157, 0
u,0.9950835704803467, 0.09702739864587784, 0
u,0.9983341097831726, 0.020629899576306343, 0
u,0.4092532992362976, 0.00111109996214509, 0
u,0.44362398982048035, 0.00111109996214509, 0
u,0.44362398982048035, 0.06777630001306534, 0
u,0.44362398982048035, 0.06777630001306534, 0
u,0.0, 0.06777630001306534, 0
u,0.3777081072330475, 0.06521400064229965, 0
u,0.0, 0.06777630001306534, 0
u,0.0, 0.06521400064229965, 0
u,0.3777081072330475, 0.06521400064229965, 0
u,0.3800550103187561, 0.060880400240421295, 0
u,0.3768852949142456, 0.060880400240421295, 0
u,0.4092532992362976, 0.00111109996214509, 0
u,0.44362398982048035, 0.06777630001306534, 0
u,0.3777081072330475, 0.06521400064229965, 0
u,0.3800550103187561, 0.060880400240421295, 0
u,0.44362398982048035, 0.13446779549121857, 0
u,0.0, 0.13446779549121857, 0
u,0.0, 0.06777630001306534, 0
u,0.7991216778755188, 0.15629330277442932, 0
u,0.7991216778755188, 0.15292219817638397, 0
u,0.838433027267456, 0.15292219817638397, 0
u,0.838433027267456, 0.15292219817638397, 0
u,0.838433027267456, 0.18555550277233124, 0
u,0.7991216778755188, 0.15629330277442932, 0
u,0.838433027267456, 0.18555550277233124, 0
u,0.7954769134521484, 0.18555550277233124, 0
u,0.7991216778755188, 0.15629330277442932, 0
u,0.7954769134521484, 0.18555550277233124, 0
u,0.7954769134521484, 0.14899900555610657, 0
u,0.7955408096313477, 0.15629330277442932, 0
u,0.7954769134521484, 0.14899900555610657, 0
u,0.7955408096313477, 0.14900580048561096, 0
u,0.7955408096313477, 0.15629330277442932, 0
u,0.5695310235023499, 0.1387653946876526, 0
u,0.6035302877426147, 0.1387653946876526, 0
u,0.6035302877426147, 0.18555550277233124, 0
u,0.5024582147598267, 0.18555550277233124, 0
u,0.5024582147598267, 0.1387653946876526, 0
u,0.5695310235023499, 0.1387653946876526, 0
u,0.670589029788971, 0.18555550277233124, 0
u,0.670589029788971, 0.1387653946876526, 0
u,0.7045828104019165, 0.1387653946876526, 0
u,0.6035302877426147, 0.1387653946876526, 0
u,0.670589029788971, 0.1387653946876526, 0
u,0.670589029788971, 0.18555550277233124, 0
u,0.5011212825775146, 0.21851469576358795, 0
u,0.0, 0.21851469576358795, 0
u,0.45555299520492554, 0.21703709661960602, 0
u,0.0, 0.21851469576358795, 0
u,0.0, 0.21703709661960602, 0
u,0.45555299520492554, 0.21703709661960602, 0
u,0.42404571175575256, 0.1504645049571991, 0
u,0.42404571175575256, 0.13768209517002106, 0
u,0.45555299520492554, 0.1504645049571991, 0
u,0.42404571175575256, 0.13768209517002106, 0
u,0.5011212825775146, 0.13768209517002106, 0
u,0.45555299520492554, 0.1504645049571991, 0
u,0.5011212825775146, 0.21851469576358795, 0
u,0.45555299520492554, 0.21703709661960602, 0
u,0.45555299520492554, 0.1504645049571991, 0
u,0.5011212825775146, 0.4362435042858124, 0
u,0.0, 0.4362435042858124, 0
u,0.0, 0.21851469576358795, 0
u,0.4273006021976471, 0.4407827854156494, 0
u,0.0, 0.4407827854156494, 0
u,0.0, 0.4362435042858124, 0
u,0.5011212825775146, 0.4362435042858124, 0
u,0.5011212825775146, 0.5166667103767395, 0
u,0.4273006021976471, 0.44519639015197754, 0
u,0.5011212825775146, 0.5166667103767395, 0
u,0.42404571175575256, 0.5166667103767395, 0
u,0.4273006021976471, 0.44519639015197754, 0
u,0.42404571175575256, 0.5166667103767395, 0
u,0.42404571175575256, 0.44519639015197754, 0
u,0.4273006021976471, 0.44519639015197754, 0
u,0.4273006021976471, 0.4407827854156494, 0
u,0.0, 0.4362435042858124, 0
u,0.5011212825775146, 0.4362435042858124, 0
u,0.9377620816230774, 0.3177778124809265, 0
u,0.9377620816230774, 0.5169525742530823, 0
u,0.8672565817832947, 0.5169525742530823, 0
u,0.9846457242965698, 0.6437634229660034, 0
u,0.9813175797462463, 0.6437634229660034, 0
u,0.9846457242965698, 0.6276412010192871, 0
u,0.9813175797462463, 0.6437634229660034, 0
u,0.9813175797462463, 0.5705490112304688, 0
u,0.9846457242965698, 0.6276412010192871, 0
u,0.9813175797462463, 0.6437634229660034, 0
u,0.9846457242965698, 0.6437634229660034, 0
u,0.9846457242965698, 0.8573685884475708, 0
u,0.9846457242965698, 0.3569492995738983, 0
u,0.9813175797462463, 0.3569492995738983, 0
u,0.9846457242965698, 0.30063489079475403, 0
u,0.9813175797462463, 0.3569492995738983, 0
u,0.9813175797462463, 0.28333330154418945, 0
u,0.9846457242965698, 0.30063489079475403, 0
u,0.9939622282981873, 0.8956369757652283, 0
u,0.9939622282981873, 0.9286205172538757, 0
u,0.9803342819213867, 0.9286205172538757, 0
u,0.9803342819213867, 0.8588889241218567, 0
u,0.9939622282981873, 0.8588889241218567, 0
u,0.9939622282981873, 0.8956369757652283, 0
u,0.9803342819213867, 0.9653685092926025, 0
u,0.9939622282981873, 0.9653685092926025, 0
u,0.9939622282981873, 0.9983518719673157, 0
u,0.9939622282981873, 0.9286205172538757, 0
u,0.9939622282981873, 0.9653685092926025, 0
u,0.9803342819213867, 0.9653685092926025, 0
