s,150.305419921875, 101.615234375, -0.48783206939697266
b,153.466064453125, 104.3134765625, 1.9394326210021973
v,152.9580078125, 102.943359375, 1.939420223236084
v,152.342041015625, 103.8310546875, 1.9394097328186035
v,152.342041015625, 103.8310546875, 1.7173752784729004
v,152.9580078125, 102.943359375, 1.7173857688903809
v,151.290771484375, 102.1357421875, -0.4877915382385254
v,151.031982421875, 101.94140625, -0.48781776428222656
v,150.3056640625, 102.9228515625, -0.48783206939697266
v,150.876708984375, 103.3505859375, -0.4877758026123047
v,150.9287109375, 103.279296875, -0.4877748489379883
v,152.433349609375, 104.3134765625, -0.4876279830932617
v,153.466064453125, 102.857421875, -0.4876089096069336
v,151.662841796875, 101.615234375, -0.48778438568115234
v,150.8896484375, 103.251953125, 0.9087643623352051
v,150.9052734375, 103.263671875, 0.8868861198425293
v,150.876708984375, 103.3505859375, 0.8535370826721191
v,150.9287109375, 103.279296875, 0.8535380363464355
v,150.876708984375, 103.3505859375, 0.8535370826721191
v,150.9052734375, 103.263671875, 0.8868861198425293
v,150.876708984375, 103.3505859375, 0.8535370826721191
v,150.305419921875, 102.9228515625, 0.8534798622131348
v,150.798828125, 102.8232421875, 1.0946745872497559
v,150.62255859375, 103.0693359375, 0.9004368782043457
v,150.8896484375, 103.251953125, 0.9087643623352051
v,150.970458984375, 102.5830078125, 1.091294765472412
v,150.798828125, 102.8232421875, 1.0946745872497559
v,150.305419921875, 102.9228515625, 0.8534798622131348
v,151.031982421875, 101.94140625, 0.8534951210021973
v,151.117431640625, 102.3779296875, 1.0883431434631348
v,150.970458984375, 102.5830078125, 1.091294765472412
v,151.031982421875, 101.94140625, 0.8534951210021973
v,151.117431640625, 102.3779296875, 1.0883431434631348
v,151.031982421875, 101.94140625, 0.8534951210021973
v,151.290771484375, 102.1357421875, 0.8535208702087402
v,153.4658203125, 102.857421875, 1.7307419776916504
v,151.714111328125, 101.9375, 1.9392943382263184
v,151.66259765625, 101.615234375, 1.7305655479431152
v,153.14404296875, 102.908203125, 1.9394326210021973
v,151.714111328125, 101.9375, 1.9392943382263184
v,153.4658203125, 102.857421875, 1.7307419776916504
v,151.66259765625, 101.615234375, 1.7305655479431152
v,150.939453125, 103.0400390625, 1.9392800331115723
v,150.62255859375, 103.0693359375, 1.7305455207824707
v,151.714111328125, 101.9375, 1.9392943382263184
v,150.939453125, 103.0400390625, 1.9392800331115723
v,151.66259765625, 101.615234375, 1.7305655479431152
v,150.62255859375, 103.0693359375, 1.7305455207824707
v,152.3759765625, 104.0146484375, 1.9394192695617676
v,152.433349609375, 104.3134765625, 1.7307219505310059
v,150.939453125, 103.0400390625, 1.9392800331115723
v,152.3759765625, 104.0146484375, 1.9394192695617676
v,150.62255859375, 103.0693359375, 1.7305455207824707
v,152.3759765625, 104.0146484375, 1.9394192695617676
v,153.14404296875, 102.908203125, 1.9394326210021973
v,152.433349609375, 104.3134765625, 1.7307219505310059
v,152.433349609375, 104.3134765625, 1.7307219505310059
v,153.14404296875, 102.908203125, 1.9394326210021973
v,153.4658203125, 102.857421875, 1.7307419776916504
v,152.957763671875, 102.943359375, 1.939420223236084
v,151.74755859375, 102.12109375, 1.939302921295166
v,151.714111328125, 101.9375, 1.9392943382263184
v,153.14404296875, 102.908203125, 1.9394326210021973
v,152.957763671875, 102.943359375, 1.7173857688903809
v,152.341796875, 103.8310546875, 1.7173752784729004
v,151.12646484375, 103.005859375, 1.717257022857666
v,151.74755859375, 102.12109375, 1.717268466949463
v,152.3759765625, 104.0146484375, 1.9394192695617676
v,150.939453125, 103.0400390625, 1.9392800331115723
v,151.714111328125, 101.9375, 1.9392943382263184
v,151.74755859375, 102.12109375, 1.939302921295166
v,151.12646484375, 103.005859375, 1.9392914772033691
v,152.341796875, 103.8310546875, 1.9394097328186035
v,152.957763671875, 102.943359375, 1.939420223236084
v,153.14404296875, 102.908203125, 1.9394326210021973
v,150.3056640625, 102.9228515625, -0.48783206939697266
v,150.305419921875, 102.9228515625, 0.8534798622131348
v,150.876708984375, 103.3505859375, 0.8535370826721191
v,150.876708984375, 103.3505859375, -0.4877758026123047
v,150.9287109375, 103.279296875, 0.8535380363464355
v,150.9287109375, 103.279296875, -0.4877748489379883
v,150.876708984375, 103.3505859375, -0.4877758026123047
v,150.876708984375, 103.3505859375, 0.8535370826721191
v,151.290771484375, 102.1357421875, -0.4877915382385254
v,151.290771484375, 102.1357421875, 0.8535208702087402
v,151.031982421875, 101.94140625, 0.8534951210021973
v,151.031982421875, 101.94140625, -0.48781776428222656
v,151.031982421875, 101.94140625, 0.8534951210021973
v,150.305419921875, 102.9228515625, 0.8534798622131348
v,150.3056640625, 102.9228515625, -0.48783206939697266
v,151.031982421875, 101.94140625, -0.48781776428222656
v,150.62255859375, 103.0693359375, 1.7305455207824707
v,152.433349609375, 104.3134765625, 1.7307219505310059
v,152.433349609375, 104.3134765625, -0.4876279830932617
v,150.9287109375, 103.279296875, -0.4877748489379883
v,150.9287109375, 103.279296875, 0.8535380363464355
v,150.9052734375, 103.263671875, 0.8868861198425293
v,150.8896484375, 103.251953125, 0.9087643623352051
v,150.62255859375, 103.0693359375, 0.9004368782043457
v,152.433349609375, 104.3134765625, 1.7307219505310059
v,153.4658203125, 102.857421875, 1.7307419776916504
v,153.466064453125, 102.857421875, -0.4876089096069336
v,152.433349609375, 104.3134765625, -0.4876279830932617
v,153.4658203125, 102.857421875, 1.7307419776916504
v,151.66259765625, 101.615234375, 1.7305655479431152
v,151.662841796875, 101.615234375, -0.48778438568115234
v,153.466064453125, 102.857421875, -0.4876089096069336
v,151.117431640625, 102.3779296875, 1.0883431434631348
v,151.290771484375, 102.1357421875, 0.8535208702087402
v,151.290771484375, 102.1357421875, -0.4877915382385254
v,151.662841796875, 101.615234375, -0.48778438568115234
v,151.66259765625, 101.615234375, 1.7305655479431152
v,150.62255859375, 103.0693359375, 1.7305455207824707
v,150.62255859375, 103.0693359375, 0.9004368782043457
v,150.798828125, 102.8232421875, 1.0946745872497559
v,150.970458984375, 102.5830078125, 1.091294765472412
v,151.74755859375, 102.12109375, 1.939302921295166
v,152.957763671875, 102.943359375, 1.939420223236084
v,152.957763671875, 102.943359375, 1.7173857688903809
v,151.74755859375, 102.12109375, 1.717268466949463
v,151.12646484375, 103.005859375, 1.9392914772033691
v,151.74755859375, 102.12109375, 1.939302921295166
v,151.74755859375, 102.12109375, 1.717268466949463
v,151.12646484375, 103.005859375, 1.717257022857666
v,152.341796875, 103.8310546875, 1.9394097328186035
v,151.12646484375, 103.005859375, 1.9392914772033691
v,151.12646484375, 103.005859375, 1.717257022857666
v,152.341796875, 103.8310546875, 1.7173752784729004
i,1,3,0
i,4,6,8
i,12,13,14
i,15,16,17
i,19,20,21
i,23,25,26
i,27,28,29
i,30,31,32
i,33,34,35
i,36,37,38
i,39,40,41
i,42,43,44
i,45,46,47
i,48,49,50
i,51,52,53
i,54,55,56
i,57,59,60
i,62,64,61
i,70,71,65
i,74,76,73
i,78,80,77
i,81,83,84
i,85,87,88
i,90,94,95
i,97,99,100
i,102,104,101
i,105,109,110
i,114,116,117
i,118,120,121
i,123,125,122
i,1,2,3
i,4,5,6
i,6,7,8
i,8,9,4
i,9,10,4
i,10,11,4
i,22,18,21
i,18,19,21
i,23,24,25
i,57,58,59
i,62,63,64
i,66,67,69
i,67,68,69
i,71,72,65
i,66,69,65
i,69,70,65
i,74,75,76
i,78,79,80
i,81,82,83
i,85,86,87
i,96,89,95
i,89,90,95
i,90,91,93
i,91,92,93
i,90,93,94
i,97,98,99
i,102,103,104
i,106,107,108
i,110,111,112
i,110,112,113
i,106,108,109
i,110,113,105
i,105,106,109
i,114,115,116
i,118,119,120
i,123,124,125
n,-3.69956636428833, -2.568540573120117, 0.0
n,0.00031758297700434923, 0.000167341175256297, -4.50379753112793
n,2.6999995708465576, 2.0350353717803955, 2.975369691848755
n,2.778757333755493, 2.0332717895507812, 2.903188943862915
n,-1.4604840278625488, 1.9441759586334229, 3.79095721244812
n,-2.1073904037475586, -1.5609211921691895, 3.6615054607391357
n,-2.1006734371185303, -1.5615999698638916, 3.665074110031128
n,1.6754117012023926, -2.2312278747558594, 3.535365581512451
n,1.6928582191467285, -2.4581964015960693, 3.3727877140045166
n,1.7285324335098267, -2.545039653778076, 3.2892465591430664
n,-2.3999714851379395, -1.717237114906311, 3.4022676944732666
n,-2.4941723346710205, -1.752353310585022, 3.315502166748047
n,-1.7810522317886353, 2.591067314147949, 3.224656820297241
n,-1.8157240152359009, 2.6750776767730713, 3.1354899406433105
n,2.5587570667266846, 1.777121663093567, 3.2525055408477783
n,2.4518725872039795, 1.738187551498413, 3.354283332824707
n,-0.0003352461208123714, -0.0001505127438576892, 4.50379753112793
n,-0.00031940065673552454, -0.00017016172932926565, 4.50379753112793
n,-0.0003177402832079679, -0.00016900894115678966, 4.50379753112793
n,-2.6998682022094727, 3.604844570159912, -0.0004364493943285197
n,3.6347012519836426, 2.6595373153686523, 0.0
n,2.704692840576172, -3.6012258529663086, 0.0
n,-3.6194839477539062, -2.6802103519439697, 0.0
n,-2.575437545776367, 3.6941781044006348, 0.0660611093044281
n,3.6739614009857178, 2.6050333976745605, 0.0
n,2.554785966873169, -3.709078311920166, 0.00024971552193164825
n,-3.6627111434936523, -2.6208271980285645, -0.002286613220348954
n,-2.5311243534088135, 3.7252652645111084, 0.0
n,3.685831069946289, 2.588212251663208, 0.0
n,2.529165029525757, -3.726595640182495, 0.0
n,-3.69956636428833, -2.568540573120117, 0.0
n,0.00032093984191305935, 0.0001715446705929935, -4.50379753112793
n,0.00031298500834964216, 0.00017537637904752046, -4.50379753112793
n,0.00032347539672628045, 0.00016920772031880915, -4.50379753112793
n,0.00032249189098365605, 0.0001697237603366375, -4.50379753112793
n,0.0003228808054700494, 0.0001685513707343489, -4.50379753112793
n,-1.4509555101394653, 1.9453353881835938, 3.794020652770996
n,-1.4648263454437256, 1.9560661315917969, 3.78315806388855
n,-2.1062538623809814, -1.5571036338806152, 3.6637847423553467
n,-0.0003196583711542189, -0.00016978243365883827, 4.50379753112793
n,-0.00032534945057705045, -0.0001680942950770259, 4.50379753112793
n,-0.0003151593264192343, -0.00016260205302387476, 4.50379753112793
n,-0.0003260815574321896, -0.00016860838513821363, 4.50379753112793
n,-0.0003410492790862918, -0.000181668481673114, 4.50379753112793
n,-0.0003178238694090396, -0.000177325404365547, 4.50379753112793
n,-0.0003257402859162539, -0.00016751837392803282, 4.50379753112793
n,-2.699211597442627, 3.6053361892700195, 0.0
n,3.6347012519836426, 2.6595373153686523, 0.0
n,2.704692840576172, -3.6012260913848877, 0.0
n,-3.6191015243530273, -2.680727243423462, -0.0005850488087162375
n,-2.545384168624878, 3.7155368328094482, 0.0
n,-2.550926685333252, 3.7117321491241455, -0.0026490604504942894
n,-2.5518035888671875, 3.7111308574676514, 0.0
n,-2.5518035888671875, 3.7111308574676514, 0.0
n,-2.5363175868988037, 3.7215287685394287, -0.03883175179362297
n,3.6742196083068848, 2.6046693325042725, 0.00035913370084017515
n,2.554786205291748, -3.709078311920166, 0.00024971558013930917
n,-3.6636526584625244, -2.619511842727661, 0.0
n,-3.6624929904937744, -2.6211328506469727, 0.0
n,-3.6640048027038574, -2.6190185546875, -0.0012381253764033318
n,-3.6640894412994385, -2.618900775909424, -0.0003581435594242066
n,-3.6580071449279785, -2.6273763179779053, 0.008388463407754898
n,-3.6628711223602295, -2.620603322982788, -0.00188468920532614
n,-2.5311243534088135, 3.7252652645111084, 0.0
n,3.685831069946289, 2.588212251663208, 0.0
n,2.529165029525757, -3.726595640182495, 0.0
u,0.14115770161151886, 0.6209387183189392, 0
u,0.24495160579681396, 0.5815809965133667, 0
u,0.24495160579681396, 0.6209387183189392, 0
u,0.0, 0.0, 0
u,0.0, 0.0, 0
u,0.0, 0.0, 0
u,0.7260274291038513, 0.7400721907615662, 0
u,0.7284464240074158, 0.7436767220497131, 0
u,0.7260274291038513, 0.7624748945236206, 0
u,0.7321066856384277, 0.7491331100463867, 0
u,0.7260274291038513, 0.7624748945236206, 0
u,0.7284464240074158, 0.7436767220497131, 0
u,0.9403710961341858, 0.8610107898712158, 0
u,0.8855186104774475, 0.7851200103759766, 0
u,0.9296972155570984, 0.7836763262748718, 0
u,0.7950332760810852, 0.7722253203392029, 0
u,0.8786895871162415, 0.8664259910583496, 0
u,0.7260274291038513, 0.8664259910583496, 0
u,0.763486921787262, 0.7733801007270813, 0
u,0.7950332760810852, 0.7722253203392029, 0
u,0.7260274291038513, 0.8664259910583496, 0
u,0.9520547986030579, 0.8485205173492432, 0
u,0.9520547986030579, 0.7346569895744324, 0
u,0.9820075035095215, 0.7827469706535339, 0
u,0.40789270401000977, 0.0036100998986512423, 0
u,0.047380998730659485, 0.10219009965658188, 0
u,0.0061598001047968864, 0.0036100998986512423, 0
u,0.36466360092163086, 0.09888509660959244, 0
u,0.047380998730659485, 0.10219009965658188, 0
u,0.40789270401000977, 0.0036100998986512423, 0
u,0.0061598001047968864, 0.0036100998986512423, 0
u,0.04498029872775078, 0.5328453183174133, 0
u,0.0, 0.5745223760604858, 0
u,0.047380998730659485, 0.10219009965658188, 0
u,0.04498029872775078, 0.5328453183174133, 0
u,0.0061598001047968864, 0.0036100998986512423, 0
u,0.7279843091964722, 0.9956259727478027, 0
u,0.9716246128082275, 0.9277979135513306, 0
u,0.9982954859733582, 0.9956259727478027, 0
u,0.7630969882011414, 0.8664259910583496, 0
u,0.9742556214332581, 0.9234722256660461, 0
u,0.7279843091964722, 0.9234722256660461, 0
u,0.363570898771286, 0.5291544795036316, 0
u,0.36466360092163086, 0.09888509660959244, 0
u,0.4033330976963043, 0.5741974115371704, 0
u,0.4033330976963043, 0.5741974115371704, 0
u,0.36466360092163086, 0.09888509660959244, 0
u,0.40789270401000977, 0.0036100998986512423, 0
u,0.42619749903678894, 0.23678509891033173, 0
u,0.4109588861465454, 0.5732545256614685, 0
u,0.4109588861465454, 0.20838919281959534, 0
u,0.5497515797615051, 0.23907729983329773, 0
u,0.42619749903678894, 0.5455706715583801, 0
u,0.42619749903678894, 0.23678509891033173, 0
u,0.5497515797615051, 0.23907729983329773, 0
u,0.42619749903678894, 0.23678509891033173, 0
u,0.5649800896644592, 0.21124669909477234, 0
u,0.5704501271247864, 0.3916968107223511, 0
u,0.6945837736129761, 0.2699091136455536, 0
u,0.6945837736129761, 0.3916968107223511, 0
u,0.7508041262626648, 0.6155235171318054, 0
u,0.7426614165306091, 0.3865258991718292, 0
u,0.7508041262626648, 0.3865258991718292, 0
u,0.7334427833557129, 0.37364619970321655, 0
u,0.7035225033760071, 0.6026437282562256, 0
u,0.7035225033760071, 0.37364619970321655, 0
u,0.5704501271247864, 0.6073958277702332, 0
u,0.6945837736129761, 0.39891698956489563, 0
u,0.6945837736129761, 0.6073958277702332, 0
u,0.5227627754211426, 1.0, 0
u,0.6910548210144043, 0.8587973117828369, 0
u,0.6927757263183594, 0.8624593019485474, 0
u,0.5227627754211426, 1.0, 0
u,0.36074361205101013, 0.6287286877632141, 0
u,0.5227627754211426, 0.6287286877632141, 0
u,0.16212420165538788, 1.0, 0
u,0.36074361205101013, 0.6287286877632141, 0
u,0.36074361205101013, 1.0, 0
u,0.07713060081005096, 0.8925169706344604, 0
u,0.16212420165538788, 1.0, 0
u,0.0, 1.0, 0
u,0.38555920124053955, 0.6209387183189392, 0
u,0.24495160579681396, 0.5815809965133667, 0
u,0.38555920124053955, 0.5815809965133667, 0
u,0.48945480585098267, 0.6209387183189392, 0
u,0.38555920124053955, 0.5815809965133667, 0
u,0.48945480585098267, 0.5815809965133667, 0
u,0.0, 0.6209387183189392, 0
u,0.14115770161151886, 0.5815809965133667, 0
u,0.14115770161151886, 0.6209387183189392, 0
u,0.14115770161151886, 0.6209387183189392, 0
u,0.14115770161151886, 0.5815809965133667, 0
u,0.24495160579681396, 0.5815809965133667, 0
u,0.0, 0.0, 0
u,0.0, 0.0, 0
u,0.0, 0.0, 0
u,0.0, 0.0, 0
u,0.0, 0.0, 0
u,0.0, 0.0, 0
u,0.0, 0.0, 0
u,0.0, 0.0, 0
u,0.0, 0.0, 0
u,0.0, 0.0, 0
u,0.0, 0.0, 0
u,0.0, 0.0, 0
u,0.0, 0.0, 0
u,0.0, 0.0, 0
u,0.0, 0.0, 0
u,0.9278088808059692, 0.7103163003921509, 0
u,0.9403710961341858, 0.6993836760520935, 0
u,0.9296972155570984, 0.7836763262748718, 0
u,0.9403710961341858, 0.6993836760520935, 0
u,0.9403710961341858, 0.8610107898712158, 0
u,0.9296972155570984, 0.7836763262748718, 0
u,0.7950332760810852, 0.7722253203392029, 0
u,0.8319069147109985, 0.7708848714828491, 0
u,0.8786895871162415, 0.8664259910583496, 0
u,0.42619749903678894, 0.23678509891033173, 0
u,0.42619749903678894, 0.5455706715583801, 0
u,0.4109588861465454, 0.5732545256614685, 0
u,0.5497515797615051, 0.23907729983329773, 0
u,0.5498642921447754, 0.5490707159042358, 0
u,0.42619749903678894, 0.5455706715583801, 0
u,0.5651134252548218, 0.5776172876358032, 0
u,0.4109588861465454, 0.5732545256614685, 0
u,0.5498642921447754, 0.5490707159042358, 0
u,0.4109588861465454, 0.5732545256614685, 0
u,0.42619749903678894, 0.5455706715583801, 0
u,0.5498642921447754, 0.5490707159042358, 0
u,0.42619749903678894, 0.23678509891033173, 0
u,0.4109588861465454, 0.20838919281959534, 0
u,0.5649800896644592, 0.21124669909477234, 0
u,0.5651134252548218, 0.5776172876358032, 0
u,0.5498642921447754, 0.5490707159042358, 0
u,0.5649800896644592, 0.21124669909477234, 0
u,0.5498642921447754, 0.5490707159042358, 0
u,0.5497515797615051, 0.23907729983329773, 0
u,0.5649800896644592, 0.21124669909477234, 0
u,0.5704501271247864, 0.3916968107223511, 0
u,0.5704501271247864, 0.2699091136455536, 0
u,0.6945837736129761, 0.2699091136455536, 0
u,0.7508041262626648, 0.6155235171318054, 0
u,0.7426614165306091, 0.6155235171318054, 0
u,0.7426614165306091, 0.3865258991718292, 0
u,0.7334427833557129, 0.37364619970321655, 0
u,0.7334427833557129, 0.6026437282562256, 0
u,0.7035225033760071, 0.6026437282562256, 0
u,0.5704501271247864, 0.6073958277702332, 0
u,0.5704501271247864, 0.39891698956489563, 0
u,0.6945837736129761, 0.39891698956489563, 0
u,0.7221733927726746, 0.861069917678833, 0
u,0.7221733927726746, 1.0, 0
u,0.6927757263183594, 0.8624593019485474, 0
u,0.7221733927726746, 1.0, 0
u,0.5227627754211426, 1.0, 0
u,0.6927757263183594, 0.8624593019485474, 0
u,0.5227627754211426, 1.0, 0
u,0.5227627754211426, 0.6287286877632141, 0
u,0.6884753108024597, 0.8532156944274902, 0
u,0.5227627754211426, 0.6287286877632141, 0
u,0.6884753108024597, 0.6287286877632141, 0
u,0.6884753108024597, 0.8532156944274902, 0
u,0.5227627754211426, 1.0, 0
u,0.6884753108024597, 0.8532156944274902, 0
u,0.6910548210144043, 0.8587973117828369, 0
u,0.5227627754211426, 1.0, 0
u,0.36074361205101013, 1.0, 0
u,0.36074361205101013, 0.6287286877632141, 0
u,0.16212420165538788, 1.0, 0
u,0.16212420165538788, 0.6287286877632141, 0
u,0.36074361205101013, 0.6287286877632141, 0
u,0.10413560271263123, 0.8532156944274902, 0
u,0.10413560271263123, 0.6287286877632141, 0
u,0.16212420165538788, 0.6287286877632141, 0
u,0.0, 1.0, 0
u,0.0, 0.861069917678833, 0
u,0.02747270092368126, 0.8935776948928833, 0
u,0.0, 1.0, 0
u,0.02747270092368126, 0.8935776948928833, 0
u,0.05423479899764061, 0.8930115103721619, 0
u,0.10413560271263123, 0.8532156944274902, 0
u,0.16212420165538788, 0.6287286877632141, 0
u,0.16212420165538788, 1.0, 0
u,0.0, 1.0, 0
u,0.05423479899764061, 0.8930115103721619, 0
u,0.07713060081005096, 0.8925169706344604, 0
u,0.07713060081005096, 0.8925169706344604, 0
u,0.10413560271263123, 0.8532156944274902, 0
u,0.16212420165538788, 1.0, 0
u,0.38555920124053955, 0.6209387183189392, 0
u,0.24495160579681396, 0.6209387183189392, 0
u,0.24495160579681396, 0.5815809965133667, 0
u,0.48945480585098267, 0.6209387183189392, 0
u,0.38555920124053955, 0.6209387183189392, 0
u,0.38555920124053955, 0.5815809965133667, 0
u,0.0, 0.6209387183189392, 0
u,0.0, 0.5815809965133667, 0
u,0.14115770161151886, 0.5815809965133667, 0
