s,139.968505859375, 82.1875, -0.37785768508911133
b,142.630859375, 85.9619140625, 8.334932327270508
v,142.630615234375, 82.671875, 6.9682936668396
v,140.797119140625, 82.1875, 6.968164920806885
v,140.797607421875, 82.1875, -0.37785768508911133
v,142.630859375, 82.671875, -0.3777284622192383
v,139.968994140625, 85.310546875, -0.3778347969055176
v,140.217041015625, 85.376953125, -0.37781763076782227
v,140.1728515625, 85.5419921875, -0.37781620025634766
v,141.758544921875, 85.9619140625, -0.3777041435241699
v,142.630859375, 82.671875, -0.3777284622192383
v,140.79736328125, 82.1875, -0.37785768508911133
v,141.447265625, 84.2958984375, 8.334880828857422
v,141.591552734375, 83.7451171875, 8.334877014160156
v,142.2939453125, 83.9287109375, 8.33492660522461
v,142.14794921875, 84.478515625, 8.334932327270508
v,141.591796875, 83.7451171875, 6.912744045257568
v,141.447265625, 84.2958984375, 6.912747859954834
v,142.08642578125, 84.462890625, 6.9127936363220215
v,141.710693359375, 85.880859375, 6.912805080413818
v,140.254150390625, 85.494140625, 6.9127020835876465
v,140.2978515625, 85.3291015625, 6.912700176239014
v,140.050048828125, 85.263671875, 6.912683010101318
v,140.84423828125, 82.2685546875, 6.912661075592041
v,142.548828125, 82.71875, 6.912781238555908
v,142.232421875, 83.9130859375, 6.912787914276123
v,139.968505859375, 85.310546875, 6.968188762664795
v,140.797119140625, 82.1875, 6.968164920806885
v,142.63037109375, 82.671875, 6.9682936668396
v,142.548828125, 82.71875, 6.968289852142334
v,140.84423828125, 82.2685546875, 6.968169689178467
v,140.050048828125, 85.263671875, 6.968191623687744
v,140.2978515625, 85.3291015625, 6.9682087898254395
v,140.254150390625, 85.494140625, 6.968210697174072
v,141.710693359375, 85.880859375, 6.968313694000244
v,141.75830078125, 85.9619140625, 6.968319416046143
v,140.172607421875, 85.5419921875, 6.968206882476807
v,140.21630859375, 85.376953125, 6.96820592880249
v,142.63037109375, 82.671875, 6.9682936668396
v,141.75830078125, 85.9619140625, 6.968319416046143
v,141.710693359375, 85.880859375, 6.968313694000244
v,142.08642578125, 84.462890625, 6.968302249908447
v,142.14794921875, 84.478515625, 6.9683051109313965
v,142.2939453125, 83.9287109375, 6.968302249908447
v,142.232421875, 83.9130859375, 6.968297481536865
v,142.548828125, 82.71875, 6.968289852142334
v,142.2939453125, 83.9287109375, 6.968302249908447
v,142.14794921875, 84.478515625, 6.9683051109313965
v,142.14794921875, 84.478515625, 8.334932327270508
v,142.2939453125, 83.9287109375, 8.33492660522461
v,142.232421875, 83.9130859375, 6.912787914276123
v,142.232421875, 83.9130859375, 6.968297481536865
v,142.2939453125, 83.9287109375, 6.968302249908447
v,142.2939453125, 83.9287109375, 8.33492660522461
v,141.591552734375, 83.7451171875, 8.334877014160156
v,141.591796875, 83.7451171875, 6.912744045257568
v,141.447265625, 84.2958984375, 8.334880828857422
v,141.447265625, 84.2958984375, 6.912747859954834
v,141.591796875, 83.7451171875, 6.912744045257568
v,141.591552734375, 83.7451171875, 8.334877014160156
v,141.447265625, 84.2958984375, 6.912747859954834
v,141.447265625, 84.2958984375, 8.334880828857422
v,142.14794921875, 84.478515625, 8.334932327270508
v,142.14794921875, 84.478515625, 6.9683051109313965
v,142.08642578125, 84.462890625, 6.968302249908447
v,142.08642578125, 84.462890625, 6.9127936363220215
v,140.84423828125, 82.2685546875, 6.968169689178467
v,142.548828125, 82.71875, 6.968289852142334
v,142.548828125, 82.71875, 6.912781238555908
v,140.84423828125, 82.2685546875, 6.912661075592041
v,140.050048828125, 85.263671875, 6.968191623687744
v,140.84423828125, 82.2685546875, 6.968169689178467
v,140.84423828125, 82.2685546875, 6.912661075592041
v,140.050048828125, 85.263671875, 6.912683010101318
v,140.2978515625, 85.3291015625, 6.9682087898254395
v,140.050048828125, 85.263671875, 6.968191623687744
v,140.050048828125, 85.263671875, 6.912683010101318
v,140.2978515625, 85.3291015625, 6.912700176239014
v,140.254150390625, 85.494140625, 6.968210697174072
v,140.2978515625, 85.3291015625, 6.9682087898254395
v,140.2978515625, 85.3291015625, 6.912700176239014
v,140.254150390625, 85.494140625, 6.9127020835876465
v,141.710693359375, 85.880859375, 6.968313694000244
v,140.254150390625, 85.494140625, 6.968210697174072
v,140.254150390625, 85.494140625, 6.9127020835876465
v,141.710693359375, 85.880859375, 6.912805080413818
v,142.08642578125, 84.462890625, 6.9127936363220215
v,142.08642578125, 84.462890625, 6.968302249908447
v,141.710693359375, 85.880859375, 6.968313694000244
v,141.710693359375, 85.880859375, 6.912805080413818
v,142.232421875, 83.9130859375, 6.968297481536865
v,142.232421875, 83.9130859375, 6.912787914276123
v,142.548828125, 82.71875, 6.912781238555908
v,142.548828125, 82.71875, 6.968289852142334
v,140.797119140625, 82.1875, 6.968164920806885
v,139.968505859375, 85.310546875, 6.968188762664795
v,139.968994140625, 85.310546875, -0.3778347969055176
v,140.79736328125, 82.1875, -0.37785768508911133
v,139.968505859375, 85.310546875, 6.968188762664795
v,140.21630859375, 85.376953125, 6.96820592880249
v,140.217041015625, 85.376953125, -0.37781763076782227
v,139.968994140625, 85.310546875, -0.3778347969055176
v,140.21630859375, 85.376953125, 6.96820592880249
v,140.172607421875, 85.5419921875, 6.968206882476807
v,140.1728515625, 85.5419921875, -0.37781620025634766
v,140.217041015625, 85.376953125, -0.37781763076782227
v,140.172607421875, 85.5419921875, 6.968206882476807
v,141.75830078125, 85.9619140625, 6.968319416046143
v,141.758544921875, 85.9619140625, -0.3777041435241699
v,140.1728515625, 85.5419921875, -0.37781620025634766
v,141.758544921875, 85.9619140625, -0.3777041435241699
v,141.75830078125, 85.9619140625, 6.968319416046143
v,142.63037109375, 82.671875, 6.9682936668396
v,142.630859375, 82.671875, -0.3777284622192383
i,1,3,0
i,8,9,5
i,11,13,10
i,21,14,15
i,24,29,35
i,36,37,41
i,45,47,44
i,52,53,49
i,55,57,54
i,60,61,62
i,64,66,67
i,69,71,68
i,73,75,72
i,77,79,76
i,81,83,80
i,85,87,84
i,89,91,88
i,92,94,95
i,96,98,99
i,100,102,103
i,104,106,107
i,108,110,111
i,1,2,3
i,9,4,5
i,5,6,7
i,7,8,5
i,11,12,13
i,15,16,17
i,17,18,19
i,19,20,15
i,20,21,15
i,21,22,14
i,22,23,14
i,17,19,15
i,25,26,27
i,25,27,28
i,32,33,34
i,31,32,34
i,31,34,35
i,25,28,24
i,28,29,24
i,30,31,35
i,29,30,35
i,37,38,40
i,38,39,40
i,42,43,41
i,43,36,41
i,37,40,41
i,45,46,47
i,53,48,49
i,49,50,51
i,51,52,49
i,55,56,57
i,63,58,62
i,58,59,62
i,59,60,62
i,64,65,66
i,69,70,71
i,73,74,75
i,77,78,79
i,81,82,83
i,85,86,87
i,89,90,91
i,92,93,94
i,96,97,98
i,100,101,102
i,104,105,106
i,108,109,110
n,1.151483178138733, -4.3541107177734375, 6.797614332754165e-05
n,0.0002885610447265208, 0.00010873992869164795, -4.50379753112793
n,-0.0002990161010529846, -0.00010599115921650082, 4.50379753112793
n,-0.00029339571483433247, -0.00010463518992764875, 4.50379753112793
n,-0.0002696477749850601, -0.00014359134365804493, 4.50379753112793
n,-0.0017699988093227148, -0.0005040023825131357, 4.5037970542907715
n,4.352693557739258, 1.1568278074264526, 0.0
n,1.1439225673675537, -4.35610294342041, 0.00017441250383853912
n,-4.3569488525390625, -1.1406972408294678, 0.0
n,-1.1104668378829956, 4.36475133895874, 0.0
n,-1.152046799659729, 4.35396146774292, 0.0
n,4.353390216827393, 1.1542030572891235, 0.0
n,1.1433720588684082, -4.356247425079346, 0.0
n,4.3541765213012695, 1.1512351036071777, 0.0
n,1.1535212993621826, -4.35357141494751, 0.0
n,-4.353369235992432, -1.1542822122573853, 0.0
n,-4.353649139404297, -1.1532269716262817, 0.0
n,-4.3532328605651855, -1.1547975540161133, -0.00025698679382912815
n,-1.1566709280014038, 4.35273551940918, -6.828238838352263e-05
n,-4.35276460647583, -1.1565592288970947, -0.00038543870323337615
n,-1.1526027917861938, 4.353814125061035, -6.804223085055128e-05
n,4.353426933288574, 1.1540656089782715, 0.0002569982607383281
n,1.1514832973480225, -4.3541107177734375, 6.797615060349926e-05
n,0.00027912945370189846, 0.00010702329745981842, -4.50379753112793
n,0.0002852934703696519, 0.00012185928062535822, -4.50379753112793
n,0.00028984149685129523, 0.00010988279973389581, -4.50379753112793
n,-0.00028426782228052616, -0.00011717440065694973, 4.50379753112793
n,-0.00029210830689407885, -0.00011513541539898142, 4.50379753112793
n,-0.0002871706965379417, -0.00012198219337733462, 4.50379753112793
n,-0.00028026499785482883, -0.00010505435784580186, 4.50379753112793
n,-0.00028226710855960846, -0.00010794450645335019, 4.50379753112793
n,-0.0002896026708185673, -0.00010655453661456704, 4.50379753112793
n,-0.00028317992109805346, -0.00010056339669972658, 4.50379753112793
n,-0.00028968663536943495, -0.00011553803051356226, 4.50379753112793
n,-0.00027557520661503077, -0.00015390943735837936, 4.50379753112793
n,-0.0002872573386412114, -0.00011541843559825793, 4.50379753112793
n,-0.0002875748323276639, -0.00011324166553094983, 4.50379753112793
n,-0.0002782441151794046, -0.0001556725037517026, 4.50379753112793
n,-0.0002532903745304793, -0.00011302431084914133, 4.50379753112793
n,-0.0002931514463853091, -0.0001119643566198647, 4.50379753112793
n,-0.0002432231412967667, -9.759287786437199e-05, 4.50379753112793
n,-0.0002532903745304793, -0.00011302431084914133, 4.50379753112793
n,-0.00027046771720051765, -0.00014238193398341537, 4.50379753112793
n,-0.00028347750776447356, -0.0001156281286966987, 4.50379753112793
n,-0.00022396793065126985, -9.706821583677083e-05, 4.50379753112793
n,-0.0003422223380766809, -0.00011620298027992249, 4.50379753112793
n,-0.00024176151782739908, -9.50486064539291e-05, 4.50379753112793
n,-0.00438960175961256, -0.0011943861609324813, 4.503795146942139
n,4.352693557739258, 1.1568278074264526, 0.0
n,1.1439368724822998, -4.356099605560303, 0.0
n,1.1067931652069092, -4.365684509277344, 0.0
n,1.1403603553771973, -4.357036590576172, -0.0016113133169710636
n,-4.356528282165527, -1.1423022747039795, -0.0006642346270382404
n,-1.140947699546814, 4.3568830490112305, 0.0
n,-1.140947699546814, 4.356882572174072, 0.0
n,-1.13828444480896, 4.357579231262207, 0.0013309770729392767
n,-1.152046799659729, 4.35396146774292, 0.0
n,4.353390216827393, 1.1542030572891235, 0.0
n,1.1433720588684082, -4.356247425079346, 0.0
n,4.3541765213012695, 1.1512351036071777, 0.0
n,1.1535212993621826, -4.35357141494751, 0.0
n,-4.353369235992432, -1.1542822122573853, 0.0
n,-4.353649139404297, -1.1532269716262817, 0.0
n,-4.353232383728027, -1.1547974348068237, -0.00025698673562146723
n,-1.157616138458252, 4.352484226226807, -0.00010250726336380467
n,-4.3541765213012695, -1.1512351036071777, -0.0002570424694567919
n,-1.1526027917861938, 4.353814125061035, -6.804223085055128e-05
n,4.353426933288574, 1.154065489768982, 0.0002569982025306672
u,0.24577179551124573, 0.9994956851005554, 0
u,0.379390686750412, 0.01631700061261654, 0
u,0.379390686750412, 0.9994956851005554, 0
u,0.0, 0.0, 0
u,0.0, 0.0, 0
u,0.0, 0.0, 0
u,0.8441929817199707, 0.8370996713638306, 0
u,0.8857920169830322, 0.7358676195144653, 0
u,0.8859487771987915, 0.8368843793869019, 0
u,0.7534183263778687, 0.9906702041625977, 0
u,0.8441929817199707, 0.8370996713638306, 0
u,0.8859487771987915, 0.8368843793869019, 0
u,0.9858176708221436, 1.0, 0
u,0.9809272289276123, 0.9907088279724121, 0
u,0.985816478729248, 0.9642243981361389, 0
u,0.7484663128852844, 0.7354279160499573, 0
u,0.9983596205711365, 0.7354279160499573, 0
u,0.8440178036689758, 0.7358301877975464, 0
u,0.8468235731124878, 0.4558630883693695, 0
u,0.7484663128852844, 0.37806370854377747, 0
u,0.8468235731124878, 0.37806370854377747, 0
u,0.7484663128852844, 0.6326575875282288, 0
u,0.8508185744285583, 0.6326575875282288, 0
u,0.8468235731124878, 0.723221480846405, 0
u,0.8508185744285583, 0.5548924207687378, 0
u,0.7484663128852844, 0.6326575875282288, 0
u,0.7484663128852844, 0.5548924207687378, 0
u,0.7484663128852844, 0.4558630883693695, 0
u,0.8468235731124878, 0.4558630883693695, 0
u,0.8468235731124878, 0.46453970670700073, 0
u,0.21593360602855682, 0.011655000038444996, 0
u,0.08894229680299759, 0.004060899838805199, 0
u,0.21593360602855682, 0.004060899838805199, 0
u,0.21593360602855682, 0.011655000038444996, 0
u,0.4390963912010193, 0.004060899838805199, 0
u,0.4390963912010193, 0.011655000038444996, 0
u,0.4390963912010193, 0.011655000038444996, 0
u,0.4575650990009308, 0.004060899838805199, 0
u,0.4575650990009308, 0.011655000038444996, 0
u,0.4575650990009308, 0.011655000038444996, 0
u,0.46991589665412903, 0.004060899838805199, 0
u,0.46991589665412903, 0.011655000038444996, 0
u,0.46991589665412903, 0.011655000038444996, 0
u,0.57845139503479, 0.004060899838805199, 0
u,0.57845139503479, 0.011655000038444996, 0
u,0.684060275554657, 0.011655000038444996, 0
u,0.57845139503479, 0.004060899838805199, 0
u,0.684060275554657, 0.004060899838805199, 0
u,0.0, 0.004060899838805199, 0
u,0.08894229680299759, 0.011655000038444996, 0
u,0.0, 0.011655000038444996, 0
u,0.24577179551124573, 0.9994956851005554, 0
u,0.018070800229907036, 0.01631700061261654, 0
u,0.24577179551124573, 0.01631700061261654, 0
u,0.018070800229907036, 0.9994956851005554, 0
u,0.0, 0.01631700061261654, 0
u,0.018070800229907036, 0.01631700061261654, 0
u,0.7468342781066895, 0.9994956851005554, 0
u,0.734749972820282, 0.01631700061261654, 0
u,0.7468342781066895, 0.01631700061261654, 0
u,0.734749972820282, 0.9994956851005554, 0
u,0.6191884279251099, 0.01631700061261654, 0
u,0.734749972820282, 0.01631700061261654, 0
u,0.6191884279251099, 0.01631700061261654, 0
u,0.379390686750412, 0.9994956851005554, 0
u,0.379390686750412, 0.01631700061261654, 0
u,0.24577179551124573, 0.9994956851005554, 0
u,0.24577179551124573, 0.01631700061261654, 0
u,0.379390686750412, 0.01631700061261654, 0
u,0.0, 0.0, 0
u,0.0, 0.0, 0
u,0.0, 0.0, 0
u,0.0, 0.0, 0
u,0.0, 0.0, 0
u,0.0, 0.0, 0
u,0.0, 0.0, 0
u,0.0, 0.0, 0
u,0.0, 0.0, 0
u,0.8441929817199707, 0.8370996713638306, 0
u,0.8440178036689758, 0.7358301877975464, 0
u,0.8857920169830322, 0.7358676195144653, 0
u,0.8859487771987915, 0.8368843793869019, 0
u,0.8858057856559753, 0.7447183132171631, 0
u,0.9934713244438171, 0.7447183132171631, 0
u,0.9934713244438171, 0.7447183132171631, 0
u,0.9935172200202942, 0.9549257755279541, 0
u,0.980925977230072, 0.9549391865730286, 0
u,0.980925977230072, 0.9549391865730286, 0
u,0.9809272289276123, 0.9907088279724121, 0
u,0.8859487771987915, 0.8368843793869019, 0
u,0.9809272289276123, 0.9907088279724121, 0
u,0.7534183263778687, 0.9906702041625977, 0
u,0.8859487771987915, 0.8368843793869019, 0
u,0.7534183263778687, 0.9906702041625977, 0
u,0.7533587217330933, 0.7447183132171631, 0
u,0.8441929817199707, 0.8370996713638306, 0
u,0.7533587217330933, 0.7447183132171631, 0
u,0.8440331816673279, 0.7447183132171631, 0
u,0.8441929817199707, 0.8370996713638306, 0
u,0.9934713244438171, 0.7447183132171631, 0
u,0.980925977230072, 0.9549391865730286, 0
u,0.8859487771987915, 0.8368843793869019, 0
u,0.7485303282737732, 0.9999598264694214, 0
u,0.7484663128852844, 0.7354279160499573, 0
u,0.7533587217330933, 0.7447183132171631, 0
u,0.7485303282737732, 0.9999598264694214, 0
u,0.7533587217330933, 0.7447183132171631, 0
u,0.7534183263778687, 0.9906702041625977, 0
u,0.9934713244438171, 0.7447183132171631, 0
u,0.9983596205711365, 0.7354279160499573, 0
u,0.9984095096588135, 0.9642109274864197, 0
u,0.9935172200202942, 0.9549257755279541, 0
u,0.9934713244438171, 0.7447183132171631, 0
u,0.9984095096588135, 0.9642109274864197, 0
u,0.9935172200202942, 0.9549257755279541, 0
u,0.9984095096588135, 0.9642109274864197, 0
u,0.985816478729248, 0.9642243981361389, 0
u,0.7485303282737732, 0.9999598264694214, 0
u,0.7534183263778687, 0.9906702041625977, 0
u,0.9858176708221436, 1.0, 0
u,0.7534183263778687, 0.9906702041625977, 0
u,0.9809272289276123, 0.9907088279724121, 0
u,0.9858176708221436, 1.0, 0
u,0.980925977230072, 0.9549391865730286, 0
u,0.9935172200202942, 0.9549257755279541, 0
u,0.985816478729248, 0.9642243981361389, 0
u,0.9809272289276123, 0.9907088279724121, 0
u,0.980925977230072, 0.9549391865730286, 0
u,0.985816478729248, 0.9642243981361389, 0
u,0.9983596205711365, 0.7354279160499573, 0
u,0.9934713244438171, 0.7447183132171631, 0
u,0.8857920169830322, 0.7358676195144653, 0
u,0.9934713244438171, 0.7447183132171631, 0
u,0.8858057856559753, 0.7447183132171631, 0
u,0.8857920169830322, 0.7358676195144653, 0
u,0.8440331816673279, 0.7447183132171631, 0
u,0.7533587217330933, 0.7447183132171631, 0
u,0.8440178036689758, 0.7358301877975464, 0
u,0.7533587217330933, 0.7447183132171631, 0
u,0.7484663128852844, 0.7354279160499573, 0
u,0.8440178036689758, 0.7358301877975464, 0
u,0.9983596205711365, 0.7354279160499573, 0
u,0.8857920169830322, 0.7358676195144653, 0
u,0.8440178036689758, 0.7358301877975464, 0
u,0.8468235731124878, 0.4558630883693695, 0
u,0.7484663128852844, 0.4558630883693695, 0
u,0.7484663128852844, 0.37806370854377747, 0
u,0.8508185744285583, 0.6326575875282288, 0
u,0.8508185744285583, 0.723221480846405, 0
u,0.8468235731124878, 0.723221480846405, 0
u,0.8468235731124878, 0.723221480846405, 0
u,0.8468235731124878, 0.7319347262382507, 0
u,0.7484663128852844, 0.7319347262382507, 0
u,0.7484663128852844, 0.7319347262382507, 0
u,0.7484663128852844, 0.6326575875282288, 0
u,0.8468235731124878, 0.723221480846405, 0
u,0.8508185744285583, 0.5548924207687378, 0
u,0.8508185744285583, 0.6326575875282288, 0
u,0.7484663128852844, 0.6326575875282288, 0
u,0.8508185744285583, 0.46453970670700073, 0
u,0.8508185744285583, 0.5548924207687378, 0
u,0.8468235731124878, 0.46453970670700073, 0
u,0.8508185744285583, 0.5548924207687378, 0
u,0.7484663128852844, 0.5548924207687378, 0
u,0.8468235731124878, 0.46453970670700073, 0
u,0.7484663128852844, 0.5548924207687378, 0
u,0.7484663128852844, 0.4558630883693695, 0
u,0.8468235731124878, 0.46453970670700073, 0
u,0.21593360602855682, 0.011655000038444996, 0
u,0.08894229680299759, 0.011655000038444996, 0
u,0.08894229680299759, 0.004060899838805199, 0
u,0.21593360602855682, 0.011655000038444996, 0
u,0.21593360602855682, 0.004060899838805199, 0
u,0.4390963912010193, 0.004060899838805199, 0
u,0.4390963912010193, 0.011655000038444996, 0
u,0.4390963912010193, 0.004060899838805199, 0
u,0.4575650990009308, 0.004060899838805199, 0
u,0.4575650990009308, 0.011655000038444996, 0
u,0.4575650990009308, 0.004060899838805199, 0
u,0.46991589665412903, 0.004060899838805199, 0
u,0.46991589665412903, 0.011655000038444996, 0
u,0.46991589665412903, 0.004060899838805199, 0
u,0.57845139503479, 0.004060899838805199, 0
u,0.684060275554657, 0.011655000038444996, 0
u,0.57845139503479, 0.011655000038444996, 0
u,0.57845139503479, 0.004060899838805199, 0
u,0.0, 0.004060899838805199, 0
u,0.08894229680299759, 0.004060899838805199, 0
u,0.08894229680299759, 0.011655000038444996, 0
u,0.24577179551124573, 0.9994956851005554, 0
u,0.018070800229907036, 0.9994956851005554, 0
u,0.018070800229907036, 0.01631700061261654, 0
u,0.018070800229907036, 0.9994956851005554, 0
u,0.0, 0.9994956851005554, 0
u,0.0, 0.01631700061261654, 0
u,0.7468342781066895, 0.9994956851005554, 0
u,0.734749972820282, 0.9994956851005554, 0
u,0.734749972820282, 0.01631700061261654, 0
u,0.734749972820282, 0.9994956851005554, 0
u,0.6191884279251099, 0.9994956851005554, 0
u,0.6191884279251099, 0.01631700061261654, 0
u,0.6191884279251099, 0.01631700061261654, 0
u,0.6191884279251099, 0.9994956851005554, 0
u,0.379390686750412, 0.9994956851005554, 0
