s,195.6220703125, 61.4423828125, -0.4325571060180664
b,199.623046875, 65.6396484375, 3.4929561614990234
v,197.09716796875, 62.3232421875, 3.4927186965942383
v,196.2568359375, 63.4501953125, 3.492642402648926
v,196.2568359375, 63.4501953125, 2.421323776245117
v,197.09716796875, 62.3232421875, 2.4214000701904297
v,195.622314453125, 63.2255859375, -0.4325571060180664
v,195.8134765625, 64.0341796875, -0.4325294494628906
v,197.987548828125, 65.6396484375, -0.43228816986083984
v,199.623046875, 63.423828125, -0.4321403503417969
v,196.93896484375, 61.4423828125, -0.4324378967285156
v,195.813232421875, 64.0341796875, 2.109325408935547
v,198.140869140625, 65.4150390625, 2.5991668701171875
v,197.9873046875, 65.6396484375, 2.1095666885375977
v,195.983642578125, 63.822265625, 2.598926544189453
v,198.140869140625, 65.4150390625, 2.5991668701171875
v,195.813232421875, 64.0341796875, 2.109325408935547
v,195.6220703125, 63.2255859375, 2.109297752380371
v,196.938720703125, 61.4423828125, 2.109416961669922
v,195.85693359375, 63.28515625, 2.598909378051758
v,196.938720703125, 61.4423828125, 2.109416961669922
v,197.098876953125, 61.603515625, 2.5990219116210938
v,195.85693359375, 63.28515625, 2.598909378051758
v,195.85693359375, 63.28515625, 2.598909378051758
v,195.983642578125, 63.822265625, 2.598926544189453
v,195.6220703125, 63.2255859375, 2.109297752380371
v,195.6220703125, 63.2255859375, 2.109297752380371
v,195.983642578125, 63.822265625, 2.598926544189453
v,195.813232421875, 64.0341796875, 2.109325408935547
v,199.50146484375, 63.4599609375, 2.5992889404296875
v,197.113037109375, 61.6962890625, 2.599024772644043
v,195.928955078125, 63.2998046875, 2.598917007446289
v,195.85693359375, 63.28515625, 2.598909378051758
v,197.098876953125, 61.603515625, 2.5990219116210938
v,199.5947265625, 63.4462890625, 2.5992984771728516
v,198.140869140625, 65.4150390625, 2.5991668701171875
v,198.126953125, 65.3212890625, 2.5991640090942383
v,198.3544921875, 65.013671875, 2.599184036254883
v,198.40185546875, 65.0478515625, 2.5991907119750977
v,199.24169921875, 63.921875, 2.5992660522460938
v,199.189453125, 63.8828125, 2.5992603302001953
v,195.928955078125, 63.2998046875, 2.4212894439697266
v,197.113037109375, 61.6962890625, 2.4213953018188477
v,199.50146484375, 63.4599609375, 2.4216604232788086
v,199.189453125, 63.8828125, 2.4216318130493164
v,197.096923828125, 62.3232421875, 2.4214000701904297
v,196.256591796875, 63.4501953125, 2.421323776245117
v,198.354736328125, 65.013671875, 2.4215564727783203
v,198.126953125, 65.3212890625, 2.421536445617676
v,196.04296875, 63.783203125, 2.421304702758789
v,198.140869140625, 65.4150390625, 2.5991668701171875
v,195.983642578125, 63.822265625, 2.598926544189453
v,195.85693359375, 63.28515625, 2.598909378051758
v,195.928955078125, 63.2998046875, 2.598917007446289
v,196.04296875, 63.783203125, 2.598933219909668
v,198.126953125, 65.3212890625, 2.5991640090942383
v,196.349853515625, 63.4365234375, 3.4371423721313477
v,197.110595703125, 62.4169921875, 3.437211036682129
v,199.148193359375, 63.935546875, 3.4374380111694336
v,198.38818359375, 64.955078125, 3.437368392944336
v,198.40185546875, 65.0478515625, 3.492879867553711
v,196.256591796875, 63.4501953125, 3.492642402648926
v,197.096923828125, 62.3232421875, 3.4927186965942383
v,197.1103515625, 62.4169921875, 3.4927196502685547
v,196.349853515625, 63.4365234375, 3.4926509857177734
v,198.38818359375, 64.955078125, 3.492877960205078
v,199.148193359375, 63.935546875, 3.4929466247558594
v,199.241455078125, 63.921875, 3.4929561614990234
v,199.148193359375, 63.935546875, 3.4929466247558594
v,197.1103515625, 62.4169921875, 3.4927196502685547
v,197.096923828125, 62.3232421875, 3.4927186965942383
v,199.241455078125, 63.921875, 3.4929561614990234
v,196.93896484375, 61.4423828125, -0.4324378967285156
v,196.938720703125, 61.4423828125, 2.109416961669922
v,195.6220703125, 63.2255859375, 2.109297752380371
v,195.622314453125, 63.2255859375, -0.4325571060180664
v,195.6220703125, 63.2255859375, 2.109297752380371
v,195.813232421875, 64.0341796875, 2.109325408935547
v,195.8134765625, 64.0341796875, -0.4325294494628906
v,195.622314453125, 63.2255859375, -0.4325571060180664
v,195.813232421875, 64.0341796875, 2.109325408935547
v,197.9873046875, 65.6396484375, 2.1095666885375977
v,197.987548828125, 65.6396484375, -0.43228816986083984
v,195.8134765625, 64.0341796875, -0.4325294494628906
v,197.987548828125, 65.6396484375, -0.43228816986083984
v,197.9873046875, 65.6396484375, 2.1095666885375977
v,199.622802734375, 63.423828125, 2.1097145080566406
v,199.623046875, 63.423828125, -0.4321403503417969
v,199.622802734375, 63.423828125, 2.1097145080566406
v,196.938720703125, 61.4423828125, 2.109416961669922
v,196.93896484375, 61.4423828125, -0.4324378967285156
v,199.623046875, 63.423828125, -0.4321403503417969
v,197.9873046875, 65.6396484375, 2.1095666885375977
v,198.140869140625, 65.4150390625, 2.5991668701171875
v,199.5947265625, 63.4462890625, 2.5992984771728516
v,199.622802734375, 63.423828125, 2.1097145080566406
v,197.9873046875, 65.6396484375, 2.1095666885375977
v,199.5947265625, 63.4462890625, 2.5992984771728516
v,199.5947265625, 63.4462890625, 2.5992984771728516
v,197.098876953125, 61.603515625, 2.5990219116210938
v,199.622802734375, 63.423828125, 2.1097145080566406
v,199.622802734375, 63.423828125, 2.1097145080566406
v,197.098876953125, 61.603515625, 2.5990219116210938
v,196.938720703125, 61.4423828125, 2.109416961669922
v,199.189453125, 63.8828125, 2.5992603302001953
v,199.189453125, 63.8828125, 2.4216318130493164
v,199.50146484375, 63.4599609375, 2.4216604232788086
v,199.50146484375, 63.4599609375, 2.5992889404296875
v,198.354736328125, 65.013671875, 2.4215564727783203
v,198.3544921875, 65.013671875, 2.599184036254883
v,198.126953125, 65.3212890625, 2.5991640090942383
v,198.126953125, 65.3212890625, 2.421536445617676
v,197.113037109375, 61.6962890625, 2.599024772644043
v,199.50146484375, 63.4599609375, 2.5992889404296875
v,199.50146484375, 63.4599609375, 2.4216604232788086
v,197.113037109375, 61.6962890625, 2.4213953018188477
v,195.928955078125, 63.2998046875, 2.4212894439697266
v,195.928955078125, 63.2998046875, 2.598917007446289
v,197.113037109375, 61.6962890625, 2.599024772644043
v,197.113037109375, 61.6962890625, 2.4213953018188477
v,196.04296875, 63.783203125, 2.598933219909668
v,195.928955078125, 63.2998046875, 2.598917007446289
v,195.928955078125, 63.2998046875, 2.4212894439697266
v,196.04296875, 63.783203125, 2.421304702758789
v,198.126953125, 65.3212890625, 2.5991640090942383
v,196.04296875, 63.783203125, 2.598933219909668
v,196.04296875, 63.783203125, 2.421304702758789
v,198.126953125, 65.3212890625, 2.421536445617676
v,198.40185546875, 65.0478515625, 2.5991907119750977
v,198.40185546875, 65.0478515625, 3.492879867553711
v,199.241455078125, 63.921875, 3.4929561614990234
v,199.24169921875, 63.921875, 2.5992660522460938
v,198.38818359375, 64.955078125, 3.492877960205078
v,196.349853515625, 63.4365234375, 3.4926509857177734
v,196.349853515625, 63.4365234375, 3.4371423721313477
v,198.38818359375, 64.955078125, 3.437368392944336
v,199.148193359375, 63.935546875, 3.4929466247558594
v,198.38818359375, 64.955078125, 3.492877960205078
v,198.38818359375, 64.955078125, 3.437368392944336
v,199.148193359375, 63.935546875, 3.4374380111694336
v,197.1103515625, 62.4169921875, 3.4927196502685547
v,199.148193359375, 63.935546875, 3.4929466247558594
v,199.148193359375, 63.935546875, 3.4374380111694336
v,197.110595703125, 62.4169921875, 3.437211036682129
v,196.349853515625, 63.4365234375, 3.4926509857177734
v,197.1103515625, 62.4169921875, 3.4927196502685547
v,197.110595703125, 62.4169921875, 3.437211036682129
v,196.349853515625, 63.4365234375, 3.4371423721313477
v,199.24169921875, 63.921875, 2.5992660522460938
v,199.241455078125, 63.921875, 3.4929561614990234
v,197.096923828125, 62.3232421875, 3.4927186965942383
v,197.096923828125, 62.3232421875, 2.4214000701904297
v,199.189453125, 63.8828125, 2.4216318130493164
v,199.189453125, 63.8828125, 2.5992603302001953
v,196.256591796875, 63.4501953125, 2.421323776245117
v,196.256591796875, 63.4501953125, 3.492642402648926
v,198.40185546875, 65.0478515625, 3.492879867553711
v,198.40185546875, 65.0478515625, 2.5991907119750977
v,198.3544921875, 65.013671875, 2.599184036254883
v,198.354736328125, 65.013671875, 2.4215564727783203
i,1,3,0
i,5,7,8
i,9,10,11
i,12,13,14
i,15,16,17
i,18,19,20
i,21,22,23
i,24,25,26
i,27,32,37
i,44,45,47
i,49,51,52
i,55,57,54
i,63,64,58
i,67,69,66
i,70,72,73
i,74,76,77
i,78,80,81
i,83,85,82
i,86,88,89
i,90,91,92
i,93,94,95
i,96,97,98
i,99,100,101
i,102,104,105
i,106,108,109
i,110,112,113
i,115,117,114
i,119,121,118
i,123,125,122
i,127,129,126
i,131,133,130
i,135,137,134
i,139,141,138
i,142,144,145
i,149,150,151
i,154,155,156
i,1,2,3
i,8,4,5
i,5,6,7
i,28,29,30
i,33,34,36
i,34,35,36
i,28,30,31
i,37,38,27
i,27,28,31
i,33,36,37
i,27,31,32
i,32,33,37
i,47,39,44
i,39,40,43
i,44,39,43
i,40,41,43
i,41,42,43
i,45,46,47
i,53,48,49
i,49,50,51
i,52,53,49
i,55,56,57
i,59,60,61
i,59,61,62
i,64,65,58
i,59,62,58
i,62,63,58
i,67,68,69
i,70,71,72
i,74,75,76
i,78,79,80
i,83,84,85
i,86,87,88
i,102,103,104
i,106,107,108
i,110,111,112
i,115,116,117
i,119,120,121
i,123,124,125
i,127,128,129
i,131,132,133
i,135,136,137
i,139,140,141
i,142,143,144
i,151,146,147
i,147,148,151
i,148,149,151
i,157,152,156
i,152,153,156
i,153,154,156
n,-3.6103620529174805, -2.6924853324890137, 0.0
n,0.0004670314956456423, 4.3079406168544665e-05, -4.50379753112793
n,-2.338900089263916, 3.1668527126312256, 2.1874146461486816
n,-2.339367151260376, 3.1688382625579834, 2.1840367317199707
n,-3.293668270111084, -2.43167781829834, 1.8769352436065674
n,-3.292661428451538, -2.4315872192382812, 1.8788177967071533
n,-4.014138698577881, 0.9468235373497009, 1.809532880783081
n,-4.014585494995117, 0.9487223029136658, 1.807545781135559
n,-0.0004996435018256307, -5.830013833474368e-05, 4.50379753112793
n,-0.00046528957318514585, -4.657819226849824e-05, 4.50379753112793
n,-0.0004758987051900476, -3.760909385164268e-05, 4.50379753112793
n,-0.0004663207510020584, -4.4817934394814074e-05, 4.50379753112793
n,-0.00048189156223088503, -5.23825001437217e-05, 4.50379753112793
n,-0.0004586488357745111, -5.775715544587001e-05, 4.50379753112793
n,-3.6232376098632812, -2.67513370513916, -0.0003090774698648602
n,-4.383054733276367, 1.0358668565750122, -0.00037389309727586806
n,-2.675492763519287, 3.6229724884033203, -0.00022810747032053769
n,3.6236953735351562, 2.674513816833496, 0.00030923739541321993
n,2.6751813888549805, -3.6232025623321533, 0.0002283041103510186
n,3.622324228286743, 2.674861192703247, 0.08987156301736832
n,3.6230647563934326, 2.6740543842315674, 0.08382757753133774
n,2.6686224937438965, -3.6139910221099854, 0.3189270794391632
n,2.6685023307800293, -3.6142044067382812, 0.3175126016139984
n,-3.621691942214966, -2.6772260665893555, 0.0
n,-3.6200973987579346, -2.679381847381592, 0.0
n,-2.675685167312622, 3.622830629348755, 0.0
n,3.623159170150757, 2.6752398014068604, 0.0
n,4.3837127685546875, -1.0330792665481567, 0.0
n,2.6741433143615723, -3.6239688396453857, 0.0
n,3.6110281944274902, 2.691591739654541, 0.0
n,2.6909542083740234, -3.6115033626556396, 0.0
n,-3.6114959716796875, -2.6909637451171875, 0.0
n,-2.691314220428467, 3.611219644546509, -0.010512946173548698
n,3.6103928089141846, 2.692444324493408, 0.0
n,2.6913692951202393, -3.611194610595703, 0.0
n,-2.6648261547088623, 3.6308255195617676, 0.0
n,-3.6103620529174805, -2.6924853324890137, 0.0
n,0.0004666626045946032, 4.2919276893371716e-05, -4.50379753112793
n,0.00046725518768653274, 4.447499668458477e-05, -4.50379753112793
n,-0.00046801369171589613, -4.3471751268953085e-05, 4.50379753112793
n,-0.0004797805449925363, -4.998412259737961e-05, 4.50379753112793
n,-0.0005076450761407614, -7.802555774105713e-05, 4.50379753112793
n,-0.000477316090837121, -5.082554343971424e-05, 4.50379753112793
n,-0.00042561040027067065, -1.658692599448841e-05, 4.50379753112793
n,-0.00045864327694289386, -5.366136247175746e-05, 4.50379753112793
n,-0.0002967773179989308, 8.012987382244319e-05, 4.50379753112793
n,-0.0004924428649246693, -9.926732673193328e-06, 4.50379753112793
n,-0.002278321422636509, -0.0013801371678709984, 4.503796577453613
n,-0.0004579043306875974, -4.1849707486107945e-05, 4.50379753112793
n,-0.00046316173393279314, -4.226790042594075e-05, 4.50379753112793
n,-0.00045964046148583293, -3.805628512054682e-05, 4.50379753112793
n,-0.00046855321852490306, -4.240585622028448e-05, 4.50379753112793
n,-0.00046964152716100216, -4.0104299841914326e-05, 4.50379753112793
n,-0.00046511556138284504, -4.6905250201234594e-05, 4.50379753112793
n,-0.00046150683192536235, -5.273363785818219e-05, 4.50379753112793
n,-0.0004690677160397172, -3.8325608329614624e-05, 4.50379753112793
n,-0.00047404729411937296, -3.480109080555849e-05, 4.50379753112793
n,-0.0004695549141615629, -4.3190349970245734e-05, 4.50379753112793
n,-0.0004342556349001825, -1.9125156541122124e-05, 4.50379753112793
n,-0.00045512791257351637, -3.637412009993568e-05, 4.50379753112793
n,-0.0004551827150862664, -3.446904884185642e-05, 4.50379753112793
n,-0.0004578842199407518, -5.6127653806470335e-05, 4.50379753112793
n,-0.00045807191054336727, -5.588866042671725e-05, 4.50379753112793
n,-0.0004917560145258904, -1.087278451450402e-05, 4.50379753112793
n,-3.6232378482818604, -2.67513370513916, -0.0003090774698648602
n,-4.383055210113525, 1.0358667373657227, -0.0003738930099643767
n,-2.675492763519287, 3.6229724884033203, -0.0002282307541463524
n,3.6236953735351562, 2.6745142936706543, 0.00030911649810150266
n,2.6751813888549805, -3.6232025623321533, 0.00022820425510872155
n,-3.621691942214966, -2.6772258281707764, 0.0
n,-3.621314764022827, -2.6777329444885254, -0.004420554265379906
n,-2.675685167312622, 3.622830390930176, 0.0
n,3.623159646987915, 2.6752398014068604, 0.0
n,4.3837127685546875, -1.0330792665481567, 0.0
n,2.6741433143615723, -3.6239688396453857, 0.0
n,3.611361265182495, 2.691145420074463, 0.0008762034703977406
n,2.6909542083740234, -3.6115033626556396, 0.0
n,-3.6114959716796875, -2.6909637451171875, 0.0
n,-2.6915066242218018, 3.6110920906066895, 0.0
n,3.6107428073883057, 2.691938638687134, 0.014104464091360569
n,2.6950860023498535, -3.6084210872650146, 0.0006538929301314056
n,2.6916344165802, -3.6109964847564697, 0.0009673591703176498
n,2.691368818283081, -3.611194372177124, 0.0
n,-2.6915171146392822, 3.6110823154449463, -0.003287368919700384
n,-2.691697359085083, 3.610949754714966, 0.0
n,-2.6911096572875977, 3.611387014389038, 0.002144778845831752
u,0.21789219975471497, 0.10232560336589813, 0
u,0.14282770454883575, 0.32261690497398376, 0
u,0.14282770454883575, 0.10232560336589813, 0
u,0.0, 0.0, 0
u,0.0, 0.0, 0
u,0.0, 0.0, 0
u,0.48260051012039185, 0.32152679562568665, 0
u,0.6686624884605408, 0.13023260235786438, 0
u,0.6715179085731506, 0.2808685898780823, 0
u,0.4811890125274658, 0.17058709263801575, 0
u,0.6686624884605408, 0.13023260235786438, 0
u,0.48260051012039185, 0.32152679562568665, 0
u,0.6739131212234497, 0.21809829771518707, 0
u,0.8135839104652405, 0.21809829771518707, 0
u,0.6796680092811584, 0.34882229566574097, 0
u,0.8135839104652405, 0.21809829771518707, 0
u,0.8114113807678223, 0.3488371968269348, 0
u,0.6796680092811584, 0.34882229566574097, 0
u,0.4510667026042938, 0.13023260235786438, 0
u,0.4811890125274658, 0.17058709263801575, 0
u,0.43719810247421265, 0.2607797086238861, 0
u,0.43719810247421265, 0.2607797086238861, 0
u,0.4811890125274658, 0.17058709263801575, 0
u,0.48260051012039185, 0.32152679562568665, 0
u,0.21306799352169037, 0.3528853952884674, 0
u,0.2177422046661377, 0.3348836898803711, 0
u,0.21763239800930023, 0.495024710893631, 0
u,0.029462400823831558, 0.8716980814933777, 0
u,0.2130713015794754, 0.8747842907905579, 0
u,0.031272899359464645, 0.9784625768661499, 0
u,0.029558200389146805, 0.9964646100997925, 0
u,0.0046744998544454575, 0.8916112184524536, 0
u,0.031272899359464645, 0.9784625768661499, 0
u,0.03457000106573105, 0.5098425149917603, 0
u,0.21255379915237427, 0.8567737936973572, 0
u,0.03415820002555847, 0.8537750840187073, 0
u,0.21255379915237427, 0.8567737936973572, 0
u,0.21293799579143524, 0.5129448175430298, 0
u,0.2172078937292099, 0.874853789806366, 0
u,0.03457000106573105, 0.5098425149917603, 0
u,0.21763239800930023, 0.495024710893631, 0
u,0.21293799579143524, 0.5129448175430298, 0
u,0.4201400876045227, 0.35348838567733765, 0
u,0.2744781970977783, 0.9967442154884338, 0
u,0.2744781970977783, 0.35348838567733765, 0
u,0.2744781970977783, 0.9967442154884338, 0
u,0.21980680525302887, 0.35348838567733765, 0
u,0.2744781970977783, 0.35348838567733765, 0
u,0.997986912727356, 0.9967442154884338, 0
u,0.8204097151756287, 0.35348838567733765, 0
u,0.997986912727356, 0.35348838567733765, 0
u,0.8204097151756287, 0.9967442154884338, 0
u,0.6394165754318237, 0.35348838567733765, 0
u,0.8204097151756287, 0.35348838567733765, 0
u,0.6394165754318237, 0.9967442154884338, 0
u,0.4201400876045227, 0.35348838567733765, 0
u,0.6394165754318237, 0.35348838567733765, 0
u,0.6739131212234497, 0.20930230617523193, 0
u,0.6879066824913025, 0.11226429790258408, 0
u,0.8138629794120789, 0.11226499825716019, 0
u,0.8156421184539795, 0.20930230617523193, 0
u,0.6739131212234497, 0.20930230617523193, 0
u,0.8138629794120789, 0.11226499825716019, 0
u,0.1628689020872116, 0.0971653014421463, 0
u,0.011008700355887413, 0.09716419875621796, 0
u,0.163326695561409, 0.004651200026273727, 0
u,0.163326695561409, 0.004651200026273727, 0
u,0.011008700355887413, 0.09716419875621796, 0
u,0.0, 0.004651200026273727, 0
u,0.16545890271663666, 0.0968623012304306, 0
u,0.19700129330158234, 0.055814001709222794, 0
u,0.19700129330158234, 0.0968623012304306, 0
u,0.7030876278877258, 0.055814001709222794, 0
u,0.6800773739814758, 0.0968623012304306, 0
u,0.6800773739814758, 0.055814001709222794, 0
u,0.3751867115497589, 0.0968623012304306, 0
u,0.19700129330158234, 0.055814001709222794, 0
u,0.3751867115497589, 0.055814001709222794, 0
u,0.4948030114173889, 0.0968623012304306, 0
u,0.3751867115497589, 0.055814001709222794, 0
u,0.4948030114173889, 0.055814001709222794, 0
u,0.4948030114173889, 0.0968623012304306, 0
u,0.5246220231056213, 0.055814001709222794, 0
u,0.5246220231056213, 0.0968623012304306, 0
u,0.5246220231056213, 0.0968623012304306, 0
u,0.6800773739814758, 0.055814001709222794, 0
u,0.6800773739814758, 0.0968623012304306, 0
u,0.3607428967952728, 0.10232560336589813, 0
u,0.435785710811615, 0.2860918939113617, 0
u,0.3607428967952728, 0.2860918939113617, 0
u,0.42501100897789, 0.3373369872570038, 0
u,0.28824979066848755, 0.3488371968269348, 0
u,0.28824979066848755, 0.3373369872570038, 0
u,0.28824979066848755, 0.3373369872570038, 0
u,0.21980680525302887, 0.3488371968269348, 0
u,0.21980680525302887, 0.3373369872570038, 0
u,0.6302149295806885, 0.3373369872570038, 0
u,0.4934748113155365, 0.3488371968269348, 0
u,0.4934748113155365, 0.3373369872570038, 0
u,0.42501100897789, 0.3373369872570038, 0
u,0.4934748113155365, 0.3488371968269348, 0
u,0.42501100897789, 0.3488371968269348, 0
u,0.14282770454883575, 0.32261690497398376, 0
u,0.003472199896350503, 0.32261690497398376, 0
u,0.003472199896350503, 0.2860918939113617, 0
u,0.3607428967952728, 0.10232560336589813, 0
u,0.3607428967952728, 0.2860918939113617, 0
u,0.3575955033302307, 0.2860918939113617, 0
u,0.21789219975471497, 0.10232560336589813, 0
u,0.21789219975471497, 0.32261690497398376, 0
u,0.14282770454883575, 0.32261690497398376, 0
u,0.0, 0.0, 0
u,0.0, 0.0, 0
u,0.0, 0.0, 0
u,0.0, 0.0, 0
u,0.0, 0.0, 0
u,0.0, 0.0, 0
u,0.004687199834734201, 0.3528853952884674, 0
u,0.0046744998544454575, 0.8916112184524536, 0
u,0.0, 0.8999487161636353, 0
u,0.21774649620056152, 0.9964174032211304, 0
u,0.2130720019340515, 0.978416919708252, 0
u,0.2172078937292099, 0.874853789806366, 0
u,0.2130720019340515, 0.978416919708252, 0
u,0.2130713015794754, 0.8747842907905579, 0
u,0.2172078937292099, 0.874853789806366, 0
u,0.004687199834734201, 0.3528853952884674, 0
u,0.0, 0.8999487161636353, 0
u,1.3300000318849925e-05, 0.3348836898803711, 0
u,0.21763239800930023, 0.495024710893631, 0
u,0.2130689024925232, 0.4949452877044678, 0
u,0.21306799352169037, 0.3528853952884674, 0
u,0.21306799352169037, 0.3528853952884674, 0
u,0.004687199834734201, 0.3528853952884674, 0
u,1.3300000318849925e-05, 0.3348836898803711, 0
u,0.21774649620056152, 0.9964174032211304, 0
u,0.2172078937292099, 0.874853789806366, 0
u,0.21763239800930023, 0.495024710893631, 0
u,0.21306799352169037, 0.3528853952884674, 0
u,1.3300000318849925e-05, 0.3348836898803711, 0
u,0.2177422046661377, 0.3348836898803711, 0
u,0.2177422046661377, 0.3348836898803711, 0
u,0.21774649620056152, 0.9964174032211304, 0
u,0.21763239800930023, 0.495024710893631, 0
u,0.031272899359464645, 0.9784625768661499, 0
u,0.0046744998544454575, 0.8916112184524536, 0
u,0.029462400823831558, 0.8716980814933777, 0
u,0.0046744998544454575, 0.8916112184524536, 0
u,0.004687199834734201, 0.3528853952884674, 0
u,0.029917199164628983, 0.4917598068714142, 0
u,0.029462400823831558, 0.8716980814933777, 0
u,0.0046744998544454575, 0.8916112184524536, 0
u,0.029917199164628983, 0.4917598068714142, 0
u,0.004687199834734201, 0.3528853952884674, 0
u,0.21306799352169037, 0.3528853952884674, 0
u,0.029917199164628983, 0.4917598068714142, 0
u,0.21306799352169037, 0.3528853952884674, 0
u,0.2130689024925232, 0.4949452877044678, 0
u,0.029917199164628983, 0.4917598068714142, 0
u,0.2130713015794754, 0.8747842907905579, 0
u,0.2130720019340515, 0.978416919708252, 0
u,0.031272899359464645, 0.9784625768661499, 0
u,0.2130720019340515, 0.978416919708252, 0
u,0.21774649620056152, 0.9964174032211304, 0
u,0.029558200389146805, 0.9964646100997925, 0
u,0.029558200389146805, 0.9964646100997925, 0
u,0.0, 0.8999487161636353, 0
u,0.0046744998544454575, 0.8916112184524536, 0
u,0.031272899359464645, 0.9784625768661499, 0
u,0.2130720019340515, 0.978416919708252, 0
u,0.029558200389146805, 0.9964646100997925, 0
u,0.03457000106573105, 0.5098425149917603, 0
u,0.21293799579143524, 0.5129448175430298, 0
u,0.21255379915237427, 0.8567737936973572, 0
u,0.029462400823831558, 0.8716980814933777, 0
u,0.029917199164628983, 0.4917598068714142, 0
u,0.03457000106573105, 0.5098425149917603, 0
u,0.029462400823831558, 0.8716980814933777, 0
u,0.03457000106573105, 0.5098425149917603, 0
u,0.03415820002555847, 0.8537750840187073, 0
u,0.21293799579143524, 0.5129448175430298, 0
u,0.21763239800930023, 0.495024710893631, 0
u,0.2172078937292099, 0.874853789806366, 0
u,0.029462400823831558, 0.8716980814933777, 0
u,0.03415820002555847, 0.8537750840187073, 0
u,0.2172078937292099, 0.874853789806366, 0
u,0.03415820002555847, 0.8537750840187073, 0
u,0.21255379915237427, 0.8567737936973572, 0
u,0.2172078937292099, 0.874853789806366, 0
u,0.03457000106573105, 0.5098425149917603, 0
u,0.029917199164628983, 0.4917598068714142, 0
u,0.21763239800930023, 0.495024710893631, 0
u,0.4201400876045227, 0.35348838567733765, 0
u,0.4201400876045227, 0.9967442154884338, 0
u,0.2744781970977783, 0.9967442154884338, 0
u,0.2744781970977783, 0.9967442154884338, 0
u,0.21980680525302887, 0.9967442154884338, 0
u,0.21980680525302887, 0.35348838567733765, 0
u,0.997986912727356, 0.9967442154884338, 0
u,0.8204097151756287, 0.9967442154884338, 0
u,0.8204097151756287, 0.35348838567733765, 0
u,0.8204097151756287, 0.9967442154884338, 0
u,0.6394165754318237, 0.9967442154884338, 0
u,0.6394165754318237, 0.35348838567733765, 0
u,0.6394165754318237, 0.9967442154884338, 0
u,0.4201400876045227, 0.9967442154884338, 0
u,0.4201400876045227, 0.35348838567733765, 0
u,0.16545890271663666, 0.0968623012304306, 0
u,0.16545890271663666, 0.055814001709222794, 0
u,0.19700129330158234, 0.055814001709222794, 0
u,0.7030876278877258, 0.055814001709222794, 0
u,0.7030876278877258, 0.0968623012304306, 0
u,0.6800773739814758, 0.0968623012304306, 0
u,0.3751867115497589, 0.0968623012304306, 0
u,0.19700129330158234, 0.0968623012304306, 0
u,0.19700129330158234, 0.055814001709222794, 0
u,0.4948030114173889, 0.0968623012304306, 0
u,0.3751867115497589, 0.0968623012304306, 0
u,0.3751867115497589, 0.055814001709222794, 0
u,0.4948030114173889, 0.0968623012304306, 0
u,0.4948030114173889, 0.055814001709222794, 0
u,0.5246220231056213, 0.055814001709222794, 0
u,0.5246220231056213, 0.0968623012304306, 0
u,0.5246220231056213, 0.055814001709222794, 0
u,0.6800773739814758, 0.055814001709222794, 0
u,0.3607428967952728, 0.10232560336589813, 0
u,0.435785710811615, 0.10232560336589813, 0
u,0.435785710811615, 0.2860918939113617, 0
u,0.42501100897789, 0.3373369872570038, 0
u,0.42501100897789, 0.3488371968269348, 0
u,0.28824979066848755, 0.3488371968269348, 0
u,0.28824979066848755, 0.3373369872570038, 0
u,0.28824979066848755, 0.3488371968269348, 0
u,0.21980680525302887, 0.3488371968269348, 0
u,0.6302149295806885, 0.3373369872570038, 0
u,0.6302149295806885, 0.3488371968269348, 0
u,0.4934748113155365, 0.3488371968269348, 0
u,0.42501100897789, 0.3373369872570038, 0
u,0.4934748113155365, 0.3373369872570038, 0
u,0.4934748113155365, 0.3488371968269348, 0
u,0.003472199896350503, 0.2860918939113617, 0
u,0.0, 0.2860918939113617, 0
u,0.0, 0.10232560336589813, 0
u,0.0, 0.10232560336589813, 0
u,0.14282770454883575, 0.10232560336589813, 0
u,0.003472199896350503, 0.2860918939113617, 0
u,0.14282770454883575, 0.10232560336589813, 0
u,0.14282770454883575, 0.32261690497398376, 0
u,0.003472199896350503, 0.2860918939113617, 0
u,0.3575955033302307, 0.32261690497398376, 0
u,0.21789219975471497, 0.32261690497398376, 0
u,0.3575955033302307, 0.2860918939113617, 0
u,0.21789219975471497, 0.32261690497398376, 0
u,0.21789219975471497, 0.10232560336589813, 0
u,0.3575955033302307, 0.2860918939113617, 0
u,0.21789219975471497, 0.10232560336589813, 0
u,0.3607428967952728, 0.10232560336589813, 0
u,0.3575955033302307, 0.2860918939113617, 0
