s,110.67333984375, 34.4443359375, -1.5063984394073486
b,113.78759765625, 38.646484375, 6.313547611236572
v,111.72607421875, 38.328125, 5.247722148895264
v,111.72607421875, 38.328125, 5.025686740875244
v,112.376953125, 38.560546875, 5.0257134437561035
v,112.376953125, 38.560546875, 5.247747898101807
v,110.673828125, 38.021484375, -1.5063984394073486
v,112.418212890625, 38.646484375, -1.5063285827636719
v,113.78759765625, 34.6328125, -1.5062308311462402
v,111.908203125, 34.4443359375, -1.5063111782073975
v,113.697265625, 34.69140625, 5.025806903839111
v,112.376708984375, 38.560546875, 5.0257134437561035
v,111.725830078125, 38.328125, 5.025686740875244
v,112.352294921875, 38.5361328125, 5.025712490081787
v,112.843994140625, 37.056640625, 5.025745868682861
v,112.183837890625, 36.8369140625, 5.025720119476318
v,112.221923828125, 36.7236328125, 5.025722980499268
v,112.178955078125, 36.7080078125, 5.025721073150635
v,112.5126953125, 35.705078125, 5.025744915008545
v,111.740478515625, 35.4482421875, 5.02571439743042
v,111.405517578125, 36.455078125, 5.025689601898193
v,111.328125, 36.4287109375, 5.025686740875244
v,110.968994140625, 37.509765625, 5.025661945343018
v,111.240234375, 37.599609375, 5.025672435760498
v,111.075439453125, 38.095703125, 5.025660991668701
v,110.7578125, 37.98046875, 5.0256476402282715
v,111.95361328125, 34.5146484375, 5.025732517242432
v,112.376708984375, 38.560546875, 5.247747898101807
v,113.697265625, 34.69140625, 5.247842311859131
v,111.95361328125, 34.5146484375, 5.247767925262451
v,111.90771484375, 34.4443359375, 5.247766971588135
v,113.787353515625, 34.6328125, 5.247847080230713
v,112.41796875, 38.646484375, 5.247748851776123
v,110.67333984375, 38.021484375, 5.247679233551025
v,110.7578125, 37.98046875, 5.247683048248291
v,111.075439453125, 38.095703125, 5.247695446014404
v,111.070556640625, 38.1103515625, 5.247695446014404
v,111.725830078125, 38.328125, 5.247722148895264
v,110.7578125, 37.98046875, 5.247683048248291
v,110.67333984375, 38.021484375, 5.247679233551025
v,111.90771484375, 34.4443359375, 5.247766971588135
v,111.95361328125, 34.5146484375, 5.247767925262451
v,111.240234375, 37.599609375, 5.558556079864502
v,111.86181640625, 37.802734375, 5.5585808753967285
v,112.183837890625, 36.8369140625, 5.558602809906006
v,112.843994140625, 37.056640625, 5.558630466461182
v,112.35205078125, 38.5361328125, 5.558596134185791
v,111.070556640625, 38.1103515625, 5.558544635772705
v,111.86181640625, 37.802734375, 6.021523952484131
v,110.96875, 37.509765625, 6.021487712860107
v,111.328125, 36.4287109375, 6.021512508392334
v,111.405517578125, 36.455078125, 6.0215163230896
v,111.376953125, 36.5400390625, 6.021514415740967
v,112.1494140625, 36.796875, 6.021544933319092
v,112.178955078125, 36.7080078125, 6.021546840667725
v,112.2216796875, 36.7236328125, 6.021548748016357
v,112.1494140625, 36.796875, 6.3135199546813965
v,111.376953125, 36.5400390625, 6.3134894371032715
v,111.740478515625, 35.4482421875, 6.313516139984131
v,112.5126953125, 35.705078125, 6.313547611236572
v,111.075439453125, 38.095703125, 5.025660991668701
v,111.075439453125, 38.095703125, 5.247695446014404
v,110.7578125, 37.98046875, 5.247683048248291
v,110.7578125, 37.98046875, 5.0256476402282715
v,113.697265625, 34.69140625, 5.247842311859131
v,112.376708984375, 38.560546875, 5.247747898101807
v,112.376708984375, 38.560546875, 5.0257134437561035
v,113.697265625, 34.69140625, 5.025806903839111
v,111.95361328125, 34.5146484375, 5.247767925262451
v,113.697265625, 34.69140625, 5.247842311859131
v,113.697265625, 34.69140625, 5.025806903839111
v,111.95361328125, 34.5146484375, 5.025732517242432
v,111.95361328125, 34.5146484375, 5.025732517242432
v,110.7578125, 37.98046875, 5.0256476402282715
v,110.7578125, 37.98046875, 5.247683048248291
v,111.95361328125, 34.5146484375, 5.247767925262451
v,112.41796875, 38.646484375, 5.247748851776123
v,113.787353515625, 34.6328125, 5.247847080230713
v,113.78759765625, 34.6328125, -1.5062308311462402
v,112.418212890625, 38.646484375, -1.5063285827636719
v,113.787353515625, 34.6328125, 5.247847080230713
v,111.90771484375, 34.4443359375, 5.247766971588135
v,111.908203125, 34.4443359375, -1.5063111782073975
v,113.78759765625, 34.6328125, -1.5062308311462402
v,110.67333984375, 38.021484375, 5.247679233551025
v,110.673828125, 38.021484375, -1.5063984394073486
v,111.908203125, 34.4443359375, -1.5063111782073975
v,111.90771484375, 34.4443359375, 5.247766971588135
v,110.673828125, 38.021484375, -1.5063984394073486
v,110.67333984375, 38.021484375, 5.247679233551025
v,112.41796875, 38.646484375, 5.247748851776123
v,112.418212890625, 38.646484375, -1.5063285827636719
v,112.843994140625, 37.056640625, 5.025745868682861
v,112.843994140625, 37.056640625, 5.558630466461182
v,112.183837890625, 36.8369140625, 5.558602809906006
v,112.183837890625, 36.8369140625, 5.025720119476318
v,111.240234375, 37.599609375, 5.025672435760498
v,111.240234375, 37.599609375, 5.558556079864502
v,111.070556640625, 38.1103515625, 5.558544635772705
v,111.070556640625, 38.1103515625, 5.247695446014404
v,111.075439453125, 38.095703125, 5.247695446014404
v,111.075439453125, 38.095703125, 5.025660991668701
v,112.35205078125, 38.5361328125, 5.558596134185791
v,112.352294921875, 38.5361328125, 5.025712490081787
v,111.725830078125, 38.328125, 5.025686740875244
v,111.725830078125, 38.328125, 5.247722148895264
v,111.070556640625, 38.1103515625, 5.247695446014404
v,111.070556640625, 38.1103515625, 5.558544635772705
v,112.352294921875, 38.5361328125, 5.025712490081787
v,112.35205078125, 38.5361328125, 5.558596134185791
v,112.843994140625, 37.056640625, 5.558630466461182
v,112.843994140625, 37.056640625, 5.025745868682861
v,111.86181640625, 37.802734375, 6.021523952484131
v,112.2216796875, 36.7236328125, 6.021548748016357
v,112.221923828125, 36.7236328125, 5.025722980499268
v,112.183837890625, 36.8369140625, 5.025720119476318
v,112.183837890625, 36.8369140625, 5.558602809906006
v,111.86181640625, 37.802734375, 5.5585808753967285
v,111.405517578125, 36.455078125, 5.025689601898193
v,111.405517578125, 36.455078125, 6.0215163230896
v,111.328125, 36.4287109375, 6.021512508392334
v,111.328125, 36.4287109375, 5.025686740875244
v,112.178955078125, 36.7080078125, 5.025721073150635
v,112.221923828125, 36.7236328125, 5.025722980499268
v,112.2216796875, 36.7236328125, 6.021548748016357
v,112.178955078125, 36.7080078125, 6.021546840667725
v,111.328125, 36.4287109375, 5.025686740875244
v,111.328125, 36.4287109375, 6.021512508392334
v,110.96875, 37.509765625, 6.021487712860107
v,110.968994140625, 37.509765625, 5.025661945343018
v,111.86181640625, 37.802734375, 5.5585808753967285
v,111.240234375, 37.599609375, 5.558556079864502
v,111.240234375, 37.599609375, 5.025672435760498
v,110.968994140625, 37.509765625, 5.025661945343018
v,110.96875, 37.509765625, 6.021487712860107
v,111.86181640625, 37.802734375, 6.021523952484131
v,111.740478515625, 35.4482421875, 5.02571439743042
v,112.5126953125, 35.705078125, 5.025744915008545
v,112.5126953125, 35.705078125, 6.313547611236572
v,111.740478515625, 35.4482421875, 6.313516139984131
v,111.376953125, 36.5400390625, 6.021514415740967
v,111.405517578125, 36.455078125, 6.0215163230896
v,111.405517578125, 36.455078125, 5.025689601898193
v,111.740478515625, 35.4482421875, 5.02571439743042
v,111.740478515625, 35.4482421875, 6.313516139984131
v,111.376953125, 36.5400390625, 6.3134894371032715
v,112.1494140625, 36.796875, 6.021544933319092
v,111.376953125, 36.5400390625, 6.021514415740967
v,111.376953125, 36.5400390625, 6.3134894371032715
v,112.1494140625, 36.796875, 6.3135199546813965
v,112.1494140625, 36.796875, 6.3135199546813965
v,112.5126953125, 35.705078125, 6.313547611236572
v,112.5126953125, 35.705078125, 5.025744915008545
v,112.178955078125, 36.7080078125, 5.025721073150635
v,112.178955078125, 36.7080078125, 6.021546840667725
v,112.1494140625, 36.796875, 6.021544933319092
i,0,2,3
i,5,7,4
i,16,17,24
i,26,29,30
i,36,38,39
i,41,43,44
i,46,50,51
i,54,56,57
i,58,60,61
i,63,65,62
i,66,68,69
i,70,72,73
i,75,77,74
i,78,80,81
i,82,84,85
i,86,88,89
i,90,92,93
i,96,97,98
i,103,104,105
i,107,109,106
i,112,113,114
i,116,118,119
i,120,122,123
i,124,126,127
i,129,131,132
i,135,137,134
i,142,143,139
i,144,146,147
i,150,151,152
i,0,1,2
i,5,6,7
i,9,10,11
i,12,13,14
i,9,11,12
i,21,22,20
i,22,23,20
i,8,9,12
i,14,15,16
i,8,12,16
i,12,14,16
i,20,23,19
i,23,24,19
i,17,18,19
i,17,19,24
i,8,16,24
i,26,27,28
i,31,32,34
i,32,33,34
i,34,35,31
i,35,25,30
i,26,28,29
i,35,30,31
i,25,26,30
i,36,37,38
i,45,40,41
i,41,42,43
i,44,45,41
i,46,47,50
i,47,48,50
i,48,49,50
i,51,52,53
i,51,53,46
i,54,55,56
i,58,59,60
i,63,64,65
i,66,67,68
i,70,71,72
i,75,76,77
i,78,79,80
i,82,83,84
i,86,87,88
i,90,91,92
i,99,94,98
i,94,95,98
i,95,96,98
i,105,100,103
i,100,101,103
i,101,102,103
i,107,108,109
i,115,110,114
i,110,111,114
i,111,112,114
i,116,117,118
i,120,121,122
i,124,125,126
i,133,128,129
i,129,130,131
i,132,133,129
i,135,136,137
i,143,138,139
i,139,140,141
i,141,142,139
i,144,145,146
i,153,148,152
i,148,149,152
i,149,150,152
n,1.5146119594573975, -4.241478443145752, 0.0
n,0.00019557139603421092, -4.234466177877039e-05, -4.50379753112793
n,-0.00019302881264593452, 4.579571032081731e-05, 4.50379753112793
n,-0.00023419632634613663, 3.0343595426529646e-05, 4.50379753112793
n,-0.0001651275233598426, 5.309169500833377e-05, 4.50379753112793
n,-0.00019653176423162222, 3.77766446035821e-05, 4.50379753112793
n,-0.00019109464483335614, 4.013823127024807e-05, 4.50379753112793
n,-0.00019801253802143037, 4.593003905029036e-05, 4.50379753112793
n,1.5279829502105713, -4.236680030822754, 0.0
n,-4.262392520904541, -1.4547170400619507, 0.0
n,-0.4525032341480255, 4.481008052825928, 0.0
n,4.2574992179870605, 1.4689756631851196, 0.0
n,4.2624359130859375, 1.4545897245407104, 0.00013683998258784413
n,0.450806200504303, -4.4811787605285645, 1.4472548173216637e-05
n,-4.257502555847168, -1.4689674377441406, -0.0002733631990849972
n,-1.5179626941680908, 4.240280628204346, -4.873222133028321e-05
n,1.4204354286193848, -4.27393913269043, 0.0
n,-4.28511381149292, -1.3863602876663208, 0.0
n,-1.4199821949005127, 4.274089813232422, 0.0
n,4.273928165435791, 1.4204673767089844, 0.001739064697176218
n,4.269407272338867, 1.4339994192123413, 0.0
n,1.434983730316162, -4.269076824188232, 0.0
n,1.469528079032898, -4.2573089599609375, 0.0
n,-4.273791313171387, -1.4208812713623047, -0.0009305738494731486
n,-1.407270908355713, 4.278291702270508, -0.00030641868943348527
n,1.4206258058547974, -4.273875713348389, 0.0
n,-4.273353099822998, -1.422188401222229, -0.00489011500030756
n,-1.4202667474746704, 4.2739949226379395, 0.0
n,4.2736921310424805, 1.4211781024932861, 0.0
n,1.5146119594573975, -4.241478443145752, 0.0
n,0.00019709469052031636, -4.2529536585789174e-05, -4.50379753112793
n,-0.00019630616588983685, 4.097891360288486e-05, 4.50379753112793
n,-0.00019123514357488602, 3.6491397622739896e-05, 4.50379753112793
n,-0.00019399607845116407, 3.8648191548418254e-05, 4.50379753112793
n,-0.0001965827395906672, 4.2264844523742795e-05, 4.50379753112793
n,-0.00019542270456440747, 4.205388904665597e-05, 4.50379753112793
n,-0.00034373553353361785, -7.875530172896106e-06, 4.50379753112793
n,-0.0001922998926602304, 4.249207631801255e-05, 4.50379753112793
n,-0.00020096551452297717, 4.362795516499318e-05, 4.50379753112793
n,-0.00019416294526308775, 4.196005465928465e-05, 4.50379753112793
n,-0.00020519032841548324, 3.7678251828765497e-05, 4.50379753112793
n,-0.00013447509263642132, 6.366777961375192e-05, 4.50379753112793
n,-0.00016619497910141945, 5.4606105550192297e-05, 4.50379753112793
n,-0.00018016062676906586, 4.873769648838788e-05, 4.50379753112793
n,-0.00019736611284315586, 4.7833167627686635e-05, 4.50379753112793
n,-0.0002001853281399235, 7.575100607937202e-05, 4.50379753112793
n,-0.00018182168423663825, -2.8649840260186465e-06, 4.50379753112793
n,-0.0001614207139937207, -5.222434992901981e-05, 4.50379753112793
n,-0.00018650478159543127, 1.8163034837925807e-05, 4.50379753112793
n,-0.0002000904642045498, 5.15763349540066e-05, 4.50379753112793
n,-0.00020102541020605713, 8.183276804629713e-05, 4.50379753112793
n,-0.0001895703753689304, 2.8701611881842837e-05, 4.50379753112793
n,-0.00018739138613454998, 4.54833461844828e-05, 4.50379753112793
n,-0.00015293732576537877, 5.7054709031945094e-05, 4.50379753112793
n,-0.00019476425950415432, 3.234637188143097e-05, 4.50379753112793
n,-0.00019716369570232928, 3.694542829180136e-05, 4.50379753112793
n,-0.00019345554756000638, 3.571886190911755e-05, 4.50379753112793
n,-0.00019277588580735028, 4.078371057403274e-05, 4.50379753112793
n,-0.00022158441424835473, 2.865346505132038e-05, 4.50379753112793
n,-0.00020418060012161732, 2.1005305825383402e-05, 4.50379753112793
n,-0.00020022335229441524, 6.261887028813362e-05, 4.50379753112793
n,-0.00023640830477233976, 2.7178914024261758e-05, 4.50379753112793
n,-0.00019245945441070944, 4.4245371100259945e-05, 4.50379753112793
n,1.5279829502105713, -4.236680030822754, 0.0
n,-4.262392520904541, -1.4547170400619507, 0.0
n,-0.4525032341480255, 4.481008052825928, 0.0
n,4.2574992179870605, 1.4689756631851196, 0.0
n,4.2624359130859375, 1.454589605331421, 0.0001368399680359289
n,0.45075470209121704, -4.481184005737305, 2.8941789423697628e-05
n,-4.257502555847168, -1.4689675569534302, -0.0002733631990849972
n,-1.517795205116272, 4.240340709686279, -9.745369607117027e-05
n,1.4204354286193848, -4.27393913269043, 0.0
n,-4.273610591888428, -1.4214237928390503, 0.0
n,-4.273610591888428, -1.4214237928390503, 0.0
n,-4.273945331573486, -1.4204155206680298, 0.0017867322312667966
n,-1.4203200340270996, 4.273977756500244, -0.0007909738924354315
n,-1.4204151630401611, 4.2739458084106445, -0.000577968021389097
n,-1.4202308654785156, 4.274007320404053, 0.0
n,4.273740768432617, 1.4210313558578491, 0.0
n,4.272773265838623, 1.4239381551742554, 0.0
n,4.272677421569824, 1.4242258071899414, -0.0006670714356005192
n,4.270721912384033, 1.4300795793533325, 0.0009299054509028792
n,1.4349836111068726, -4.269076347351074, 0.0
n,1.462890863418579, -4.259593963623047, 0.00031852934625931084
n,-4.273534297943115, -1.421653151512146, 0.0
n,-1.403603196144104, 4.279496192932129, 0.0
n,-1.4078136682510376, 4.278112888336182, 0.0
n,-1.4045755863189697, 4.279177188873291, 0.001446141512133181
n,1.4206256866455078, -4.273875713348389, 0.0
n,-4.268301963806152, -1.4372851848602295, 0.0
n,-4.273780345916748, -1.420912265777588, 0.0
n,-4.273780345916748, -1.4209123849868774, 0.0
n,-1.4202666282653809, 4.2739949226379395, 0.0
n,4.272677421569824, 1.4242258071899414, 0.0
n,4.273609638214111, 1.4214249849319458, 0.0009427921613678336
n,4.2736921310424805, 1.4211782217025757, 0.0
u,0.6254801750183105, 0.004951800219714642, 0
u,0.5844367146492004, 0.038560401648283005, 0
u,0.5844367146492004, 0.004951800219714642, 0
u,0.0, 0.0, 0
u,0.0, 0.0, 0
u,0.0, 0.0, 0
u,0.7128210067749023, 0.5745757818222046, 0
u,0.6647753715515137, 0.5755519866943359, 0
u,0.6589062213897705, 0.43227100372314453, 0
u,0.759651780128479, 0.3725210130214691, 0
u,0.7635830044746399, 0.3598971962928772, 0
u,0.7635830044746399, 0.9981421828269958, 0
u,0.6581779718399048, 0.9841427206993103, 0
u,0.6549854874610901, 0.42430379986763, 0
u,0.6589062213897705, 0.43227100372314453, 0
u,0.7164530754089355, 0.9051235914230347, 0
u,0.7570824027061462, 0.7510067224502563, 0
u,0.7578076124191284, 0.9856557250022888, 0
u,0.7164530754089355, 0.9051235914230347, 0
u,0.6653031706809998, 0.7487930059432983, 0
u,0.7133492231369019, 0.7478160858154297, 0
u,0.7133492231369019, 0.7478160858154297, 0
u,0.6647753715515137, 0.5755519866943359, 0
u,0.7128210067749023, 0.5745757818222046, 0
u,0.0, 0.038560401648283005, 0
u,0.02002060040831566, 0.004951800219714642, 0
u,0.02002060040831566, 0.038560401648283005, 0
u,0.5844367146492004, 0.004951800219714642, 0
u,0.34170740842819214, 0.038560401648283005, 0
u,0.34170740842819214, 0.004951800219714642, 0
u,0.23767739534378052, 0.004951800219714642, 0
u,0.34170740842819214, 0.038560401648283005, 0
u,0.23767739534378052, 0.038560401648283005, 0
u,0.23767739534378052, 0.038560401648283005, 0
u,0.02002060040831566, 0.004951800219714642, 0
u,0.23767739534378052, 0.004951800219714642, 0
u,0.6528959274291992, 0.04370180144906044, 0
u,0.41762441396713257, 0.999235212802887, 0
u,0.41762441396713257, 0.04370180144906044, 0
u,0.0, 0.04370180144906044, 0
u,0.10480979830026627, 0.999235212802887, 0
u,0.0, 0.999235212802887, 0
u,0.3148212134838104, 0.04370180144906044, 0
u,0.10480979830026627, 0.999235212802887, 0
u,0.10480979830026627, 0.04370180144906044, 0
u,0.3148212134838104, 0.999235212802887, 0
u,0.41762441396713257, 0.04370180144906044, 0
u,0.41762441396713257, 0.999235212802887, 0
u,0.9595708847045898, 0.9974293112754822, 0
u,0.998806893825531, 0.9207962155342102, 0
u,0.998806893825531, 0.9974293112754822, 0
u,0.7954682111740112, 0.9207962155342102, 0
u,0.7954682111740112, 0.9654988050460815, 0
u,0.7945889234542847, 0.9654988050460815, 0
u,0.8344159126281738, 0.9654988050460815, 0
u,0.7954682111740112, 0.9654988050460815, 0
u,0.7954682111740112, 0.9207962155342102, 0
u,0.8716446757316589, 0.9207962155342102, 0
u,0.9595708847045898, 0.9974293112754822, 0
u,0.8716446757316589, 0.9974293112754822, 0
u,0.9515305161476135, 0.7270305156707764, 0
u,0.9447237849235535, 0.7270305156707764, 0
u,0.9447237849235535, 0.6502503156661987, 0
u,0.7651209235191345, 0.7270305156707764, 0
u,0.7697227001190186, 0.5835475921630859, 0
u,0.7697227001190186, 0.7270305156707764, 0
u,0.9540817141532898, 0.7270305156707764, 0
u,0.9515305161476135, 0.5835475921630859, 0
u,0.9540817141532898, 0.5835475921630859, 0
u,0.7697227001190186, 0.7270305156707764, 0
u,0.8340657949447632, 0.5835475921630859, 0
u,0.8340657949447632, 0.7270305156707764, 0
u,0.8502140045166016, 0.6502503156661987, 0
u,0.8340657949447632, 0.7270305156707764, 0
u,0.8340657949447632, 0.5835475921630859, 0
u,0.8771628141403198, 0.9177377820014954, 0
u,0.9235770106315613, 0.7305107116699219, 0
u,0.9235770106315613, 0.9177377820014954, 0
u,0.9235770106315613, 0.7305107116699219, 0
u,0.9892045259475708, 0.7305107116699219, 0
u,0.9840623140335083, 0.7729595899581909, 0
u,0.8115355968475342, 0.7729595899581909, 0
u,0.7651209235191345, 0.7305107116699219, 0
u,0.8115355968475342, 0.7305107116699219, 0
u,0.8771628141403198, 0.9177377820014954, 0
u,0.8168442845344543, 0.9177377820014954, 0
u,0.8168442845344543, 0.7729595899581909, 0
u,0.6254801750183105, 0.004951800219714642, 0
u,0.6254801750183105, 0.038560401648283005, 0
u,0.5844367146492004, 0.038560401648283005, 0
u,0.0, 0.0, 0
u,0.0, 0.0, 0
u,0.0, 0.0, 0
u,0.759651780128479, 0.9879680275917053, 0
u,0.7188478112220764, 0.9864298105239868, 0
u,0.7578076124191284, 0.9856557250022888, 0
u,0.7570824027061462, 0.7510067224502563, 0
u,0.7160220742225647, 0.751853883266449, 0
u,0.7159711718559265, 0.7337235808372498, 0
u,0.759651780128479, 0.9879680275917053, 0
u,0.7578076124191284, 0.9856557250022888, 0
u,0.7570824027061462, 0.7510067224502563, 0
u,0.6778419017791748, 0.9062519073486328, 0
u,0.6780819296836853, 0.9848930835723877, 0
u,0.6609758138656616, 0.9067447781562805, 0
u,0.6780819296836853, 0.9848930835723877, 0
u,0.6581779718399048, 0.9841427206993103, 0
u,0.6609758138656616, 0.9067447781562805, 0
u,0.759651780128479, 0.3725210130214691, 0
u,0.759651780128479, 0.9879680275917053, 0
u,0.7570824027061462, 0.7510067224502563, 0
u,0.7159711718559265, 0.7337235808372498, 0
u,0.7133064866065979, 0.7338021993637085, 0
u,0.7128210067749023, 0.5745757818222046, 0
u,0.759651780128479, 0.3725210130214691, 0
u,0.7570824027061462, 0.7510067224502563, 0
u,0.7128210067749023, 0.5745757818222046, 0
u,0.7570824027061462, 0.7510067224502563, 0
u,0.7159711718559265, 0.7337235808372498, 0
u,0.7128210067749023, 0.5745757818222046, 0
u,0.6609758138656616, 0.9067447781562805, 0
u,0.6581779718399048, 0.9841427206993103, 0
u,0.6604555249214172, 0.7353606224060059, 0
u,0.6581779718399048, 0.9841427206993103, 0
u,0.6589062213897705, 0.43227100372314453, 0
u,0.6604555249214172, 0.7353606224060059, 0
u,0.6647753715515137, 0.5755519866943359, 0
u,0.6652618050575256, 0.73521888256073, 0
u,0.6604555249214172, 0.7353606224060059, 0
u,0.6647753715515137, 0.5755519866943359, 0
u,0.6604555249214172, 0.7353606224060059, 0
u,0.6589062213897705, 0.43227100372314453, 0
u,0.759651780128479, 0.3725210130214691, 0
u,0.7128210067749023, 0.5745757818222046, 0
u,0.6589062213897705, 0.43227100372314453, 0
u,0.759651780128479, 0.3725210130214691, 0
u,0.6589062213897705, 0.43227100372314453, 0
u,0.6549854874610901, 0.42430379986763, 0
u,0.6542338728904724, 0.9940199851989746, 0
u,0.6581779718399048, 0.9841427206993103, 0
u,0.6780890226364136, 0.9872397184371948, 0
u,0.6581779718399048, 0.9841427206993103, 0
u,0.6780819296836853, 0.9848930835723877, 0
u,0.6780890226364136, 0.9872397184371948, 0
u,0.6780890226364136, 0.9872397184371948, 0
u,0.7188478112220764, 0.9864298105239868, 0
u,0.6542338728904724, 0.9940199851989746, 0
u,0.7188478112220764, 0.9864298105239868, 0
u,0.759651780128479, 0.9879680275917053, 0
u,0.7635830044746399, 0.9981421828269958, 0
u,0.759651780128479, 0.3725210130214691, 0
u,0.6549854874610901, 0.42430379986763, 0
u,0.7635830044746399, 0.3598971962928772, 0
u,0.7188478112220764, 0.9864298105239868, 0
u,0.7635830044746399, 0.9981421828269958, 0
u,0.6542338728904724, 0.9940199851989746, 0
u,0.759651780128479, 0.9879680275917053, 0
u,0.759651780128479, 0.3725210130214691, 0
u,0.7635830044746399, 0.9981421828269958, 0
u,0.6581779718399048, 0.9841427206993103, 0
u,0.6542338728904724, 0.9940199851989746, 0
u,0.6549854874610901, 0.42430379986763, 0
u,0.6780890226364136, 0.9872397184371948, 0
u,0.6778419017791748, 0.9062519073486328, 0
u,0.7164530754089355, 0.9051235914230347, 0
u,0.7164530754089355, 0.9051235914230347, 0
u,0.7160220742225647, 0.751853883266449, 0
u,0.7570824027061462, 0.7510067224502563, 0
u,0.7578076124191284, 0.9856557250022888, 0
u,0.6780890226364136, 0.9872397184371948, 0
u,0.7164530754089355, 0.9051235914230347, 0
u,0.7164530754089355, 0.9051235914230347, 0
u,0.6609758138656616, 0.9067447781562805, 0
u,0.6653031706809998, 0.7487930059432983, 0
u,0.6609758138656616, 0.9067447781562805, 0
u,0.6604555249214172, 0.7353606224060059, 0
u,0.6653031706809998, 0.7487930059432983, 0
u,0.6604555249214172, 0.7353606224060059, 0
u,0.6652618050575256, 0.73521888256073, 0
u,0.6653031706809998, 0.7487930059432983, 0
u,0.7133492231369019, 0.7478160858154297, 0
u,0.7133064866065979, 0.7338021993637085, 0
u,0.7159711718559265, 0.7337235808372498, 0
u,0.7133492231369019, 0.7478160858154297, 0
u,0.7159711718559265, 0.7337235808372498, 0
u,0.7164530754089355, 0.9051235914230347, 0
u,0.7133492231369019, 0.7478160858154297, 0
u,0.6653031706809998, 0.7487930059432983, 0
u,0.6647753715515137, 0.5755519866943359, 0
u,0.0, 0.038560401648283005, 0
u,0.0, 0.004951800219714642, 0
u,0.02002060040831566, 0.004951800219714642, 0
u,0.5844367146492004, 0.004951800219714642, 0
u,0.5844367146492004, 0.038560401648283005, 0
u,0.34170740842819214, 0.038560401648283005, 0
u,0.23767739534378052, 0.004951800219714642, 0
u,0.34170740842819214, 0.004951800219714642, 0
u,0.34170740842819214, 0.038560401648283005, 0
u,0.23767739534378052, 0.038560401648283005, 0
u,0.02002060040831566, 0.038560401648283005, 0
u,0.02002060040831566, 0.004951800219714642, 0
u,0.6528959274291992, 0.04370180144906044, 0
u,0.6528959274291992, 0.999235212802887, 0
u,0.41762441396713257, 0.999235212802887, 0
u,0.0, 0.04370180144906044, 0
u,0.10480979830026627, 0.04370180144906044, 0
u,0.10480979830026627, 0.999235212802887, 0
u,0.3148212134838104, 0.04370180144906044, 0
u,0.3148212134838104, 0.999235212802887, 0
u,0.10480979830026627, 0.999235212802887, 0
u,0.3148212134838104, 0.999235212802887, 0
u,0.3148212134838104, 0.04370180144906044, 0
u,0.41762441396713257, 0.04370180144906044, 0
u,0.9595708847045898, 0.9974293112754822, 0
u,0.9595708847045898, 0.9207962155342102, 0
u,0.998806893825531, 0.9207962155342102, 0
u,0.7945889234542847, 0.9974293112754822, 0
u,0.7651209235191345, 0.9974293112754822, 0
u,0.7945889234542847, 0.9654988050460815, 0
u,0.7651209235191345, 0.9974293112754822, 0
u,0.7651209235191345, 0.9207962155342102, 0
u,0.7945889234542847, 0.9654988050460815, 0
u,0.7651209235191345, 0.9207962155342102, 0
u,0.7954682111740112, 0.9207962155342102, 0
u,0.7945889234542847, 0.9654988050460815, 0
u,0.7954682111740112, 0.9207962155342102, 0
u,0.8716446757316589, 0.9207962155342102, 0
u,0.8344159126281738, 0.9654988050460815, 0
u,0.8716446757316589, 0.9207962155342102, 0
u,0.8716446757316589, 0.9974293112754822, 0
u,0.8344159126281738, 0.9654988050460815, 0
u,0.8716446757316589, 0.9974293112754822, 0
u,0.8344159126281738, 0.9974293112754822, 0
u,0.8344159126281738, 0.9654988050460815, 0
u,0.8716446757316589, 0.9207962155342102, 0
u,0.9595708847045898, 0.9207962155342102, 0
u,0.9595708847045898, 0.9974293112754822, 0
u,0.8871815800666809, 0.6502503156661987, 0
u,0.8871815800666809, 0.5835475921630859, 0
u,0.9447237849235535, 0.6502503156661987, 0
u,0.8871815800666809, 0.5835475921630859, 0
u,0.9515305161476135, 0.5835475921630859, 0
u,0.9447237849235535, 0.6502503156661987, 0
u,0.9515305161476135, 0.5835475921630859, 0
u,0.9515305161476135, 0.7270305156707764, 0
u,0.9447237849235535, 0.6502503156661987, 0
u,0.7651209235191345, 0.7270305156707764, 0
u,0.7651209235191345, 0.5835475921630859, 0
u,0.7697227001190186, 0.5835475921630859, 0
u,0.9540817141532898, 0.7270305156707764, 0
u,0.9515305161476135, 0.7270305156707764, 0
u,0.9515305161476135, 0.5835475921630859, 0
u,0.7697227001190186, 0.7270305156707764, 0
u,0.7697227001190186, 0.5835475921630859, 0
u,0.8340657949447632, 0.5835475921630859, 0
u,0.8871815800666809, 0.5835475921630859, 0
u,0.8871815800666809, 0.6502503156661987, 0
u,0.8502140045166016, 0.6502503156661987, 0
u,0.8502140045166016, 0.6502503156661987, 0
u,0.8502140045166016, 0.7270305156707764, 0
u,0.8340657949447632, 0.7270305156707764, 0
u,0.8340657949447632, 0.5835475921630859, 0
u,0.8871815800666809, 0.5835475921630859, 0
u,0.8502140045166016, 0.6502503156661987, 0
u,0.8771628141403198, 0.9177377820014954, 0
u,0.8771628141403198, 0.7305107116699219, 0
u,0.9235770106315613, 0.7305107116699219, 0
u,0.9892045259475708, 0.7305107116699219, 0
u,0.9892045259475708, 0.7729595899581909, 0
u,0.9840623140335083, 0.7729595899581909, 0
u,0.9840623140335083, 0.7729595899581909, 0
u,0.9840623140335083, 0.9177377820014954, 0
u,0.9235770106315613, 0.9177377820014954, 0
u,0.9235770106315613, 0.9177377820014954, 0
u,0.9235770106315613, 0.7305107116699219, 0
u,0.9840623140335083, 0.7729595899581909, 0
u,0.8115355968475342, 0.7729595899581909, 0
u,0.7651209235191345, 0.7729595899581909, 0
u,0.7651209235191345, 0.7305107116699219, 0
u,0.8115355968475342, 0.7729595899581909, 0
u,0.8115355968475342, 0.7305107116699219, 0
u,0.8168442845344543, 0.7729595899581909, 0
u,0.8115355968475342, 0.7305107116699219, 0
u,0.8771628141403198, 0.7305107116699219, 0
u,0.8168442845344543, 0.7729595899581909, 0
u,0.8771628141403198, 0.7305107116699219, 0
u,0.8771628141403198, 0.9177377820014954, 0
u,0.8168442845344543, 0.7729595899581909, 0
