s,122.09033203125, 92.7822265625, 0.814842700958252
b,126.2646484375, 98.25, 6.5579094886779785
v,123.131103515625, 93.5283203125, 3.845630168914795
v,122.93603515625, 94.2744140625, 3.8456435203552246
v,122.936279296875, 94.2744140625, 0.8148679733276367
v,123.13134765625, 93.5283203125, 0.8148541450500488
v,125.8798828125, 95.04296875, 0.8150453567504883
v,125.876953125, 95.0419921875, 0.8150453567504883
v,126.072021484375, 94.294921875, 0.8150315284729004
v,126.068359375, 94.2939453125, 0.8150315284729004
v,126.2646484375, 93.5419921875, 0.8150186538696289
v,123.351318359375, 92.7822265625, 0.814842700958252
v,123.155029296875, 93.5341796875, 0.8148560523986816
v,123.131103515625, 93.5283203125, 0.8148541450500488
v,122.93603515625, 94.2744140625, 0.8148679733276367
v,122.928955078125, 94.2724609375, 0.8148674964904785
v,122.09033203125, 97.48046875, 0.8149294853210449
v,125.041259765625, 98.25, 0.8151073455810547
v,124.655029296875, 97.68359375, 4.939365863800049
v,124.22314453125, 97.5712890625, 4.9393391609191895
v,124.363037109375, 97.03515625, 4.939327716827393
v,124.794921875, 97.1474609375, 4.939354419708252
v,124.557861328125, 98.0546875, 4.392056941986084
v,124.655029296875, 97.68359375, 4.392049312591553
v,124.794921875, 97.1474609375, 4.392038822174072
v,125.362060546875, 94.9765625, 4.39199686050415
v,125.79833984375, 95.08984375, 4.392024517059326
v,124.993408203125, 98.1689453125, 4.392083644866943
v,124.363037109375, 97.03515625, 4.392012119293213
v,124.22314453125, 97.5712890625, 4.39202356338501
v,124.655029296875, 97.68359375, 4.392049312591553
v,124.557861328125, 98.0546875, 4.392056941986084
v,123.4208984375, 97.7587890625, 4.391987323760986
v,123.80224609375, 96.30078125, 4.391958713531494
v,124.022216796875, 95.4599609375, 4.391942501068115
v,124.22607421875, 94.6806640625, 4.391928195953369
v,125.362060546875, 94.9765625, 4.39199686050415
v,124.794921875, 97.1474609375, 4.392038822174072
v,123.4208984375, 97.7587890625, 4.391987323760986
v,122.171630859375, 97.4326171875, 4.391912937164307
v,122.976318359375, 94.3544921875, 4.3918538093566895
v,124.22607421875, 94.6806640625, 4.391928195953369
v,124.022216796875, 95.4599609375, 4.391942501068115
v,122.8125, 95.14453125, 4.391870021820068
v,122.593017578125, 95.984375, 4.391886234283447
v,123.80224609375, 96.30078125, 4.391958713531494
v,122.171630859375, 97.4326171875, 4.447421550750732
v,124.993408203125, 98.1689453125, 4.447592258453369
v,125.041259765625, 98.25, 4.447597026824951
v,122.09033203125, 97.48046875, 4.4474196434021
v,124.993408203125, 98.1689453125, 4.447592258453369
v,125.79833984375, 95.08984375, 4.447533130645752
v,125.879638671875, 95.04296875, 4.447535037994385
v,125.041259765625, 98.25, 4.447597026824951
v,125.79833984375, 95.08984375, 4.447533130645752
v,122.976318359375, 94.3544921875, 4.447362422943115
v,122.928955078125, 94.2724609375, 4.447357654571533
v,125.879638671875, 95.04296875, 4.447535037994385
v,122.928955078125, 94.2724609375, 4.447357654571533
v,122.976318359375, 94.3544921875, 4.447362422943115
v,122.171630859375, 97.4326171875, 4.447421550750732
v,122.09033203125, 97.48046875, 4.4474196434021
v,122.8603515625, 95.2255859375, 6.113755702972412
v,123.940673828125, 95.5078125, 6.113819599151611
v,123.754638671875, 96.21875, 6.113832950592041
v,122.67431640625, 95.9375, 6.113769054412842
v,122.67431640625, 95.9375, 6.5578389167785645
v,123.754638671875, 96.21875, 6.557902812957764
v,123.80224609375, 96.30078125, 6.5579094886779785
v,122.593017578125, 95.984375, 6.557836055755615
v,123.940673828125, 95.5078125, 6.557889461517334
v,122.860107421875, 95.2255859375, 6.557825565338135
v,122.67431640625, 95.9375, 6.5578389167785645
v,122.593017578125, 95.984375, 6.557836055755615
v,122.8125, 95.14453125, 6.557819843292236
v,124.02197265625, 95.4599609375, 6.5578932762146
v,123.80224609375, 96.30078125, 6.5579094886779785
v,123.754638671875, 96.21875, 6.557902812957764
v,126.068115234375, 94.2939453125, 3.6404242515563965
v,123.155029296875, 93.5341796875, 3.640249729156494
v,123.351318359375, 92.7822265625, 3.640235424041748
v,126.2646484375, 93.5419921875, 3.640411853790283
v,125.99072265625, 94.3427734375, 3.845803737640381
v,123.1787109375, 93.609375, 3.845634937286377
v,123.00048828125, 94.291015625, 3.845646381378174
v,122.935791015625, 94.2744140625, 3.8456435203552246
v,123.130859375, 93.5283203125, 3.845630168914795
v,126.07177734375, 94.294921875, 3.8458075523376465
v,125.876708984375, 95.0419921875, 3.8458199501037598
v,125.812255859375, 95.0244140625, 3.8458170890808105
v,125.812255859375, 95.0244140625, 3.7903084754943848
v,123.00048828125, 94.291015625, 3.790137767791748
v,123.1787109375, 93.609375, 3.790126323699951
v,125.99072265625, 94.3427734375, 3.790295124053955
v,124.794921875, 97.1474609375, 4.392038822174072
v,124.794921875, 97.1474609375, 4.939354419708252
v,124.363037109375, 97.03515625, 4.939327716827393
v,124.363037109375, 97.03515625, 4.392012119293213
v,124.363037109375, 97.03515625, 4.392012119293213
v,124.363037109375, 97.03515625, 4.939327716827393
v,124.22314453125, 97.5712890625, 4.9393391609191895
v,124.22314453125, 97.5712890625, 4.39202356338501
v,124.22314453125, 97.5712890625, 4.39202356338501
v,124.22314453125, 97.5712890625, 4.9393391609191895
v,124.655029296875, 97.68359375, 4.939365863800049
v,124.655029296875, 97.68359375, 4.392049312591553
v,124.655029296875, 97.68359375, 4.392049312591553
v,124.655029296875, 97.68359375, 4.939365863800049
v,124.794921875, 97.1474609375, 4.939354419708252
v,124.794921875, 97.1474609375, 4.392038822174072
v,124.993408203125, 98.1689453125, 4.447592258453369
v,122.171630859375, 97.4326171875, 4.447421550750732
v,122.171630859375, 97.4326171875, 4.391912937164307
v,123.4208984375, 97.7587890625, 4.391987323760986
v,124.557861328125, 98.0546875, 4.392056941986084
v,124.993408203125, 98.1689453125, 4.392083644866943
v,125.79833984375, 95.08984375, 4.447533130645752
v,124.993408203125, 98.1689453125, 4.447592258453369
v,124.993408203125, 98.1689453125, 4.392083644866943
v,125.79833984375, 95.08984375, 4.392024517059326
v,122.976318359375, 94.3544921875, 4.447362422943115
v,125.79833984375, 95.08984375, 4.447533130645752
v,125.79833984375, 95.08984375, 4.392024517059326
v,125.362060546875, 94.9765625, 4.39199686050415
v,124.22607421875, 94.6806640625, 4.391928195953369
v,122.976318359375, 94.3544921875, 4.3918538093566895
v,122.171630859375, 97.4326171875, 4.391912937164307
v,122.171630859375, 97.4326171875, 4.447421550750732
v,122.976318359375, 94.3544921875, 4.447362422943115
v,122.976318359375, 94.3544921875, 4.3918538093566895
v,125.812255859375, 95.0244140625, 3.8458170890808105
v,125.876708984375, 95.0419921875, 3.8458199501037598
v,125.876953125, 95.0419921875, 0.8150453567504883
v,125.8798828125, 95.04296875, 0.8150453567504883
v,125.879638671875, 95.04296875, 4.447535037994385
v,122.928955078125, 94.2724609375, 4.447357654571533
v,122.928955078125, 94.2724609375, 0.8148674964904785
v,122.93603515625, 94.2744140625, 0.8148679733276367
v,122.935791015625, 94.2744140625, 3.8456435203552246
v,123.00048828125, 94.291015625, 3.845646381378174
v,123.00048828125, 94.291015625, 3.790137767791748
v,125.812255859375, 95.0244140625, 3.7903084754943848
v,125.041259765625, 98.25, 4.447597026824951
v,125.879638671875, 95.04296875, 4.447535037994385
v,125.8798828125, 95.04296875, 0.8150453567504883
v,125.041259765625, 98.25, 0.8151073455810547
v,122.928955078125, 94.2724609375, 0.8148674964904785
v,122.928955078125, 94.2724609375, 4.447357654571533
v,122.09033203125, 97.48046875, 4.4474196434021
v,122.09033203125, 97.48046875, 0.8149294853210449
v,122.09033203125, 97.48046875, 4.4474196434021
v,125.041259765625, 98.25, 4.447597026824951
v,125.041259765625, 98.25, 0.8151073455810547
v,122.09033203125, 97.48046875, 0.8149294853210449
v,122.67431640625, 95.9375, 6.5578389167785645
v,122.860107421875, 95.2255859375, 6.557825565338135
v,122.8603515625, 95.2255859375, 6.113755702972412
v,122.67431640625, 95.9375, 6.113769054412842
v,123.754638671875, 96.21875, 6.557902812957764
v,122.67431640625, 95.9375, 6.5578389167785645
v,122.67431640625, 95.9375, 6.113769054412842
v,123.754638671875, 96.21875, 6.113832950592041
v,123.940673828125, 95.5078125, 6.557889461517334
v,123.754638671875, 96.21875, 6.557902812957764
v,123.754638671875, 96.21875, 6.113832950592041
v,123.940673828125, 95.5078125, 6.113819599151611
v,122.860107421875, 95.2255859375, 6.557825565338135
v,123.940673828125, 95.5078125, 6.557889461517334
v,123.940673828125, 95.5078125, 6.113819599151611
v,122.8603515625, 95.2255859375, 6.113755702972412
v,123.80224609375, 96.30078125, 4.391958713531494
v,122.593017578125, 95.984375, 4.391886234283447
v,122.593017578125, 95.984375, 6.557836055755615
v,123.80224609375, 96.30078125, 6.5579094886779785
v,124.02197265625, 95.4599609375, 6.5578932762146
v,124.022216796875, 95.4599609375, 4.391942501068115
v,123.80224609375, 96.30078125, 4.391958713531494
v,123.80224609375, 96.30078125, 6.5579094886779785
v,122.8125, 95.14453125, 6.557819843292236
v,122.8125, 95.14453125, 4.391870021820068
v,124.022216796875, 95.4599609375, 4.391942501068115
v,124.02197265625, 95.4599609375, 6.5578932762146
v,122.593017578125, 95.984375, 6.557836055755615
v,122.593017578125, 95.984375, 4.391886234283447
v,122.8125, 95.14453125, 4.391870021820068
v,122.8125, 95.14453125, 6.557819843292236
v,126.068359375, 94.2939453125, 0.8150315284729004
v,126.068115234375, 94.2939453125, 3.6404242515563965
v,126.2646484375, 93.5419921875, 3.640411853790283
v,126.2646484375, 93.5419921875, 0.8150186538696289
v,126.2646484375, 93.5419921875, 3.640411853790283
v,123.351318359375, 92.7822265625, 3.640235424041748
v,123.351318359375, 92.7822265625, 0.814842700958252
v,126.2646484375, 93.5419921875, 0.8150186538696289
v,123.155029296875, 93.5341796875, 3.640249729156494
v,123.155029296875, 93.5341796875, 0.8148560523986816
v,123.351318359375, 92.7822265625, 0.814842700958252
v,123.351318359375, 92.7822265625, 3.640235424041748
v,126.07177734375, 94.294921875, 3.8458075523376465
v,123.130859375, 93.5283203125, 3.845630168914795
v,123.131103515625, 93.5283203125, 0.8148541450500488
v,123.155029296875, 93.5341796875, 0.8148560523986816
v,123.155029296875, 93.5341796875, 3.640249729156494
v,126.068115234375, 94.2939453125, 3.6404242515563965
v,126.068359375, 94.2939453125, 0.8150315284729004
v,126.072021484375, 94.294921875, 0.8150315284729004
v,126.072021484375, 94.294921875, 0.8150315284729004
v,125.876953125, 95.0419921875, 0.8150453567504883
v,125.876708984375, 95.0419921875, 3.8458199501037598
v,126.07177734375, 94.294921875, 3.8458075523376465
v,123.00048828125, 94.291015625, 3.790137767791748
v,123.00048828125, 94.291015625, 3.845646381378174
v,123.1787109375, 93.609375, 3.845634937286377
v,123.1787109375, 93.609375, 3.790126323699951
v,125.812255859375, 95.0244140625, 3.8458170890808105
v,125.812255859375, 95.0244140625, 3.7903084754943848
v,125.99072265625, 94.3427734375, 3.790295124053955
v,125.99072265625, 94.3427734375, 3.845803737640381
v,123.1787109375, 93.609375, 3.845634937286377
v,125.99072265625, 94.3427734375, 3.845803737640381
v,125.99072265625, 94.3427734375, 3.790295124053955
v,123.1787109375, 93.609375, 3.790126323699951
i,0,2,3
i,14,15,12
i,17,19,16
i,25,22,24
i,26,27,30
i,37,38,42
i,44,46,47
i,48,50,51
i,52,54,55
i,57,59,56
i,60,62,63
i,64,66,67
i,68,69,72
i,76,78,79
i,81,84,85
i,88,90,91
i,92,94,95
i,97,99,96
i,101,103,100
i,104,106,107
i,111,112,108
i,114,116,117
i,119,121,122
i,124,126,127
i,128,132,137
i,141,143,140
i,144,146,147
i,148,150,151
i,153,155,152
i,157,159,156
i,160,162,163
i,165,167,164
i,168,170,171
i,172,174,175
i,177,179,176
i,181,183,180
i,184,186,187
i,189,191,188
i,193,195,192
i,200,201,196
i,205,207,204
i,208,210,211
i,213,215,212
i,216,218,219
i,0,1,2
i,15,4,5
i,5,6,7
i,7,8,9
i,10,11,12
i,7,9,10
i,15,5,12
i,5,7,10
i,12,5,10
i,13,14,12
i,17,18,19
i,25,20,21
i,21,22,25
i,22,23,24
i,27,28,29
i,30,31,26
i,31,32,26
i,32,33,34
i,34,35,32
i,35,26,32
i,27,29,30
i,43,36,42
i,36,37,42
i,38,39,41
i,39,40,41
i,38,41,42
i,44,45,46
i,48,49,50
i,52,53,54
i,57,58,59
i,60,61,62
i,64,65,66
i,69,70,71
i,73,74,68
i,74,75,68
i,69,71,72
i,73,68,72
i,76,77,78
i,81,82,83
i,85,86,80
i,86,87,80
i,81,83,84
i,85,80,81
i,88,89,90
i,92,93,94
i,97,98,99
i,101,102,103
i,104,105,106
i,113,108,112
i,108,109,111
i,109,110,111
i,114,115,116
i,123,118,122
i,118,119,122
i,119,120,121
i,124,125,126
i,129,130,131
i,133,134,136
i,134,135,136
i,129,131,132
i,138,139,137
i,139,128,137
i,128,129,132
i,132,133,137
i,133,136,137
i,141,142,143
i,144,145,146
i,148,149,150
i,153,154,155
i,157,158,159
i,160,161,162
i,165,166,167
i,168,169,170
i,172,173,174
i,177,178,179
i,181,182,183
i,184,185,186
i,189,190,191
i,193,194,195
i,197,198,200
i,198,199,200
i,202,203,201
i,203,196,201
i,197,200,196
i,205,206,207
i,208,209,210
i,213,214,215
i,216,217,218
n,-4.357143878936768, -1.1399503946304321, -0.0003117233281955123
n,0.00023282633628696203, 0.0001482491788920015, -4.50379753112793
n,-0.00023371541465166956, -0.00015350118337664753, 4.50379753112793
n,-0.0002441509277559817, -0.0001505489635746926, 4.50379753112793
n,-0.00023566739400848746, -0.00015401048585772514, 4.50379753112793
n,-8.174403046723455e-05, -0.0001081191367120482, 4.50379753112793
n,-0.0002312228170922026, -0.0001542258105473593, 4.50379753112793
n,-0.00022907086531631649, -0.00014670788368675858, 4.50379753112793
n,-0.00023070983297657222, -0.0001561912358738482, 4.50379753112793
n,-0.00022979281493462622, -0.0001468966220272705, 4.50379753112793
n,-0.00023026789131108671, -0.0001460540370317176, 4.50379753112793
n,-0.00023108781897462904, -0.0001539956865599379, 4.50379753112793
n,-0.00023003932437859476, -0.0001467530382797122, 4.50379753112793
n,-0.0002364020620007068, -0.00013785313058178872, 4.50379753112793
n,-0.00023458839859813452, -0.00014502233534585685, 4.50379753112793
n,-0.00023346040688920766, -0.00014504844148177654, 4.50379753112793
n,1.137569546699524, -4.357766151428223, 0.0
n,-4.357896327972412, -1.1370723247528076, 0.0
n,-1.137569546699524, 4.357766151428223, 0.0
n,4.357896327972412, 1.1370723247528076, 0.0
n,1.136857032775879, -4.357951641082764, -0.0014802919467911124
n,-4.357378005981445, -1.1390554904937744, 0.0
n,-1.1347569227218628, 4.358499050140381, -0.0028207357972860336
n,4.357374668121338, 1.1390687227249146, 0.0
n,1.1371846199035645, -4.357864856719971, 0.0044670067727565765
n,4.35736083984375, 1.1391234397888184, 0.0
n,-4.357435703277588, -1.138835072517395, -0.00027191778644919395
n,-1.1362053155899048, 4.3581223487854, 0.001040581613779068
n,4.35751485824585, 1.1385334730148315, 0.0
n,1.1371419429779053, -4.357877731323242, 0.0
n,-4.356863498687744, -1.1410200595855713, -0.002127374755218625
n,-1.1369283199310303, 4.35793399810791, -0.0005551407812163234
n,-1.1376841068267822, 4.357736587524414, 0.0
n,4.357438564300537, 1.1388249397277832, 0.0
n,1.1376841068267822, -4.357736587524414, 0.0
n,-4.357438564300537, -1.1388248205184937, 0.0
n,4.357858657836914, 1.1372151374816895, 0.0
n,1.136540174484253, -4.358035087585449, 0.0
n,-4.357858657836914, -1.137215256690979, 0.0
n,1.1366194486618042, -4.35801362991333, -0.0019958496559411287
n,4.357468128204346, 1.1387112140655518, 0.00031174649484455585
n,4.357333660125732, 1.1392265558242798, 0.0
n,-4.356994152069092, -1.1405236721038818, 0.0
n,-1.1371033191680908, 4.357888221740723, 0.0
n,-4.357143878936768, -1.1399505138397217, -0.0003117233281955123
n,-2.3240159862325527e-05, 8.134055678965524e-05, -4.50379753112793
n,-1.8117225408786908e-05, 7.699821435380727e-05, -4.50379753112793
n,0.00023520278045907617, 0.00014000845840200782, -4.50379753112793
n,0.0002803714305628091, 0.00015518072177655995, -4.50379753112793
n,0.00023516983492299914, 0.00014006768469698727, -4.50379753112793
n,0.0002330914867343381, 0.00014810875291004777, -4.50379753112793
n,0.00023473103647120297, 0.00014175023534335196, -4.50379753112793
n,0.00023476897331420332, 0.00014168173947837204, -4.50379753112793
n,0.0002307533286511898, 0.00014770246343687177, -4.50379753112793
n,-0.00023371541465166956, -0.00015350118337664753, 4.50379753112793
n,-0.00023154275550041348, -0.0001530769804958254, 4.50379753112793
n,-0.0002316915342817083, -0.00015297310892492533, 4.50379753112793
n,-0.00024100003065541387, -0.00014901268878020346, 4.50379753112793
n,-0.00023368015536107123, -0.00015363629790954292, 4.50379753112793
n,-0.0002324000815860927, -0.00014975496742408723, 4.50379753112793
n,-0.0002350509021198377, -0.00014773165457881987, 4.50379753112793
n,-0.00023438199423253536, -0.000144503268529661, 4.50379753112793
n,-0.00023549096658825874, -0.00014757380995433778, 4.50379753112793
n,-0.00023523173877038062, -0.00014769250992685556, 4.50379753112793
n,-0.00023531579063273966, -0.00015250482829287648, 4.50379753112793
n,-0.0002322080690646544, -0.0001497047342127189, 4.50379753112793
n,-0.00022929719125386328, -0.0001510633883299306, 4.50379753112793
n,-0.00023211113875731826, -0.00013982165546622127, 4.50379753112793
n,-0.00023357899044640362, -0.0001442931534256786, 4.50379753112793
n,-0.00010137330536963418, -0.00011273410200374201, 4.50379753112793
n,-0.0002342251973459497, -0.00014369205746334046, 4.50379753112793
n,-0.00022450118558481336, -0.00014541235577780753, 4.50379753112793
n,-0.00023406461696140468, -0.0001444085210096091, 4.50379753112793
n,-0.00022635066125076264, -0.00014592098887078464, 4.50379753112793
n,-0.000230207500862889, -0.000146108417538926, 4.50379753112793
n,-0.00021587296214420348, -0.00020121983834542334, 4.50379753112793
n,-0.00022568502754438668, -0.00014478641969617456, 4.50379753112793
n,-0.0002813981263898313, -0.00015978394367266446, 4.50379753112793
n,-0.0002854748454410583, -0.00016049534315243363, 4.50379753112793
n,-0.00023050367599353194, -0.00014648257638327777, 4.50379753112793
n,-0.000245535746216774, -9.865489118965343e-05, 4.50379753112793
n,-0.00023397037875838578, -0.0001422233326593414, 4.50379753112793
n,-0.00020265497732907534, -0.00013132437015883625, 4.50379753112793
n,-0.0002755981113296002, -0.00014864480181131512, 4.50379753112793
n,-0.00020021598902530968, -0.0001363461051369086, 4.50379753112793
n,-0.00023672168026678264, -0.0001437607133993879, 4.50379753112793
n,-0.00024575836141593754, -9.791721095098183e-05, 4.50379753112793
n,-0.000236132342251949, -0.0001400770415784791, 4.50379753112793
n,1.137569546699524, -4.357766151428223, 0.0
n,-4.357896327972412, -1.1370723247528076, 0.0
n,-1.137569546699524, 4.357766151428223, 0.0
n,4.357896327972412, 1.1370723247528076, 0.0
n,1.1366806030273438, -4.357998371124268, 0.0
n,1.1371814012527466, -4.357852935791016, -0.011379798874258995
n,1.1376577615737915, -4.357743740081787, 0.0
n,-4.357378005981445, -1.1390554904937744, 0.0
n,-1.1371033191680908, 4.357888221740723, 0.0
n,-1.13582444190979, 4.35811710357666, 0.030178194865584373
n,-1.135093331336975, 4.35841178894043, 0.0
n,4.357374668121338, 1.1390687227249146, 0.0
n,1.237288236618042, -4.330509185791016, 8.85193730937317e-05
n,1.0923312902450562, -4.369325160980225, 0.0
n,1.061094880104065, -4.377016067504883, 7.591395842609927e-05
n,1.2238942384719849, -4.33431339263916, 7.305679901037365e-05
n,1.1371853351593018, -4.3578667640686035, 0.0
n,1.1371853351593018, -4.3578667640686035, 0.0
n,1.1713930368423462, -4.348796367645264, 0.0003587996179703623
n,1.137404203414917, -4.357808589935303, 0.003346802433952689
n,1.1129939556121826, -4.364107608795166, 0.00025330926291644573
n,4.357288360595703, 1.1393991708755493, 0.0002600956067908555
n,-4.35736083984375, -1.1391234397888184, 0.0
n,-1.1374045610427856, 4.357809543609619, 0.0
n,4.357189178466797, 1.1397768259048462, 0.0021275337785482407
n,1.1371419429779053, -4.357877731323242, 0.0
n,-4.357189655303955, -1.1397770643234253, 0.0
n,-1.1369283199310303, 4.35793399810791, -0.0005551407812163234
n,-1.1376841068267822, 4.357736587524414, 0.0
n,4.357162952423096, 1.1398770809173584, 0.00043619086500257254
n,1.1374931335449219, -4.357786178588867, 0.00011387320409994572
n,-4.357438564300537, -1.1388249397277832, 0.0
n,4.357551574707031, 1.1383914947509766, 0.0003344143333379179
n,1.1366193294525146, -4.358014106750488, 8.722829079488292e-05
n,-4.357551574707031, -1.1383914947509766, -0.0003344143333379179
n,1.1022186279296875, -4.366841793060303, 7.88560719229281e-05
n,1.1109936237335205, -4.364617347717285, 0.0
n,1.0315468311309814, -4.3840742111206055, 7.916464528534561e-05
n,1.0276648998260498, -4.384985446929932, 7.352226384682581e-05
n,1.136202335357666, -4.358120918273926, 0.004319160245358944
n,4.357468128204346, 1.1387112140655518, 0.00031174655305221677
n,4.357333660125732, 1.1392265558242798, 0.0
n,-4.356994152069092, -1.1405236721038818, 0.0
n,-1.1371033191680908, 4.357888221740723, 0.0
u,0.7552788257598877, 0.4651741087436676, 0
u,0.7137255072593689, 0.05093510076403618, 0
u,0.7552788257598877, 0.05093510076403618, 0
u,0.0, 0.0, 0
u,0.0, 0.0, 0
u,0.0, 0.0, 0
u,0.25461921095848083, 0.14484049379825592, 0
u,0.22265809774398804, 0.07953450083732605, 0
u,0.2546032965183258, 0.07952290028333664, 0
u,0.2767626941204071, 0.01360739953815937, 0
u,0.22265809774398804, 0.07953450083732605, 0
u,0.09317389875650406, 0.013588200323283672, 0
u,0.2226857990026474, 0.14485609531402588, 0
u,0.25461921095848083, 0.14484049379825592, 0
u,0.2768051028251648, 0.25150689482688904, 0
u,0.2768386900424957, 0.44049960374832153, 0
u,0.09325210005044937, 0.44049960374832153, 0
u,0.18987789750099182, 0.43441030383110046, 0
u,0.2768386900424957, 0.44049960374832153, 0
u,0.280603289604187, 0.0038586000446230173, 0
u,0.2806828022003174, 0.4502488076686859, 0
u,0.2767626941204071, 0.01360739953815937, 0
u,0.0893298014998436, 0.003838700009509921, 0
u,0.280603289604187, 0.0038586000446230173, 0
u,0.09317389875650406, 0.013588200323283672, 0
u,0.08941160142421722, 0.4502488076686859, 0
u,0.0893298014998436, 0.003838700009509921, 0
u,0.09325210005044937, 0.44049960374832153, 0
u,0.2806828022003174, 0.4502488076686859, 0
u,0.08941160142421722, 0.4502488076686859, 0
u,0.14360010623931885, 0.42466360330581665, 0
u,0.18599450588226318, 0.26122620701789856, 0
u,0.18603329360485077, 0.4246613085269928, 0
u,0.18603329360485077, 0.4246613085269928, 0
u,0.18983450531959534, 0.2514784038066864, 0
u,0.18987789750099182, 0.43441030383110046, 0
u,0.14357240498065948, 0.2612122893333435, 0
u,0.14360010623931885, 0.42466360330581665, 0
u,0.13975940644741058, 0.4344128966331482, 0
u,0.044834598898887634, 0.004855200182646513, 0
u,0.0001033000007737428, 0.44556429982185364, 0
u,0.0, 0.004879400134086609, 0
u,0.04875490069389343, 0.4394184947013855, 0
u,0.04491430148482323, 0.4491671919822693, 0
u,0.044834498316049576, 0.004275700077414513, 0
u,0.08933170139789581, 0.01404580008238554, 0
u,0.04875490069389343, 0.4394184947013855, 0
u,0.048678599298000336, 0.014026599936187267, 0
u,0.7568628191947937, 0.4363242983818054, 0
u,0.7887750864028931, 0.5023521780967712, 0
u,0.7568628191947937, 0.5023521780967712, 0
u,0.7887750864028931, 0.20646770298480988, 0
u,0.7568628191947937, 0.28836891055107117, 0
u,0.7568628191947937, 0.20646770298480988, 0
u,0.7887750864028931, 0.28836891055107117, 0
u,0.7568628191947937, 0.3543928861618042, 0
u,0.7568628191947937, 0.28836891055107117, 0
u,0.7568628191947937, 0.3543928861618042, 0
u,0.7887750864028931, 0.4363242983818054, 0
u,0.7568628191947937, 0.4363242983818054, 0
u,0.2805382013320923, 0.46268659830093384, 0
u,0.21197369694709778, 0.46268659830093384, 0
u,0.1856997013092041, 0.45446890592575073, 0
u,0.0, 0.45446890592575073, 0
u,0.1856997013092041, 0.46268659830093384, 0
u,0.0, 0.46268659830093384, 0
u,0.7117655277252197, 0.45446890592575073, 0
u,0.6854572892189026, 0.46268659830093384, 0
u,0.6169434189796448, 0.46268659830093384, 0
u,0.3558799922466278, 0.46268659830093384, 0
u,0.5415775179862976, 0.45446890592575073, 0
u,0.5415775179862976, 0.46268659830093384, 0
u,0.0040247999131679535, 0.5557729005813599, 0
u,0.0, 0.46766170859336853, 0
u,0.17175740003585815, 0.5557729005813599, 0
u,0.7347800135612488, 0.46766170859336853, 0
u,0.5434110164642334, 0.9995805025100708, 0
u,0.5434110164642334, 0.46766170859336853, 0
u,0.17602600157260895, 0.9995805025100708, 0
u,0.36739280819892883, 0.46766170859336853, 0
u,0.36739280819892883, 0.9995805025100708, 0
u,0.36739280819892883, 0.46766170859336853, 0
u,0.5434110164642334, 0.9995805025100708, 0
u,0.36739280819892883, 0.9995805025100708, 0
u,0.8451812267303467, 0.5049750804901123, 0
u,0.8019295930862427, 0.5712230205535889, 0
u,0.8019295930862427, 0.5049750804901123, 0
u,0.8019295930862427, 0.5049750804901123, 0
u,0.7362744808197021, 0.5712230205535889, 0
u,0.7362744808197021, 0.5049750804901123, 0
u,0.9108427166938782, 0.5049750804901123, 0
u,0.9540830254554749, 0.5712230205535889, 0
u,0.9108427166938782, 0.5712230205535889, 0
u,0.9108427166938782, 0.5049750804901123, 0
u,0.8451812267303467, 0.5712230205535889, 0
u,0.8451812267303467, 0.5049750804901123, 0
u,0.3331950008869171, 0.12858280539512634, 0
u,0.406350702047348, 0.4502488076686859, 0
u,0.3331950008869171, 0.4502488076686859, 0
u,0.282353013753891, 0.4502488076686859, 0
u,0.3331950008869171, 0.12858280539512634, 0
u,0.3331950008869171, 0.4502488076686859, 0
u,0.4572054147720337, 0.12858280539512634, 0
u,0.5303686857223511, 0.4502488076686859, 0
u,0.4572054147720337, 0.4502488076686859, 0
u,0.406350702047348, 0.12858280539512634, 0
u,0.4572054147720337, 0.4502488076686859, 0
u,0.406350702047348, 0.4502488076686859, 0
u,0.99882972240448, 0.5876855850219727, 0
u,0.9541264772415161, 1.0, 0
u,0.9541264772415161, 0.5876855850219727, 0
u,0.780953586101532, 1.0, 0
u,0.9541264772415161, 0.5876855850219727, 0
u,0.9541264772415161, 1.0, 0
u,0.7362744808197021, 0.5876855850219727, 0
u,0.780953586101532, 1.0, 0
u,0.7362744808197021, 1.0, 0
u,0.6950637102127075, 0.44414231181144714, 0
u,0.6950637102127075, 0.004177500028163195, 0
u,0.7068914771080017, 0.0035989999305456877, 0
u,0.2833333909511566, 0.014925399795174599, 0
u,0.4484750032424927, 0.12157080322504044, 0
u,0.2833333909511566, 0.12157080322504044, 0
u,0.7362744808197021, 0.5826869010925293, 0
u,0.7766076922416687, 0.5746269226074219, 0
u,0.7766076922416687, 0.5826869010925293, 0
u,0.9832671880722046, 0.5826869010925293, 0
u,0.9429357051849365, 0.5746269226074219, 0
u,0.9832671880722046, 0.5746269226074219, 0
u,0.7766076922416687, 0.5746269226074219, 0
u,0.9429357051849365, 0.5826869010925293, 0
u,0.7766076922416687, 0.5826869010925293, 0
u,0.7552788257598877, 0.4651741087436676, 0
u,0.7137255072593689, 0.4651741087436676, 0
u,0.7137255072593689, 0.05093510076403618, 0
u,0.0, 0.0, 0
u,0.0, 0.0, 0
u,0.0, 0.0, 0
u,0.0, 0.0, 0
u,0.0, 0.0, 0
u,0.0, 0.0, 0
u,0.0, 0.0, 0
u,0.0, 0.0, 0
u,0.0, 0.0, 0
u,0.0, 0.0, 0
u,0.0, 0.0, 0
u,0.0, 0.0, 0
u,0.0, 0.0, 0
u,0.0, 0.0, 0
u,0.0, 0.0, 0
u,0.0, 0.0, 0
u,0.0, 0.0, 0
u,0.0, 0.0, 0
u,0.0, 0.0, 0
u,0.0, 0.0, 0
u,0.0, 0.0, 0
u,0.0, 0.0, 0
u,0.0, 0.0, 0
u,0.0, 0.0, 0
u,0.0, 0.0, 0
u,0.0, 0.0, 0
u,0.0, 0.0, 0
u,0.25461921095848083, 0.14484049379825592, 0
u,0.2226857990026474, 0.14485609531402588, 0
u,0.22265809774398804, 0.07953450083732605, 0
u,0.2767626941204071, 0.01360739953815937, 0
u,0.27677449584007263, 0.07951480150222778, 0
u,0.2546032965183258, 0.07952290028333664, 0
u,0.2546032965183258, 0.07952290028333664, 0
u,0.22265809774398804, 0.07953450083732605, 0
u,0.2767626941204071, 0.01360739953815937, 0
u,0.22265809774398804, 0.07953450083732605, 0
u,0.09318599849939346, 0.0795816034078598, 0
u,0.09317389875650406, 0.013588200323283672, 0
u,0.25461921095848083, 0.14484049379825592, 0
u,0.2546032965183258, 0.07952290028333664, 0
u,0.27677449584007263, 0.07951480150222778, 0
u,0.2768051028251648, 0.25150689482688904, 0
u,0.18983450531959534, 0.2514784038066864, 0
u,0.2226857990026474, 0.14485609531402588, 0
u,0.18983450531959534, 0.2514784038066864, 0
u,0.13972850143909454, 0.2514618933200836, 0
u,0.2226857990026474, 0.14485609531402588, 0
u,0.13972850143909454, 0.2514618933200836, 0
u,0.09321749955415726, 0.2514464855194092, 0
u,0.09318599849939346, 0.0795816034078598, 0
u,0.09318599849939346, 0.0795816034078598, 0
u,0.22265809774398804, 0.07953450083732605, 0
u,0.13972850143909454, 0.2514618933200836, 0
u,0.22265809774398804, 0.07953450083732605, 0
u,0.2226857990026474, 0.14485609531402588, 0
u,0.13972850143909454, 0.2514618933200836, 0
u,0.25461921095848083, 0.14484049379825592, 0
u,0.27677449584007263, 0.07951480150222778, 0
u,0.2768051028251648, 0.25150689482688904, 0
u,0.18983450531959534, 0.2514784038066864, 0
u,0.2768051028251648, 0.25150689482688904, 0
u,0.18987789750099182, 0.43441030383110046, 0
u,0.2768051028251648, 0.25150689482688904, 0
u,0.2768386900424957, 0.44049960374832153, 0
u,0.18987789750099182, 0.43441030383110046, 0
u,0.09325210005044937, 0.44049960374832153, 0
u,0.09321749955415726, 0.2514464855194092, 0
u,0.13975940644741058, 0.4344128966331482, 0
u,0.09321749955415726, 0.2514464855194092, 0
u,0.13972850143909454, 0.2514618933200836, 0
u,0.13975940644741058, 0.4344128966331482, 0
u,0.09325210005044937, 0.44049960374832153, 0
u,0.13975940644741058, 0.4344128966331482, 0
u,0.18987789750099182, 0.43441030383110046, 0
u,0.2768386900424957, 0.44049960374832153, 0
u,0.2767626941204071, 0.01360739953815937, 0
u,0.280603289604187, 0.0038586000446230173, 0
u,0.2767626941204071, 0.01360739953815937, 0
u,0.09317389875650406, 0.013588200323283672, 0
u,0.0893298014998436, 0.003838700009509921, 0
u,0.09317389875650406, 0.013588200323283672, 0
u,0.09325210005044937, 0.44049960374832153, 0
u,0.08941160142421722, 0.4502488076686859, 0
u,0.09325210005044937, 0.44049960374832153, 0
u,0.2768386900424957, 0.44049960374832153, 0
u,0.2806828022003174, 0.4502488076686859, 0
u,0.14360010623931885, 0.42466360330581665, 0
u,0.14357240498065948, 0.2612122893333435, 0
u,0.18599450588226318, 0.26122620701789856, 0
u,0.18603329360485077, 0.4246613085269928, 0
u,0.18599450588226318, 0.26122620701789856, 0
u,0.18983450531959534, 0.2514784038066864, 0
u,0.14360010623931885, 0.42466360330581665, 0
u,0.18603329360485077, 0.4246613085269928, 0
u,0.18987789750099182, 0.43441030383110046, 0
u,0.13972850143909454, 0.2514618933200836, 0
u,0.18983450531959534, 0.2514784038066864, 0
u,0.14357240498065948, 0.2612122893333435, 0
u,0.18983450531959534, 0.2514784038066864, 0
u,0.18599450588226318, 0.26122620701789856, 0
u,0.14357240498065948, 0.2612122893333435, 0
u,0.14360010623931885, 0.42466360330581665, 0
u,0.18987789750099182, 0.43441030383110046, 0
u,0.13975940644741058, 0.4344128966331482, 0
u,0.13972850143909454, 0.2514618933200836, 0
u,0.14357240498065948, 0.2612122893333435, 0
u,0.13975940644741058, 0.4344128966331482, 0
u,0.044834598898887634, 0.004855200182646513, 0
u,0.044913601130247116, 0.4455423057079315, 0
u,0.0001033000007737428, 0.44556429982185364, 0
u,0.04875490069389343, 0.4394184947013855, 0
u,0.08940959721803665, 0.43942320346832275, 0
u,0.08941140025854111, 0.4491722881793976, 0
u,0.044834498316049576, 0.004275700077414513, 0
u,0.08932989835739136, 0.00429670000448823, 0
u,0.048678599298000336, 0.014026599936187267, 0
u,0.08932989835739136, 0.00429670000448823, 0
u,0.08933170139789581, 0.01404580008238554, 0
u,0.048678599298000336, 0.014026599936187267, 0
u,0.04875490069389343, 0.4394184947013855, 0
u,0.08941140025854111, 0.4491722881793976, 0
u,0.04491430148482323, 0.4491671919822693, 0
u,0.044834498316049576, 0.004275700077414513, 0
u,0.048678599298000336, 0.014026599936187267, 0
u,0.04875490069389343, 0.4394184947013855, 0
u,0.08933170139789581, 0.01404580008238554, 0
u,0.08940959721803665, 0.43942320346832275, 0
u,0.04875490069389343, 0.4394184947013855, 0
u,0.7568628191947937, 0.4363242983818054, 0
u,0.7887750864028931, 0.4363242983818054, 0
u,0.7887750864028931, 0.5023521780967712, 0
u,0.7887750864028931, 0.20646770298480988, 0
u,0.7887750864028931, 0.28836891055107117, 0
u,0.7568628191947937, 0.28836891055107117, 0
u,0.7887750864028931, 0.28836891055107117, 0
u,0.7887750864028931, 0.3543928861618042, 0
u,0.7568628191947937, 0.3543928861618042, 0
u,0.7568628191947937, 0.3543928861618042, 0
u,0.7887750864028931, 0.3543928861618042, 0
u,0.7887750864028931, 0.4363242983818054, 0
u,0.1856997013092041, 0.46268659830093384, 0
u,0.1856997013092041, 0.45446890592575073, 0
u,0.21197369694709778, 0.46268659830093384, 0
u,0.1856997013092041, 0.45446890592575073, 0
u,0.3558799922466278, 0.45446890592575073, 0
u,0.2805382013320923, 0.46268659830093384, 0
u,0.3558799922466278, 0.45446890592575073, 0
u,0.3558799922466278, 0.46268659830093384, 0
u,0.2805382013320923, 0.46268659830093384, 0
u,0.0, 0.45446890592575073, 0
u,0.1856997013092041, 0.45446890592575073, 0
u,0.1856997013092041, 0.46268659830093384, 0
u,0.5415775179862976, 0.46268659830093384, 0
u,0.5415775179862976, 0.45446890592575073, 0
u,0.6169434189796448, 0.46268659830093384, 0
u,0.5415775179862976, 0.45446890592575073, 0
u,0.7117655277252197, 0.45446890592575073, 0
u,0.6169434189796448, 0.46268659830093384, 0
u,0.7117655277252197, 0.45446890592575073, 0
u,0.7117655277252197, 0.46268659830093384, 0
u,0.6854572892189026, 0.46268659830093384, 0
u,0.3558799922466278, 0.46268659830093384, 0
u,0.3558799922466278, 0.45446890592575073, 0
u,0.5415775179862976, 0.45446890592575073, 0
u,0.00018059999274555594, 0.5557729005813599, 0
u,0.00018059999274555594, 0.9995805025100708, 0
u,0.0, 0.9995805025100708, 0
u,0.17602600157260895, 0.46766170859336853, 0
u,0.17602600157260895, 0.9995805025100708, 0
u,0.17560160160064697, 0.5557729005813599, 0
u,0.17602600157260895, 0.9995805025100708, 0
u,0.17560160160064697, 0.9995805025100708, 0
u,0.17560160160064697, 0.5557729005813599, 0
u,0.00018059999274555594, 0.5557729005813599, 0
u,0.0, 0.9995805025100708, 0
u,0.0, 0.46766170859336853, 0
u,0.17175740003585815, 0.5639013051986694, 0
u,0.0040247999131679535, 0.5639013051986694, 0
u,0.17175740003585815, 0.5557729005813599, 0
u,0.0040247999131679535, 0.5639013051986694, 0
u,0.0040247999131679535, 0.5557729005813599, 0
u,0.17175740003585815, 0.5557729005813599, 0
u,0.0040247999131679535, 0.5557729005813599, 0
u,0.00018059999274555594, 0.5557729005813599, 0
u,0.0, 0.46766170859336853, 0
u,0.0, 0.46766170859336853, 0
u,0.17602600157260895, 0.46766170859336853, 0
u,0.17175740003585815, 0.5557729005813599, 0
u,0.17602600157260895, 0.46766170859336853, 0
u,0.17560160160064697, 0.5557729005813599, 0
u,0.17175740003585815, 0.5557729005813599, 0
u,0.7347800135612488, 0.46766170859336853, 0
u,0.7347800135612488, 0.9995805025100708, 0
u,0.5434110164642334, 0.9995805025100708, 0
u,0.17602600157260895, 0.9995805025100708, 0
u,0.17602600157260895, 0.46766170859336853, 0
u,0.36739280819892883, 0.46766170859336853, 0
u,0.36739280819892883, 0.46766170859336853, 0
u,0.5434110164642334, 0.46766170859336853, 0
u,0.5434110164642334, 0.9995805025100708, 0
u,0.8451812267303467, 0.5049750804901123, 0
u,0.8451812267303467, 0.5712230205535889, 0
u,0.8019295930862427, 0.5712230205535889, 0
u,0.8019295930862427, 0.5049750804901123, 0
u,0.8019295930862427, 0.5712230205535889, 0
u,0.7362744808197021, 0.5712230205535889, 0
u,0.9108427166938782, 0.5049750804901123, 0
u,0.9540830254554749, 0.5049750804901123, 0
u,0.9540830254554749, 0.5712230205535889, 0
u,0.9108427166938782, 0.5049750804901123, 0
u,0.9108427166938782, 0.5712230205535889, 0
u,0.8451812267303467, 0.5712230205535889, 0
u,0.3331950008869171, 0.12858280539512634, 0
u,0.406350702047348, 0.12858280539512634, 0
u,0.406350702047348, 0.4502488076686859, 0
u,0.282353013753891, 0.4502488076686859, 0
u,0.282353013753891, 0.12858280539512634, 0
u,0.3331950008869171, 0.12858280539512634, 0
u,0.4572054147720337, 0.12858280539512634, 0
u,0.5303686857223511, 0.12858280539512634, 0
u,0.5303686857223511, 0.4502488076686859, 0
u,0.406350702047348, 0.12858280539512634, 0
u,0.4572054147720337, 0.12858280539512634, 0
u,0.4572054147720337, 0.4502488076686859, 0
u,0.99882972240448, 0.5876855850219727, 0
u,0.99882972240448, 1.0, 0
u,0.9541264772415161, 1.0, 0
u,0.780953586101532, 1.0, 0
u,0.780953586101532, 0.5876855850219727, 0
u,0.9541264772415161, 0.5876855850219727, 0
u,0.7362744808197021, 0.5876855850219727, 0
u,0.780953586101532, 0.5876855850219727, 0
u,0.780953586101532, 1.0, 0
u,0.7068914771080017, 0.447761207818985, 0
u,0.5323529839515686, 0.447761207818985, 0
u,0.6950637102127075, 0.44414231181144714, 0
u,0.5323529839515686, 0.447761207818985, 0
u,0.5323529839515686, 0.44414231181144714, 0
u,0.6950637102127075, 0.44414231181144714, 0
u,0.5323529839515686, 0.004177500028163195, 0
u,0.5323529839515686, 0.0035989999305456877, 0
u,0.6950637102127075, 0.004177500028163195, 0
u,0.5323529839515686, 0.0035989999305456877, 0
u,0.7068914771080017, 0.0035989999305456877, 0
u,0.6950637102127075, 0.004177500028163195, 0
u,0.7068914771080017, 0.447761207818985, 0
u,0.6950637102127075, 0.44414231181144714, 0
u,0.7068914771080017, 0.0035989999305456877, 0
u,0.2833333909511566, 0.014925399795174599, 0
u,0.4484750032424927, 0.014925399795174599, 0
u,0.4484750032424927, 0.12157080322504044, 0
u,0.7362744808197021, 0.5826869010925293, 0
u,0.7362744808197021, 0.5746269226074219, 0
u,0.7766076922416687, 0.5746269226074219, 0
u,0.9832671880722046, 0.5826869010925293, 0
u,0.9429357051849365, 0.5826869010925293, 0
u,0.9429357051849365, 0.5746269226074219, 0
u,0.7766076922416687, 0.5746269226074219, 0
u,0.9429357051849365, 0.5746269226074219, 0
u,0.9429357051849365, 0.5826869010925293, 0
