s,42.12451171875, 148.97265625, 0.7008090019226074
b,44.17333984375, 151.14453125, 3.911137104034424
v,43.1025390625, 151.0849609375, 0.7009634971618652
v,43.1025390625, 151.083984375, 3.2017416954040527
v,44.17333984375, 150.9970703125, 3.201730251312256
v,44.173095703125, 150.9970703125, 0.7009520530700684
v,43.00439453125, 149.0546875, 0.7008199691772461
v,43.00439453125, 149.0537109375, 0.7008194923400879
v,42.12451171875, 149.134765625, 0.7008304595947266
v,42.310791015625, 151.14453125, 0.7009720802307129
v,43.101318359375, 151.072265625, 0.7009625434875488
v,43.102294921875, 151.0849609375, 0.7009634971618652
v,44.1728515625, 150.9970703125, 0.7009520530700684
v,44.008544921875, 148.97265625, 0.7008090019226074
v,43.00439453125, 149.0546875, 2.391171455383301
v,42.937744140625, 149.0595703125, 2.391171455383301
v,43.1015625, 151.072265625, 2.3913135528564453
v,42.310791015625, 151.14453125, 2.3913235664367676
v,42.12451171875, 149.134765625, 2.391181468963623
v,43.00439453125, 149.0537109375, 2.3911705017089844
v,42.937744140625, 149.0595703125, 3.201598644256592
v,43.650146484375, 151.0400390625, 3.911137104034424
v,43.102294921875, 151.083984375, 3.2017416954040527
v,43.459228515625, 149.0185546875, 3.910994052886963
v,43.650146484375, 151.0400390625, 3.911137104034424
v,42.937744140625, 149.0595703125, 3.201598644256592
v,43.650146484375, 151.0400390625, 3.911137104034424
v,43.459228515625, 149.0185546875, 3.910994052886963
v,44.173095703125, 150.9970703125, 3.201730251312256
v,44.173095703125, 150.9970703125, 3.201730251312256
v,43.459228515625, 149.0185546875, 3.910994052886963
v,44.008544921875, 148.97265625, 3.201587200164795
v,43.1015625, 151.072265625, 2.3913135528564453
v,43.101318359375, 151.072265625, 0.7009625434875488
v,42.310791015625, 151.14453125, 0.7009720802307129
v,42.310791015625, 151.14453125, 2.3913235664367676
v,43.00439453125, 149.0546875, 0.7008199691772461
v,43.00439453125, 149.0546875, 2.391171455383301
v,43.00439453125, 149.0537109375, 2.3911705017089844
v,43.00439453125, 149.0537109375, 0.7008194923400879
v,43.00439453125, 149.0537109375, 0.7008194923400879
v,43.00439453125, 149.0537109375, 2.3911705017089844
v,42.12451171875, 149.134765625, 2.391181468963623
v,42.12451171875, 149.134765625, 0.7008304595947266
v,42.12451171875, 149.134765625, 2.391181468963623
v,42.310791015625, 151.14453125, 2.3913235664367676
v,42.310791015625, 151.14453125, 0.7009720802307129
v,42.12451171875, 149.134765625, 0.7008304595947266
v,42.937744140625, 149.0595703125, 2.391171455383301
v,43.00439453125, 149.0546875, 2.391171455383301
v,43.00439453125, 149.0546875, 0.7008199691772461
v,44.008544921875, 148.97265625, 0.7008090019226074
v,44.008544921875, 148.97265625, 3.201587200164795
v,42.937744140625, 149.0595703125, 3.201598644256592
v,43.459228515625, 149.0185546875, 3.910994052886963
v,42.937744140625, 149.0595703125, 3.201598644256592
v,44.008544921875, 148.97265625, 3.201587200164795
v,43.650146484375, 151.0400390625, 3.911137104034424
v,44.173095703125, 150.9970703125, 3.201730251312256
v,43.102294921875, 151.083984375, 3.2017416954040527
v,44.173095703125, 150.9970703125, 3.201730251312256
v,44.008544921875, 148.97265625, 3.201587200164795
v,44.008544921875, 148.97265625, 0.7008090019226074
v,44.1728515625, 150.9970703125, 0.7009520530700684
v,42.937744140625, 149.0595703125, 3.201598644256592
v,43.102294921875, 151.083984375, 3.2017416954040527
v,43.102294921875, 151.0849609375, 0.7009634971618652
v,43.101318359375, 151.072265625, 0.7009625434875488
v,43.1015625, 151.072265625, 2.3913135528564453
v,42.937744140625, 149.0595703125, 2.391171455383301
i,1,3,0
i,4,8,10
i,13,15,17
i,18,19,20
i,21,22,23
i,24,25,26
i,27,28,29
i,31,33,30
i,34,36,37
i,39,41,38
i,42,44,45
i,50,51,47
i,52,53,54
i,55,56,57
i,59,61,58
i,64,65,66
i,1,2,3
i,4,5,6
i,6,7,8
i,8,9,10
i,10,11,4
i,4,6,8
i,17,12,13
i,13,14,15
i,15,16,17
i,31,32,33
i,34,35,36
i,39,40,41
i,42,43,44
i,51,46,47
i,47,48,49
i,49,50,47
i,59,60,61
i,67,62,66
i,62,63,66
i,63,64,66
n,0.36732277274131775, 4.48879337310791, 0.0015568097587674856
n,-2.2246062144404277e-05, 0.000319685903377831, -4.50379753112793
n,-2.8039283279213123e-05, 0.00032088925945572555, -4.50379753112793
n,-3.54886531829834, 0.288321316242218, 2.7580103874206543
n,-3.6088831424713135, 0.3404175043106079, 2.6728768348693848
n,3.605001211166382, -0.3404299318790436, 2.6781086921691895
n,3.5450222492218018, -0.2883993983268738, 2.762939453125
n,0.41329967975616455, 4.484793663024902, -5.301629062159918e-05
n,4.50379753112793, 0.0, 0.0
n,-0.4111427068710327, -4.484992027282715, 0.0
n,-4.484592914581299, 0.41547295451164246, 0.0
n,-0.3636365532875061, -4.48909330368042, -0.0010429649846628308
n,-0.36363643407821655, -4.489091873168945, 0.0038634606171399355
n,0.3636365234851837, 4.48909330368042, -0.000846938113681972
n,4.488987445831299, -0.36494654417037964, -0.0003892193199135363
n,-4.4882402420043945, 0.3740200102329254, 0.000575732032302767
n,0.3636365532875061, 4.489093780517578, -3.15292454615701e-05
n,0.00014523511345032603, 0.0021991196554154158, -4.5037970542907715
n,-2.597998536657542e-05, 0.00032022621599026024, -4.50379753112793
n,-2.3949643946252763e-05, 0.00029521179385483265, -4.50379753112793
n,-2.3375338059850037e-05, 0.0003203650994691998, -4.50379753112793
n,-2.518865221645683e-05, 0.0003198272897861898, -4.50379753112793
n,-0.00034383617457933724, -0.004398237448185682, 4.503795146942139
n,2.833984763128683e-05, -0.0003207988920621574, 4.50379753112793
n,2.690938526939135e-05, -0.0003212639130651951, 4.50379753112793
n,0.41329967975616455, 4.484793663024902, -5.301627970766276e-05
n,4.50379753112793, 0.0, 0.0
n,-0.4111427068710327, -4.484992027282715, 0.0
n,-4.484548568725586, 0.4159524738788605, 0.0005752582801505923
n,-0.35101744532585144, -4.490097522735596, 0.0
n,-0.36447277665138245, -4.489025592803955, 0.0
n,-0.3644728362560272, -4.489025592803955, 0.0
n,4.489026069641113, -0.36446893215179443, 0.0
n,-4.48896598815918, 0.36521217226982117, 0.0
n,-4.488986968994141, 0.3649466037750244, -0.0006638105842284858
n,-4.492862224578857, 0.313658207654953, 0.00010878338798647746
u,0.005364799872040749, 0.4520294964313507, 0
u,0.3122006952762604, 0.22539469599723816, 0
u,0.3122006952762604, 0.4520294964313507, 0
u,0.0, 0.0, 0
u,0.0, 0.0, 0
u,0.0, 0.0, 0
u,0.2747274935245514, 0.03347359970211983, 0
u,0.523583173751831, 0.20651869475841522, 0
u,0.2746801972389221, 0.019319500774145126, 0
u,0.9963753819465637, 0.9982520937919617, 0
u,0.8755365014076233, 0.5276752710342407, 0
u,0.9964153170585632, 0.5276752710342407, 0
u,0.8776463866233826, 0.9979962706565857, 0
u,0.8755365014076233, 0.5276752710342407, 0
u,0.9963753819465637, 0.9982520937919617, 0
u,0.00010820000170497224, 0.009027499705553055, 0
u,0.26903820037841797, 0.0057334997691214085, 0
u,0.0, 0.20998190343379974, 0
u,0.0, 0.20998190343379974, 0
u,0.26903820037841797, 0.0057334997691214085, 0
u,0.26903820037841797, 0.21033209562301636, 0
u,0.8719077706336975, 0.2140222042798996, 0
u,0.6630901098251343, 0.38269171118736267, 0
u,0.6630901098251343, 0.2140222042798996, 0
u,0.8719077706336975, 0.9996042847633362, 0
u,0.6630901098251343, 0.9993600845336914, 0
u,0.8719077706336975, 0.9993600845336914, 0
u,0.6630901098251343, 0.9993600845336914, 0
u,0.8719077706336975, 0.8116298913955688, 0
u,0.8719077706336975, 0.9993600845336914, 0
u,0.6630901098251343, 0.8116298913955688, 0
u,0.8719077706336975, 0.38269171118736267, 0
u,0.8719077706336975, 0.8116298913955688, 0
u,0.6564788818359375, 0.9833415150642395, 0
u,0.524678111076355, 0.9833415150642395, 0
u,0.5328717827796936, 0.8123549818992615, 0
u,0.6352527737617493, 0.20479699969291687, 0
u,0.5268241167068481, 0.20479699969291687, 0
u,0.6052485108375549, 0.021901199594140053, 0
u,0.6448497772216797, 0.022099999710917473, 0
u,0.7533944845199585, 0.022099999710917473, 0
u,0.6748175024986267, 0.20479699969291687, 0
u,0.25244688987731934, 0.4668430984020233, 0
u,0.0032188999466598034, 0.9944648742675781, 0
u,0.0032188999466598034, 0.4668430984020233, 0
u,0.26502150297164917, 0.4668430984020233, 0
u,0.26656460762023926, 0.4668430984020233, 0
u,0.26656460762023926, 0.8234785199165344, 0
u,0.005364799872040749, 0.4520294964313507, 0
u,0.005364799872040749, 0.22539469599723816, 0
u,0.3122006952762604, 0.22539469599723816, 0
u,0.0, 0.0, 0
u,0.0, 0.0, 0
u,0.0, 0.0, 0
u,0.0, 0.0, 0
u,0.0, 0.0, 0
u,0.0, 0.0, 0
u,0.0, 0.0, 0
u,0.0, 0.0, 0
u,0.0, 0.0, 0
u,0.0, 0.0, 0
u,0.0, 0.0, 0
u,0.0, 0.0, 0
u,0.0, 0.0, 0
u,0.0, 0.0, 0
u,0.0, 0.0, 0
u,0.2746801972389221, 0.019319500774145126, 0
u,0.2748219072818756, 0.019319400191307068, 0
u,0.2747274935245514, 0.03347359970211983, 0
u,0.2747274935245514, 0.03347359970211983, 0
u,0.523583173751831, 0.03821539878845215, 0
u,0.523583173751831, 0.20651869475841522, 0
u,0.523583173751831, 0.20651869475841522, 0
u,0.274678111076355, 0.2066420018672943, 0
u,0.2746801972389221, 0.019319500774145126, 0
u,0.8719077706336975, 0.2140222042798996, 0
u,0.8719077706336975, 0.38269171118736267, 0
u,0.6630901098251343, 0.38269171118736267, 0
u,0.8719077706336975, 0.9996042847633362, 0
u,0.6630901098251343, 0.9996042847633362, 0
u,0.6630901098251343, 0.9993600845336914, 0
u,0.6630901098251343, 0.9993600845336914, 0
u,0.6630901098251343, 0.8116298913955688, 0
u,0.8719077706336975, 0.8116298913955688, 0
u,0.6630901098251343, 0.8116298913955688, 0
u,0.6630901098251343, 0.38269171118736267, 0
u,0.8719077706336975, 0.38269171118736267, 0
u,0.524678111076355, 0.9833415150642395, 0
u,0.524678111076355, 0.8123549818992615, 0
u,0.5328717827796936, 0.8123549818992615, 0
u,0.5328717827796936, 0.8123549818992615, 0
u,0.5328717827796936, 0.4557195007801056, 0
u,0.6564788818359375, 0.4557195007801056, 0
u,0.6564788818359375, 0.4557195007801056, 0
u,0.6564788818359375, 0.9833415150642395, 0
u,0.5328717827796936, 0.8123549818992615, 0
u,0.25244688987731934, 0.4668430984020233, 0
u,0.25244688987731934, 0.9944648742675781, 0
u,0.0032188999466598034, 0.9944648742675781, 0
u,0.5142835974693298, 0.8234785199165344, 0
u,0.5142835974693298, 0.9944648742675781, 0
u,0.26656460762023926, 0.8234785199165344, 0
u,0.5142835974693298, 0.9944648742675781, 0
u,0.26502150297164917, 0.9944648742675781, 0
u,0.26656460762023926, 0.8234785199165344, 0
u,0.26502150297164917, 0.9944648742675781, 0
u,0.26502150297164917, 0.4668430984020233, 0
u,0.26656460762023926, 0.8234785199165344, 0
