s,89.433349609375, 151.255859375, -1.827239990234375
b,92.658447265625, 155.873046875, 3.4013781547546387
v,90.672119140625, 155.31640625, -1.5045413970947266
v,90.616455078125, 155.3349609375, -1.5045413970947266
v,90.616455078125, 155.3349609375, -1.8269362449645996
v,90.672119140625, 155.31640625, -1.8269360065460205
v,91.167724609375, 151.3681640625, -1.8272113800048828
v,90.90576171875, 151.4609375, -1.8272123336791992
v,90.74755859375, 151.2568359375, -1.8272316455841064
v,90.442626953125, 151.255859375, -1.827239990234375
v,89.62548828125, 151.5927734375, -1.8272385597229004
v,89.7109375, 151.8828125, -1.8272151947021484
v,89.433349609375, 151.9814453125, -1.8272156715393066
v,89.456298828125, 152.0625, -1.827209234237671
v,89.905517578125, 151.923828125, -1.827207088470459
v,90.157470703125, 152.740234375, -1.8271408081054688
v,89.68994140625, 152.884765625, -1.8271429538726807
v,89.7470703125, 153.0859375, -1.8271267414093018
v,90.210693359375, 152.9423828125, -1.8271243572235107
v,90.454833984375, 153.7333984375, -1.8270595073699951
v,89.9736328125, 153.8828125, -1.8270618915557861
v,90.035888671875, 154.1025390625, -1.8270440101623535
v,90.52880859375, 153.9501953125, -1.8270413875579834
v,90.762939453125, 154.7080078125, -1.8269786834716797
v,90.252685546875, 154.865234375, -1.8269813060760498
v,90.314208984375, 155.08203125, -1.8269634246826172
v,90.935546875, 154.8623046875, -1.8269622325897217
v,91.224365234375, 155.8408203125, -1.826880931854248
v,91.879638671875, 155.646484375, -1.8268764019012451
v,91.8662109375, 155.6015625, -1.8268802165985107
v,92.58349609375, 155.4560546875, -1.8268702030181885
v,92.492431640625, 155.1474609375, -1.8268959522247314
v,92.658447265625, 155.115234375, -1.8268933296203613
v,92.64208984375, 154.2666015625, -1.8269569873809814
v,90.6162109375, 155.3935546875, -1.8269317150115967
v,90.672119140625, 155.412109375, -1.8269288539886475
v,90.706787109375, 155.3642578125, -1.8269312381744385
v,90.671875, 155.31640625, -1.8269360065460205
v,90.6162109375, 155.3349609375, -1.8269362449645996
v,90.565673828125, 155.3515625, -1.5045418739318848
v,90.7158203125, 155.873046875, -1.5044982433319092
v,91.193359375, 155.7353515625, -1.5044949054718018
v,91.034912109375, 155.1982421875, -1.5045397281646729
v,90.671875, 155.31640625, -1.5045413970947266
v,90.706787109375, 155.3642578125, -1.5045368671417236
v,90.672119140625, 155.412109375, -1.5045342445373535
v,90.6162109375, 155.3935546875, -1.5045371055603027
v,90.6162109375, 155.3349609375, -1.5045413970947266
v,90.565673828125, 155.3515625, -1.5045418739318848
v,90.6162109375, 155.3349609375, -1.5045413970947266
v,90.671875, 155.31640625, -1.5045413970947266
v,91.034912109375, 155.1982421875, -1.5045397281646729
v,90.935546875, 154.8623046875, -1.5045676231384277
v,90.47216796875, 155.0263671875, -1.5045685768127441
v,90.035888671875, 154.1025390625, -1.3614368438720703
v,90.252685546875, 154.865234375, -1.3613741397857666
v,90.762939453125, 154.7080078125, -1.3613717555999756
v,90.528564453125, 153.9501953125, -1.3614342212677002
v,89.7470703125, 153.0859375, -1.3615198135375977
v,89.9736328125, 153.8828125, -1.361454725265503
v,90.454833984375, 153.7333984375, -1.361452579498291
v,90.210693359375, 152.9423828125, -1.3615174293518066
v,90.157470703125, 152.740234375, -1.3615334033966064
v,89.905517578125, 151.923828125, -1.3615999221801758
v,89.456298828125, 152.0625, -1.3616020679473877
v,89.68994140625, 152.884765625, -1.3615360260009766
v,90.47216796875, 155.0263671875, -1.4046530723571777
v,90.935546875, 154.8623046875, -1.4046518802642822
v,91.193359375, 155.7353515625, -1.4045794010162354
v,90.7158203125, 155.873046875, -1.4045827388763428
v,91.224365234375, 155.8408203125, 3.4013733863830566
v,90.88427734375, 154.6875, 3.401278018951416
v,91.539794921875, 154.494140625, 3.4012818336486816
v,91.472412109375, 154.6181640625, 3.401289463043213
v,91.008544921875, 154.755859375, 3.4012866020202637
v,91.291748046875, 155.716796875, 3.4013657569885254
v,91.75537109375, 155.578125, 3.401369571685791
v,91.879638671875, 155.646484375, 3.4013781547546387
v,91.472412109375, 154.6181640625, 3.3457798957824707
v,91.75537109375, 155.578125, 3.3458609580993652
v,91.291748046875, 155.716796875, 3.3458571434020996
v,91.008544921875, 154.755859375, 3.345777988433838
v,91.75537109375, 155.578125, 3.401369571685791
v,91.472412109375, 154.6181640625, 3.401289463043213
v,91.539794921875, 154.494140625, 3.4012818336486816
v,91.879638671875, 155.646484375, 3.4013781547546387
v,92.369873046875, 155.0849609375, 2.21346378326416
v,92.45703125, 155.3798828125, 2.2134885787963867
v,91.837890625, 155.5048828125, 2.213479995727539
v,91.7548828125, 155.2236328125, 2.213456153869629
v,92.007080078125, 155.1552734375, 2.213459014892578
v,92.58349609375, 155.4560546875, 2.2690067291259766
v,91.8662109375, 155.6015625, 2.268996238708496
v,91.837890625, 155.5048828125, 2.268988609313965
v,92.45703125, 155.3798828125, 2.2689971923828125
v,92.365966796875, 155.0712890625, 2.2689719200134277
v,92.46435546875, 155.0517578125, 2.268972873687744
v,91.507568359375, 154.50390625, 2.6496939659118652
v,90.94140625, 154.671875, 2.649690628051758
v,90.282958984375, 152.4384765625, 2.649507522583008
v,90.846435546875, 152.2626953125, 2.6495108604431152
v,90.871826171875, 152.3486328125, 2.64951753616333
v,90.63232421875, 152.4189453125, 2.6495161056518555
v,90.972412109375, 153.572265625, 2.6496100425720215
v,91.2119140625, 153.5009765625, 2.649611473083496
v,91.25732421875, 153.6552734375, 2.6496243476867676
v,91.395263671875, 154.123046875, 2.649662494659424
v,91.694091796875, 155.017578125, 2.64973783493042
v,91.539794921875, 154.494140625, 2.6496939659118652
v,91.507568359375, 154.50390625, 2.6496939659118652
v,91.395263671875, 154.123046875, 2.649662494659424
v,91.965087890625, 153.9541015625, 2.6496667861938477
v,91.8271484375, 153.486328125, 2.649627685546875
v,91.25732421875, 153.6552734375, 2.6496243476867676
v,91.2119140625, 153.5009765625, 2.649611473083496
v,91.628173828125, 153.3779296875, 2.6496143341064453
v,91.288330078125, 152.2255859375, 2.6495203971862793
v,90.871826171875, 152.3486328125, 2.64951753616333
v,90.846435546875, 152.2626953125, 2.6495108604431152
v,91.358154296875, 152.103515625, 2.6495132446289062
v,92.43115234375, 154.30078125, 2.6497058868408203
v,92.509765625, 154.8564453125, 2.649749755859375
v,91.715087890625, 155.072265625, 2.6497421264648438
v,91.358154296875, 152.103515625, 2.749429225921631
v,90.282958984375, 152.4384765625, 2.7494235038757324
v,90.94140625, 154.671875, 2.749605655670166
v,90.88427734375, 154.6884765625, 2.749605655670166
v,90.906982421875, 154.7646484375, 2.749612331390381
v,90.900390625, 154.7666015625, 2.7496113777160645
v,90.20068359375, 152.39453125, 2.749417781829834
v,91.39306640625, 152.0224609375, 2.749424457550049
v,92.493896484375, 154.2822265625, 2.7496228218078613
v,92.584228515625, 154.904296875, 2.7496705055236816
v,91.7294921875, 155.13671875, 2.7496628761291504
v,91.69384765625, 155.017578125, 2.7496533393859863
v,91.715087890625, 155.072265625, 2.7496581077575684
v,92.509765625, 154.8564453125, 2.749664783477783
v,92.43115234375, 154.30078125, 2.749621868133545
v,91.25732421875, 153.6552734375, 3.0470662117004395
v,91.8271484375, 153.486328125, 3.047070026397705
v,91.965087890625, 153.9541015625, 3.0471091270446777
v,91.395263671875, 154.123046875, 3.047105312347412
v,90.972412109375, 153.572265625, 2.989323139190674
v,90.63232421875, 152.4189453125, 2.9892287254333496
v,91.288330078125, 152.2255859375, 2.989234447479248
v,91.628173828125, 153.3779296875, 2.9893269538879395
v,90.314208984375, 155.08203125, 1.879241943359375
v,89.433349609375, 151.98046875, 1.8789896965026855
v,90.900390625, 154.7666015625, 2.7496113777160645
v,89.433349609375, 151.98046875, 1.8789896965026855
v,90.20068359375, 152.39453125, 2.749417781829834
v,90.900390625, 154.7666015625, 2.7496113777160645
v,90.9072265625, 154.765625, 2.737997531890869
v,90.935546875, 154.8623046875, 1.8792438507080078
v,90.314208984375, 155.08203125, 1.879241943359375
v,90.900390625, 154.7666015625, 2.7496113777160645
v,92.007080078125, 155.1552734375, 2.213459014892578
v,92.584228515625, 154.904296875, 2.7496705055236816
v,92.658447265625, 155.115234375, 1.8793120384216309
v,92.492431640625, 155.1474609375, 1.8793096542358398
v,92.46435546875, 155.0517578125, 2.268972873687744
v,92.365966796875, 155.0712890625, 2.2689719200134277
v,92.369873046875, 155.0849609375, 2.21346378326416
v,91.7294921875, 155.13671875, 2.7496628761291504
v,92.584228515625, 154.904296875, 2.7496705055236816
v,92.007080078125, 155.1552734375, 2.213459014892578
v,91.7548828125, 155.2236328125, 2.213456153869629
v,92.658447265625, 155.115234375, 1.8793120384216309
v,92.493896484375, 154.2822265625, 2.7496228218078613
v,92.64208984375, 154.265625, 1.8792486190795898
v,91.39306640625, 152.0224609375, 2.749424457550049
v,91.167724609375, 151.3681640625, 1.8789939880371094
v,92.64208984375, 154.265625, 1.8792486190795898
v,91.39306640625, 152.0224609375, 2.749424457550049
v,92.64208984375, 154.265625, 1.8792486190795898
v,92.493896484375, 154.2822265625, 2.7496228218078613
v,89.433349609375, 151.98046875, 1.8789896965026855
v,91.167724609375, 151.3681640625, 1.8789939880371094
v,90.20068359375, 152.39453125, 2.749417781829834
v,91.167724609375, 151.3681640625, 1.8789939880371094
v,91.39306640625, 152.0224609375, 2.749424457550049
v,90.20068359375, 152.39453125, 2.749417781829834
v,90.839599609375, 151.484375, 0.9986248016357422
v,89.77392578125, 151.861328125, 0.9986224174499512
v,89.706298828125, 151.6318359375, 0.9986038208007812
v,90.455078125, 151.3203125, 0.9986023902893066
v,90.714599609375, 151.322265625, 0.9986100196838379
v,89.625244140625, 151.5927734375, 1.2206339836120605
v,90.442626953125, 151.255859375, 1.2206320762634277
v,90.74755859375, 151.2568359375, 1.2206411361694336
v,90.90576171875, 151.4609375, 1.2206602096557617
v,90.839599609375, 151.484375, 1.2206597328186035
v,90.714599609375, 151.322265625, 1.2206449508666992
v,90.455078125, 151.3203125, 1.220637321472168
v,89.706298828125, 151.6318359375, 1.2206387519836426
v,89.77392578125, 151.8603515625, 1.2206568717956543
v,89.7109375, 151.8828125, 1.2206568717956543
v,91.193359375, 155.7353515625, -1.4045794010162354
v,91.193359375, 155.7353515625, -1.5044949054718018
v,90.7158203125, 155.873046875, -1.5044982433319092
v,90.7158203125, 155.873046875, -1.4045827388763428
v,90.47216796875, 155.0263671875, -1.5045685768127441
v,90.47216796875, 155.0263671875, -1.4046530723571777
v,90.7158203125, 155.873046875, -1.4045827388763428
v,90.7158203125, 155.873046875, -1.5044982433319092
v,90.565673828125, 155.3515625, -1.5045418739318848
v,90.906982421875, 154.7646484375, 2.749612331390381
v,90.88427734375, 154.6884765625, 2.749605655670166
v,90.88427734375, 154.6875, 3.401278018951416
v,91.224365234375, 155.8408203125, 3.4013733863830566
v,91.224365234375, 155.8408203125, -1.826880931854248
v,90.935546875, 154.8623046875, -1.8269622325897217
v,90.935546875, 154.8623046875, -1.5045676231384277
v,91.034912109375, 155.1982421875, -1.5045397281646729
v,91.193359375, 155.7353515625, -1.5044949054718018
v,91.193359375, 155.7353515625, -1.4045794010162354
v,90.935546875, 154.8623046875, -1.4046518802642822
v,90.935546875, 154.8623046875, 1.8792438507080078
v,90.9072265625, 154.765625, 2.737997531890869
v,91.837890625, 155.5048828125, 2.268988609313965
v,91.8662109375, 155.6015625, 2.268996238708496
v,91.8662109375, 155.6015625, -1.8268802165985107
v,91.879638671875, 155.646484375, -1.8268764019012451
v,91.879638671875, 155.646484375, 3.4013781547546387
v,91.539794921875, 154.494140625, 3.4012818336486816
v,91.539794921875, 154.494140625, 2.6496939659118652
v,91.694091796875, 155.017578125, 2.64973783493042
v,91.69384765625, 155.017578125, 2.7496533393859863
v,91.7294921875, 155.13671875, 2.7496628761291504
v,91.7548828125, 155.2236328125, 2.213456153869629
v,91.837890625, 155.5048828125, 2.213479995727539
v,91.224365234375, 155.8408203125, -1.826880931854248
v,91.224365234375, 155.8408203125, 3.4013733863830566
v,91.879638671875, 155.646484375, 3.4013781547546387
v,91.879638671875, 155.646484375, -1.8268764019012451
v,90.94140625, 154.671875, 2.649690628051758
v,91.507568359375, 154.50390625, 2.6496939659118652
v,91.539794921875, 154.494140625, 2.6496939659118652
v,91.539794921875, 154.494140625, 3.4012818336486816
v,90.88427734375, 154.6875, 3.401278018951416
v,90.88427734375, 154.6884765625, 2.749605655670166
v,90.94140625, 154.671875, 2.749605655670166
v,91.008544921875, 154.755859375, 3.4012866020202637
v,91.472412109375, 154.6181640625, 3.401289463043213
v,91.472412109375, 154.6181640625, 3.3457798957824707
v,91.008544921875, 154.755859375, 3.345777988433838
v,91.291748046875, 155.716796875, 3.4013657569885254
v,91.008544921875, 154.755859375, 3.4012866020202637
v,91.008544921875, 154.755859375, 3.345777988433838
v,91.291748046875, 155.716796875, 3.3458571434020996
v,91.75537109375, 155.578125, 3.401369571685791
v,91.291748046875, 155.716796875, 3.4013657569885254
v,91.291748046875, 155.716796875, 3.3458571434020996
v,91.75537109375, 155.578125, 3.3458609580993652
v,91.472412109375, 154.6181640625, 3.401289463043213
v,91.75537109375, 155.578125, 3.401369571685791
v,91.75537109375, 155.578125, 3.3458609580993652
v,91.472412109375, 154.6181640625, 3.3457798957824707
v,91.837890625, 155.5048828125, 2.268988609313965
v,91.837890625, 155.5048828125, 2.213479995727539
v,92.45703125, 155.3798828125, 2.2134885787963867
v,92.45703125, 155.3798828125, 2.2689971923828125
v,92.365966796875, 155.0712890625, 2.2689719200134277
v,92.45703125, 155.3798828125, 2.2689971923828125
v,92.45703125, 155.3798828125, 2.2134885787963867
v,92.369873046875, 155.0849609375, 2.21346378326416
v,91.8662109375, 155.6015625, 2.268996238708496
v,92.58349609375, 155.4560546875, 2.2690067291259766
v,92.58349609375, 155.4560546875, -1.8268702030181885
v,91.8662109375, 155.6015625, -1.8268802165985107
v,92.58349609375, 155.4560546875, 2.2690067291259766
v,92.46435546875, 155.0517578125, 2.268972873687744
v,92.492431640625, 155.1474609375, 1.8793096542358398
v,92.492431640625, 155.1474609375, -1.8268959522247314
v,92.58349609375, 155.4560546875, -1.8268702030181885
v,91.69384765625, 155.017578125, 2.7496533393859863
v,91.694091796875, 155.017578125, 2.64973783493042
v,91.715087890625, 155.072265625, 2.6497421264648438
v,91.715087890625, 155.072265625, 2.7496581077575684
v,92.509765625, 154.8564453125, 2.749664783477783
v,91.715087890625, 155.072265625, 2.7496581077575684
v,91.715087890625, 155.072265625, 2.6497421264648438
v,92.509765625, 154.8564453125, 2.649749755859375
v,92.43115234375, 154.30078125, 2.749621868133545
v,92.509765625, 154.8564453125, 2.749664783477783
v,92.509765625, 154.8564453125, 2.649749755859375
v,92.43115234375, 154.30078125, 2.6497058868408203
v,91.358154296875, 152.103515625, 2.6495132446289062
v,91.358154296875, 152.103515625, 2.749429225921631
v,92.43115234375, 154.30078125, 2.749621868133545
v,92.43115234375, 154.30078125, 2.6497058868408203
v,90.282958984375, 152.4384765625, 2.649507522583008
v,90.282958984375, 152.4384765625, 2.7494235038757324
v,91.358154296875, 152.103515625, 2.749429225921631
v,91.358154296875, 152.103515625, 2.6495132446289062
v,90.846435546875, 152.2626953125, 2.6495108604431152
v,90.94140625, 154.671875, 2.649690628051758
v,90.94140625, 154.671875, 2.749605655670166
v,90.282958984375, 152.4384765625, 2.7494235038757324
v,90.282958984375, 152.4384765625, 2.649507522583008
v,91.965087890625, 153.9541015625, 2.6496667861938477
v,91.395263671875, 154.123046875, 2.649662494659424
v,91.395263671875, 154.123046875, 3.047105312347412
v,91.965087890625, 153.9541015625, 3.0471091270446777
v,91.8271484375, 153.486328125, 2.649627685546875
v,91.965087890625, 153.9541015625, 2.6496667861938477
v,91.965087890625, 153.9541015625, 3.0471091270446777
v,91.8271484375, 153.486328125, 3.047070026397705
v,91.25732421875, 153.6552734375, 3.0470662117004395
v,91.25732421875, 153.6552734375, 2.6496243476867676
v,91.8271484375, 153.486328125, 2.649627685546875
v,91.8271484375, 153.486328125, 3.047070026397705
v,91.25732421875, 153.6552734375, 3.0470662117004395
v,91.395263671875, 154.123046875, 3.047105312347412
v,91.395263671875, 154.123046875, 2.649662494659424
v,91.25732421875, 153.6552734375, 2.6496243476867676
v,91.628173828125, 153.3779296875, 2.6496143341064453
v,91.2119140625, 153.5009765625, 2.649611473083496
v,90.972412109375, 153.572265625, 2.6496100425720215
v,90.972412109375, 153.572265625, 2.989323139190674
v,91.628173828125, 153.3779296875, 2.9893269538879395
v,91.628173828125, 153.3779296875, 2.9893269538879395
v,91.288330078125, 152.2255859375, 2.989234447479248
v,91.288330078125, 152.2255859375, 2.6495203971862793
v,91.628173828125, 153.3779296875, 2.6496143341064453
v,91.288330078125, 152.2255859375, 2.989234447479248
v,90.63232421875, 152.4189453125, 2.9892287254333496
v,90.63232421875, 152.4189453125, 2.6495161056518555
v,90.871826171875, 152.3486328125, 2.64951753616333
v,91.288330078125, 152.2255859375, 2.6495203971862793
v,90.63232421875, 152.4189453125, 2.9892287254333496
v,90.972412109375, 153.572265625, 2.989323139190674
v,90.972412109375, 153.572265625, 2.6496100425720215
v,90.63232421875, 152.4189453125, 2.6495161056518555
v,92.492431640625, 155.1474609375, -1.8268959522247314
v,92.492431640625, 155.1474609375, 1.8793096542358398
v,92.658447265625, 155.115234375, 1.8793120384216309
v,92.658447265625, 155.115234375, -1.8268933296203613
v,92.658447265625, 155.115234375, 1.8793120384216309
v,92.64208984375, 154.265625, 1.8792486190795898
v,92.64208984375, 154.2666015625, -1.8269569873809814
v,92.658447265625, 155.115234375, -1.8268933296203613
v,92.64208984375, 154.2666015625, -1.8269569873809814
v,92.64208984375, 154.265625, 1.8792486190795898
v,91.167724609375, 151.3681640625, 1.8789939880371094
v,91.167724609375, 151.3681640625, -1.8272113800048828
v,91.167724609375, 151.3681640625, 1.8789939880371094
v,89.433349609375, 151.98046875, 1.8789896965026855
v,89.433349609375, 151.9814453125, -1.8272156715393066
v,89.7109375, 151.8828125, -1.8272151947021484
v,89.7109375, 151.8828125, 1.2206568717956543
v,89.77392578125, 151.8603515625, 1.2206568717956543
v,89.77392578125, 151.861328125, 0.9986224174499512
v,90.839599609375, 151.484375, 0.9986248016357422
v,90.839599609375, 151.484375, 1.2206597328186035
v,90.90576171875, 151.4609375, 1.2206602096557617
v,90.90576171875, 151.4609375, -1.8272123336791992
v,91.167724609375, 151.3681640625, -1.8272113800048828
v,89.68994140625, 152.884765625, -1.3615360260009766
v,89.456298828125, 152.0625, -1.3616020679473877
v,89.456298828125, 152.0625, -1.827209234237671
v,89.433349609375, 151.9814453125, -1.8272156715393066
v,89.433349609375, 151.98046875, 1.8789896965026855
v,90.314208984375, 155.08203125, 1.879241943359375
v,90.314208984375, 155.08203125, -1.8269634246826172
v,90.252685546875, 154.865234375, -1.8269813060760498
v,90.252685546875, 154.865234375, -1.3613741397857666
v,90.035888671875, 154.1025390625, -1.3614368438720703
v,90.035888671875, 154.1025390625, -1.8270440101623535
v,89.9736328125, 153.8828125, -1.8270618915557861
v,89.9736328125, 153.8828125, -1.361454725265503
v,89.7470703125, 153.0859375, -1.3615198135375977
v,89.7470703125, 153.0859375, -1.8271267414093018
v,89.68994140625, 152.884765625, -1.8271429538726807
v,90.47216796875, 155.0263671875, -1.4046530723571777
v,90.47216796875, 155.0263671875, -1.5045685768127441
v,90.935546875, 154.8623046875, -1.5045676231384277
v,90.935546875, 154.8623046875, -1.8269622325897217
v,90.314208984375, 155.08203125, -1.8269634246826172
v,90.314208984375, 155.08203125, 1.879241943359375
v,90.935546875, 154.8623046875, 1.8792438507080078
v,90.935546875, 154.8623046875, -1.4046518802642822
v,90.9072265625, 154.765625, 2.737997531890869
v,90.900390625, 154.7666015625, 2.7496113777160645
v,90.906982421875, 154.7646484375, 2.749612331390381
v,92.584228515625, 154.904296875, 2.7496705055236816
v,92.493896484375, 154.2822265625, 2.7496228218078613
v,92.658447265625, 155.115234375, 1.8793120384216309
v,89.706298828125, 151.6318359375, 1.2206387519836426
v,90.455078125, 151.3203125, 1.220637321472168
v,90.455078125, 151.3203125, 0.9986023902893066
v,89.706298828125, 151.6318359375, 0.9986038208007812
v,89.77392578125, 151.861328125, 0.9986224174499512
v,89.77392578125, 151.8603515625, 1.2206568717956543
v,89.706298828125, 151.6318359375, 1.2206387519836426
v,89.706298828125, 151.6318359375, 0.9986038208007812
v,90.839599609375, 151.484375, 1.2206597328186035
v,90.839599609375, 151.484375, 0.9986248016357422
v,90.714599609375, 151.322265625, 0.9986100196838379
v,90.714599609375, 151.322265625, 1.2206449508666992
v,90.455078125, 151.3203125, 1.220637321472168
v,90.714599609375, 151.322265625, 1.2206449508666992
v,90.714599609375, 151.322265625, 0.9986100196838379
v,90.455078125, 151.3203125, 0.9986023902893066
v,89.7109375, 151.8828125, 1.2206568717956543
v,89.7109375, 151.8828125, -1.8272151947021484
v,89.62548828125, 151.5927734375, -1.8272385597229004
v,89.625244140625, 151.5927734375, 1.2206339836120605
v,90.442626953125, 151.255859375, 1.2206320762634277
v,89.625244140625, 151.5927734375, 1.2206339836120605
v,89.62548828125, 151.5927734375, -1.8272385597229004
v,90.442626953125, 151.255859375, -1.827239990234375
v,90.90576171875, 151.4609375, -1.8272123336791992
v,90.90576171875, 151.4609375, 1.2206602096557617
v,90.74755859375, 151.2568359375, 1.2206411361694336
v,90.74755859375, 151.2568359375, -1.8272316455841064
v,90.74755859375, 151.2568359375, 1.2206411361694336
v,90.442626953125, 151.255859375, 1.2206320762634277
v,90.442626953125, 151.255859375, -1.827239990234375
v,90.74755859375, 151.2568359375, -1.8272316455841064
v,90.6162109375, 155.3349609375, -1.5045413970947266
v,90.6162109375, 155.3935546875, -1.5045371055603027
v,90.6162109375, 155.3935546875, -1.8269317150115967
v,90.6162109375, 155.3349609375, -1.8269362449645996
v,90.6162109375, 155.3935546875, -1.5045371055603027
v,90.672119140625, 155.412109375, -1.5045342445373535
v,90.672119140625, 155.412109375, -1.8269288539886475
v,90.6162109375, 155.3935546875, -1.8269317150115967
v,90.672119140625, 155.412109375, -1.5045342445373535
v,90.706787109375, 155.3642578125, -1.5045368671417236
v,90.706787109375, 155.3642578125, -1.8269312381744385
v,90.672119140625, 155.412109375, -1.8269288539886475
v,90.706787109375, 155.3642578125, -1.5045368671417236
v,90.671875, 155.31640625, -1.5045413970947266
v,90.671875, 155.31640625, -1.8269360065460205
v,90.706787109375, 155.3642578125, -1.8269312381744385
v,90.252685546875, 154.865234375, -1.3613741397857666
v,90.252685546875, 154.865234375, -1.8269813060760498
v,90.762939453125, 154.7080078125, -1.8269786834716797
v,90.762939453125, 154.7080078125, -1.3613717555999756
v,90.762939453125, 154.7080078125, -1.3613717555999756
v,90.762939453125, 154.7080078125, -1.8269786834716797
v,90.52880859375, 153.9501953125, -1.8270413875579834
v,90.528564453125, 153.9501953125, -1.3614342212677002
v,90.035888671875, 154.1025390625, -1.8270440101623535
v,90.035888671875, 154.1025390625, -1.3614368438720703
v,90.528564453125, 153.9501953125, -1.3614342212677002
v,90.52880859375, 153.9501953125, -1.8270413875579834
v,89.9736328125, 153.8828125, -1.361454725265503
v,89.9736328125, 153.8828125, -1.8270618915557861
v,90.454833984375, 153.7333984375, -1.8270595073699951
v,90.454833984375, 153.7333984375, -1.361452579498291
v,90.454833984375, 153.7333984375, -1.361452579498291
v,90.454833984375, 153.7333984375, -1.8270595073699951
v,90.210693359375, 152.9423828125, -1.8271243572235107
v,90.210693359375, 152.9423828125, -1.3615174293518066
v,89.7470703125, 153.0859375, -1.8271267414093018
v,89.7470703125, 153.0859375, -1.3615198135375977
v,90.210693359375, 152.9423828125, -1.3615174293518066
v,90.210693359375, 152.9423828125, -1.8271243572235107
v,89.68994140625, 152.884765625, -1.3615360260009766
v,89.68994140625, 152.884765625, -1.8271429538726807
v,90.157470703125, 152.740234375, -1.8271408081054688
v,90.157470703125, 152.740234375, -1.3615334033966064
v,90.157470703125, 152.740234375, -1.8271408081054688
v,89.905517578125, 151.923828125, -1.827207088470459
v,89.905517578125, 151.923828125, -1.3615999221801758
v,90.157470703125, 152.740234375, -1.3615334033966064
v,89.905517578125, 151.923828125, -1.3615999221801758
v,89.905517578125, 151.923828125, -1.827207088470459
v,89.456298828125, 152.0625, -1.827209234237671
v,89.456298828125, 152.0625, -1.3616020679473877
i,1,3,0
i,20,21,24
i,34,35,36
i,38,43,44
i,48,50,51
i,52,54,55
i,56,58,59
i,60,62,63
i,64,66,67
i,68,69,73
i,77,79,76
i,80,82,83
i,86,87,88
i,89,92,94
i,96,97,101
i,117,110,113
i,121,128,129
i,136,138,139
i,141,143,140
i,144,145,146
i,147,148,149
i,150,152,153
i,154,155,159
i,161,163,164
i,165,166,167
i,168,169,170
i,171,172,173
i,174,175,176
i,177,178,179
i,181,182,183
i,186,190,191
i,196,198,195
i,201,202,203
i,208,212,213
i,218,221,226
i,229,231,232
i,239,234,236
i,240,242,243
i,245,247,244
i,249,251,248
i,252,254,255
i,256,258,259
i,261,263,260
i,264,266,267
i,268,270,272
i,273,275,276
i,278,280,277
i,281,283,284
i,286,288,285
i,291,292,293
i,294,296,297
i,298,300,301
i,303,305,302
i,306,308,309
i,310,312,313
i,315,317,318
i,320,322,319
i,324,325,326
i,328,330,331
i,333,335,332
i,336,338,339
i,341,343,340
i,344,349,352
i,368,369,360
i,372,373,376
i,380,381,382
i,383,384,385
i,387,389,386
i,390,392,393
i,395,397,394
i,398,400,401
i,403,405,402
i,406,408,409
i,411,413,410
i,414,416,417
i,418,420,421
i,422,424,425
i,427,429,426
i,431,433,430
i,434,436,437
i,439,441,438
i,442,444,445
i,446,448,449
i,450,452,453
i,455,457,454
i,458,460,461
i,462,464,465
i,467,469,466
i,1,2,3
i,31,4,16
i,4,5,16
i,5,6,7
i,7,8,12
i,8,9,12
i,9,10,11
i,9,11,12
i,5,7,12
i,30,31,29
i,29,31,24
i,27,28,29
i,16,5,13
i,13,14,16
i,14,15,16
i,5,12,13
i,27,29,24
i,17,31,16
i,25,26,27
i,22,23,21
i,23,24,21
i,24,25,27
i,31,17,20
i,17,18,19
i,24,31,20
i,17,19,20
i,36,32,34
i,32,33,34
i,38,39,43
i,39,40,42
i,43,39,42
i,40,41,42
i,44,45,37
i,44,37,38
i,51,46,47
i,48,49,50
i,51,47,48
i,52,53,54
i,56,57,58
i,60,61,62
i,64,65,66
i,69,70,71
i,69,71,72
i,74,75,73
i,75,68,73
i,69,72,73
i,77,78,79
i,80,81,82
i,88,84,85
i,85,86,88
i,89,90,92
i,90,91,92
i,92,93,94
i,104,95,96
i,97,98,100
i,98,99,100
i,103,104,101
i,104,96,101
i,101,102,103
i,97,100,101
i,120,105,119
i,105,106,118
i,119,105,118
i,106,107,108
i,106,108,109
i,117,118,110
i,110,118,109
i,115,116,114
i,116,117,114
i,106,109,118
i,110,111,113
i,111,112,113
i,114,117,113
i,122,123,124
i,124,125,126
i,131,132,133
i,131,133,134
i,124,126,127
i,122,124,127
i,130,131,134
i,130,134,129
i,134,135,129
i,122,127,128
i,121,122,128
i,135,121,129
i,136,137,138
i,141,142,143
i,150,151,152
i,155,156,158
i,156,157,158
i,159,160,154
i,155,158,159
i,161,162,163
i,184,180,183
i,180,181,183
i,187,188,190
i,188,189,190
i,193,194,192
i,194,185,192
i,186,187,190
i,191,192,186
i,192,185,186
i,196,197,198
i,203,199,200
i,200,201,203
i,204,205,206
i,206,207,204
i,207,208,213
i,204,207,216
i,208,209,211
i,209,210,211
i,215,216,207
i,213,214,215
i,208,211,212
i,213,215,207
i,218,219,220
i,221,222,225
i,222,223,225
i,223,224,225
i,226,227,217
i,227,228,217
i,221,225,226
i,218,220,221
i,226,217,218
i,229,230,231
i,239,233,234
i,234,235,236
i,236,237,239
i,237,238,239
i,240,241,242
i,245,246,247
i,249,250,251
i,252,253,254
i,256,257,258
i,261,262,263
i,264,265,266
i,268,269,270
i,270,271,272
i,273,274,275
i,278,279,280
i,281,282,283
i,286,287,288
i,293,289,290
i,290,291,293
i,294,295,296
i,298,299,300
i,303,304,305
i,306,307,308
i,310,311,312
i,318,314,315
i,315,316,317
i,320,321,322
i,327,323,326
i,323,324,326
i,328,329,330
i,333,334,335
i,336,337,338
i,341,342,343
i,345,346,348
i,346,347,348
i,354,355,353
i,355,344,353
i,344,345,349
i,345,348,349
i,349,350,351
i,352,353,344
i,349,351,352
i,357,358,359
i,361,362,364
i,362,363,364
i,357,359,360
i,370,371,356
i,356,357,360
i,360,361,368
i,361,364,365
i,365,366,368
i,366,367,368
i,361,365,368
i,370,356,369
i,356,360,369
i,373,374,375
i,376,377,372
i,377,378,372
i,378,379,372
i,373,375,376
i,387,388,389
i,390,391,392
i,395,396,397
i,398,399,400
i,403,404,405
i,406,407,408
i,411,412,413
i,414,415,416
i,418,419,420
i,422,423,424
i,427,428,429
i,431,432,433
i,434,435,436
i,439,440,441
i,442,443,444
i,446,447,448
i,450,451,452
i,455,456,457
i,458,459,460
i,462,463,464
i,467,468,469
n,-1.399215579032898, -4.280933380126953, 0.0
n,0.0001349855010630563, 0.00033072932274080813, -4.50379753112793
n,0.00012997370504308492, 0.0003452976525295526, -4.50379753112793
n,0.0001282096782233566, 0.000339253107085824, -4.50379753112793
n,0.00012610596604645252, 0.00033336193882860243, -4.50379753112793
n,0.00012645826791413128, 0.0003333249478600919, -4.50379753112793
n,0.0001269264321308583, 0.0003293927002232522, -4.50379753112793
n,0.0001255445386050269, 0.00032619034755043685, -4.50379753112793
n,-0.0001290954533033073, -0.0003365179873071611, 4.50379753112793
n,-0.00011584354797378182, -0.0003397971740923822, 4.50379753112793
n,-0.000125279271742329, -0.0003404960152693093, 4.50379753112793
n,-0.00012326857540756464, -0.00033788452856242657, 4.50379753112793
n,-0.00013760807632934302, -0.0003394282248336822, 4.50379753112793
n,-0.0001262795558432117, -0.0003402707225177437, 4.50379753112793
n,-0.00012120732571929693, -0.0003332011983729899, 4.50379753112793
n,-0.00012739711382891983, -0.00032907360582612455, 4.50379753112793
n,-0.00012100060848752037, -0.00033612592960707843, 4.50379753112793
n,-0.00013304679305292666, -0.00033548998180776834, 4.50379753112793
n,-0.00012677266204264015, -0.000329682748997584, 4.50379753112793
n,-3.4715704917907715, 0.9861437082290649, 2.6944220066070557
n,-3.5204381942749023, 1.0382194519042969, 2.610135555267334
n,1.4517698287963867, 4.227560043334961, 0.5516287088394165
n,0.833625853061676, 4.2855682373046875, 1.105968713760376
n,1.1644940376281738, 4.2858076095581055, 0.7483317255973816
n,4.438926696777344, -0.08498498797416687, 0.7568997740745544
n,3.989837884902954, -2.030191421508789, 0.4936683475971222
n,3.9971187114715576, -1.9476032257080078, 0.7169910669326782
n,-1.2056177854537964, -3.4100723266601562, 2.6836695671081543
n,-1.0498710870742798, -3.3649206161499023, 2.8034393787384033
n,-0.00012310402235016227, -0.00032060392550192773, 4.50379753112793
n,-0.0001289561332669109, -0.00033134559635072947, 4.50379753112793
n,1.2492170333862305, 4.327083110809326, 0.0
n,-4.328604221343994, 1.2439343929290771, 0.0
n,-4.319221496582031, 1.27613365650177, 0.0
n,4.319993019104004, -1.2735201120376587, 0.0002628287475090474
n,1.2806442975997925, 4.3178863525390625, 0.0
n,-1.2770462036132812, -4.318951606750488, -0.0002974486560560763
n,1.2761759757995605, 4.319209098815918, 0.0
n,4.320135116577148, -1.273036241531372, 0.0
n,-1.283598780632019, -4.317008972167969, 0.0
n,-4.319823741912842, 1.2740942239761353, 0.0
n,-0.8907004594802856, -4.414843559265137, 0.0
n,-4.319797992706299, 1.2740963697433472, 0.014788555912673473
n,0.8966056108474731, 4.4136481285095215, 0.0009346134029328823
n,4.319820880889893, -1.274104356765747, 0.0
n,4.1975603103637695, -1.6323845386505127, 0.0
n,-1.1811137199401855, -4.346166610717773, 0.0
n,-4.45919132232666, 0.6322994232177734, 0.0
n,-4.047303199768066, 1.9757355451583862, 0.0
n,1.340880274772644, 4.299561977386475, 0.0
n,4.319925308227539, -1.2737488746643066, 0.0
n,1.2814898490905762, 4.317635536193848, 0.0
n,4.319765567779541, -1.2742908000946045, 0.0
n,-1.2754464149475098, -4.319424152374268, 0.0
n,-4.32040548324585, 1.2721192836761475, 0.0
n,1.2794761657714844, 4.31823205947876, -0.0024499804712831974
n,4.319803237915039, -1.2741631269454956, 0.0
n,-1.2672197818756104, -4.321845054626465, 0.0
n,-4.31984281539917, 1.2740288972854614, 0.0
n,0.8554607629776001, 4.421806812286377, 0.0
n,4.502971649169922, -0.08624178916215897, 0.0
n,4.014288902282715, -2.041978359222412, -0.000477862311527133
n,-1.499948501586914, -4.246685981750488, -0.0022402009926736355
n,-4.332150936126709, 1.2315280437469482, 0.0004847944946959615
n,1.4940688610076904, 4.248758316040039, 0.0
n,1.1220402717590332, 4.348074913024902, 0.3456334173679352
n,4.451805114746094, -0.64484703540802, 0.22315070033073425
n,1.728980541229248, 4.158703804016113, 0.0
n,4.320528030395508, -1.2717026472091675, 0.0
n,-3.5612592697143555, 2.7571041584014893, 0.0
n,-0.0451485812664032, 4.503571033477783, 0.0
n,-4.318982124328613, 1.2769445180892944, 0.0
n,-1.7190423011779785, -4.1628217697143555, 0.0
n,3.5589523315429688, -2.7600812911987305, 0.0
n,0.012803919613361359, -4.503779411315918, 9.108928793466475e-07
n,-4.50379753112793, 0.0, 0.0
n,-1.394312858581543, 4.282532215118408, 0.0
n,3.6502597332000732, 2.6381423473358154, 0.0
n,3.642383575439453, -2.6490061283111572, 0.0
n,-1.3311831951141357, -4.302574157714844, 0.0
n,-4.303142070770264, 1.3293460607528687, 0.0
n,1.3319462537765503, 4.302338123321533, 0.0006202807417139411
n,-1.3332152366638184, -4.301944732666016, 0.0
n,-4.303869247436523, 1.3269867897033691, 0.0024718844797462225
n,1.327895998954773, 4.303589820861816, 0.0
n,-1.3329135179519653, -4.302038192749023, 0.0
n,-4.303397178649902, 1.328519582748413, 0.0
n,1.3291724920272827, 4.303195953369141, 0.0
n,-1.3992153406143188, -4.280933380126953, 0.0
n,0.000131356151541695, 0.0003286551800556481, -4.50379753112793
n,0.00013091220171190798, 0.00032838547485880554, -4.50379753112793
n,0.00012410193448886275, 0.0003295420319773257, -4.50379753112793
n,0.00012550076644401997, 0.00032369833206757903, -4.50379753112793
n,0.00012292790052015334, 0.00032587783061899245, -4.50379753112793
n,0.00012086888455087319, 0.000320255639962852, -4.50379753112793
n,0.00012336410873103887, 0.00032379652839154005, -4.50379753112793
n,0.00012637412874028087, 0.00032440072391182184, -4.50379753112793
n,0.0001336831774096936, 0.00033438345417380333, -4.50379753112793
n,0.00013054344162810594, 0.0003338503884151578, -4.50379753112793
n,0.0001324326149187982, 0.00033775530755519867, -4.50379753112793
n,0.0001295852562179789, 0.0003277633513789624, -4.50379753112793
n,0.0001244130835402757, 0.0003291226748842746, -4.50379753112793
n,0.0001243487640749663, 0.0003296990762464702, -4.50379753112793
n,0.00012731678725685924, 0.00032643647864460945, -4.50379753112793
n,0.00013035292795393616, 0.0003348898026160896, -4.50379753112793
n,0.00013074299204163253, 0.00032978152739815414, -4.50379753112793
n,0.00013380759628489614, 0.0003480688901618123, -4.50379753112793
n,0.00012607296230271459, 0.00033498735865578055, -4.50379753112793
n,0.0001285383477807045, 0.000337946112267673, -4.50379753112793
n,0.00012936962593812495, 0.0003361266863066703, -4.50379753112793
n,0.00013052840949967504, 0.00033066284959204495, -4.50379753112793
n,0.00012709046131931245, 0.00033337491913698614, -4.50379753112793
n,0.00013019877951592207, 0.00033286327379755676, -4.50379753112793
n,0.00012605288065969944, 0.00033219510805793107, -4.50379753112793
n,0.00013184171984903514, 0.00033956998959183693, -4.50379753112793
n,0.0001299725117860362, 0.00033383865957148373, -4.50379753112793
n,0.00012984059867449105, 0.0003390990605112165, -4.50379753112793
n,0.00012999634782318026, 0.0003382065624464303, -4.50379753112793
n,0.000132135275634937, 0.00033540173899382353, -4.50379753112793
n,0.00013260790728963912, 0.0003433818637859076, -4.50379753112793
n,0.0001432398275937885, 0.00032339998870156705, -4.50379753112793
n,0.0001302624586969614, 0.0003388271725270897, -4.50379753112793
n,0.00014467077562585473, 0.00032778698368929327, -4.50379753112793
n,0.0001301058364333585, 0.0003356824745424092, -4.50379753112793
n,0.00011210700904484838, 0.00034299405524507165, -4.50379753112793
n,0.00012580234033521265, 0.00033411270123906434, -4.50379753112793
n,0.0001231670321431011, 0.00033350061858072877, -4.50379753112793
n,0.00012284424155950546, 0.00032898574136197567, -4.50379753112793
n,-0.00013074370508547872, -0.0003348420432303101, 4.50379753112793
n,-0.0001211365160997957, -0.00031191809102892876, 4.50379753112793
n,-0.0001239961275132373, -0.00033615322900004685, 4.50379753112793
n,-0.00012980258907191455, -0.00032590547925792634, 4.50379753112793
n,-0.00013254830264486372, -0.00034887963556684554, 4.50379753112793
n,-0.0001237081305589527, -0.00033668216201476753, 4.50379753112793
n,-0.00013225777365732938, -0.0003341627889312804, 4.50379753112793
n,-0.00015666973195038736, -0.0003312376793473959, 4.50379753112793
n,-0.0001283967576455325, -0.00033719142084009945, 4.50379753112793
n,-0.00012928959040436894, -0.00033540313597768545, 4.50379753112793
n,-0.0001309630461037159, -0.00033250037813559175, 4.50379753112793
n,-0.00012606482778210193, -0.00031941922497935593, 4.50379753112793
n,-0.00010461212514201179, -0.00033978346618823707, 4.50379753112793
n,-0.0001256011746590957, -0.0003336435474921018, 4.50379753112793
n,-0.00012671150034293532, -0.00032048430875875056, 4.50379753112793
n,-0.00012520731252152473, -0.000318420265102759, 4.50379753112793
n,-0.00013293506344780326, -0.0003273779875598848, 4.50379753112793
n,-0.00012520307791419327, -0.00033331397571600974, 4.50379753112793
n,-0.00013106103870086372, -0.0003338581300340593, 4.50379753112793
n,-0.00012720694940071553, -0.0003295546630397439, 4.50379753112793
n,-0.00012498996511567384, -0.00030095543479546905, 4.50379753112793
n,-0.0001336492132395506, -0.0003398323606234044, 4.50379753112793
n,-0.00013243062130641192, -0.00033857874223031104, 4.50379753112793
n,-0.00010132070747204125, -0.00034080600016750395, 4.50379753112793
n,-0.00013117730850353837, -0.00032919124350883067, 4.50379753112793
n,-0.00014575559180229902, -0.00032284954795613885, 4.50379753112793
n,-0.0001244474115082994, -0.0003386491443961859, 4.50379753112793
n,-0.00012197117030154914, -0.00031937635503709316, 4.50379753112793
n,-0.00012197308387840167, -0.0003193988814018667, 4.50379753112793
n,-0.00013137389032635838, -0.0003293460176791996, 4.50379753112793
n,-0.0001251599460374564, -0.00033318105852231383, 4.50379753112793
n,-0.00012664303358178586, -0.00033516858820803463, 4.50379753112793
n,-0.00013577056233771145, -0.0003273006295785308, 4.50379753112793
n,-0.00010215481597697362, -0.0003371108614373952, 4.50379753112793
n,-0.0006227596313692629, -0.00021407361782621592, 4.50379753112793
n,-0.0003968336677644402, -0.00026455576880834997, 4.50379753112793
n,-0.00012646247341763228, -0.00032403742079623044, 4.50379753112793
n,-0.0002927497262135148, -0.0002819089568220079, 4.50379753112793
n,-0.0001539344957564026, -0.00032327804365195334, 4.50379753112793
n,-0.00013391255924943835, -0.00034472637344151735, 4.50379753112793
n,-0.00014470255700871348, -0.00032820418709889054, 4.50379753112793
n,-0.0001601293042767793, -0.00032777892192825675, 4.50379753112793
n,-0.00013668061001226306, -0.00035606042365543544, 4.50379753112793
n,-0.00013080939243081957, -0.0003403711598366499, 4.50379753112793
n,-0.000156972004333511, -0.0003173741279169917, 4.50379753112793
n,-0.00013274613593239337, -0.0003362011048011482, 4.50379753112793
n,-0.00013085950922686607, -0.0003254397597629577, 4.50379753112793
n,1.4894609451293945, 4.218181133270264, 0.5221573114395142
n,0.8271294236183167, 4.286201477050781, 1.1083883047103882
n,0.8290916085243225, 4.285595417022705, 1.1092671155929565
n,0.8289833068847656, 4.280603408813477, 1.1284559965133667
n,0.8307130336761475, 4.285773277282715, 1.107362985610962
n,1.1654006242752075, 4.285480976104736, 0.7487899661064148
n,-0.00012913162936456501, -0.0003138399915769696, 4.50379753112793
n,-0.00012514957052189857, -0.0003231788577977568, 4.50379753112793
n,-0.00012619585322681814, -0.00032310490496456623, 4.50379753112793
n,-0.0001376389409415424, -0.0003072537074331194, 4.50379753112793
n,-0.00011614777031354606, -0.0003238735953345895, 4.50379753112793
n,-0.00013030362606514245, -0.00032360514160245657, 4.50379753112793
n,-0.0001304588804487139, -0.0003252224123571068, 4.50379753112793
n,-0.00012767429871018976, -0.00033159679151140153, 4.50379753112793
n,-0.0001270813518203795, -0.00033043415169231594, 4.50379753112793
n,1.2492170333862305, 4.327083110809326, 0.0
n,-4.327886581420898, 1.2464313507080078, 0.0
n,-4.3283257484436035, 1.2448925971984863, -0.0054224031046032906
n,-4.31587553024292, 1.2874057292938232, 0.0017134333029389381
n,-4.319803237915039, 1.274163007736206, 7.570577054138994e-06
n,-4.319417476654053, 1.2754707336425781, -0.00017913879128172994
n,-4.322057723999023, 1.2664188146591187, 0.0138822291046381
n,-4.319505214691162, 1.2751731872558594, -0.0004944925312884152
n,-4.319633960723877, 1.2747374773025513, 0.0
n,-4.319755554199219, 1.2743240594863892, -2.22301714529749e-05
n,-4.3195390701293945, 1.2750575542449951, 0.0
n,-4.319479942321777, 1.2752585411071777, -0.00030975465779192746
n,-4.319699287414551, 1.274516224861145, -0.00015649675333406776
n,4.315018177032471, -1.2902750968933105, -0.0002732225984800607
n,4.319763660430908, -1.2742975950241089, -0.0007500438950955868
n,4.320017337799072, -1.2734379768371582, 0.0
n,4.319521903991699, -1.2750835418701172, 0.009374026209115982
n,4.319248676300049, -1.276039958000183, -0.0020477334037423134
n,4.319139003753662, -1.2764121294021606, 0.0
n,4.317277431488037, -1.2826701402664185, 0.008036009967327118
n,4.321779251098633, -1.2674448490142822, 0.0
n,4.3197021484375, -1.2745064496994019, -0.0007723736925981939
n,1.280254602432251, 4.318001747131348, 5.309587868396193e-05
n,-1.2769980430603027, -4.318966388702393, 0.0
n,-1.283448338508606, -4.317053318023682, 0.0
n,-1.2746102809906006, -4.319670677185059, -0.002729077823460102
n,-1.3061336278915405, -4.310240745544434, -0.005736582912504673
n,1.2761759757995605, 4.319209098815918, 0.0
n,4.320135116577148, -1.273036241531372, 0.0
n,-1.283598780632019, -4.317008972167969, 0.0
n,-4.319823741912842, 1.2740942239761353, 0.0
n,-0.8907004594802856, -4.414843559265137, 0.0
n,-4.319064617156982, 1.2766648530960083, 0.0
n,0.8914783596992493, 4.414686679840088, 0.0
n,4.319679260253906, -1.2745835781097412, 0.00041264708852395415
n,4.319820880889893, -1.2741044759750366, 0.0
n,4.203160762786865, -1.6178840398788452, 0.009121505543589592
n,-1.1811137199401855, -4.346166610717773, 0.0
n,-4.45919132232666, 0.6322994232177734, 0.0
n,-4.047303199768066, 1.9757356643676758, 0.0
n,1.3370559215545654, 4.300753116607666, 0.0
n,1.3388720750808716, 4.300172805786133, 0.011260855942964554
n,4.319925785064697, -1.2737488746643066, 0.0
n,1.2814898490905762, 4.317635536193848, 0.0
n,4.319765567779541, -1.2742908000946045, 0.0
n,-1.2754465341567993, -4.319424629211426, 0.0
n,-4.32040548324585, 1.272119402885437, 0.0
n,1.2776381969451904, 4.318776607513428, 0.0
n,1.2826714515686035, 4.31728458404541, 0.0
n,4.319802761077881, -1.274163007736206, 0.0
n,-1.2776381969451904, -4.318777084350586, 0.0
n,-1.2738341093063354, -4.319897651672363, -0.005067941267043352
n,-4.31984281539917, 1.2740288972854614, 0.0
n,0.8554607629776001, 4.421806812286377, 0.0
n,4.502973556518555, -0.08615383505821228, -2.016165672102943e-05
n,4.014041900634766, -2.042463779449463, 0.0
n,-1.500701904296875, -4.246420383453369, -0.0009937443537637591
n,-1.5103839635849, -4.24298620223999, 0.0
n,-1.5041003227233887, -4.245217800140381, 0.0
n,-1.5041003227233887, -4.245217800140381, 0.0
n,-1.50123131275177, -4.2462334632873535, 0.00081406015669927
n,-1.5203421115875244, -4.239415645599365, -0.010323064401745796
n,-1.5030101537704468, -4.245572090148926, -0.01658426597714424
n,-1.5033223628997803, -4.245493412017822, -0.00034843204775825143
n,-1.4999487400054932, -4.2466864585876465, 0.0
n,-4.331387042999268, 1.2342123985290527, 0.0
n,-4.331164836883545, 1.2349909543991089, 0.0
n,-4.331164836883545, 1.2349908351898193, 0.0
n,-4.331825256347656, 1.2326722145080566, 0.00028846910572610795
n,-4.333142280578613, 1.2280348539352417, 0.0
n,-4.332143783569336, 1.2315534353256226, 0.0002580672735348344
n,-4.332322120666504, 1.2309248447418213, 0.00010208602907368913
n,-4.332362174987793, 1.2307846546173096, 0.00030305807013064623
n,-4.3329243659973145, 1.2288037538528442, 0.0
n,-4.3329243659973145, 1.2288036346435547, 0.0
n,-4.3329243659973145, 1.2288035154342651, 0.0009499722509644926
n,-4.333142280578613, 1.2280348539352417, 0.0
n,-4.333142280578613, 1.2280350923538208, -0.0008023170521482825
n,1.5014474391937256, 4.246156692504883, 0.0
n,1.49406898021698, 4.248758792877197, 0.0
n,1.4995744228363037, 4.246818542480469, 0.0002974355884362012
n,1.501447319984436, 4.246156692504883, 0.0
n,1.4995741844177246, 4.246817588806152, -0.0030296638142317533
n,1.728980541229248, 4.158703804016113, 0.0
n,4.31921911239624, -1.2761324644088745, -0.004984892439097166
n,-3.5612592697143555, 2.7571041584014893, 0.0
n,-0.0451485812664032, 4.503571033477783, 0.0
n,-4.319859981536865, 1.2739708423614502, -0.0003073223342653364
n,-1.718652606010437, -4.162982940673828, -0.000122267912956886
n,3.557119369506836, -2.762443780899048, 0.0002530595811549574
n,0.012813027948141098, -4.503779411315918, 0.0
n,-4.50379753112793, 0.0, 0.0
n,-1.394312858581543, 4.282532215118408, 0.0
n,3.6502597332000732, 2.6381423473358154, 0.0
n,3.642383575439453, -2.6490061283111572, 0.0
n,-1.3311831951141357, -4.302574157714844, 0.0
n,-4.303488731384277, 1.3282221555709839, -0.0020041130483150482
n,1.332481026649475, 4.302172660827637, 0.0
n,-1.333215355873108, -4.301944732666016, 0.0
n,-4.303460121154785, 1.3283157348632812, 0.0
n,1.3352360725402832, 4.3013105392456055, 0.008012395352125168
n,-1.3329135179519653, -4.302037715911865, 0.0
n,-4.303397178649902, 1.328519582748413, 0.0
n,1.3291723728179932, 4.303195953369141, 0.0
u,0.8603789210319519, 0.35922351479530334, 0
u,0.84375, 0.3493449091911316, 0
u,0.8603789210319519, 0.3493449091911316, 0
u,0.0, 0.0, 0
u,0.0, 0.0, 0
u,0.0, 0.0, 0
u,0.0, 0.0, 0
u,0.0, 0.0, 0
u,0.0, 0.0, 0
u,0.6671417951583862, 0.114649698138237, 0
u,0.6886448264122009, 0.10096299648284912, 0
u,0.6902105808258057, 0.1084320992231369, 0
u,0.6929522156715393, 0.09683939814567566, 0
u,0.7100260257720947, 0.03805850073695183, 0
u,0.708795428276062, 0.11371120065450668, 0
u,0.8582689762115479, 0.16044990718364716, 0
u,0.8826475739479065, 0.038284800946712494, 0
u,0.8826475739479065, 0.16049900650978088, 0
u,0.8973634243011475, 0.3187229037284851, 0
u,0.9203000068664551, 0.19116739928722382, 0
u,0.9203000068664551, 0.31879571080207825, 0
u,0.4716967046260834, 0.05515500158071518, 0
u,0.5120583176612854, 0.12760299444198608, 0
u,0.4716796875, 0.13057319819927216, 0
u,0.6176552176475525, 0.11036349833011627, 0
u,0.666719913482666, 0.02156970091164112, 0
u,0.6665441989898682, 0.11146499961614609, 0
u,0.25699371099472046, 0.32484081387519836, 0
u,0.18952789902687073, 0.30756691098213196, 0
u,0.25181588530540466, 0.3051033020019531, 0
u,0.2539134919643402, 0.21651959419250488, 0
u,0.19557739794254303, 0.2907041013240814, 0
u,0.19769929349422455, 0.20212240517139435, 0
u,0.2539134919643402, 0.21651959419250488, 0
u,0.19252650439739227, 0.18238569796085358, 0
u,0.2599579989910126, 0.19965599477291107, 0
u,0.2516944110393524, 0.19753959774971008, 0
u,0.23521359264850616, 0.19331850111484528, 0
u,0.23667959868907928, 0.1455467939376831, 0
u,0.2641198933124542, 0.06635790318250656, 0
u,0.25755640864372253, 0.08309049904346466, 0
u,0.2404680997133255, 0.06030770018696785, 0
u,0.1897898018360138, 0.29663360118865967, 0
u,0.05903039872646332, 0.2631058990955353, 0
u,0.1325691044330597, 0.2192056030035019, 0
u,0.06302580237388611, 0.05659160017967224, 0
u,0.14526380598545074, 0.06690079718828201, 0
u,0.13555899262428284, 0.09393390268087387, 0
u,0.06302580237388611, 0.05659160017967224, 0
u,0.059484001249074936, 0.045327700674533844, 0
u,0.20053300261497498, 0.004684200044721365, 0
u,0.14266690611839294, 0.17576579749584198, 0
u,0.1726541966199875, 0.07392299920320511, 0
u,0.17005780339241028, 0.1827837973833084, 0
u,0.06505250185728073, 0.20193199813365936, 0
u,0.13555899262428284, 0.09393390268087387, 0
u,0.1325691044330597, 0.2192056030035019, 0
u,0.9049947261810303, 0.3821656107902527, 0
u,0.9049947261810303, 0.9749699234962463, 0
u,0.84375, 0.40841761231422424, 0
u,0.9049947261810303, 0.9749699234962463, 0
u,0.8445531129837036, 0.863312304019928, 0
u,0.84375, 0.40841761231422424, 0
u,0.8939527869224548, 0.16772140562534332, 0
u,0.857421875, 0.3245545029640198, 0
u,0.8935686945915222, 0.1656050980091095, 0
u,0.8063747882843018, 0.4609437882900238, 0
u,0.775390625, 0.34453511238098145, 0
u,0.8034849762916565, 0.392085999250412, 0
u,0.775390625, 0.5093104243278503, 0
u,0.8063747882843018, 0.4609437882900238, 0
u,0.8063747882843018, 0.5095540881156921, 0
u,0.5537108778953552, 0.5036150217056274, 0
u,0.597086489200592, 0.355705201625824, 0
u,0.5946686863899231, 0.5095540881156921, 0
u,0.7316927909851074, 0.3527370095252991, 0
u,0.7688452005386353, 0.5046399831771851, 0
u,0.5946686863899231, 0.5095540881156921, 0
u,0.7316927909851074, 0.3527370095252991, 0
u,0.5946686863899231, 0.5095540881156921, 0
u,0.597086489200592, 0.355705201625824, 0
u,0.7392578125, 0.05414009839296341, 0
u,0.839352011680603, 0.05414009839296341, 0
u,0.7710661888122559, 0.24634340405464172, 0
u,0.839352011680603, 0.05414009839296341, 0
u,0.8390325903892517, 0.25157400965690613, 0
u,0.7710661888122559, 0.24634340405464172, 0
u,0.018386900424957275, 0.3125903904438019, 0
u,0.0049622999504208565, 0.3091484010219574, 0
u,0.003626599907875061, 0.1601807028055191, 0
u,0.0, 0.1581438034772873, 0
u,0.009012299589812756, 0.1158204972743988, 0
u,0.003626599907875061, 0.1601807028055191, 0
u,0.265625, 0.052215300500392914, 0
u,0.2928575873374939, 0.07006370276212692, 0
u,0.265625, 0.07006370276212692, 0
u,0.2928575873374939, 0.07006370276212692, 0
u,0.2928575873374939, 0.052215300500392914, 0
u,0.32261011004447937, 0.052215300500392914, 0
u,0.5537108778953552, 0.8546221256256104, 0
u,0.5715144276618958, 0.8349291086196899, 0
u,0.5770320296287537, 0.8349291086196899, 0
u,0.4600965976715088, 0.14097550511360168, 0
u,0.5135917067527771, 0.13375790417194366, 0
u,0.4828057885169983, 0.21548350155353546, 0
u,0.5537108778953552, 0.8546221256256104, 0
u,0.8424292206764221, 0.977707028388977, 0
u,0.5537108778953552, 0.977707028388977, 0
u,0.8064420819282532, 0.6275246143341064, 0
u,0.8009244799613953, 0.52120041847229, 0
u,0.8424292206764221, 0.5151854157447815, 0
u,0.6636288166046143, 0.3471337854862213, 0
u,0.636618971824646, 0.33702459931373596, 0
u,0.6636288166046143, 0.33702459931373596, 0
u,0.6636288166046143, 0.3471337854862213, 0
u,0.7195522785186768, 0.33702459931373596, 0
u,0.7195522785186768, 0.3471337854862213, 0
u,0.5537108778953552, 0.3471337854862213, 0
u,0.5807194709777832, 0.33702459931373596, 0
u,0.5807194709777832, 0.3471337854862213, 0
u,0.636618971824646, 0.3471337854862213, 0
u,0.5807194709777832, 0.33702459931373596, 0
u,0.636618971824646, 0.33702459931373596, 0
u,0.7705078125, 0.3343949019908905, 0
u,0.7735940217971802, 0.44891729950904846, 0
u,0.7705078125, 0.44891729950904846, 0
u,0.7705078125, 0.44891729950904846, 0
u,0.7735940217971802, 0.5046870708465576, 0
u,0.7705078125, 0.5072464942932129, 0
u,0.7382628917694092, 0.11783439666032791, 0
u,0.513671875, 0.24871890246868134, 0
u,0.513671875, 0.11783439666032791, 0
u,0.7382628917694092, 0.24871890246868134, 0
u,0.7168958783149719, 0.30630940198898315, 0
u,0.513671875, 0.24871890246868134, 0
u,0.9483649134635925, 0.982489824295044, 0
u,0.9452081918716431, 1.0, 0
u,0.9452081918716431, 0.982489824295044, 0
u,0.9452081918716431, 0.982489824295044, 0
u,0.9009482860565186, 1.0, 0
u,0.9009482860565186, 0.982489824295044, 0
u,0.8708251714706421, 0.982489824295044, 0
u,0.9009482860565186, 1.0, 0
u,0.8708251714706421, 1.0, 0
u,0.7393661737442017, 0.982489824295044, 0
u,0.8708251714706421, 1.0, 0
u,0.7393661737442017, 1.0, 0
u,0.7393661737442017, 0.982489824295044, 0
u,0.7393661737442017, 1.0, 0
u,0.7105591893196106, 1.0, 0
u,0.5537108778953552, 1.0, 0
u,0.6788356900215149, 0.982489824295044, 0
u,0.6788356900215149, 1.0, 0
u,0.7392578125, 0.25497668981552124, 0
u,0.7712957262992859, 0.32484081387519836, 0
u,0.7392578125, 0.32484081387519836, 0
u,0.8559151887893677, 0.25497668981552124, 0
u,0.8296251893043518, 0.32484081387519836, 0
u,0.8296251893043518, 0.25497668981552124, 0
u,0.7975860834121704, 0.32484081387519836, 0
u,0.8296251893043518, 0.25497668981552124, 0
u,0.8296251893043518, 0.32484081387519836, 0
u,0.7975860834121704, 0.32484081387519836, 0
u,0.7712957262992859, 0.25497668981552124, 0
u,0.7975860834121704, 0.25497668981552124, 0
u,0.2890568971633911, 0.07397130131721497, 0
u,0.30253639817237854, 0.13375790417194366, 0
u,0.265625, 0.13375790417194366, 0
u,0.4043394923210144, 0.13375790417194366, 0
u,0.46922001242637634, 0.07397130131721497, 0
u,0.46922001242637634, 0.13375790417194366, 0
u,0.367416113615036, 0.13375790417194366, 0
u,0.367416113615036, 0.07397130131721497, 0
u,0.38090288639068604, 0.07397130131721497, 0
u,0.367416113615036, 0.13375790417194366, 0
u,0.30253639817237854, 0.07397130131721497, 0
u,0.367416113615036, 0.07397130131721497, 0
u,0.0, 0.331210196018219, 0
u,0.009330599568784237, 0.9986209869384766, 0
u,0.0, 0.9986209869384766, 0
u,0.009330599568784237, 0.331210196018219, 0
u,0.056240200996398926, 0.9986209869384766, 0
u,0.009330599568784237, 0.9986209869384766, 0
u,0.056240200996398926, 0.331210196018219, 0
u,0.23582260310649872, 0.9986209869384766, 0
u,0.056240200996398926, 0.9986209869384766, 0
u,0.23582260310649872, 0.331210196018219, 0
u,0.3174682855606079, 0.4497623145580292, 0
u,0.25504130125045776, 0.4497623145580292, 0
u,0.4465923011302948, 0.9147747755050659, 0
u,0.40083110332489014, 0.9147747755050659, 0
u,0.3374268114566803, 0.331210196018219, 0
u,0.5246791839599609, 0.9225717186927795, 0
u,0.5246791839599609, 0.9405645132064819, 0
u,0.5154281854629517, 0.9986209869384766, 0
u,0.8939527869224548, 0.16772140562534332, 0
u,0.8935686945915222, 0.1656050980091095, 0
u,0.8939539790153503, 0.16561000049114227, 0
u,0.56513911485672, 0.3527370095252991, 0
u,0.597086489200592, 0.355705201625824, 0
u,0.5537108778953552, 0.5036150217056274, 0
u,0.9150069952011108, 0.3280254900455475, 0
u,0.8742998242378235, 0.36435920000076294, 0
u,0.8742998242378235, 0.3280254900455475, 0
u,0.8623046875, 0.36435920000076294, 0
u,0.8742998242378235, 0.3280254900455475, 0
u,0.8742998242378235, 0.36435920000076294, 0
u,0.9382538795471191, 0.36435920000076294, 0
u,0.9280388951301575, 0.3280254900455475, 0
u,0.9382538795471191, 0.3280254900455475, 0
u,0.9150069952011108, 0.3280254900455475, 0
u,0.9280388951301575, 0.36435920000076294, 0
u,0.9150069952011108, 0.36435920000076294, 0
u,0.90625, 0.4522292912006378, 0
u,0.922184407711029, 0.9756457209587097, 0
u,0.90625, 0.9756457209587097, 0
u,0.9687352776527405, 0.9756457209587097, 0
u,0.922184407711029, 0.4522292912006378, 0
u,0.9687352776527405, 0.4522292912006378, 0
u,0.9983925819396973, 0.9756457209587097, 0
u,0.9847975969314575, 0.4522292912006378, 0
u,0.9983925819396973, 0.4522292912006378, 0
u,0.9847975969314575, 0.9756457209587097, 0
u,0.9687352776527405, 0.4522292912006378, 0
u,0.9847975969314575, 0.4522292912006378, 0
u,0.8603789210319519, 0.35922351479530334, 0
u,0.84375, 0.36910220980644226, 0
u,0.84375, 0.35922351479530334, 0
u,0.8603789210319519, 0.36910220980644226, 0
u,0.84375, 0.3789809048175812, 0
u,0.84375, 0.36910220980644226, 0
u,0.8603789210319519, 0.33946630358695984, 0
u,0.84375, 0.3295876085758209, 0
u,0.8603789210319519, 0.3295876085758209, 0
u,0.8603789210319519, 0.3493449091911316, 0
u,0.84375, 0.33946630358695984, 0
u,0.8603789210319519, 0.33946630358695984, 0
u,0.61360102891922, 0.03184710070490837, 0
u,0.5846530795097351, 0.11416330188512802, 0
u,0.5846530795097351, 0.03184710070490837, 0
u,0.5846530795097351, 0.11416330188512802, 0
u,0.5416476130485535, 0.03184710070490837, 0
u,0.5846530795097351, 0.03184710070490837, 0
u,0.513671875, 0.11416330188512802, 0
u,0.5416476130485535, 0.03184710070490837, 0
u,0.5416476130485535, 0.11416330188512802, 0
u,0.41593098640441895, 0.006369399838149548, 0
u,0.395645409822464, 0.06746900081634521, 0
u,0.395645409822464, 0.006369399838149548, 0
u,0.395645409822464, 0.006369399838149548, 0
u,0.3623102903366089, 0.06746900081634521, 0
u,0.3623102903366089, 0.006369399838149548, 0
u,0.3427734076976776, 0.006369399838149548, 0
u,0.3623102903366089, 0.06746900081634521, 0
u,0.3427734076976776, 0.06746900081634521, 0
u,0.9978798031806946, 0.3694266974925995, 0
u,0.973158597946167, 0.44610580801963806, 0
u,0.973158597946167, 0.3694266974925995, 0
u,0.973158597946167, 0.44610580801963806, 0
u,0.9299976229667664, 0.3694266974925995, 0
u,0.973158597946167, 0.3694266974925995, 0
u,0.9299976229667664, 0.44610580801963806, 0
u,0.90625, 0.3694266974925995, 0
u,0.9299976229667664, 0.3694266974925995, 0
u,0.8603789210319519, 0.35922351479530334, 0
u,0.84375, 0.35922351479530334, 0
u,0.84375, 0.3493449091911316, 0
u,0.0, 0.0, 0
u,0.0, 0.0, 0
u,0.0, 0.0, 0
u,0.0, 0.0, 0
u,0.0, 0.0, 0
u,0.0, 0.0, 0
u,0.0, 0.0, 0
u,0.0, 0.0, 0
u,0.0, 0.0, 0
u,0.0, 0.0, 0
u,0.0, 0.0, 0
u,0.0, 0.0, 0
u,0.0, 0.0, 0
u,0.0, 0.0, 0
u,0.0, 0.0, 0
u,0.0, 0.0, 0
u,0.0, 0.0, 0
u,0.0, 0.0, 0
u,0.0, 0.0, 0
u,0.0, 0.0, 0
u,0.0, 0.0, 0
u,0.0, 0.0, 0
u,0.0, 0.0, 0
u,0.0, 0.0, 0
u,0.0, 0.0, 0
u,0.0, 0.0, 0
u,0.0, 0.0, 0
u,0.0, 0.0, 0
u,0.0, 0.0, 0
u,0.0, 0.0, 0
u,0.0, 0.0, 0
u,0.0, 0.0, 0
u,0.0, 0.0, 0
u,0.0, 0.0, 0
u,0.0, 0.0, 0
u,0.0, 0.0, 0
u,0.0, 0.0, 0
u,0.0, 0.0, 0
u,0.0, 0.0, 0
u,0.0, 0.0, 0
u,0.0, 0.0, 0
u,0.0, 0.0, 0
u,0.0, 0.0, 0
u,0.0, 0.0, 0
u,0.0, 0.0, 0
u,0.0, 0.0, 0
u,0.0, 0.0, 0
u,0.0, 0.0, 0
u,0.0, 0.0, 0
u,0.0, 0.0, 0
u,0.0, 0.0, 0
u,0.0, 0.0, 0
u,0.0, 0.0, 0
u,0.0, 0.0, 0
u,0.0, 0.0, 0
u,0.0, 0.0, 0
u,0.0, 0.0, 0
u,0.0, 0.0, 0
u,0.0, 0.0, 0
u,0.0, 0.0, 0
u,0.0, 0.0, 0
u,0.0, 0.0, 0
u,0.0, 0.0, 0
u,0.0, 0.0, 0
u,0.0, 0.0, 0
u,0.0, 0.0, 0
u,0.0, 0.0, 0
u,0.0, 0.0, 0
u,0.0, 0.0, 0
u,0.0, 0.0, 0
u,0.0, 0.0, 0
u,0.0, 0.0, 0
u,0.0, 0.0, 0
u,0.0, 0.0, 0
u,0.0, 0.0, 0
u,0.0, 0.0, 0
u,0.0, 0.0, 0
u,0.0, 0.0, 0
u,0.0, 0.0, 0
u,0.0, 0.0, 0
u,0.0, 0.0, 0
u,0.6671417951583862, 0.114649698138237, 0
u,0.6669921875, 0.03805850073695183, 0
u,0.6886448264122009, 0.10096299648284912, 0
u,0.6669921875, 0.03805850073695183, 0
u,0.6934682726860046, 0.03805850073695183, 0
u,0.6903390884399414, 0.09379830211400986, 0
u,0.6886448264122009, 0.10096299648284912, 0
u,0.6669921875, 0.03805850073695183, 0
u,0.6903390884399414, 0.09379830211400986, 0
u,0.6934682726860046, 0.03805850073695183, 0
u,0.6929522156715393, 0.09683939814567566, 0
u,0.6903390884399414, 0.09379830211400986, 0
u,0.6902105808258057, 0.1084320992231369, 0
u,0.6928728222846985, 0.10588350147008896, 0
u,0.6928008794784546, 0.11407160013914108, 0
u,0.6902105808258057, 0.1084320992231369, 0
u,0.6928008794784546, 0.11407160013914108, 0
u,0.6671417951583862, 0.114649698138237, 0
u,0.708795428276062, 0.11371120065450668, 0
u,0.6928008794784546, 0.11407160013914108, 0
u,0.6928728222846985, 0.10588350147008896, 0
u,0.6929522156715393, 0.09683939814567566, 0
u,0.6934682726860046, 0.03805850073695183, 0
u,0.7100260257720947, 0.03805850073695183, 0
u,0.708795428276062, 0.11371120065450668, 0
u,0.6928728222846985, 0.10588350147008896, 0
u,0.6929522156715393, 0.09683939814567566, 0
u,0.8582689762115479, 0.16044990718364716, 0
u,0.857421875, 0.03821650147438049, 0
u,0.8826475739479065, 0.038284800946712494, 0
u,0.8973634243011475, 0.3187229037284851, 0
u,0.896484375, 0.19108280539512634, 0
u,0.9203000068664551, 0.19116739928722382, 0
u,0.4716967046260834, 0.05515500158071518, 0
u,0.5120730996131897, 0.05515500158071518, 0
u,0.5120583176612854, 0.12760299444198608, 0
u,0.6176552176475525, 0.11036349833011627, 0
u,0.6162108778953552, 0.02156970091164112, 0
u,0.666719913482666, 0.02156970091164112, 0
u,0.18952789902687073, 0.30756691098213196, 0
u,0.19252650439739227, 0.18238569796085358, 0
u,0.19769929349422455, 0.20212240517139435, 0
u,0.18952789902687073, 0.30756691098213196, 0
u,0.19769929349422455, 0.20212240517139435, 0
u,0.19557739794254303, 0.2907041013240814, 0
u,0.2539134919643402, 0.21651959419250488, 0
u,0.2599579989910126, 0.19965599477291107, 0
u,0.25181588530540466, 0.3051033020019531, 0
u,0.2599579989910126, 0.19965599477291107, 0
u,0.25699371099472046, 0.32484081387519836, 0
u,0.25181588530540466, 0.3051033020019531, 0
u,0.18952789902687073, 0.30756691098213196, 0
u,0.19557739794254303, 0.2907041013240814, 0
u,0.25181588530540466, 0.3051033020019531, 0
u,0.2539134919643402, 0.21651959419250488, 0
u,0.25181588530540466, 0.3051033020019531, 0
u,0.19557739794254303, 0.2907041013240814, 0
u,0.2539134919643402, 0.21651959419250488, 0
u,0.19769929349422455, 0.20212240517139435, 0
u,0.19252650439739227, 0.18238569796085358, 0
u,0.23667959868907928, 0.1455467939376831, 0
u,0.24028240144252777, 0.07867179811000824, 0
u,0.25755640864372253, 0.08309049904346466, 0
u,0.25755640864372253, 0.08309049904346466, 0
u,0.2516944110393524, 0.19753959774971008, 0
u,0.23667959868907928, 0.1455467939376831, 0
u,0.2641198933124542, 0.06635790318250656, 0
u,0.25732699036598206, 0.1989821046590805, 0
u,0.25755640864372253, 0.08309049904346466, 0
u,0.25732699036598206, 0.1989821046590805, 0
u,0.2516944110393524, 0.19753959774971008, 0
u,0.25755640864372253, 0.08309049904346466, 0
u,0.25755640864372253, 0.08309049904346466, 0
u,0.23948970437049866, 0.07846900075674057, 0
u,0.2404680997133255, 0.06030770018696785, 0
u,0.17005780339241028, 0.1827837973833084, 0
u,0.19237999618053436, 0.18850289285182953, 0
u,0.1897898018360138, 0.29663360118865967, 0
u,0.05903039872646332, 0.2631058990955353, 0
u,0.061124399304389954, 0.15487350523471832, 0
u,0.06505250185728073, 0.20193199813365936, 0
u,0.061124399304389954, 0.15487350523471832, 0
u,0.06614469736814499, 0.15615980327129364, 0
u,0.06505250185728073, 0.20193199813365936, 0
u,0.14266690611839294, 0.17576579749584198, 0
u,0.17005780339241028, 0.1827837973833084, 0
u,0.1325691044330597, 0.2192056030035019, 0
u,0.17005780339241028, 0.1827837973833084, 0
u,0.1897898018360138, 0.29663360118865967, 0
u,0.1325691044330597, 0.2192056030035019, 0
u,0.1325691044330597, 0.2192056030035019, 0
u,0.13366100192070007, 0.17345839738845825, 0
u,0.14266690611839294, 0.17576579749584198, 0
u,0.05903039872646332, 0.2631058990955353, 0
u,0.06505250185728073, 0.20193199813365936, 0
u,0.1325691044330597, 0.2192056030035019, 0
u,0.22645190358161926, 0.1902035027742386, 0
u,0.22314290702342987, 0.19022710621356964, 0
u,0.23107179999351501, 0.03965190052986145, 0
u,0.22314290702342987, 0.19022710621356964, 0
u,0.19252650439739227, 0.18238569796085358, 0
u,0.20028600096702576, 0.01674780063331127, 0
u,0.23107179999351501, 0.03965190052986145, 0
u,0.22314290702342987, 0.19022710621356964, 0
u,0.20028600096702576, 0.01674780063331127, 0
u,0.19252650439739227, 0.18238569796085358, 0
u,0.19237999618053436, 0.18850289285182953, 0
u,0.17005780339241028, 0.1827837973833084, 0
u,0.19252650439739227, 0.18238569796085358, 0
u,0.17005780339241028, 0.1827837973833084, 0
u,0.1726541966199875, 0.07392299920320511, 0
u,0.06302580237388611, 0.05659160017967224, 0
u,0.20028600096702576, 0.01674780063331127, 0
u,0.14526380598545074, 0.06690079718828201, 0
u,0.14526380598545074, 0.06690079718828201, 0
u,0.20028600096702576, 0.01674780063331127, 0
u,0.1726541966199875, 0.07392299920320511, 0
u,0.06614469736814499, 0.15615980327129364, 0
u,0.061124399304389954, 0.15487350523471832, 0
u,0.06804259866476059, 0.07661929726600647, 0
u,0.061124399304389954, 0.15487350523471832, 0
u,0.06302580237388611, 0.05659160017967224, 0
u,0.06804259866476059, 0.07661929726600647, 0
u,0.19252650439739227, 0.18238569796085358, 0
u,0.1726541966199875, 0.07392299920320511, 0
u,0.20028600096702576, 0.01674780063331127, 0
u,0.14526380598545074, 0.06690079718828201, 0
u,0.14266690611839294, 0.17576579749584198, 0
u,0.13555899262428284, 0.09393390268087387, 0
u,0.14266690611839294, 0.17576579749584198, 0
u,0.13366100192070007, 0.17345839738845825, 0
u,0.13555899262428284, 0.09393390268087387, 0
u,0.06804259866476059, 0.07661929726600647, 0
u,0.06302580237388611, 0.05659160017967224, 0
u,0.13555899262428284, 0.09393390268087387, 0
u,0.05903039872646332, 0.2631058990955353, 0
u,0.1897898018360138, 0.29663360118865967, 0
u,0.18952789902687073, 0.30756691098213196, 0
u,0.18952789902687073, 0.30756691098213196, 0
u,0.1940086930990219, 0.30871421098709106, 0
u,0.19396479427814484, 0.3099786937236786, 0
u,0.23016700148582458, 0.19202609360218048, 0
u,0.22314290702342987, 0.19022710621356964, 0
u,0.22645190358161926, 0.1902035027742386, 0
u,0.23016700148582458, 0.19202609360218048, 0
u,0.22645190358161926, 0.1902035027742386, 0
u,0.23107179999351501, 0.03965190052986145, 0
u,0.18952789902687073, 0.30756691098213196, 0
u,0.19396479427814484, 0.3099786937236786, 0
u,0.055052898824214935, 0.2743605971336365, 0
u,0.05903039872646332, 0.2631058990955353, 0
u,0.18952789902687073, 0.30756691098213196, 0
u,0.055052898824214935, 0.2743605971336365, 0
u,0.23513610661029816, 0.030093099921941757, 0
u,0.23016700148582458, 0.19202609360218048, 0
u,0.23107179999351501, 0.03965190052986145, 0
u,0.23513610661029816, 0.030093099921941757, 0
u,0.23107179999351501, 0.03965190052986145, 0
u,0.20053300261497498, 0.004684200044721365, 0
u,0.23107179999351501, 0.03965190052986145, 0
u,0.20028600096702576, 0.01674780063331127, 0
u,0.20053300261497498, 0.004684200044721365, 0
u,0.05903039872646332, 0.2631058990955353, 0
u,0.055052898824214935, 0.2743605971336365, 0
u,0.059484001249074936, 0.045327700674533844, 0
u,0.06302580237388611, 0.05659160017967224, 0
u,0.05903039872646332, 0.2631058990955353, 0
u,0.059484001249074936, 0.045327700674533844, 0
u,0.20028600096702576, 0.01674780063331127, 0
u,0.06302580237388611, 0.05659160017967224, 0
u,0.20053300261497498, 0.004684200044721365, 0
u,0.14266690611839294, 0.17576579749584198, 0
u,0.14526380598545074, 0.06690079718828201, 0
u,0.1726541966199875, 0.07392299920320511, 0
u,0.06505250185728073, 0.20193199813365936, 0
u,0.06804259866476059, 0.07661929726600647, 0
u,0.13555899262428284, 0.09393390268087387, 0
u,0.8939527869224548, 0.16772140562534332, 0
u,0.8939539790153503, 0.3243519961833954, 0
u,0.857421875, 0.3245545029640198, 0
u,0.775390625, 0.34453511238098145, 0
u,0.8267576098442078, 0.3414677083492279, 0
u,0.8035895824432373, 0.373370885848999, 0
u,0.8267576098442078, 0.3414677083492279, 0
u,0.8265814185142517, 0.3729732930660248, 0
u,0.8035895824432373, 0.373370885848999, 0
u,0.8034849762916565, 0.392085999250412, 0
u,0.8067601919174194, 0.39202940464019775, 0
u,0.8063747882843018, 0.4609437882900238, 0
u,0.775390625, 0.34453511238098145, 0
u,0.8035895824432373, 0.373370885848999, 0
u,0.8034849762916565, 0.392085999250412, 0
u,0.775390625, 0.5093104243278503, 0
u,0.775390625, 0.34453511238098145, 0
u,0.8063747882843018, 0.4609437882900238, 0
u,0.009012299589812756, 0.1158204972743988, 0
u,0.019986800849437714, 0.10497090220451355, 0
u,0.003626599907875061, 0.1601807028055191, 0
u,0.019986800849437714, 0.10497090220451355, 0
u,0.018386900424957275, 0.3125903904438019, 0
u,0.003626599907875061, 0.1601807028055191, 0
u,0.006168600171804428, 0.10584519803524017, 0
u,0.020086100324988365, 0.09208600223064423, 0
u,0.009012299589812756, 0.1158204972743988, 0
u,0.020086100324988365, 0.09208600223064423, 0
u,0.019986800849437714, 0.10497090220451355, 0
u,0.009012299589812756, 0.1158204972743988, 0
u,0.018386900424957275, 0.3125903904438019, 0
u,0.0182924997061491, 0.32484081387519836, 0
u,0.0049622999504208565, 0.3091484010219574, 0
u,0.0182924997061491, 0.32484081387519836, 0
u,0.0012993999989703298, 0.32048389315605164, 0
u,0.0049622999504208565, 0.3091484010219574, 0
u,0.0, 0.1581438034772873, 0
u,0.006168600171804428, 0.10584519803524017, 0
u,0.009012299589812756, 0.1158204972743988, 0
u,0.003626599907875061, 0.1601807028055191, 0
u,0.0049622999504208565, 0.3091484010219574, 0
u,0.0, 0.1581438034772873, 0
u,0.0049622999504208565, 0.3091484010219574, 0
u,0.0012993999989703298, 0.32048389315605164, 0
u,0.0, 0.1581438034772873, 0
u,0.265625, 0.052215300500392914, 0
u,0.2928575873374939, 0.052215300500392914, 0
u,0.2928575873374939, 0.07006370276212692, 0
u,0.32261011004447937, 0.052215300500392914, 0
u,0.3411562144756317, 0.052215300500392914, 0
u,0.3411562144756317, 0.07006370276212692, 0
u,0.3411562144756317, 0.07006370276212692, 0
u,0.2928575873374939, 0.07006370276212692, 0
u,0.32261011004447937, 0.052215300500392914, 0
u,0.8064420819282532, 0.6526440978050232, 0
u,0.8064420819282532, 0.6382752060890198, 0
u,0.8424292206764221, 0.6382752060890198, 0
u,0.8424292206764221, 0.6382752060890198, 0
u,0.8424292206764221, 0.8546221256256104, 0
u,0.8064420819282532, 0.6526440978050232, 0
u,0.8424292206764221, 0.8546221256256104, 0
u,0.5537108778953552, 0.8546221256256104, 0
u,0.5770320296287537, 0.8349291086196899, 0
u,0.8064420819282532, 0.6526440978050232, 0
u,0.8424292206764221, 0.8546221256256104, 0
u,0.8058006763458252, 0.6527798771858215, 0
u,0.5537108778953552, 0.8546221256256104, 0
u,0.5537108778953552, 0.6708797216415405, 0
u,0.5715144276618958, 0.7339993715286255, 0
u,0.5537108778953552, 0.6708797216415405, 0
u,0.5715144276618958, 0.6708797216415405, 0
u,0.5715144276618958, 0.7339993715286255, 0
u,0.7583776116371155, 0.6708797216415405, 0
u,0.8058006763458252, 0.6527798771858215, 0
u,0.8424292206764221, 0.8546221256256104, 0
u,0.5770320296287537, 0.8349291086196899, 0
u,0.5770320296287537, 0.6708797216415405, 0
u,0.7583776116371155, 0.6708797216415405, 0
u,0.5537108778953552, 0.8546221256256104, 0
u,0.5715144276618958, 0.7339993715286255, 0
u,0.5715144276618958, 0.8349291086196899, 0
u,0.5770320296287537, 0.8349291086196899, 0
u,0.7583776116371155, 0.6708797216415405, 0
u,0.8424292206764221, 0.8546221256256104, 0
u,0.4600965976715088, 0.14097550511360168, 0
u,0.2666015923023224, 0.14097550511360168, 0
u,0.2666015923023224, 0.13375790417194366, 0
u,0.5135917067527771, 0.13375790417194366, 0
u,0.5135917067527771, 0.3187426030635834, 0
u,0.4828057885169983, 0.23475269973278046, 0
u,0.5135917067527771, 0.3187426030635834, 0
u,0.47808560729026794, 0.3187426030635834, 0
u,0.4828057885169983, 0.23475269973278046, 0
u,0.47808560729026794, 0.3187426030635834, 0
u,0.47808560729026794, 0.23475269973278046, 0
u,0.4828057885169983, 0.23475269973278046, 0
u,0.4828057885169983, 0.21548350155353546, 0
u,0.4574742913246155, 0.2016391009092331, 0
u,0.4600965976715088, 0.15642739832401276, 0
u,0.4574742913246155, 0.2016391009092331, 0
u,0.4574742913246155, 0.15642739832401276, 0
u,0.4600965976715088, 0.15642739832401276, 0
u,0.5135917067527771, 0.13375790417194366, 0
u,0.4828057885169983, 0.23475269973278046, 0
u,0.4828057885169983, 0.21548350155353546, 0
u,0.4600965976715088, 0.14097550511360168, 0
u,0.2666015923023224, 0.13375790417194366, 0
u,0.5135917067527771, 0.13375790417194366, 0
u,0.4828057885169983, 0.21548350155353546, 0
u,0.4600965976715088, 0.15642739832401276, 0
u,0.4600965976715088, 0.14097550511360168, 0
u,0.5537108778953552, 0.8546221256256104, 0
u,0.8424292206764221, 0.8546221256256104, 0
u,0.8424292206764221, 0.977707028388977, 0
u,0.8064420819282532, 0.6275246143341064, 0
u,0.8009244799613953, 0.6275246143341064, 0
u,0.8009244799613953, 0.52120041847229, 0
u,0.8009244799613953, 0.52120041847229, 0
u,0.8009244799613953, 0.5151854157447815, 0
u,0.8424292206764221, 0.5151854157447815, 0
u,0.8424292206764221, 0.5151854157447815, 0
u,0.8424292206764221, 0.6382752060890198, 0
u,0.8064420819282532, 0.6275246143341064, 0
u,0.8424292206764221, 0.6382752060890198, 0
u,0.8064420819282532, 0.6382752060890198, 0
u,0.8064420819282532, 0.6275246143341064, 0
u,0.6636288166046143, 0.3471337854862213, 0
u,0.636618971824646, 0.3471337854862213, 0
u,0.636618971824646, 0.33702459931373596, 0
u,0.6636288166046143, 0.3471337854862213, 0
u,0.6636288166046143, 0.33702459931373596, 0
u,0.7195522785186768, 0.33702459931373596, 0
u,0.5537108778953552, 0.3471337854862213, 0
u,0.5537108778953552, 0.33702459931373596, 0
u,0.5807194709777832, 0.33702459931373596, 0
u,0.636618971824646, 0.3471337854862213, 0
u,0.5807194709777832, 0.3471337854862213, 0
u,0.5807194709777832, 0.33702459931373596, 0
u,0.7705078125, 0.3343949019908905, 0
u,0.7735940217971802, 0.3343949019908905, 0
u,0.7735940217971802, 0.44891729950904846, 0
u,0.7705078125, 0.44891729950904846, 0
u,0.7735940217971802, 0.44891729950904846, 0
u,0.7735940217971802, 0.5046870708465576, 0
u,0.7382628917694092, 0.11783439666032791, 0
u,0.7382628917694092, 0.24871890246868134, 0
u,0.513671875, 0.24871890246868134, 0
u,0.7382628917694092, 0.24871890246868134, 0
u,0.7382628917694092, 0.3240293860435486, 0
u,0.7168958783149719, 0.30630940198898315, 0
u,0.7168958783149719, 0.30630940198898315, 0
u,0.513671875, 0.30630940198898315, 0
u,0.513671875, 0.24871890246868134, 0
u,0.9483649134635925, 0.982489824295044, 0
u,0.9483649134635925, 1.0, 0
u,0.9452081918716431, 1.0, 0
u,0.9452081918716431, 0.982489824295044, 0
u,0.9452081918716431, 1.0, 0
u,0.9009482860565186, 1.0, 0
u,0.8708251714706421, 0.982489824295044, 0
u,0.9009482860565186, 0.982489824295044, 0
u,0.9009482860565186, 1.0, 0
u,0.7393661737442017, 0.982489824295044, 0
u,0.8708251714706421, 0.982489824295044, 0
u,0.8708251714706421, 1.0, 0
u,0.7105591893196106, 1.0, 0
u,0.6788356900215149, 1.0, 0
u,0.6788356900215149, 0.982489824295044, 0
u,0.6788356900215149, 0.982489824295044, 0
u,0.7393661737442017, 0.982489824295044, 0
u,0.7105591893196106, 1.0, 0
u,0.5537108778953552, 1.0, 0
u,0.5537108778953552, 0.982489824295044, 0
u,0.6788356900215149, 0.982489824295044, 0
u,0.7392578125, 0.25497668981552124, 0
u,0.7712957262992859, 0.25497668981552124, 0
u,0.7712957262992859, 0.32484081387519836, 0
u,0.8559151887893677, 0.25497668981552124, 0
u,0.8559151887893677, 0.32484081387519836, 0
u,0.8296251893043518, 0.32484081387519836, 0
u,0.7975860834121704, 0.32484081387519836, 0
u,0.7975860834121704, 0.25497668981552124, 0
u,0.8296251893043518, 0.25497668981552124, 0
u,0.7975860834121704, 0.32484081387519836, 0
u,0.7712957262992859, 0.32484081387519836, 0
u,0.7712957262992859, 0.25497668981552124, 0
u,0.265625, 0.13375790417194366, 0
u,0.265625, 0.07397130131721497, 0
u,0.2890568971633911, 0.07397130131721497, 0
u,0.2890568971633911, 0.07397130131721497, 0
u,0.30253639817237854, 0.07397130131721497, 0
u,0.30253639817237854, 0.13375790417194366, 0
u,0.4043394923210144, 0.13375790417194366, 0
u,0.4043394923210144, 0.07397130131721497, 0
u,0.46922001242637634, 0.07397130131721497, 0
u,0.4043394923210144, 0.07397130131721497, 0
u,0.4043394923210144, 0.13375790417194366, 0
u,0.38090288639068604, 0.07397130131721497, 0
u,0.4043394923210144, 0.13375790417194366, 0
u,0.367416113615036, 0.13375790417194366, 0
u,0.38090288639068604, 0.07397130131721497, 0
u,0.367416113615036, 0.13375790417194366, 0
u,0.30253639817237854, 0.13375790417194366, 0
u,0.30253639817237854, 0.07397130131721497, 0
u,0.0, 0.331210196018219, 0
u,0.009330599568784237, 0.331210196018219, 0
u,0.009330599568784237, 0.9986209869384766, 0
u,0.009330599568784237, 0.331210196018219, 0
u,0.056240200996398926, 0.331210196018219, 0
u,0.056240200996398926, 0.9986209869384766, 0
u,0.056240200996398926, 0.331210196018219, 0
u,0.23582260310649872, 0.331210196018219, 0
u,0.23582260310649872, 0.9986209869384766, 0
u,0.3374268114566803, 0.331210196018219, 0
u,0.3374268114566803, 0.9986209869384766, 0
u,0.3211517930030823, 0.4497623145580292, 0
u,0.3374268114566803, 0.9986209869384766, 0
u,0.3211517930030823, 0.9986209869384766, 0
u,0.3211517930030823, 0.4497623145580292, 0
u,0.25116708874702454, 0.9986209869384766, 0
u,0.23582260310649872, 0.9986209869384766, 0
u,0.25116708874702454, 0.4497623145580292, 0
u,0.23582260310649872, 0.9986209869384766, 0
u,0.23582260310649872, 0.331210196018219, 0
u,0.25116708874702454, 0.4497623145580292, 0
u,0.23582260310649872, 0.331210196018219, 0
u,0.3374268114566803, 0.331210196018219, 0
u,0.3174682855606079, 0.4497623145580292, 0
u,0.3374268114566803, 0.331210196018219, 0
u,0.3211517930030823, 0.4497623145580292, 0
u,0.3174682855606079, 0.4497623145580292, 0
u,0.3174682855606079, 0.4497623145580292, 0
u,0.3174682855606079, 0.48974621295928955, 0
u,0.25504130125045776, 0.48974621295928955, 0
u,0.25504130125045776, 0.4497623145580292, 0
u,0.25116708874702454, 0.4497623145580292, 0
u,0.23582260310649872, 0.331210196018219, 0
u,0.3174682855606079, 0.4497623145580292, 0
u,0.25504130125045776, 0.48974621295928955, 0
u,0.25504130125045776, 0.4497623145580292, 0
u,0.34206530451774597, 0.9147747755050659, 0
u,0.34206530451774597, 0.9986209869384766, 0
u,0.3374268114566803, 0.9986209869384766, 0
u,0.5154281854629517, 0.331210196018219, 0
u,0.5154281854629517, 0.9986209869384766, 0
u,0.5030019283294678, 0.9147747755050659, 0
u,0.5154281854629517, 0.9986209869384766, 0
u,0.5030019283294678, 0.9986209869384766, 0
u,0.5030019283294678, 0.9147747755050659, 0
u,0.34206530451774597, 0.9147747755050659, 0
u,0.3374268114566803, 0.9986209869384766, 0
u,0.3374268114566803, 0.331210196018219, 0
u,0.40083110332489014, 0.9986209869384766, 0
u,0.3892751932144165, 0.9986209869384766, 0
u,0.3892751932144165, 0.9147747755050659, 0
u,0.3892751932144165, 0.9147747755050659, 0
u,0.34206530451774597, 0.9147747755050659, 0
u,0.3374268114566803, 0.331210196018219, 0
u,0.3374268114566803, 0.331210196018219, 0
u,0.5154281854629517, 0.331210196018219, 0
u,0.4465923011302948, 0.9147747755050659, 0
u,0.5154281854629517, 0.331210196018219, 0
u,0.5030019283294678, 0.9147747755050659, 0
u,0.45917901396751404, 0.9147747755050659, 0
u,0.45917901396751404, 0.9147747755050659, 0
u,0.45917901396751404, 0.9986209869384766, 0
u,0.4465923011302948, 0.9147747755050659, 0
u,0.45917901396751404, 0.9986209869384766, 0
u,0.4465923011302948, 0.9986209869384766, 0
u,0.4465923011302948, 0.9147747755050659, 0
u,0.5154281854629517, 0.331210196018219, 0
u,0.45917901396751404, 0.9147747755050659, 0
u,0.4465923011302948, 0.9147747755050659, 0
u,0.40083110332489014, 0.9986209869384766, 0
u,0.3892751932144165, 0.9147747755050659, 0
u,0.40083110332489014, 0.9147747755050659, 0
u,0.3892751932144165, 0.9147747755050659, 0
u,0.3374268114566803, 0.331210196018219, 0
u,0.40083110332489014, 0.9147747755050659, 0
u,0.5246791839599609, 0.9405645132064819, 0
u,0.5518332719802856, 0.9405645132064819, 0
u,0.5518332719802856, 0.9986209869384766, 0
u,0.5154281854629517, 0.9986209869384766, 0
u,0.5154281854629517, 0.331210196018219, 0
u,0.5246791839599609, 0.9225717186927795, 0
u,0.5154281854629517, 0.331210196018219, 0
u,0.5518332719802856, 0.331210196018219, 0
u,0.5246791839599609, 0.9225717186927795, 0
u,0.5518332719802856, 0.331210196018219, 0
u,0.5518332719802856, 0.9225717186927795, 0
u,0.5246791839599609, 0.9225717186927795, 0
u,0.5246791839599609, 0.9405645132064819, 0
u,0.5518332719802856, 0.9986209869384766, 0
u,0.5154281854629517, 0.9986209869384766, 0
u,0.9150069952011108, 0.3280254900455475, 0
u,0.9150069952011108, 0.36435920000076294, 0
u,0.8742998242378235, 0.36435920000076294, 0
u,0.8623046875, 0.36435920000076294, 0
u,0.8623046875, 0.3280254900455475, 0
u,0.8742998242378235, 0.3280254900455475, 0
u,0.9382538795471191, 0.36435920000076294, 0
u,0.9280388951301575, 0.36435920000076294, 0
u,0.9280388951301575, 0.3280254900455475, 0
u,0.9150069952011108, 0.3280254900455475, 0
u,0.9280388951301575, 0.3280254900455475, 0
u,0.9280388951301575, 0.36435920000076294, 0
u,0.90625, 0.4522292912006378, 0
u,0.922184407711029, 0.4522292912006378, 0
u,0.922184407711029, 0.9756457209587097, 0
u,0.9687352776527405, 0.9756457209587097, 0
u,0.922184407711029, 0.9756457209587097, 0
u,0.922184407711029, 0.4522292912006378, 0
u,0.9983925819396973, 0.9756457209587097, 0
u,0.9847975969314575, 0.9756457209587097, 0
u,0.9847975969314575, 0.4522292912006378, 0
u,0.9847975969314575, 0.9756457209587097, 0
u,0.9687352776527405, 0.9756457209587097, 0
u,0.9687352776527405, 0.4522292912006378, 0
u,0.8603789210319519, 0.35922351479530334, 0
u,0.8603789210319519, 0.36910220980644226, 0
u,0.84375, 0.36910220980644226, 0
u,0.8603789210319519, 0.36910220980644226, 0
u,0.8603789210319519, 0.3789809048175812, 0
u,0.84375, 0.3789809048175812, 0
u,0.8603789210319519, 0.33946630358695984, 0
u,0.84375, 0.33946630358695984, 0
u,0.84375, 0.3295876085758209, 0
u,0.8603789210319519, 0.3493449091911316, 0
u,0.84375, 0.3493449091911316, 0
u,0.84375, 0.33946630358695984, 0
u,0.61360102891922, 0.03184710070490837, 0
u,0.61360102891922, 0.11416330188512802, 0
u,0.5846530795097351, 0.11416330188512802, 0
u,0.5846530795097351, 0.11416330188512802, 0
u,0.5416476130485535, 0.11416330188512802, 0
u,0.5416476130485535, 0.03184710070490837, 0
u,0.513671875, 0.11416330188512802, 0
u,0.513671875, 0.03184710070490837, 0
u,0.5416476130485535, 0.03184710070490837, 0
u,0.41593098640441895, 0.006369399838149548, 0
u,0.41593098640441895, 0.06746900081634521, 0
u,0.395645409822464, 0.06746900081634521, 0
u,0.395645409822464, 0.006369399838149548, 0
u,0.395645409822464, 0.06746900081634521, 0
u,0.3623102903366089, 0.06746900081634521, 0
u,0.3427734076976776, 0.006369399838149548, 0
u,0.3623102903366089, 0.006369399838149548, 0
u,0.3623102903366089, 0.06746900081634521, 0
u,0.9978798031806946, 0.3694266974925995, 0
u,0.9978798031806946, 0.44610580801963806, 0
u,0.973158597946167, 0.44610580801963806, 0
u,0.973158597946167, 0.44610580801963806, 0
u,0.9299976229667664, 0.44610580801963806, 0
u,0.9299976229667664, 0.3694266974925995, 0
u,0.9299976229667664, 0.44610580801963806, 0
u,0.90625, 0.44610580801963806, 0
u,0.90625, 0.3694266974925995, 0
