s,118.62939453125, 64.1552734375, 0.4457082748413086
b,120.4306640625, 68.25, 9.256986618041992
v,119.6025390625, 64.8388671875, 8.426546096801758
v,119.452392578125, 65.615234375, 8.426546096801758
v,119.452392578125, 65.615234375, 7.388534069061279
v,119.6025390625, 64.8388671875, 7.3885321617126465
v,119.660400390625, 64.1552734375, 0.4457206726074219
v,119.371826171875, 64.318359375, 0.4457082748413086
v,118.6298828125, 68.03125, 0.44571590423583984
v,119.7275390625, 68.25, 0.4457716941833496
v,120.03564453125, 66.70703125, 0.4457674026489258
v,119.559814453125, 66.61328125, 0.4457430839538574
v,119.747314453125, 65.67578125, 0.4457411766052246
v,120.22412109375, 65.7744140625, 0.44576549530029297
v,120.279296875, 65.48828125, 0.44576549530029297
v,120.4306640625, 64.73046875, 0.44576454162597656
v,120.1376953125, 64.25, 0.44574499130249023
v,119.09228515625, 67.0634765625, 8.15677261352539
v,119.491455078125, 67.1455078125, 8.156793594360352
v,119.407958984375, 67.576171875, 8.156795501708984
v,119.003662109375, 67.4931640625, 8.156774520874023
v,119.67138671875, 64.224609375, 7.388529300689697
v,119.677001953125, 64.2255859375, 7.388529300689697
v,119.09228515625, 67.0634765625, 7.388533115386963
v,119.003662109375, 67.4931640625, 7.388534069061279
v,118.89599609375, 68.0166015625, 7.388535976409912
v,118.7080078125, 67.978515625, 7.388526439666748
v,119.430908203125, 64.361328125, 7.388519763946533
v,119.6025390625, 64.8388671875, 7.3885321617126465
v,119.4521484375, 65.615234375, 7.388534069061279
v,119.681884765625, 65.662109375, 7.388545513153076
v,119.481201171875, 66.6650390625, 7.388547420501709
v,119.95703125, 66.7607421875, 7.388571262359619
v,119.6748046875, 68.171875, 7.388575077056885
v,118.89599609375, 68.0166015625, 7.388535976409912
v,119.003662109375, 67.4931640625, 7.388534069061279
v,119.407958984375, 67.576171875, 7.38855504989624
v,119.491455078125, 67.1455078125, 7.388553142547607
v,119.09228515625, 67.0634765625, 7.388533115386963
v,119.677001953125, 64.2255859375, 7.388529300689697
v,120.095703125, 64.3095703125, 7.388551235198975
v,120.360107421875, 64.7431640625, 7.38856840133667
v,120.311767578125, 64.9853515625, 7.38856840133667
v,120.03515625, 66.70703125, 7.566202640533447
v,119.72705078125, 68.25, 7.566206455230713
v,118.62939453125, 68.03125, 7.566151142120361
v,119.371826171875, 64.318359375, 7.56614351272583
v,119.659912109375, 64.1552734375, 7.566155910491943
v,120.137451171875, 64.2490234375, 7.56618070602417
v,120.430419921875, 64.73046875, 7.566199779510498
v,120.279052734375, 65.48828125, 7.5662007331848145
v,120.3740234375, 64.998046875, 7.566199779510498
v,120.311767578125, 64.9853515625, 7.566195964813232
v,120.360107421875, 64.7431640625, 7.566195964813232
v,120.095703125, 64.3095703125, 7.566178798675537
v,119.67138671875, 64.224609375, 7.566157817840576
v,119.430908203125, 64.361328125, 7.566147327423096
v,118.7080078125, 67.978515625, 7.5661540031433105
v,119.6748046875, 68.171875, 7.566203594207764
v,119.95703125, 66.7607421875, 7.566199779510498
v,119.481201171875, 66.6650390625, 7.5661749839782715
v,119.681884765625, 65.662109375, 7.566173076629639
v,119.746826171875, 65.67578125, 7.566176891326904
v,119.559814453125, 66.61328125, 7.566178798675537
v,119.752197265625, 65.07421875, 9.256965637207031
v,120.150634765625, 65.15625, 9.256986618041992
v,120.08203125, 65.5107421875, 9.256986618041992
v,119.679443359375, 65.427734375, 9.256965637207031
v,120.08203125, 65.5107421875, 8.426576614379883
v,120.150634765625, 65.15625, 8.42657470703125
v,119.752197265625, 65.07421875, 8.426555633544922
v,119.79248046875, 64.8779296875, 8.426555633544922
v,120.3740234375, 64.998046875, 8.426584243774414
v,120.2236328125, 65.7744140625, 8.426586151123047
v,119.633056640625, 65.65234375, 8.426555633544922
v,119.679443359375, 65.427734375, 8.426555633544922
v,119.79248046875, 64.8779296875, 8.426555633544922
v,119.752197265625, 65.07421875, 8.426555633544922
v,119.679443359375, 65.427734375, 8.426555633544922
v,119.633056640625, 65.65234375, 8.426555633544922
v,119.4521484375, 65.615234375, 8.426546096801758
v,119.6025390625, 64.8388671875, 8.426546096801758
v,119.003662109375, 67.4931640625, 8.156774520874023
v,119.407958984375, 67.576171875, 8.156795501708984
v,119.407958984375, 67.576171875, 7.38855504989624
v,119.003662109375, 67.4931640625, 7.388534069061279
v,119.491455078125, 67.1455078125, 8.156793594360352
v,119.491455078125, 67.1455078125, 7.388553142547607
v,119.407958984375, 67.576171875, 7.38855504989624
v,119.407958984375, 67.576171875, 8.156795501708984
v,119.09228515625, 67.0634765625, 7.388533115386963
v,119.491455078125, 67.1455078125, 7.388553142547607
v,119.491455078125, 67.1455078125, 8.156793594360352
v,119.09228515625, 67.0634765625, 8.15677261352539
v,119.003662109375, 67.4931640625, 8.156774520874023
v,119.003662109375, 67.4931640625, 7.388534069061279
v,119.09228515625, 67.0634765625, 7.388533115386963
v,119.09228515625, 67.0634765625, 8.15677261352539
v,119.746826171875, 65.67578125, 7.566176891326904
v,119.747314453125, 65.67578125, 0.4457411766052246
v,119.559814453125, 66.61328125, 0.4457430839538574
v,119.559814453125, 66.61328125, 7.566178798675537
v,120.137451171875, 64.2490234375, 7.56618070602417
v,119.659912109375, 64.1552734375, 7.566155910491943
v,119.660400390625, 64.1552734375, 0.4457206726074219
v,120.1376953125, 64.25, 0.44574499130249023
v,119.659912109375, 64.1552734375, 7.566155910491943
v,119.371826171875, 64.318359375, 7.56614351272583
v,119.371826171875, 64.318359375, 0.4457082748413086
v,119.660400390625, 64.1552734375, 0.4457206726074219
v,119.371826171875, 64.318359375, 7.56614351272583
v,118.62939453125, 68.03125, 7.566151142120361
v,118.6298828125, 68.03125, 0.44571590423583984
v,119.371826171875, 64.318359375, 0.4457082748413086
v,118.62939453125, 68.03125, 7.566151142120361
v,119.72705078125, 68.25, 7.566206455230713
v,119.7275390625, 68.25, 0.4457716941833496
v,118.6298828125, 68.03125, 0.44571590423583984
v,119.72705078125, 68.25, 7.566206455230713
v,120.03515625, 66.70703125, 7.566202640533447
v,120.03564453125, 66.70703125, 0.4457674026489258
v,119.7275390625, 68.25, 0.4457716941833496
v,120.03515625, 66.70703125, 7.566202640533447
v,119.559814453125, 66.61328125, 7.566178798675537
v,119.559814453125, 66.61328125, 0.4457430839538574
v,120.03564453125, 66.70703125, 0.4457674026489258
v,120.279296875, 65.48828125, 0.44576549530029297
v,120.279052734375, 65.48828125, 7.5662007331848145
v,120.430419921875, 64.73046875, 7.566199779510498
v,120.4306640625, 64.73046875, 0.44576454162597656
v,120.430419921875, 64.73046875, 7.566199779510498
v,120.137451171875, 64.2490234375, 7.56618070602417
v,120.1376953125, 64.25, 0.44574499130249023
v,120.4306640625, 64.73046875, 0.44576454162597656
v,120.095703125, 64.3095703125, 7.566178798675537
v,120.360107421875, 64.7431640625, 7.566195964813232
v,120.360107421875, 64.7431640625, 7.38856840133667
v,120.095703125, 64.3095703125, 7.388551235198975
v,119.67138671875, 64.224609375, 7.566157817840576
v,120.095703125, 64.3095703125, 7.566178798675537
v,120.095703125, 64.3095703125, 7.388551235198975
v,119.677001953125, 64.2255859375, 7.388529300689697
v,119.67138671875, 64.224609375, 7.388529300689697
v,119.430908203125, 64.361328125, 7.566147327423096
v,119.67138671875, 64.224609375, 7.566157817840576
v,119.67138671875, 64.224609375, 7.388529300689697
v,119.430908203125, 64.361328125, 7.388519763946533
v,118.7080078125, 67.978515625, 7.5661540031433105
v,119.430908203125, 64.361328125, 7.566147327423096
v,119.430908203125, 64.361328125, 7.388519763946533
v,118.7080078125, 67.978515625, 7.388526439666748
v,119.6748046875, 68.171875, 7.566203594207764
v,118.7080078125, 67.978515625, 7.5661540031433105
v,118.7080078125, 67.978515625, 7.388526439666748
v,118.89599609375, 68.0166015625, 7.388535976409912
v,119.6748046875, 68.171875, 7.388575077056885
v,119.95703125, 66.7607421875, 7.566199779510498
v,119.6748046875, 68.171875, 7.566203594207764
v,119.6748046875, 68.171875, 7.388575077056885
v,119.95703125, 66.7607421875, 7.388571262359619
v,119.481201171875, 66.6650390625, 7.5661749839782715
v,119.95703125, 66.7607421875, 7.566199779510498
v,119.95703125, 66.7607421875, 7.388571262359619
v,119.481201171875, 66.6650390625, 7.388547420501709
v,119.681884765625, 65.662109375, 7.388545513153076
v,119.681884765625, 65.662109375, 7.566173076629639
v,119.481201171875, 66.6650390625, 7.5661749839782715
v,119.481201171875, 66.6650390625, 7.388547420501709
v,120.311767578125, 64.9853515625, 7.566195964813232
v,120.311767578125, 64.9853515625, 7.38856840133667
v,120.360107421875, 64.7431640625, 7.38856840133667
v,120.360107421875, 64.7431640625, 7.566195964813232
v,120.08203125, 65.5107421875, 8.426576614379883
v,119.679443359375, 65.427734375, 8.426555633544922
v,119.679443359375, 65.427734375, 9.256965637207031
v,120.08203125, 65.5107421875, 9.256986618041992
v,120.150634765625, 65.15625, 8.42657470703125
v,120.08203125, 65.5107421875, 8.426576614379883
v,120.08203125, 65.5107421875, 9.256986618041992
v,120.150634765625, 65.15625, 9.256986618041992
v,119.752197265625, 65.07421875, 8.426555633544922
v,120.150634765625, 65.15625, 8.42657470703125
v,120.150634765625, 65.15625, 9.256986618041992
v,119.752197265625, 65.07421875, 9.256965637207031
v,119.679443359375, 65.427734375, 8.426555633544922
v,119.752197265625, 65.07421875, 8.426555633544922
v,119.752197265625, 65.07421875, 9.256965637207031
v,119.679443359375, 65.427734375, 9.256965637207031
v,119.633056640625, 65.65234375, 8.426555633544922
v,120.2236328125, 65.7744140625, 8.426586151123047
v,120.22412109375, 65.7744140625, 0.44576549530029297
v,119.747314453125, 65.67578125, 0.4457411766052246
v,119.746826171875, 65.67578125, 7.566176891326904
v,119.681884765625, 65.662109375, 7.566173076629639
v,119.681884765625, 65.662109375, 7.388545513153076
v,119.4521484375, 65.615234375, 7.388534069061279
v,119.4521484375, 65.615234375, 8.426546096801758
v,120.3740234375, 64.998046875, 7.566199779510498
v,120.279052734375, 65.48828125, 7.5662007331848145
v,120.279296875, 65.48828125, 0.44576549530029297
v,120.22412109375, 65.7744140625, 0.44576549530029297
v,120.2236328125, 65.7744140625, 8.426586151123047
v,120.3740234375, 64.998046875, 8.426584243774414
v,120.311767578125, 64.9853515625, 7.38856840133667
v,120.311767578125, 64.9853515625, 7.566195964813232
v,120.3740234375, 64.998046875, 7.566199779510498
v,120.3740234375, 64.998046875, 8.426584243774414
v,119.79248046875, 64.8779296875, 8.426555633544922
v,119.6025390625, 64.8388671875, 8.426546096801758
v,119.6025390625, 64.8388671875, 7.3885321617126465
i,0,2,3
i,10,11,12
i,16,18,15
i,24,25,21
i,36,37,27
i,43,44,55
i,63,65,62
i,66,67,70
i,76,78,79
i,80,82,83
i,84,86,87
i,89,91,88
i,93,95,92
i,96,98,99
i,100,102,103
i,105,107,104
i,109,111,108
i,112,114,115
i,117,119,116
i,121,123,120
i,124,126,127
i,128,130,131
i,132,134,135
i,137,138,139
i,141,143,144
i,146,148,145
i,150,151,152
i,154,156,157
i,158,160,161
i,163,165,162
i,167,169,166
i,170,172,173
i,175,177,174
i,179,181,178
i,182,184,185
i,186,190,191
i,196,198,199
i,202,205,207
i,0,1,2
i,14,4,5
i,6,7,9
i,7,8,9
i,14,5,13
i,5,6,9
i,10,5,9
i,12,13,10
i,10,13,5
i,16,17,18
i,25,19,20
i,21,22,24
i,22,23,24
i,25,20,21
i,27,28,29
i,29,30,35
i,30,31,34
i,35,30,34
i,31,32,34
i,32,33,34
i,37,38,26
i,38,39,26
i,39,40,26
i,37,26,27
i,27,29,36
i,29,35,36
i,47,48,49
i,49,50,51
i,47,49,51
i,59,60,61
i,47,51,52
i,58,59,61
i,57,58,61
i,46,47,52
i,46,52,45
i,52,53,45
i,57,61,41
i,56,57,42
i,57,41,42
i,45,53,54
i,55,56,42
i,44,45,54
i,55,42,43
i,44,54,55
i,63,64,65
i,67,68,69
i,71,72,66
i,72,73,66
i,67,69,70
i,71,66,70
i,79,74,75
i,76,77,78
i,79,75,76
i,80,81,82
i,84,85,86
i,89,90,91
i,93,94,95
i,96,97,98
i,100,101,102
i,105,106,107
i,109,110,111
i,112,113,114
i,117,118,119
i,121,122,123
i,124,125,126
i,128,129,130
i,132,133,134
i,140,136,139
i,136,137,139
i,141,142,143
i,146,147,148
i,153,149,152
i,149,150,152
i,154,155,156
i,158,159,160
i,163,164,165
i,167,168,169
i,170,171,172
i,175,176,177
i,179,180,181
i,182,183,184
i,187,188,190
i,188,189,190
i,193,194,191
i,194,186,191
i,186,187,190
i,191,192,193
i,200,195,196
i,196,197,198
i,199,200,196
i,207,201,202
i,202,203,204
i,205,206,207
i,202,204,205
n,-4.421715259552002, -0.8559353351593018, 0.0
n,0.00022183424152899534, 4.9518344894750044e-05, -4.50379753112793
n,-0.00021647675021085888, -6.236134504433721e-05, 4.50379753112793
n,-0.00019007973605766892, -4.641989653464407e-05, 4.50379753112793
n,-0.00018845938029699028, -4.422552592586726e-05, 4.50379753112793
n,-0.00023037772916723043, -5.4270414693746716e-05, 4.50379753112793
n,-0.00022053200518712401, -4.551520760287531e-05, 4.50379753112793
n,-0.00022639402595814317, -5.448256342788227e-05, 4.50379753112793
n,-0.00022476521553471684, -4.8423255066154525e-05, 4.50379753112793
n,-0.9087381362915039, 4.411166191101074, -0.0002564852184150368
n,4.4216437339782715, 0.8563042283058167, 0.0
n,0.9104347229003906, -4.410816192626953, 0.0
n,-4.411043167114258, -0.9093329906463623, -0.0012449873611330986
n,4.41653299331665, 0.8822842836380005, 0.0001344919000985101
n,0.8824959993362427, -4.41649055480957, -0.0005110888159833848
n,-2.217972755432129, -3.919794797897339, -0.0001350830279989168
n,-4.416426181793213, -0.8828209638595581, -0.00024202298664022237
n,-0.8795753121376038, 4.417073726654053, -5.35695071448572e-05
n,4.41650390625, 0.8824313282966614, 0.0002689820248633623
n,0.8782311677932739, -4.417341232299805, 5.348764534574002e-05
n,4.416434288024902, 0.8827810287475586, 0.00013448888785205781
n,3.845494508743286, -2.344432830810547, 0.00011710267426678911
n,-3.8457627296447754, 2.3439924716949463, 0.0
n,-0.8784276843070984, 4.417301654815674, 0.0
n,2.229948043823242, 3.912994146347046, 0.0
n,4.416479587554932, 0.8825547099113464, 0.0
n,0.8764070868492126, -4.417703151702881, 0.0
n,-4.416415214538574, -0.8828758597373962, 0.0
n,-0.8855896592140198, 4.415872097015381, 0.0
n,-4.416300296783447, -0.8834511041641235, 0.0
n,-4.416489124298096, -0.8825063109397888, 0.0
n,-0.9120234251022339, 4.410488128662109, 0.0
n,4.422062397003174, 0.8541392683982849, 0.0
n,0.9031203985214233, -4.412319660186768, 0.0
n,-4.410834789276123, -0.9103443026542664, 0.0
n,-0.9396647810935974, 4.404679775238037, -0.004440201446413994
n,4.422174453735352, 0.853561282157898, 0.00024029209453146905
n,0.9063791036605835, -4.411651611328125, -0.00016653873899485916
n,-4.42171573638916, -0.8559353947639465, 0.0
n,0.00021836454106960446, 4.672872455557808e-05, -4.50379753112793
n,0.0002182857133448124, 5.5727250583004206e-05, -4.50379753112793
n,0.00021744052355643362, 5.581380537478253e-05, -4.50379753112793
n,0.00021859718253836036, 4.932909723720513e-05, -4.50379753112793
n,0.00021091436792630702, 5.0893057050416246e-05, -4.50379753112793
n,0.00020569734624587, 5.132058140588924e-05, -4.50379753112793
n,0.00022178140352480114, 4.936895129503682e-05, -4.50379753112793
n,0.0002192841493524611, 4.756358976010233e-05, -4.50379753112793
n,-0.0002142114972230047, -5.91837742831558e-05, 4.50379753112793
n,-6.674534233752638e-05, 0.00021692235895898193, 4.50379753112793
n,-0.00019726429309230298, -4.943386375089176e-05, 4.50379753112793
n,-0.00021166303486097604, -5.820168007630855e-05, 4.50379753112793
n,-0.00021311306045390666, -4.9307378503726795e-05, 4.50379753112793
n,-0.00022197036014404148, -5.201308158575557e-05, 4.50379753112793
n,-0.0002142891171388328, -5.102848444948904e-05, 4.50379753112793
n,-0.00021642698266077787, -5.67818533454556e-05, 4.50379753112793
n,-0.00022233683557715267, -6.075734199839644e-05, 4.50379753112793
n,-0.00021911977091804147, -5.5573829740751535e-05, 4.50379753112793
n,-0.00022346600599121302, -6.063371620257385e-05, 4.50379753112793
n,-0.00021876684331800789, -4.527392957243137e-05, 4.50379753112793
n,-0.00022273592185229063, -4.8968533519655466e-05, 4.50379753112793
n,-0.0002221542235929519, -4.439103213371709e-05, 4.50379753112793
n,-0.0001228128094226122, -3.360200935276225e-05, 4.50379753112793
n,-0.00021999809541739523, -5.206768764765002e-05, 4.50379753112793
n,-0.00021883587760385126, -5.093205254524946e-05, 4.50379753112793
n,-0.0004313853569328785, -9.138926543528214e-05, 4.50379753112793
n,-0.0002353657764615491, -4.7030975110828876e-05, 4.50379753112793
n,-0.00022473224089480937, -4.760967203765176e-05, 4.50379753112793
n,-0.0002233179984614253, -5.275679359328933e-05, 4.50379753112793
n,-0.00022475440346170217, -4.773826731252484e-05, 4.50379753112793
n,-0.00022993783932179213, -5.3606923756888136e-05, 4.50379753112793
n,-0.00022368278587237, -4.417222226038575e-05, 4.50379753112793
n,-0.00023684551706537604, -3.813502553384751e-05, 4.50379753112793
n,-0.0002256002917420119, -3.0271510695456527e-05, 4.50379753112793
n,-0.00020967521413695067, -7.522854139097035e-05, 4.50379753112793
n,-0.00020680025045294315, -8.965577580966055e-05, 4.50379753112793
n,-0.00021241584909148514, -5.327671533450484e-05, 4.50379753112793
n,-0.00017869382281787694, -4.8072088247863576e-05, 4.50379753112793
n,-0.00023120497644413263, -7.16626673238352e-05, 4.50379753112793
n,-0.00021912289957981557, -4.878671097685583e-05, 4.50379753112793
n,-0.00021689827553927898, -5.579304706770927e-05, 4.50379753112793
n,-0.00022130181605461985, -4.0580907807452604e-05, 4.50379753112793
n,-0.00021946335618849844, -5.2291688916739076e-05, 4.50379753112793
n,-0.00021863987785764039, -4.223117502988316e-05, 4.50379753112793
n,-0.00022055956651456654, -4.538061693892814e-05, 4.50379753112793
n,-0.00022123861708678305, -5.4808140703244135e-05, 4.50379753112793
n,-0.00021809279860462993, -4.4876789615955204e-05, 4.50379753112793
n,-0.00022024635109119117, -4.5784603571519256e-05, 4.50379753112793
n,-0.00022418600565288216, -5.322536890162155e-05, 4.50379753112793
n,-0.00021172325068619102, -4.3562529754126444e-05, 4.50379753112793
n,-0.00022259520483203232, -4.5803244574926794e-05, 4.50379753112793
n,-0.00019875739235430956, -5.1827668357873335e-05, 4.50379753112793
n,-0.9082705974578857, 4.411262035369873, 0.0
n,4.4216437339782715, 0.8563042283058167, 0.0
n,0.9104347229003906, -4.410816192626953, 0.0
n,-4.411482810974121, -0.9072001576423645, 0.0
n,4.416337013244629, 0.8832674026489258, 0.00026897183852270246
n,0.8743951320648193, -4.418101787567139, 5.325401434674859e-05
n,-2.2256264686584473, -3.9154536724090576, -0.0005447068833746016
n,-4.416435718536377, -0.8827711939811707, -0.000268977863015607
n,-0.8795753121376038, 4.417073726654053, -5.35695071448572e-05
n,4.41650390625, 0.8824314475059509, 0.0002689820248633623
n,0.8778460621833801, -4.417418003082275, 2.6732097467174754e-05
n,4.4161906242370605, 0.8839969635009766, 0.0002689629327505827
n,3.847371816635132, -2.34135103225708, -0.00016803466132842004
n,-3.8457627296447754, 2.3439924716949463, 0.0
n,-1.3245031833648682, 4.304635524749756, 0.0
n,-0.884564995765686, 4.416051387786865, 0.015050945803523064
n,2.229948043823242, 3.912994146347046, 0.0
n,4.416479587554932, 0.8825547099113464, 0.0
n,0.8804295659065247, -4.416903495788574, 0.0
n,0.8796471357345581, -4.417057991027832, 0.0035647822078317404
n,-4.416415214538574, -0.8828758597373962, 0.0
n,-0.8855895400047302, 4.415871620178223, 0.0
n,-4.416300296783447, -0.8834510445594788, 0.0
n,-4.416489124298096, -0.8825063109397888, 0.0
n,-0.9120234251022339, 4.410488128662109, 0.0
n,4.422062873840332, 0.8541392087936401, 0.0
n,0.9031203985214233, -4.412319660186768, 0.0
n,-4.410835266113281, -0.9103443622589111, 0.0
n,-0.906703531742096, 4.411584854125977, -4.9268452130490914e-05
n,-0.90678870677948, 4.411567211151123, -5.522690116777085e-05
n,-0.9000895619392395, 4.412939071655273, 0.0
n,-0.9096958637237549, 4.410967826843262, -0.0026711230166256428
n,-0.9069244265556335, 4.411539554595947, 7.836327858967707e-05
n,-0.9000895619392395, 4.412939071655273, 0.0
n,4.421525478363037, 0.8569151163101196, 0.0
n,4.42203950881958, 0.8542575836181641, 0.00026931913453154266
n,4.421715259552002, 0.8559353947639465, -0.0005789604620076716
n,0.9063391089439392, -4.411660194396973, 0.0
n,0.9216354489326477, -4.40848970413208, 0.0
n,0.9055068492889404, -4.411830425262451, 0.0
n,0.9082501530647278, -4.411266326904297, 0.0010101177031174302
u,0.8658776879310608, 0.4377653896808624, 0
u,0.9864423274993896, 0.3710601031780243, 0
u,0.9864423274993896, 0.4377653896808624, 0
u,0.0, 0.0, 0
u,0.0, 0.0, 0
u,0.0, 0.0, 0
u,0.9446821808815002, 0.9089645743370056, 0
u,0.8965587019920349, 0.9461711049079895, 0
u,0.8968644738197327, 0.9087687134742737, 0
u,0.8736931085586548, 0.9916874170303345, 0
u,0.8736931085586548, 0.6772760152816772, 0
u,0.8968644738197327, 0.9087687134742737, 0
u,0.8968644738197327, 0.9087687134742737, 0
u,0.8988838195800781, 0.6618515253067017, 0
u,0.904972493648529, 0.7817301154136658, 0
u,0.8658776879310608, 0.9973666071891785, 0
u,0.8658776879310608, 0.6746832728385925, 0
u,0.8736931085586548, 0.9916874170303345, 0
u,0.9747745990753174, 0.7316647171974182, 0
u,0.9268106818199158, 0.7622507214546204, 0
u,0.9270641207695007, 0.731487512588501, 0
u,0.9750357866287231, 0.7624272108078003, 0
u,0.9747745990753174, 0.7316647171974182, 0
u,0.9968323707580566, 0.7147167921066284, 0
u,0.9268106818199158, 0.7622507214546204, 0
u,0.904972493648529, 0.7817301154136658, 0
u,0.9044061899185181, 0.7143483757972717, 0
u,0.8658776879310608, 0.5799260139465332, 0
u,0.9580134153366089, 0.5439682006835938, 0
u,0.9580134153366089, 0.5799260139465332, 0
u,0.8658776879310608, 0.5057306289672852, 0
u,0.9580134153366089, 0.5439682006835938, 0
u,0.8658776879310608, 0.5439682006835938, 0
u,0.9580134153366089, 0.6536617875099182, 0
u,0.8658776879310608, 0.6181582808494568, 0
u,0.9580134153366089, 0.6181582808494568, 0
u,0.9580134153366089, 0.5799260139465332, 0
u,0.8658776879310608, 0.6181582808494568, 0
u,0.8658776879310608, 0.5799260139465332, 0
u,0.8399363160133362, 0.9991928935050964, 0
u,0.0, 0.9173080921173096, 0
u,0.8399363160133362, 0.9173080921173096, 0
u,0.8399363160133362, 0.25052958726882935, 0
u,0.0, 0.29225578904151917, 0
u,0.0, 0.25052958726882935, 0
u,0.8399363160133362, 0.32067200541496277, 0
u,0.0, 0.29225578904151917, 0
u,0.8399363160133362, 0.29225578904151917, 0
u,0.8399363160133362, 0.6450930237770081, 0
u,0.0, 0.32067200541496277, 0
u,0.8399363160133362, 0.32067200541496277, 0
u,0.8399363160133362, 0.6450930237770081, 0
u,0.0, 0.7410029768943787, 0
u,0.0, 0.6450930237770081, 0
u,0.8399363160133362, 0.8757529854774475, 0
u,0.0, 0.7410029768943787, 0
u,0.8399363160133362, 0.7410029768943787, 0
u,0.8399363160133362, 0.9173080921173096, 0
u,0.0, 0.8757529854774475, 0
u,0.8399363160133362, 0.8757529854774475, 0
u,0.0, 0.136103093624115, 0
u,0.8399363160133362, 0.2022867053747177, 0
u,0.0, 0.2022867053747177, 0
u,0.8399363160133362, 0.2022867053747177, 0
u,0.0, 0.25052958726882935, 0
u,0.0, 0.2022867053747177, 0
u,0.8422091007232666, 0.2734144926071167, 0
u,0.8634964227676392, 0.22920960187911987, 0
u,0.8634964227676392, 0.2734144926071167, 0
u,0.8422091007232666, 0.2734144926071167, 0
u,0.8634964227676392, 0.2734144926071167, 0
u,0.8634964227676392, 0.3105965852737427, 0
u,0.8422091007232666, 0.33516159653663635, 0
u,0.8634964227676392, 0.3111017942428589, 0
u,0.8634964227676392, 0.33516159653663635, 0
u,0.8422091007232666, 0.33516159653663635, 0
u,0.8634964227676392, 0.6563057899475098, 0
u,0.8422091007232666, 0.6563057899475098, 0
u,0.8422091007232666, 0.6563057899475098, 0
u,0.8634964227676392, 0.6563057899475098, 0
u,0.8634964227676392, 0.6729940176010132, 0
u,0.8422091007232666, 0.8674491047859192, 0
u,0.8634964227676392, 0.74214768409729, 0
u,0.8634964227676392, 0.8674491047859192, 0
u,0.8422091007232666, 0.9096670150756836, 0
u,0.8634964227676392, 0.8674491047859192, 0
u,0.8634964227676392, 0.9096670150756836, 0
u,0.8422091007232666, 0.998690128326416, 0
u,0.8634964227676392, 0.9096670150756836, 0
u,0.8634964227676392, 0.998690128326416, 0
u,0.8634964227676392, 0.20773640275001526, 0
u,0.8422091007232666, 0.22920960187911987, 0
u,0.8422091007232666, 0.20773640275001526, 0
u,0.9635300040245056, 0.26865509152412415, 0
u,0.8658776879310608, 0.30376359820365906, 0
u,0.8658776879310608, 0.26865509152412415, 0
u,0.9635300040245056, 0.26865509152412415, 0
u,0.8658776879310608, 0.2378222942352295, 0
u,0.9635300040245056, 0.2378222942352295, 0
u,0.9635300040245056, 0.36933109164237976, 0
u,0.8658776879310608, 0.334597110748291, 0
u,0.9635300040245056, 0.334597110748291, 0
u,0.9635300040245056, 0.30376359820365906, 0
u,0.8658776879310608, 0.334597110748291, 0
u,0.8658776879310608, 0.30376359820365906, 0
u,0.9228733777999878, 0.016951000317931175, 0
u,0.8233816027641296, 0.02671400085091591, 0
u,0.8233816027641296, 0.021119000390172005, 0
u,0.8233816027641296, 0.09206409752368927, 0
u,0.0, 0.06759980320930481, 0
u,0.9228733777999878, 0.06759980320930481, 0
u,0.9658108949661255, 0.4988641142845154, 0
u,0.8658776879310608, 0.4541589915752411, 0
u,0.9864423274993896, 0.4377653896808624, 0
u,0.8658776879310608, 0.4377653896808624, 0
u,0.8658776879310608, 0.3710601031780243, 0
u,0.9864423274993896, 0.3710601031780243, 0
u,0.0, 0.0, 0
u,0.0, 0.0, 0
u,0.0, 0.0, 0
u,0.0, 0.0, 0
u,0.0, 0.0, 0
u,0.0, 0.0, 0
u,0.0, 0.0, 0
u,0.0, 0.0, 0
u,0.0, 0.0, 0
u,0.0, 0.0, 0
u,0.0, 0.0, 0
u,0.0, 0.0, 0
u,0.0, 0.0, 0
u,0.0, 0.0, 0
u,0.0, 0.0, 0
u,0.0, 0.0, 0
u,0.0, 0.0, 0
u,0.0, 0.0, 0
u,0.0, 0.0, 0
u,0.0, 0.0, 0
u,0.0, 0.0, 0
u,0.0, 0.0, 0
u,0.0, 0.0, 0
u,0.0, 0.0, 0
u,0.9446821808815002, 0.9089645743370056, 0
u,0.9449883103370667, 0.9463722109794617, 0
u,0.8965587019920349, 0.9461711049079895, 0
u,0.8736931085586548, 0.6772760152816772, 0
u,0.8982027769088745, 0.6618515849113464, 0
u,0.8988838195800781, 0.6618515253067017, 0
u,0.8968644738197327, 0.9087687134742737, 0
u,0.8965587019920349, 0.9461711049079895, 0
u,0.8736931085586548, 0.9916874170303345, 0
u,0.8965587019920349, 0.9461711049079895, 0
u,0.8961864709854126, 0.991680383682251, 0
u,0.8736931085586548, 0.9916874170303345, 0
u,0.8736931085586548, 0.6772760152816772, 0
u,0.8988838195800781, 0.6618515253067017, 0
u,0.8968644738197327, 0.9087687134742737, 0
u,0.904972493648529, 0.7817301154136658, 0
u,0.9324715733528137, 0.7818397283554077, 0
u,0.9324771761894226, 0.8689965009689331, 0
u,0.9324771761894226, 0.8689965009689331, 0
u,0.9893810749053955, 0.8689771294593811, 0
u,0.9446821808815002, 0.9089645743370056, 0
u,0.9893810749053955, 0.8689771294593811, 0
u,0.9893962144851685, 0.9916514754295349, 0
u,0.9449883103370667, 0.9463722109794617, 0
u,0.9446821808815002, 0.9089645743370056, 0
u,0.9893810749053955, 0.8689771294593811, 0
u,0.9449883103370667, 0.9463722109794617, 0
u,0.9893962144851685, 0.9916514754295349, 0
u,0.8961864709854126, 0.991680383682251, 0
u,0.9449883103370667, 0.9463722109794617, 0
u,0.8961864709854126, 0.991680383682251, 0
u,0.8965587019920349, 0.9461711049079895, 0
u,0.9449883103370667, 0.9463722109794617, 0
u,0.8988838195800781, 0.6618515253067017, 0
u,0.9490001201629639, 0.661838173866272, 0
u,0.9044061899185181, 0.7143483757972717, 0
u,0.9490001201629639, 0.661838173866272, 0
u,0.9893761873245239, 0.693664014339447, 0
u,0.9044061899185181, 0.7143483757972717, 0
u,0.9893761873245239, 0.693664014339447, 0
u,0.9893758296966553, 0.7146869897842407, 0
u,0.9044061899185181, 0.7143483757972717, 0
u,0.8988838195800781, 0.6618515253067017, 0
u,0.9044061899185181, 0.7143483757972717, 0
u,0.904972493648529, 0.7817301154136658, 0
u,0.904972493648529, 0.7817301154136658, 0
u,0.9324771761894226, 0.8689965009689331, 0
u,0.8968644738197327, 0.9087687134742737, 0
u,0.9324771761894226, 0.8689965009689331, 0
u,0.9446821808815002, 0.9089645743370056, 0
u,0.8968644738197327, 0.9087687134742737, 0
u,0.9971916079521179, 0.6914473176002502, 0
u,0.9971902966499329, 0.7572764158248901, 0
u,0.9968323707580566, 0.7147167921066284, 0
u,0.9968323707580566, 0.7147167921066284, 0
u,0.9893758296966553, 0.7146869897842407, 0
u,0.9893761873245239, 0.693664014339447, 0
u,0.9971916079521179, 0.6914473176002502, 0
u,0.9968323707580566, 0.7147167921066284, 0
u,0.9893761873245239, 0.693664014339447, 0
u,0.9324715733528137, 0.7818397283554077, 0
u,0.9402871131896973, 0.7818707823753357, 0
u,0.9402921795845032, 0.86331707239151, 0
u,0.9971916079521179, 0.6914473176002502, 0
u,0.9893761873245239, 0.693664014339447, 0
u,0.9490001201629639, 0.661838173866272, 0
u,0.9324771761894226, 0.8689965009689331, 0
u,0.9324715733528137, 0.7818397283554077, 0
u,0.9402921795845032, 0.86331707239151, 0
u,0.9893810749053955, 0.8689771294593811, 0
u,0.9324771761894226, 0.8689965009689331, 0
u,0.9402921795845032, 0.86331707239151, 0
u,0.9524247050285339, 0.6561604738235474, 0
u,0.9971916079521179, 0.6914473176002502, 0
u,0.9490001201629639, 0.661838173866272, 0
u,0.9524247050285339, 0.6561604738235474, 0
u,0.9490001201629639, 0.661838173866272, 0
u,0.8952869176864624, 0.6561756730079651, 0
u,0.9490001201629639, 0.661838173866272, 0
u,0.8982027769088745, 0.6618515849113464, 0
u,0.8952869176864624, 0.6561756730079651, 0
u,0.9893810749053955, 0.8689771294593811, 0
u,0.9402921795845032, 0.86331707239151, 0
u,0.9971957802772522, 0.8632975816726685, 0
u,0.9893962144851685, 0.9916514754295349, 0
u,0.9893810749053955, 0.8689771294593811, 0
u,0.9972121715545654, 0.9973258972167969, 0
u,0.9893810749053955, 0.8689771294593811, 0
u,0.9971957802772522, 0.8632975816726685, 0
u,0.9972121715545654, 0.9973258972167969, 0
u,0.8952869176864624, 0.6561756730079651, 0
u,0.8982027769088745, 0.6618515849113464, 0
u,0.8736931085586548, 0.6772760152816772, 0
u,0.8736931085586548, 0.9916874170303345, 0
u,0.9893962144851685, 0.9916514754295349, 0
u,0.9972121715545654, 0.9973258972167969, 0
u,0.8658776879310608, 0.6746832728385925, 0
u,0.8952869176864624, 0.6561756730079651, 0
u,0.8736931085586548, 0.6772760152816772, 0
u,0.8736931085586548, 0.9916874170303345, 0
u,0.9972121715545654, 0.9973258972167969, 0
u,0.8658776879310608, 0.9973666071891785, 0
u,0.8658776879310608, 0.6746832728385925, 0
u,0.8736931085586548, 0.6772760152816772, 0
u,0.8736931085586548, 0.9916874170303345, 0
u,0.9747745990753174, 0.7316647171974182, 0
u,0.9750357866287231, 0.7624272108078003, 0
u,0.9268106818199158, 0.7622507214546204, 0
u,0.9747745990753174, 0.7316647171974182, 0
u,0.9270641207695007, 0.731487512588501, 0
u,0.9272044897079468, 0.7144392728805542, 0
u,0.9973989725112915, 0.7820984125137329, 0
u,0.9266495108604431, 0.7818164825439453, 0
u,0.9750357866287231, 0.7624272108078003, 0
u,0.9266495108604431, 0.7818164825439453, 0
u,0.9268106818199158, 0.7622507214546204, 0
u,0.9750357866287231, 0.7624272108078003, 0
u,0.9747745990753174, 0.7316647171974182, 0
u,0.9272044897079468, 0.7144392728805542, 0
u,0.9968323707580566, 0.7147167921066284, 0
u,0.9973989725112915, 0.7820984125137329, 0
u,0.9750357866287231, 0.7624272108078003, 0
u,0.9968323707580566, 0.7147167921066284, 0
u,0.9044061899185181, 0.7143483757972717, 0
u,0.9272044897079468, 0.7144392728805542, 0
u,0.9270641207695007, 0.731487512588501, 0
u,0.9268106818199158, 0.7622507214546204, 0
u,0.9266495108604431, 0.7818164825439453, 0
u,0.904972493648529, 0.7817301154136658, 0
u,0.9044061899185181, 0.7143483757972717, 0
u,0.9270641207695007, 0.731487512588501, 0
u,0.9268106818199158, 0.7622507214546204, 0
u,0.8658776879310608, 0.5799260139465332, 0
u,0.8658776879310608, 0.5439682006835938, 0
u,0.9580134153366089, 0.5439682006835938, 0
u,0.8658776879310608, 0.5057306289672852, 0
u,0.9580134153366089, 0.5057306289672852, 0
u,0.9580134153366089, 0.5439682006835938, 0
u,0.9580134153366089, 0.6536617875099182, 0
u,0.8658776879310608, 0.6536617875099182, 0
u,0.8658776879310608, 0.6181582808494568, 0
u,0.9580134153366089, 0.5799260139465332, 0
u,0.9580134153366089, 0.6181582808494568, 0
u,0.8658776879310608, 0.6181582808494568, 0
u,0.8399363160133362, 0.9991928935050964, 0
u,0.0, 0.9991928935050964, 0
u,0.0, 0.9173080921173096, 0
u,0.8399363160133362, 0.25052958726882935, 0
u,0.8399363160133362, 0.29225578904151917, 0
u,0.0, 0.29225578904151917, 0
u,0.8399363160133362, 0.32067200541496277, 0
u,0.0, 0.32067200541496277, 0
u,0.0, 0.29225578904151917, 0
u,0.8399363160133362, 0.6450930237770081, 0
u,0.0, 0.6450930237770081, 0
u,0.0, 0.32067200541496277, 0
u,0.8399363160133362, 0.6450930237770081, 0
u,0.8399363160133362, 0.7410029768943787, 0
u,0.0, 0.7410029768943787, 0
u,0.8399363160133362, 0.8757529854774475, 0
u,0.0, 0.8757529854774475, 0
u,0.0, 0.7410029768943787, 0
u,0.8399363160133362, 0.9173080921173096, 0
u,0.0, 0.9173080921173096, 0
u,0.0, 0.8757529854774475, 0
u,0.0, 0.136103093624115, 0
u,0.8399363160133362, 0.136103093624115, 0
u,0.8399363160133362, 0.2022867053747177, 0
u,0.8399363160133362, 0.2022867053747177, 0
u,0.8399363160133362, 0.25052958726882935, 0
u,0.0, 0.25052958726882935, 0
u,0.8422091007232666, 0.2734144926071167, 0
u,0.8422091007232666, 0.22920960187911987, 0
u,0.8634964227676392, 0.22920960187911987, 0
u,0.8634964227676392, 0.3111017942428589, 0
u,0.8422091007232666, 0.3111017942428589, 0
u,0.8634964227676392, 0.3105965852737427, 0
u,0.8422091007232666, 0.3111017942428589, 0
u,0.8422091007232666, 0.2734144926071167, 0
u,0.8634964227676392, 0.3105965852737427, 0
u,0.8422091007232666, 0.33516159653663635, 0
u,0.8422091007232666, 0.3111017942428589, 0
u,0.8634964227676392, 0.3111017942428589, 0
u,0.8422091007232666, 0.33516159653663635, 0
u,0.8634964227676392, 0.33516159653663635, 0
u,0.8634964227676392, 0.6563057899475098, 0
u,0.8634964227676392, 0.74214768409729, 0
u,0.8422091007232666, 0.74214768409729, 0
u,0.8634964227676392, 0.6729940176010132, 0
u,0.8422091007232666, 0.74214768409729, 0
u,0.8422091007232666, 0.6563057899475098, 0
u,0.8634964227676392, 0.6729940176010132, 0
u,0.8422091007232666, 0.8674491047859192, 0
u,0.8422091007232666, 0.74214768409729, 0
u,0.8634964227676392, 0.74214768409729, 0
u,0.8422091007232666, 0.9096670150756836, 0
u,0.8422091007232666, 0.8674491047859192, 0
u,0.8634964227676392, 0.8674491047859192, 0
u,0.8422091007232666, 0.998690128326416, 0
u,0.8422091007232666, 0.9096670150756836, 0
u,0.8634964227676392, 0.9096670150756836, 0
u,0.8634964227676392, 0.20773640275001526, 0
u,0.8634964227676392, 0.22920960187911987, 0
u,0.8422091007232666, 0.22920960187911987, 0
u,0.9635300040245056, 0.26865509152412415, 0
u,0.9635300040245056, 0.30376359820365906, 0
u,0.8658776879310608, 0.30376359820365906, 0
u,0.9635300040245056, 0.26865509152412415, 0
u,0.8658776879310608, 0.26865509152412415, 0
u,0.8658776879310608, 0.2378222942352295, 0
u,0.9635300040245056, 0.36933109164237976, 0
u,0.8658776879310608, 0.36933109164237976, 0
u,0.8658776879310608, 0.334597110748291, 0
u,0.9635300040245056, 0.30376359820365906, 0
u,0.9635300040245056, 0.334597110748291, 0
u,0.8658776879310608, 0.334597110748291, 0
u,0.9228733777999878, 0.06759980320930481, 0
u,0.0, 0.06759980320930481, 0
u,0.8233816027641296, 0.02671400085091591, 0
u,0.0, 0.06759980320930481, 0
u,0.0, 0.02671400085091591, 0
u,0.8233816027641296, 0.02671400085091591, 0
u,0.8028414249420166, 0.0014326999662443995, 0
u,0.9228733777999878, 0.0014326999662443995, 0
u,0.8233816027641296, 0.021119000390172005, 0
u,0.9228733777999878, 0.0014326999662443995, 0
u,0.9228733777999878, 0.016951000317931175, 0
u,0.8233816027641296, 0.021119000390172005, 0
u,0.9228733777999878, 0.016951000317931175, 0
u,0.9228733777999878, 0.06759980320930481, 0
u,0.8233816027641296, 0.02671400085091591, 0
u,0.8233816027641296, 0.021119000390172005, 0
u,0.8028414249420166, 0.021119000390172005, 0
u,0.8028414249420166, 0.0014326999662443995, 0
u,0.9228733777999878, 0.1340104043483734, 0
u,0.8233816027641296, 0.1340104043483734, 0
u,0.8233816027641296, 0.09206409752368927, 0
u,0.8233816027641296, 0.09206409752368927, 0
u,0.0, 0.09206409752368927, 0
u,0.0, 0.06759980320930481, 0
u,0.9228733777999878, 0.06759980320930481, 0
u,0.9228733777999878, 0.1340104043483734, 0
u,0.8233816027641296, 0.09206409752368927, 0
u,0.9864423274993896, 0.4377653896808624, 0
u,0.9864423274993896, 0.4988641142845154, 0
u,0.9658108949661255, 0.4988641142845154, 0
u,0.9658108949661255, 0.4988641142845154, 0
u,0.9658108949661255, 0.5042259097099304, 0
u,0.8658776879310608, 0.5042259097099304, 0
u,0.8658776879310608, 0.4541589915752411, 0
u,0.8658776879310608, 0.4377653896808624, 0
u,0.9864423274993896, 0.4377653896808624, 0
u,0.9658108949661255, 0.4988641142845154, 0
u,0.8658776879310608, 0.5042259097099304, 0
u,0.8658776879310608, 0.4541589915752411, 0
