s,153.24853515625, 106.869140625, -0.1858968734741211
b,155.839599609375, 109.15625, 3.4961953163146973
v,155.564208984375, 107.9912109375, 2.7813220024108887
v,155.564453125, 107.9921875, -0.1857295036315918
v,155.839599609375, 108.2109375, -0.185699462890625
v,155.83935546875, 108.2099609375, 2.7813515663146973
v,153.248779296875, 108.0380859375, -0.1858968734741211
v,153.376220703125, 108.1416015625, -0.1858835220336914
v,153.372802734375, 108.1455078125, -0.1858835220336914
v,154.615966796875, 109.15625, -0.18575048446655273
v,155.015380859375, 108.666015625, -0.18574190139770508
v,155.2978515625, 108.8896484375, -0.18571138381958008
v,155.83935546875, 108.2109375, -0.185699462890625
v,155.564208984375, 107.9921875, -0.1857295036315918
v,155.56787109375, 107.9873046875, -0.1857295036315918
v,154.829345703125, 107.38671875, -0.1858081817626953
v,154.8330078125, 107.3818359375, -0.1858081817626953
v,154.199951171875, 106.8701171875, -0.18587589263916016
v,154.8330078125, 107.3818359375, 3.4961953163146973
v,153.881591796875, 108.5498046875, 3.49617338180542
v,153.24853515625, 108.0380859375, 3.4961066246032715
v,154.19970703125, 106.869140625, 3.4961276054382324
v,153.3759765625, 108.1416015625, 3.006533145904541
v,153.881591796875, 108.5498046875, 3.006587505340576
v,154.8291015625, 107.38671875, 3.006608486175537
v,155.567626953125, 107.9873046875, 3.006687641143799
v,154.61572265625, 109.15625, 3.0066657066345215
v,153.37255859375, 108.1455078125, 3.006533145904541
v,155.01513671875, 108.6650390625, 2.7813096046447754
v,155.56396484375, 107.9912109375, 2.7813220024108887
v,155.839111328125, 108.2099609375, 2.7813515663146973
v,155.297607421875, 108.8896484375, 2.7813401222229004
v,154.199951171875, 106.8701171875, -0.18587589263916016
v,154.19970703125, 106.869140625, 3.4961276054382324
v,153.24853515625, 108.0380859375, 3.4961066246032715
v,153.248779296875, 108.0380859375, -0.1858968734741211
v,153.881591796875, 108.5498046875, 3.006587505340576
v,153.3759765625, 108.1416015625, 3.006533145904541
v,153.376220703125, 108.1416015625, -0.1858835220336914
v,153.248779296875, 108.0380859375, -0.1858968734741211
v,153.24853515625, 108.0380859375, 3.4961066246032715
v,153.881591796875, 108.5498046875, 3.49617338180542
v,153.881591796875, 108.5498046875, 3.49617338180542
v,154.8330078125, 107.3818359375, 3.4961953163146973
v,154.8330078125, 107.3818359375, -0.1858081817626953
v,154.829345703125, 107.38671875, -0.1858081817626953
v,154.8291015625, 107.38671875, 3.006608486175537
v,153.881591796875, 108.5498046875, 3.006587505340576
v,154.8330078125, 107.3818359375, 3.4961953163146973
v,154.19970703125, 106.869140625, 3.4961276054382324
v,154.199951171875, 106.8701171875, -0.18587589263916016
v,154.8330078125, 107.3818359375, -0.1858081817626953
v,153.376220703125, 108.1416015625, -0.1858835220336914
v,153.3759765625, 108.1416015625, 3.006533145904541
v,153.37255859375, 108.1455078125, 3.006533145904541
v,153.372802734375, 108.1455078125, -0.1858835220336914
v,153.372802734375, 108.1455078125, -0.1858835220336914
v,153.37255859375, 108.1455078125, 3.006533145904541
v,154.61572265625, 109.15625, 3.0066657066345215
v,154.615966796875, 109.15625, -0.18575048446655273
v,155.56396484375, 107.9912109375, 2.7813220024108887
v,155.01513671875, 108.6650390625, 2.7813096046447754
v,155.015380859375, 108.666015625, -0.18574190139770508
v,154.615966796875, 109.15625, -0.18575048446655273
v,154.61572265625, 109.15625, 3.0066657066345215
v,155.567626953125, 107.9873046875, 3.006687641143799
v,155.56787109375, 107.9873046875, -0.1857295036315918
v,155.564208984375, 107.9921875, -0.1857295036315918
v,155.567626953125, 107.9873046875, 3.006687641143799
v,154.8291015625, 107.38671875, 3.006608486175537
v,154.829345703125, 107.38671875, -0.1858081817626953
v,155.56787109375, 107.9873046875, -0.1857295036315918
v,155.297607421875, 108.8896484375, 2.7813401222229004
v,155.839111328125, 108.2099609375, 2.7813515663146973
v,155.83935546875, 108.2109375, -0.185699462890625
v,155.2978515625, 108.8896484375, -0.18571138381958008
v,155.015380859375, 108.666015625, -0.18574190139770508
v,155.01513671875, 108.6650390625, 2.7813096046447754
v,155.297607421875, 108.8896484375, 2.7813401222229004
v,155.2978515625, 108.8896484375, -0.18571138381958008
i,1,3,0
i,11,13,8
i,17,19,16
i,21,23,24
i,27,29,26
i,30,32,33
i,35,37,38
i,42,43,44
i,46,48,49
i,51,53,50
i,55,57,54
i,59,62,63
i,66,68,69
i,70,72,73
i,74,76,77
i,1,2,3
i,15,4,5
i,5,6,7
i,8,9,11
i,9,10,11
i,5,7,8
i,14,15,13
i,15,5,13
i,11,12,13
i,5,8,13
i,17,18,19
i,25,20,21
i,21,22,23
i,24,25,21
i,27,28,29
i,30,31,32
i,39,34,35
i,35,36,37
i,38,39,35
i,45,40,44
i,40,41,44
i,41,42,44
i,46,47,48
i,51,52,53
i,55,56,57
i,59,60,61
i,63,64,58
i,64,65,58
i,59,61,62
i,63,58,59
i,66,67,68
i,70,71,72
i,74,75,76
n,2.8012824058532715, -3.5266144275665283, -0.000826177594717592
n,0.0003307997831143439, 0.0001844787475420162, -4.50379753112793
n,-0.0003317082882858813, -0.00018532453395891935, 4.50379753112793
n,-0.00032925387495197356, -0.0001865596859715879, 4.50379753112793
n,-0.00033617118606343865, -0.00018885293684434146, 4.50379753112793
n,-3.4925239086151123, -2.8436715602874756, -0.00020567254978232086
n,-2.8341686725616455, 3.500239849090576, -0.00016690240590833127
n,3.4316205978393555, 2.916877269744873, 0.00023307776427827775
n,2.8339192867279053, -3.500441789627075, 0.0001668877521296963
n,-3.5168750286102295, -2.813500165939331, -0.00023886830604169518
n,-2.8407726287841797, 3.494882345199585, -0.0001929470308823511
n,3.4922876358032227, 2.843960762023926, -0.002348034642636776
n,2.8429176807403564, -3.4931375980377197, -0.0007559314835816622
n,3.5210392475128174, 2.8082871437072754, 0.0002573161036707461
n,-2.797602891921997, 3.529533624649048, -0.00020444767142180353
n,2.8012824058532715, -3.5266144275665283, -0.0008261775365099311
n,0.0003283662663307041, 0.00018573104171082377, -4.50379753112793
n,0.0002919452963396907, 0.00023355624580290169, -4.50379753112793
n,0.00033652380807325244, 0.00018914006068371236, -4.50379753112793
n,0.00033528145286254585, 0.00018877125694416463, -4.50379753112793
n,0.00032794004073366523, 0.000189585771295242, -4.50379753112793
n,0.0002855188795365393, 0.00024269105051644146, -4.50379753112793
n,0.0003309310122858733, 0.00018739260849542916, -4.50379753112793
n,0.00028394453693181276, 0.00024135285639204085, -4.50379753112793
n,0.00032951499451883137, 0.0001846655795816332, -4.50379753112793
n,-0.00032692294917069376, -0.00018441895372234285, 4.50379753112793
n,-0.0002932770876213908, -0.00023462166427634656, 4.50379753112793
n,-0.00032910931622609496, -0.00018612673738971353, 4.50379753112793
n,-0.00038524725823663175, -0.00011877080396516249, 4.50379753112793
n,-0.00033539856667630374, -0.0001886238023871556, 4.50379753112793
n,-3.4935569763183594, -2.842402458190918, -0.0008752825669944286
n,-2.8303229808807373, 3.5033504962921143, 0.0
n,-2.8337812423706055, 3.5005531311035156, -0.00019247217278461903
n,-2.831019639968872, 3.502786874771118, 0.0011900631943717599
n,3.491713762283325, 2.8446662425994873, 0.0
n,3.4914896488189697, 2.8449413776397705, -0.0010879447218030691
n,3.4203734397888184, 2.9300575256347656, 0.00020142365247011185
n,2.836812734603882, -3.4980969429016113, -0.0006569448742084205
n,-3.5168750286102295, -2.813500165939331, -0.00023886830604169518
n,-2.8407726287841797, 3.494882345199585, -0.00019294704543426633
n,3.4903526306152344, 2.8463363647460938, 0.0010871099075302482
n,3.4050097465515137, 2.947897434234619, 0.001032162457704544
n,3.4316201210021973, 2.916877269744873, 0.0011034380877390504
n,3.4928698539733887, 2.843247413635254, 0.00023723785125184804
n,3.492295503616333, 2.8439512252807617, -0.0023957095108926296
n,2.8404479026794434, -3.4951462745666504, 0.0001929249701788649
n,3.522785186767578, 2.806096076965332, 0.0010777171701192856
n,-2.8042478561401367, 3.524256944656372, 0.0008252717088907957
u,0.2779274880886078, 0.004935199860483408, 0
u,0.0, 0.07077910006046295, 0
u,0.0, 0.004935199860483408, 0
u,0.0, 0.0, 0
u,0.0, 0.0, 0
u,0.0, 0.0, 0
u,0.9969133734703064, 0.8039315938949585, 0
u,0.8194286823272705, 0.9957969188690186, 0
u,0.8192769885063171, 0.8035498261451721, 0
u,0.9969133734703064, 0.8039315938949585, 0
u,0.8199694752693176, 0.5790455937385559, 0
u,0.9977576732635498, 0.5794317126274109, 0
u,0.8206344842910767, 0.5790470242500305, 0
u,0.9226793050765991, 0.4942026138305664, 0
u,0.9231442213058472, 0.5792695879936218, 0
u,0.21703560650348663, 0.309237003326416, 0
u,0.07612349838018417, 0.9977129101753235, 0
u,0.07612349838018417, 0.309237003326416, 0
u,0.06079449877142906, 0.9061679244041443, 0
u,0.07612349838018417, 0.309237003326416, 0
u,0.07612349838018417, 0.9977129101753235, 0
u,0.29323610663414, 0.309237003326416, 0
u,0.29376640915870667, 0.309237003326416, 0
u,0.29376640915870667, 0.9061679244041443, 0
u,0.29323610663414, 0.9977129101753235, 0
u,0.21703560650348663, 0.309237003326416, 0
u,0.29323610663414, 0.309237003326416, 0
u,0.8165736198425293, 0.9963709712028503, 0
u,0.8160771727561951, 0.40160641074180603, 0
u,0.8165736198425293, 0.40160641074180603, 0
u,0.8160771727561951, 0.9963709712028503, 0
u,0.6668419241905212, 0.40160641074180603, 0
u,0.8160771727561951, 0.40160641074180603, 0
u,0.6079078912734985, 0.9543840885162354, 0
u,0.6668419241905212, 0.9963709712028503, 0
u,0.5264145731925964, 0.9963709712028503, 0
u,0.5264145731925964, 0.9963709712028503, 0
u,0.43775099515914917, 0.40160641074180603, 0
u,0.5264145731925964, 0.40160641074180603, 0
u,0.0, 0.2336360067129135, 0
u,0.2779274880886078, 0.07077910006046295, 0
u,0.2779274880886078, 0.2336360067129135, 0
u,0.2779274880886078, 0.3012048900127411, 0
u,0.0, 0.2336360067129135, 0
u,0.2779274880886078, 0.2336360067129135, 0
u,0.2779274880886078, 0.004935199860483408, 0
u,0.2779274880886078, 0.07077910006046295, 0
u,0.0, 0.07077910006046295, 0
u,0.0, 0.0, 0
u,0.0, 0.0, 0
u,0.0, 0.0, 0
u,0.0, 0.0, 0
u,0.0, 0.0, 0
u,0.0, 0.0, 0
u,0.0, 0.0, 0
u,0.0, 0.0, 0
u,0.0, 0.0, 0
u,0.0, 0.0, 0
u,0.0, 0.0, 0
u,0.0, 0.0, 0
u,0.0, 0.0, 0
u,0.0, 0.0, 0
u,0.0, 0.0, 0
u,0.0, 0.0, 0
u,0.0, 0.0, 0
u,0.0, 0.0, 0
u,0.0, 0.0, 0
u,0.0, 0.0, 0
u,0.0, 0.0, 0
u,0.0, 0.0, 0
u,0.0, 0.0, 0
u,0.0, 0.0, 0
u,0.0, 0.0, 0
u,0.0, 0.0, 0
u,0.0, 0.0, 0
u,0.9969133734703064, 0.8039315938949585, 0
u,0.9971835017204285, 0.9959840178489685, 0
u,0.8194286823272705, 0.9957969188690186, 0
u,0.9977576732635498, 0.9573115110397339, 0
u,0.9971290826797485, 0.9573103189468384, 0
u,0.9969133734703064, 0.8039315938949585, 0
u,0.9969133734703064, 0.8039315938949585, 0
u,0.8199461102485657, 0.803551197052002, 0
u,0.8199694752693176, 0.5790455937385559, 0
u,0.9977576732635498, 0.5794317126274109, 0
u,0.9977576732635498, 0.9573115110397339, 0
u,0.9969133734703064, 0.8039315938949585, 0
u,0.8206344842910767, 0.5790470242500305, 0
u,0.8201618790626526, 0.4961521029472351, 0
u,0.9226793050765991, 0.4942026138305664, 0
u,0.21703560650348663, 0.309237003326416, 0
u,0.21703560650348663, 0.9977129101753235, 0
u,0.07612349838018417, 0.9977129101753235, 0
u,0.0, 0.9977129101753235, 0
u,0.0, 0.9061679244041443, 0
u,0.06079449877142906, 0.9061679244041443, 0
u,0.06079449877142906, 0.9061679244041443, 0
u,0.06079449877142906, 0.309237003326416, 0
u,0.07612349838018417, 0.309237003326416, 0
u,0.07612349838018417, 0.9977129101753235, 0
u,0.0, 0.9977129101753235, 0
u,0.06079449877142906, 0.9061679244041443, 0
u,0.4340544044971466, 0.9061679244041443, 0
u,0.4340544044971466, 0.9977129101753235, 0
u,0.29376640915870667, 0.9061679244041443, 0
u,0.4340544044971466, 0.9977129101753235, 0
u,0.29323610663414, 0.9977129101753235, 0
u,0.29376640915870667, 0.9061679244041443, 0
u,0.29323610663414, 0.9977129101753235, 0
u,0.29323610663414, 0.309237003326416, 0
u,0.29376640915870667, 0.9061679244041443, 0
u,0.29323610663414, 0.9977129101753235, 0
u,0.21703560650348663, 0.9977129101753235, 0
u,0.21703560650348663, 0.309237003326416, 0
u,0.8165736198425293, 0.9963709712028503, 0
u,0.8160771727561951, 0.9963709712028503, 0
u,0.8160771727561951, 0.40160641074180603, 0
u,0.8160771727561951, 0.9963709712028503, 0
u,0.6668419241905212, 0.9963709712028503, 0
u,0.6668419241905212, 0.40160641074180603, 0
u,0.6079078912734985, 0.9543840885162354, 0
u,0.6079078912734985, 0.40160641074180603, 0
u,0.6668419241905212, 0.40160641074180603, 0
u,0.5264145731925964, 0.9963709712028503, 0
u,0.5264145731925964, 0.40160641074180603, 0
u,0.5269399285316467, 0.9543840885162354, 0
u,0.5264145731925964, 0.40160641074180603, 0
u,0.5269399285316467, 0.40160641074180603, 0
u,0.5269399285316467, 0.9543840885162354, 0
u,0.6079078912734985, 0.9543840885162354, 0
u,0.6668419241905212, 0.40160641074180603, 0
u,0.6668419241905212, 0.9963709712028503, 0
u,0.5264145731925964, 0.9963709712028503, 0
u,0.5269399285316467, 0.9543840885162354, 0
u,0.6079078912734985, 0.9543840885162354, 0
u,0.5264145731925964, 0.9963709712028503, 0
u,0.43775099515914917, 0.9963709712028503, 0
u,0.43775099515914917, 0.40160641074180603, 0
u,0.0, 0.2336360067129135, 0
u,0.0, 0.07077910006046295, 0
u,0.2779274880886078, 0.07077910006046295, 0
u,0.2779274880886078, 0.3012048900127411, 0
u,0.0, 0.3012048900127411, 0
u,0.0, 0.2336360067129135, 0
