s,143.479248046875, 80.3564453125, -0.25414180755615234
b,151.9189453125, 87.2236328125, 8.013553619384766
v,150.000732421875, 82.82421875, 8.013469696044922
v,150.000732421875, 82.82421875, 6.7278876304626465
v,150.962646484375, 82.9892578125, 6.7279582023620605
v,150.962646484375, 82.9892578125, 8.013540267944336
v,147.43603515625, 84.4609375, -0.25391435623168945
v,144.768798828125, 83.671875, -0.25411319732666016
v,144.761962890625, 83.6943359375, -0.25411319732666016
v,144.36328125, 83.57421875, -0.25414180755615234
v,144.1015625, 84.4150390625, -0.25413942337036133
v,144.0947265625, 84.4130859375, -0.25413942337036133
v,143.4794921875, 86.341796875, -0.2541317939758301
v,146.2158203125, 87.2236328125, -0.25392675399780273
v,148.977294921875, 84.9306640625, -0.2537965774536133
v,149.4921875, 85.0810546875, -0.2537574768066406
v,151.9189453125, 83.353515625, -0.2536277770996094
v,151.50341796875, 81.1591796875, -0.2537083625793457
v,148.59814453125, 80.3564453125, -0.25392961502075195
v,144.4970703125, 84.525390625, 6.0303635597229
v,144.165283203125, 84.4326171875, 6.030338764190674
v,144.40673828125, 83.65625, 6.030336856842041
v,144.741455078125, 83.7568359375, 6.030360698699951
v,144.10107421875, 84.4150390625, 6.085843563079834
v,144.36279296875, 83.57421875, 6.085839748382568
v,144.76171875, 83.6943359375, 6.085870265960693
v,144.741455078125, 83.7568359375, 6.085870265960693
v,144.40673828125, 83.65625, 6.085845470428467
v,144.165283203125, 84.4326171875, 6.0858473777771
v,143.647705078125, 85.8125, 6.4943928718566895
v,144.09423828125, 84.4130859375, 6.494387149810791
v,144.4970703125, 84.525390625, 6.4944167137146
v,144.5703125, 84.662109375, 6.494425296783447
v,144.16748046875, 84.548828125, 6.494395732879639
v,143.787109375, 85.7412109375, 6.494400501251221
v,144.22119140625, 84.9619140625, 6.438900470733643
v,144.03271484375, 85.5673828125, 6.438903331756592
v,145.038330078125, 85.880859375, 6.4389777183532715
v,144.96337890625, 86.1201171875, 6.438978672027588
v,143.787109375, 85.7412109375, 6.438891887664795
v,144.16748046875, 84.548828125, 6.438887119293213
v,144.5703125, 84.662109375, 6.4389166831970215
v,144.84130859375, 83.8095703125, 6.438912868499756
v,145.612060546875, 84.037109375, 6.43897008895874
v,145.230224609375, 85.263671875, 6.438974857330322
v,146.071533203125, 86.4775390625, 6.439061641693115
v,144.96337890625, 86.1201171875, 6.438978672027588
v,145.038330078125, 85.880859375, 6.4389777183532715
v,145.230224609375, 85.263671875, 6.438974857330322
v,145.612060546875, 84.037109375, 6.43897008895874
v,145.887451171875, 84.119140625, 6.438991069793701
v,145.612060546875, 85.00390625, 6.43899393081665
v,146.27587890625, 85.2099609375, 6.43904447555542
v,146.5546875, 84.3154296875, 6.439040660858154
v,148.11865234375, 84.7783203125, 6.439158916473389
v,143.647705078125, 85.8125, 6.4943928718566895
v,143.787109375, 85.7412109375, 6.494400501251221
v,146.071533203125, 86.4775390625, 6.494570255279541
v,146.095458984375, 86.6015625, 6.4945759773254395
v,148.33349609375, 84.7431640625, 6.494680881500244
v,146.095458984375, 86.6015625, 6.4945759773254395
v,146.071533203125, 86.4775390625, 6.494570255279541
v,148.11865234375, 84.7783203125, 6.4946675300598145
v,148.31298828125, 84.73828125, 6.494679927825928
v,145.887451171875, 84.119140625, 6.494499683380127
v,144.84130859375, 83.8095703125, 6.494421482086182
v,144.5703125, 84.662109375, 6.494425296783447
v,144.4970703125, 84.525390625, 6.4944167137146
v,144.7685546875, 83.671875, 6.49441385269165
v,147.435546875, 84.4609375, 6.494612216949463
v,147.4296875, 84.48046875, 6.494613170623779
v,148.31298828125, 84.73828125, 6.494679927825928
v,148.11865234375, 84.7783203125, 6.4946675300598145
v,146.5546875, 84.3154296875, 6.49454927444458
v,146.585205078125, 84.2177734375, 6.494548320770264
v,145.918701171875, 84.01953125, 6.4944987297058105
v,149.423583984375, 81.2490234375, 7.00979471206665
v,148.587890625, 84.3447265625, 7.009809970855713
v,148.04296875, 84.1982421875, 7.009768962860107
v,148.87841796875, 81.1025390625, 7.009753704071045
v,149.258056640625, 84.896484375, 6.727885723114014
v,148.49853515625, 84.6767578125, 6.727827548980713
v,148.587890625, 84.3447265625, 6.72782564163208
v,149.423583984375, 81.2490234375, 6.727811336517334
v,149.561279296875, 80.7373046875, 6.727809429168701
v,151.40673828125, 81.2470703125, 6.727950572967529
v,151.749267578125, 83.056640625, 6.728016376495361
v,150.92919921875, 83.6630859375, 6.727973461151123
v,150.96240234375, 82.9892578125, 6.7279582023620605
v,150.00048828125, 82.82421875, 6.7278876304626465
v,149.89013671875, 83.44921875, 6.727894306182861
v,149.6728515625, 83.734375, 6.727885723114014
v,149.78173828125, 83.828125, 6.727896213531494
v,149.390625, 84.134765625, 6.72787618637085
v,149.688720703125, 84.515625, 6.727905750274658
v,150.1552734375, 84.150390625, 6.727929592132568
v,150.2080078125, 84.1953125, 6.727935314178467
v,149.47119140625, 84.958984375, 6.727901935577393
v,149.258056640625, 84.896484375, 6.727885723114014
v,150.2080078125, 84.1953125, 6.727935314178467
v,150.92919921875, 83.6630859375, 6.727973461151123
v,151.749267578125, 83.056640625, 6.728016376495361
v,151.796142578125, 83.3037109375, 6.728025913238525
v,148.87841796875, 81.1025390625, 6.727769374847412
v,148.04296875, 84.1982421875, 6.727784633636475
v,148.587890625, 84.3447265625, 6.72782564163208
v,148.49853515625, 84.6767578125, 6.727827548980713
v,147.56640625, 84.4052734375, 6.727756977081299
v,148.67431640625, 80.4921875, 6.727742671966553
v,149.561279296875, 80.7373046875, 6.727809429168701
v,149.423583984375, 81.2490234375, 6.727811336517334
v,147.4296875, 84.48046875, 6.949783802032471
v,148.597412109375, 80.3564453125, 6.949768543243408
v,148.67431640625, 80.4921875, 6.949777126312256
v,147.56640625, 84.4052734375, 6.949792385101318
v,147.4296875, 84.48046875, 6.949783802032471
v,147.56640625, 84.4052734375, 6.949792385101318
v,149.47119140625, 84.958984375, 6.949937343597412
v,149.49169921875, 85.0810546875, 6.949941158294678
v,149.49169921875, 85.0810546875, 6.949941158294678
v,149.47119140625, 84.958984375, 6.949937343597412
v,151.796142578125, 83.3037109375, 6.950061321258545
v,151.91845703125, 83.353515625, 6.950069904327393
v,151.796142578125, 83.3037109375, 6.950061321258545
v,151.40673828125, 81.2470703125, 6.949985027313232
v,151.5029296875, 81.158203125, 6.9499897956848145
v,151.91845703125, 83.353515625, 6.950069904327393
v,151.40673828125, 81.2470703125, 6.949985027313232
v,148.67431640625, 80.4921875, 6.949777126312256
v,148.597412109375, 80.3564453125, 6.949768543243408
v,151.5029296875, 81.158203125, 6.9499897956848145
v,150.155029296875, 84.150390625, 7.955782413482666
v,149.6884765625, 84.515625, 7.955758571624756
v,149.390625, 84.134765625, 7.955728054046631
v,149.78173828125, 83.828125, 7.955748081207275
v,150.2080078125, 84.1953125, 8.013517379760742
v,149.6728515625, 83.734375, 8.013467788696289
v,149.89013671875, 83.44921875, 8.01347541809082
v,150.00048828125, 82.82421875, 8.013469696044922
v,150.96240234375, 82.9892578125, 8.013540267944336
v,150.92919921875, 83.662109375, 8.013553619384766
v,145.230224609375, 85.263671875, 6.9030280113220215
v,145.038330078125, 85.880859375, 6.903030872344971
v,144.03271484375, 85.5673828125, 6.902956485748291
v,144.220947265625, 84.9619140625, 6.902952671051025
v,145.6953125, 84.958984375, 7.161721706390381
v,145.962890625, 84.1015625, 7.161718845367432
v,146.501708984375, 84.26171875, 7.161758899688721
v,146.232177734375, 85.126953125, 7.161762714385986
v,146.232177734375, 85.126953125, 7.217271327972412
v,146.501708984375, 84.26171875, 7.217268466949463
v,145.962890625, 84.1015625, 7.217227458953857
v,145.918701171875, 84.0185546875, 7.217222690582275
v,146.585205078125, 84.2177734375, 7.217271327972412
v,146.27587890625, 85.2099609375, 7.217276096343994
v,145.612060546875, 85.00390625, 7.217225551605225
v,145.6953125, 84.958984375, 7.217231273651123
v,145.962890625, 84.1015625, 7.217227458953857
v,145.6953125, 84.958984375, 7.217231273651123
v,145.612060546875, 85.00390625, 7.217225551605225
v,145.918701171875, 84.0185546875, 7.217222690582275
v,144.741455078125, 83.7568359375, 6.085870265960693
v,144.741455078125, 83.7568359375, 6.030360698699951
v,144.40673828125, 83.65625, 6.030336856842041
v,144.40673828125, 83.65625, 6.085845470428467
v,144.165283203125, 84.4326171875, 6.030338764190674
v,144.165283203125, 84.4326171875, 6.0858473777771
v,144.40673828125, 83.65625, 6.085845470428467
v,144.40673828125, 83.65625, 6.030336856842041
v,144.761962890625, 83.6943359375, -0.25411319732666016
v,144.76171875, 83.6943359375, 6.085870265960693
v,144.36279296875, 83.57421875, 6.085839748382568
v,144.36328125, 83.57421875, -0.25414180755615234
v,144.36279296875, 83.57421875, 6.085839748382568
v,144.10107421875, 84.4150390625, 6.085843563079834
v,144.1015625, 84.4150390625, -0.25413942337036133
v,144.36328125, 83.57421875, -0.25414180755615234
v,144.76171875, 83.6943359375, 6.085870265960693
v,144.761962890625, 83.6943359375, -0.25411319732666016
v,144.768798828125, 83.671875, -0.25411319732666016
v,144.7685546875, 83.671875, 6.49441385269165
v,144.4970703125, 84.525390625, 6.4944167137146
v,144.4970703125, 84.525390625, 6.0303635597229
v,144.741455078125, 83.7568359375, 6.030360698699951
v,144.741455078125, 83.7568359375, 6.085870265960693
v,148.977294921875, 84.9306640625, -0.2537965774536133
v,146.2158203125, 87.2236328125, -0.25392675399780273
v,146.21533203125, 87.22265625, 5.495443820953369
v,148.97705078125, 84.9306640625, 5.4955735206604
v,147.43603515625, 84.4609375, -0.25391435623168945
v,147.435546875, 84.4609375, 6.494612216949463
v,144.7685546875, 83.671875, 6.49441385269165
v,144.768798828125, 83.671875, -0.25411319732666016
v,143.479248046875, 86.3408203125, 5.495238780975342
v,146.21533203125, 87.22265625, 5.495443820953369
v,146.2158203125, 87.2236328125, -0.25392675399780273
v,143.4794921875, 86.341796875, -0.2541317939758301
v,143.4794921875, 86.341796875, -0.2541317939758301
v,144.0947265625, 84.4130859375, -0.25413942337036133
v,144.09423828125, 84.4130859375, 6.494387149810791
v,143.647705078125, 85.8125, 6.4943928718566895
v,143.479248046875, 86.3408203125, 5.495238780975342
v,143.647705078125, 85.8125, 6.4943928718566895
v,146.095458984375, 86.6015625, 6.4945759773254395
v,146.21533203125, 87.22265625, 5.495443820953369
v,143.479248046875, 86.3408203125, 5.495238780975342
v,148.97705078125, 84.9306640625, 5.4955735206604
v,146.21533203125, 87.22265625, 5.495443820953369
v,146.095458984375, 86.6015625, 6.4945759773254395
v,148.33349609375, 84.7431640625, 6.494680881500244
v,144.09423828125, 84.4130859375, 6.494387149810791
v,144.0947265625, 84.4130859375, -0.25413942337036133
v,144.1015625, 84.4150390625, -0.25413942337036133
v,144.10107421875, 84.4150390625, 6.085843563079834
v,144.165283203125, 84.4326171875, 6.0858473777771
v,144.165283203125, 84.4326171875, 6.030338764190674
v,144.4970703125, 84.525390625, 6.0303635597229
v,144.4970703125, 84.525390625, 6.4944167137146
v,143.787109375, 85.7412109375, 6.438891887664795
v,143.787109375, 85.7412109375, 6.494400501251221
v,144.16748046875, 84.548828125, 6.494395732879639
v,144.16748046875, 84.548828125, 6.438887119293213
v,146.071533203125, 86.4775390625, 6.439061641693115
v,146.071533203125, 86.4775390625, 6.494570255279541
v,143.787109375, 85.7412109375, 6.494400501251221
v,143.787109375, 85.7412109375, 6.438891887664795
v,144.96337890625, 86.1201171875, 6.438978672027588
v,148.11865234375, 84.7783203125, 6.439158916473389
v,148.11865234375, 84.7783203125, 6.4946675300598145
v,146.071533203125, 86.4775390625, 6.494570255279541
v,146.071533203125, 86.4775390625, 6.439061641693115
v,145.887451171875, 84.119140625, 6.494499683380127
v,145.887451171875, 84.119140625, 6.438991069793701
v,145.612060546875, 84.037109375, 6.43897008895874
v,144.84130859375, 83.8095703125, 6.438912868499756
v,144.84130859375, 83.8095703125, 6.494421482086182
v,148.11865234375, 84.7783203125, 6.439158916473389
v,146.5546875, 84.3154296875, 6.439040660858154
v,146.5546875, 84.3154296875, 6.49454927444458
v,148.11865234375, 84.7783203125, 6.4946675300598145
v,144.5703125, 84.662109375, 6.494425296783447
v,144.84130859375, 83.8095703125, 6.494421482086182
v,144.84130859375, 83.8095703125, 6.438912868499756
v,144.5703125, 84.662109375, 6.4389166831970215
v,144.16748046875, 84.548828125, 6.494395732879639
v,144.5703125, 84.662109375, 6.494425296783447
v,144.5703125, 84.662109375, 6.4389166831970215
v,144.16748046875, 84.548828125, 6.438887119293213
v,149.423583984375, 81.2490234375, 6.727811336517334
v,149.423583984375, 81.2490234375, 7.00979471206665
v,148.87841796875, 81.1025390625, 7.009753704071045
v,148.87841796875, 81.1025390625, 6.727769374847412
v,148.87841796875, 81.1025390625, 6.727769374847412
v,148.87841796875, 81.1025390625, 7.009753704071045
v,148.04296875, 84.1982421875, 7.009768962860107
v,148.04296875, 84.1982421875, 6.727784633636475
v,148.04296875, 84.1982421875, 6.727784633636475
v,148.04296875, 84.1982421875, 7.009768962860107
v,148.587890625, 84.3447265625, 7.009809970855713
v,148.587890625, 84.3447265625, 6.72782564163208
v,148.587890625, 84.3447265625, 6.72782564163208
v,148.587890625, 84.3447265625, 7.009809970855713
v,149.423583984375, 81.2490234375, 7.00979471206665
v,149.423583984375, 81.2490234375, 6.727811336517334
v,147.56640625, 84.4052734375, 6.727756977081299
v,147.56640625, 84.4052734375, 6.949792385101318
v,148.67431640625, 80.4921875, 6.949777126312256
v,148.67431640625, 80.4921875, 6.727742671966553
v,149.47119140625, 84.958984375, 6.727901935577393
v,149.47119140625, 84.958984375, 6.949937343597412
v,147.56640625, 84.4052734375, 6.949792385101318
v,147.56640625, 84.4052734375, 6.727756977081299
v,148.49853515625, 84.6767578125, 6.727827548980713
v,149.258056640625, 84.896484375, 6.727885723114014
v,151.796142578125, 83.3037109375, 6.728025913238525
v,151.796142578125, 83.3037109375, 6.950061321258545
v,149.47119140625, 84.958984375, 6.949937343597412
v,149.47119140625, 84.958984375, 6.727901935577393
v,151.40673828125, 81.2470703125, 6.949985027313232
v,151.796142578125, 83.3037109375, 6.950061321258545
v,151.796142578125, 83.3037109375, 6.728025913238525
v,151.749267578125, 83.056640625, 6.728016376495361
v,151.40673828125, 81.2470703125, 6.727950572967529
v,148.67431640625, 80.4921875, 6.949777126312256
v,151.40673828125, 81.2470703125, 6.949985027313232
v,151.40673828125, 81.2470703125, 6.727950572967529
v,149.561279296875, 80.7373046875, 6.727809429168701
v,148.67431640625, 80.4921875, 6.727742671966553
v,147.4296875, 84.48046875, 6.949783802032471
v,149.49169921875, 85.0810546875, 6.949941158294678
v,149.4921875, 85.0810546875, -0.2537574768066406
v,148.977294921875, 84.9306640625, -0.2537965774536133
v,148.97705078125, 84.9306640625, 5.4955735206604
v,148.33349609375, 84.7431640625, 6.494680881500244
v,148.31298828125, 84.73828125, 6.494679927825928
v,147.4296875, 84.48046875, 6.494613170623779
v,149.49169921875, 85.0810546875, 6.949941158294678
v,151.91845703125, 83.353515625, 6.950069904327393
v,151.9189453125, 83.353515625, -0.2536277770996094
v,149.4921875, 85.0810546875, -0.2537574768066406
v,151.91845703125, 83.353515625, 6.950069904327393
v,151.5029296875, 81.158203125, 6.9499897956848145
v,151.50341796875, 81.1591796875, -0.2537083625793457
v,151.9189453125, 83.353515625, -0.2536277770996094
v,151.5029296875, 81.158203125, 6.9499897956848145
v,148.597412109375, 80.3564453125, 6.949768543243408
v,148.59814453125, 80.3564453125, -0.25392961502075195
v,151.50341796875, 81.1591796875, -0.2537083625793457
v,147.4296875, 84.48046875, 6.494613170623779
v,147.435546875, 84.4609375, 6.494612216949463
v,147.43603515625, 84.4609375, -0.25391435623168945
v,148.59814453125, 80.3564453125, -0.25392961502075195
v,148.597412109375, 80.3564453125, 6.949768543243408
v,147.4296875, 84.48046875, 6.949783802032471
v,149.688720703125, 84.515625, 6.727905750274658
v,149.6884765625, 84.515625, 7.955758571624756
v,150.155029296875, 84.150390625, 7.955782413482666
v,150.1552734375, 84.150390625, 6.727929592132568
v,149.78173828125, 83.828125, 6.727896213531494
v,149.78173828125, 83.828125, 7.955748081207275
v,149.390625, 84.134765625, 7.955728054046631
v,149.390625, 84.134765625, 6.72787618637085
v,149.390625, 84.134765625, 6.72787618637085
v,149.390625, 84.134765625, 7.955728054046631
v,149.6884765625, 84.515625, 7.955758571624756
v,149.688720703125, 84.515625, 6.727905750274658
v,150.155029296875, 84.150390625, 7.955782413482666
v,149.78173828125, 83.828125, 7.955748081207275
v,149.78173828125, 83.828125, 6.727896213531494
v,149.6728515625, 83.734375, 6.727885723114014
v,149.6728515625, 83.734375, 8.013467788696289
v,150.2080078125, 84.1953125, 8.013517379760742
v,150.2080078125, 84.1953125, 6.727935314178467
v,150.1552734375, 84.150390625, 6.727929592132568
v,150.96240234375, 82.9892578125, 6.7279582023620605
v,150.92919921875, 83.6630859375, 6.727973461151123
v,150.92919921875, 83.662109375, 8.013553619384766
v,150.96240234375, 82.9892578125, 8.013540267944336
v,149.89013671875, 83.44921875, 8.01347541809082
v,149.89013671875, 83.44921875, 6.727894306182861
v,150.00048828125, 82.82421875, 6.7278876304626465
v,150.00048828125, 82.82421875, 8.013469696044922
v,149.6728515625, 83.734375, 8.013467788696289
v,149.6728515625, 83.734375, 6.727885723114014
v,149.89013671875, 83.44921875, 6.727894306182861
v,149.89013671875, 83.44921875, 8.01347541809082
v,150.2080078125, 84.1953125, 8.013517379760742
v,150.92919921875, 83.662109375, 8.013553619384766
v,150.92919921875, 83.6630859375, 6.727973461151123
v,150.2080078125, 84.1953125, 6.727935314178467
v,145.230224609375, 85.263671875, 6.9030280113220215
v,144.220947265625, 84.9619140625, 6.902952671051025
v,144.22119140625, 84.9619140625, 6.438900470733643
v,145.230224609375, 85.263671875, 6.438974857330322
v,144.22119140625, 84.9619140625, 6.438900470733643
v,144.220947265625, 84.9619140625, 6.902952671051025
v,144.03271484375, 85.5673828125, 6.902956485748291
v,144.03271484375, 85.5673828125, 6.438903331756592
v,145.038330078125, 85.880859375, 6.4389777183532715
v,144.03271484375, 85.5673828125, 6.438903331756592
v,144.03271484375, 85.5673828125, 6.902956485748291
v,145.038330078125, 85.880859375, 6.903030872344971
v,145.038330078125, 85.880859375, 6.4389777183532715
v,145.038330078125, 85.880859375, 6.903030872344971
v,145.230224609375, 85.263671875, 6.9030280113220215
v,145.230224609375, 85.263671875, 6.438974857330322
v,146.232177734375, 85.126953125, 7.217271327972412
v,145.6953125, 84.958984375, 7.217231273651123
v,145.6953125, 84.958984375, 7.161721706390381
v,146.232177734375, 85.126953125, 7.161762714385986
v,146.501708984375, 84.26171875, 7.217268466949463
v,146.232177734375, 85.126953125, 7.217271327972412
v,146.232177734375, 85.126953125, 7.161762714385986
v,146.501708984375, 84.26171875, 7.161758899688721
v,145.962890625, 84.1015625, 7.217227458953857
v,146.501708984375, 84.26171875, 7.217268466949463
v,146.501708984375, 84.26171875, 7.161758899688721
v,145.962890625, 84.1015625, 7.161718845367432
v,145.6953125, 84.958984375, 7.217231273651123
v,145.962890625, 84.1015625, 7.217227458953857
v,145.962890625, 84.1015625, 7.161718845367432
v,145.6953125, 84.958984375, 7.161721706390381
v,146.27587890625, 85.2099609375, 6.43904447555542
v,146.27587890625, 85.2099609375, 7.217276096343994
v,146.585205078125, 84.2177734375, 7.217271327972412
v,146.585205078125, 84.2177734375, 6.494548320770264
v,146.5546875, 84.3154296875, 6.49454927444458
v,146.5546875, 84.3154296875, 6.439040660858154
v,145.918701171875, 84.01953125, 6.4944987297058105
v,146.585205078125, 84.2177734375, 6.494548320770264
v,146.585205078125, 84.2177734375, 7.217271327972412
v,145.918701171875, 84.0185546875, 7.217222690582275
v,145.887451171875, 84.119140625, 6.438991069793701
v,145.887451171875, 84.119140625, 6.494499683380127
v,145.918701171875, 84.01953125, 6.4944987297058105
v,145.918701171875, 84.0185546875, 7.217222690582275
v,145.612060546875, 85.00390625, 7.217225551605225
v,145.612060546875, 85.00390625, 6.43899393081665
v,146.27587890625, 85.2099609375, 7.217276096343994
v,146.27587890625, 85.2099609375, 6.43904447555542
v,145.612060546875, 85.00390625, 6.43899393081665
v,145.612060546875, 85.00390625, 7.217225551605225
i,0,2,3
i,11,4,8
i,17,19,20
i,23,24,25
i,31,32,28
i,33,37,38
i,46,49,50
i,54,56,53
i,58,59,60
i,73,66,67
i,75,77,74
i,87,89,80
i,98,99,100
i,101,102,105
i,109,111,112
i,114,116,113
i,117,119,120
i,121,123,124
i,126,128,125
i,130,132,129
i,135,137,138
i,140,142,139
i,144,146,143
i,148,151,152
i,156,158,155
i,160,162,159
i,163,165,166
i,167,169,170
i,171,173,174
i,175,178,182
i,183,185,186
i,188,190,187
i,192,194,191
i,197,198,199
i,201,203,200
i,205,207,204
i,208,211,212
i,216,218,219
i,222,223,224
i,225,227,228
i,231,232,233
i,234,236,237
i,239,241,238
i,242,244,245
i,246,248,249
i,251,253,250
i,255,257,254
i,258,260,261
i,262,264,265
i,270,271,267
i,272,274,275
i,277,278,279
i,282,283,284
i,287,290,291
i,295,297,294
i,298,300,301
i,302,304,305
i,310,311,307
i,312,314,315
i,316,318,319
i,321,323,320
i,325,328,329
i,332,334,335
i,337,339,336
i,340,342,343
i,344,346,347
i,348,350,351
i,353,355,352
i,356,358,359
i,360,362,363
i,365,367,364
i,368,370,371
i,372,374,375
i,377,379,376
i,382,383,384
i,386,388,389
i,394,395,391
i,397,399,396
i,0,1,2
i,4,5,6
i,6,7,8
i,8,9,10
i,10,11,8
i,11,12,4
i,12,13,14
i,14,15,12
i,15,16,12
i,4,6,8
i,16,4,12
i,17,18,19
i,26,21,25
i,21,22,25
i,22,23,25
i,32,27,28
i,28,29,31
i,29,30,31
i,34,35,36
i,39,40,41
i,41,42,39
i,42,33,39
i,34,36,37
i,33,34,37
i,38,39,33
i,52,43,50
i,43,44,45
i,45,46,50
i,46,47,49
i,43,45,50
i,50,51,52
i,47,48,49
i,54,55,56
i,61,57,60
i,57,58,60
i,73,62,63
i,63,64,65
i,68,69,70
i,70,71,68
i,71,72,68
i,63,65,66
i,73,63,66
i,67,68,72
i,72,73,67
i,75,76,77
i,78,79,80
i,81,82,83
i,78,80,91
i,80,81,87
i,91,80,89
i,93,94,92
i,94,78,92
i,81,83,87
i,83,84,86
i,87,83,86
i,84,85,86
i,87,88,89
i,91,92,78
i,89,90,91
i,100,95,97
i,95,96,97
i,100,97,98
i,102,103,104
i,106,107,101
i,107,108,101
i,102,104,105
i,106,101,105
i,109,110,111
i,114,115,116
i,117,118,119
i,121,122,123
i,126,127,128
i,130,131,132
i,138,133,135
i,133,134,135
i,135,136,137
i,140,141,142
i,144,145,146
i,148,149,150
i,152,153,147
i,153,154,147
i,148,150,151
i,152,147,148
i,156,157,158
i,160,161,162
i,163,164,165
i,167,168,169
i,171,172,173
i,175,176,177
i,178,179,182
i,179,180,182
i,180,181,182
i,175,177,178
i,183,184,185
i,188,189,190
i,192,193,194
i,199,195,196
i,196,197,199
i,201,202,203
i,205,206,207
i,208,209,211
i,209,210,211
i,214,215,212
i,215,208,212
i,212,213,214
i,216,217,218
i,224,220,221
i,221,222,224
i,225,226,227
i,233,229,231
i,229,230,231
i,234,235,236
i,239,240,241
i,242,243,244
i,246,247,248
i,251,252,253
i,255,256,257
i,258,259,260
i,262,263,264
i,271,266,267
i,267,268,270
i,268,269,270
i,272,273,274
i,280,276,279
i,276,277,279
i,285,281,284
i,281,282,284
i,293,286,292
i,286,287,291
i,292,286,291
i,287,288,290
i,288,289,290
i,295,296,297
i,298,299,300
i,302,303,304
i,311,306,307
i,307,308,309
i,309,310,307
i,312,313,314
i,316,317,318
i,321,322,323
i,325,326,327
i,329,330,324
i,330,331,324
i,325,327,328
i,329,324,325
i,332,333,334
i,337,338,339
i,340,341,342
i,344,345,346
i,348,349,350
i,353,354,355
i,356,357,358
i,360,361,362
i,365,366,367
i,368,369,370
i,372,373,374
i,377,378,379
i,385,380,384
i,380,381,384
i,381,382,384
i,386,387,388
i,395,390,391
i,391,392,393
i,393,394,391
i,397,398,399
n,0.7644221782684326, -4.438451766967773, 0.0
n,0.00030273577431216836, 0.00011298670870019123, -4.50379753112793
n,-0.00029770476976409554, -0.00010956324695143849, 4.50379753112793
n,-0.00030146827339194715, -9.704801050247625e-05, 4.50379753112793
n,-0.00030491576762869954, -0.00011651746899588034, 4.50379753112793
n,-0.0002862385881599039, -0.0001105568153434433, 4.50379753112793
n,-0.000304772169329226, -0.00011005479609593749, 4.50379753112793
n,-0.0003019010182470083, -0.00010778834985103458, 4.50379753112793
n,-0.0003148576070088893, -0.000123441539471969, 4.50379753112793
n,-0.00048591874656267464, 0.0005115644889883697, 4.50379753112793
n,-0.0003076092107221484, -0.00010522549564484507, 4.50379753112793
n,-0.0003071011451538652, -0.00010217879753326997, 4.50379753112793
n,-0.0003181711654178798, -0.00010947155533358455, 4.50379753112793
n,-0.0003005197213497013, -0.00010205819125985727, 4.50379753112793
n,-0.00034187480923719704, -0.00011434891348471865, 4.50379753112793
n,-0.0003215391479898244, -7.747586641926318e-05, 4.50379753112793
n,-0.00028549335547722876, -6.540059257531539e-05, 4.50379753112793
n,-0.00026626879116520286, -0.00011295605509076267, 4.50379753112793
n,-0.0003191890718881041, -8.777229231782258e-05, 4.50379753112793
n,-0.0003146151721011847, -0.00010934344754787162, 4.50379753112793
n,-0.00031600199872627854, -0.00010639859829097986, 4.50379753112793
n,-0.00029756000731140375, -0.00011733912106137723, 4.50379753112793
n,-0.0003059082373511046, -0.00011313363938825205, 4.50379753112793
n,-0.000232882855925709, -9.569091344019398e-05, 4.50379753112793
n,-0.0003059549198951572, -0.00011314819130348042, 4.50379753112793
n,-1.2969772815704346, 4.3130083084106445, 0.0
n,4.300405979156494, 1.3381710052490234, 0.0
n,1.2948023080825806, -4.313662052154541, 8.856591011863202e-05
n,-4.300124645233154, -1.339073896408081, -0.00029413329320959747
n,-4.287131309509277, -1.3801039457321167, -0.0027117233257740736
n,2.8766181468963623, 3.465437889099121, 0.00021705884137190878
n,1.2766547203063965, -4.319067478179932, 0.00012305716518312693
n,-1.3818644285202026, 4.28656530380249, 0.0005945360753685236
n,-4.290666103363037, -1.3690787553787231, -0.0002665329084265977
n,-1.2074817419052124, 3.748464822769165, 2.1852211952209473
n,2.514420509338379, 3.0292251110076904, 2.1876187324523926
n,1.2295531034469604, -4.332711696624756, 0.0018334229243919253
n,4.29059362411499, 1.3693052530288696, 0.0
n,1.3812469244003296, -4.286764621734619, 0.0
n,-2.876250743865967, -3.465742588043213, 0.0
n,-1.2779871225357056, 4.318673610687256, 0.0
n,-1.276621699333191, 4.319077491760254, 0.0
n,4.292129039764404, 1.3644864559173584, 0.0
n,-1.213839054107666, 4.3371405601501465, 0.0
n,1.169502854347229, -4.349305152893066, 0.0
n,-4.3482136726379395, -1.17355477809906, 0.0
n,-1.1699368953704834, 4.349188327789307, 0.0
n,4.348136901855469, 1.173838496208191, 0.0
n,4.333442687988281, 1.2269761562347412, 0.0
n,1.254891037940979, -4.325424671173096, 0.01187844667583704
n,-2.612501382827759, -3.6686551570892334, 0.0
n,-4.42506742477417, 0.8384338021278381, 0.0
n,-1.1996514797210693, 4.341085910797119, 0.0
n,-1.259371042251587, 4.32413911819458, -0.00038129801396280527
n,2.612070083618164, 3.668962001800537, 0.00015724632248748094
n,4.425185203552246, -0.8378117084503174, 0.00026639565476216376
n,1.1988117694854736, -4.341318130493164, -0.0004505253746174276
n,-4.33340311050415, -1.227113962173462, -0.0019566472619771957
n,2.7763500213623047, 3.546276092529297, 0.0004902856890112162
n,-2.775939464569092, -3.5465970039367676, 0.0
n,-3.5460383892059326, 2.776653289794922, 0.0
n,-2.9378511905670166, 3.4136621952056885, -0.011408591642975807
n,4.498322010040283, 0.22201396524906158, 0.0
n,-4.435250759124756, -0.782781720161438, 0.0
n,-3.5820255279541016, -2.730069875717163, 0.0
n,2.674842357635498, 3.623452663421631, 0.0
n,1.2908382415771484, -4.314849853515625, 0.0
n,-4.300315856933594, -1.3384579420089722, -0.002009343123063445
n,-1.339092493057251, 4.300118923187256, 0.0
n,4.300395965576172, 1.3382035493850708, 0.0
n,1.341094970703125, -4.299494743347168, 0.0
n,-4.29978084564209, -1.3401774168014526, 0.0
n,-1.2853893041610718, 4.316476345062256, 0.0
n,4.299788951873779, 1.3401517868041992, 0.0
n,4.2994608879089355, 1.3412035703659058, 0.0
n,1.2913228273391724, -4.314701557159424, -0.005177971441298723
n,-4.299983024597168, -1.3395291566848755, 0.0
n,-1.3371307849884033, 4.300729751586914, 0.0
n,0.7644221782684326, -4.438451766967773, 0.0
n,0.00030705478275194764, 9.825753659242764e-05, -4.50379753112793
n,0.0002937220560852438, 0.00010508291597943753, -4.50379753112793
n,-4.243812327331398e-06, 1.6444771972601302e-05, -4.50379753112793
n,0.00030036515090614557, 0.00011477094813017175, -4.50379753112793
n,0.00030876402161084116, 0.00011564888700377196, -4.50379753112793
n,0.00031172935268841684, 0.00010004421346820891, -4.50379753112793
n,0.00031469357782043517, 0.00010557097266428173, -4.50379753112793
n,0.0003137217427138239, 0.00010492013825569302, -4.50379753112793
n,0.000302730972180143, 0.00011333837755955756, -4.50379753112793
n,0.0003119926550425589, 0.00010506350372452289, -4.50379753112793
n,-0.00030296496697701514, -0.000109017280919943, 4.50379753112793
n,-0.00026922085089609027, -9.851700451690704e-05, 4.50379753112793
n,-0.0003070287057198584, -0.00011376559996278957, 4.50379753112793
n,-0.0002992766385432333, -0.0001179068349301815, 4.50379753112793
n,-0.00030661060009151697, -0.0001169096285593696, 4.50379753112793
n,-0.0002979041018988937, -0.00012028011406073347, 4.50379753112793
n,-0.000297871622024104, -0.0001198232130263932, 4.50379753112793
n,-0.0002997433766722679, -0.00010960546205751598, 4.50379753112793
n,-0.0003027414495591074, -0.0001141400498454459, 4.50379753112793
n,-0.000299590639770031, -0.00010888322140090168, 4.50379753112793
n,-0.0003004283644258976, -0.00010796492279041559, 4.50379753112793
n,-0.00029747639200650156, -0.00011342413927195594, 4.50379753112793
n,-0.000301430351100862, -0.0001190239199786447, 4.50379753112793
n,-0.00030100325238890946, -0.00010863368515856564, 4.50379753112793
n,-0.0003058344591408968, -0.00011256913421675563, 4.50379753112793
n,-0.00030183963826857507, -0.00011026053834939376, 4.50379753112793
n,-0.0003052701067645103, -0.00011973835353273898, 4.50379753112793
n,-0.00030515508842654526, -0.00011061670375056565, 4.50379753112793
n,-0.00030096055706962943, -0.00011178266868228093, 4.50379753112793
n,-0.00030580011662095785, -0.00011242260370636359, 4.50379753112793
n,-0.0002997162227984518, -0.00011061548138968647, 4.50379753112793
n,-0.0002946016611531377, -0.00012737233191728592, 4.50379753112793
n,-0.0002466641890350729, 0.00023306136426981539, 4.50379753112793
n,-0.000301969179417938, -0.00010913828737102449, 4.50379753112793
n,-0.0002966483007185161, -0.00013110938016325235, 4.50379753112793
n,-0.0003063182521145791, -0.00011527711467351764, 4.50379753112793
n,-0.0003137914463877678, -9.381934069097042e-05, 4.50379753112793
n,-0.0003058870497625321, -0.00011212851677555591, 4.50379753112793
n,-0.0003019351279363036, -0.00013311019574757665, 4.50379753112793
n,-0.00027905567549169064, -0.00010217392264166847, 4.50379753112793
n,-0.00030496896943077445, -8.839725342113525e-05, 4.50379753112793
n,-0.00026008844724856317, -0.0002675581199582666, 4.50379753112793
n,-0.00030986013007350266, -9.331283945357427e-05, 4.50379753112793
n,-0.0003077287692576647, -0.00010523621313041076, 4.50379753112793
n,-0.00031536584720015526, -0.00010777849092846736, 4.50379753112793
n,-0.00031747660250402987, -0.00010033201397163793, 4.50379753112793
n,-0.0003138118190690875, -0.0001096630803658627, 4.50379753112793
n,-0.00030964554753154516, -0.00010454288712935522, 4.50379753112793
n,-0.0003159901825711131, -0.00011799384810728952, 4.50379753112793
n,-0.0003271236491855234, -0.0001253207155968994, 4.50379753112793
n,-0.00033542115124873817, -0.00013877883611712605, 4.50379753112793
n,-0.00031747776665724814, -0.00010167372965952381, 4.50379753112793
n,-0.0003210362629033625, -0.00010156046482734382, 4.50379753112793
n,-0.00031587504781782627, -0.0001002444769255817, 4.50379753112793
n,-0.0003201389336027205, -0.00011213323887204751, 4.50379753112793
n,-0.0003115877043455839, -0.00010379397281212732, 4.50379753112793
n,-0.0003088696685153991, -0.00010880283662118018, 4.50379753112793
n,-0.00031747459433972836, -0.00011904116399819031, 4.50379753112793
n,-0.0003219730861019343, -0.00011576024553505704, 4.50379753112793
n,-0.0003096210421063006, -0.00010384984489064664, 4.50379753112793
n,-0.00031740657868795097, -0.00010762561578303576, 4.50379753112793
n,-0.00031413472606800497, -0.00010744740575319156, 4.50379753112793
n,-0.00031348588527180254, -9.518882143311203e-05, 4.50379753112793
n,-0.0003160278429277241, -9.994221181841567e-05, 4.50379753112793
n,-0.00030616295407526195, -0.00011503287532832474, 4.50379753112793
n,-0.0002970703353639692, -0.0001006879101623781, 4.50379753112793
n,-0.00031113773002289236, -0.00010475610179128125, 4.50379753112793
n,-0.000323911925079301, -7.071464642649516e-05, 4.50379753112793
n,-0.00029356192681007087, -7.586331048514694e-05, 4.50379753112793
n,-0.0003339744289405644, -0.00010370605014031753, 4.50379753112793
n,-0.00031581506482325494, -0.00010211953485850245, 4.50379753112793
n,-0.00032023320090956986, -0.00011010598973371089, 4.50379753112793
n,-0.00031499212491326034, -0.00011133680527564138, 4.50379753112793
n,-0.0003191571158822626, -0.0001095630505005829, 4.50379753112793
n,-0.00031515531009063125, -0.00010442361963214353, 4.50379753112793
n,-0.00029724882915616035, -0.00011761598580051214, 4.50379753112793
n,-0.00030615320429205894, -0.0001130692835431546, 4.50379753112793
n,-0.00030616240110248327, -0.00011303852079436183, 4.50379753112793
n,-0.0003099639725405723, -0.00011183603055542335, 4.50379753112793
n,-0.00031636268249712884, -7.961706432979554e-05, 4.50379753112793
n,-0.00027784312260337174, -0.00018076282867696136, 4.50379753112793
n,-0.0003070739912800491, -0.00011335626913933083, 4.50379753112793
n,-0.0003381825517863035, -0.00012079668522346765, 4.50379753112793
n,-1.2969772815704346, 4.3130083084106445, 0.0
n,4.300405979156494, 1.3381710052490234, 0.0
n,1.2941566705703735, -4.3138556480407715, 4.4260868889978155e-05
n,-4.300124645233154, -1.339073896408081, -0.000294133264105767
n,-4.289525508880615, -1.3726481199264526, -0.00014670412929262966
n,-4.291899681091309, -1.3652077913284302, 0.0007037362665869296
n,-4.292006969451904, -1.364867925643921, 0.0
n,-4.292006969451904, -1.364867925643921, 0.0
n,-4.300360202789307, -1.3383182287216187, -0.00027634206344373524
n,2.877262592315674, 3.464902877807617, 0.0007397246081382036
n,1.2767502069473267, -4.319039821624756, 8.204424375435337e-05
n,-1.3817652463912964, 4.28659725189209, 0.000542433001101017
n,-4.290744781494141, -1.3688323497772217, -0.00036831627949140966
n,-4.2906646728515625, -1.369083046913147, -0.0002757190668489784
n,-1.2081151008605957, 3.7470836639404297, 2.1872384548187256
n,2.5146663188934326, 3.0292868614196777, 2.187251091003418
n,1.1295356750488281, -4.359855651855469, 7.258421101141721e-05
n,1.1253999471664429, -4.360925197601318, 7.697859109612182e-05
n,1.2133071422576904, -4.337289333343506, 0.0
n,1.2144451141357422, -4.336970806121826, -0.000996581045910716
n,1.2133071422576904, -4.337289333343506, 0.0
n,4.29059362411499, 1.3693052530288696, 0.0
n,1.3823843002319336, -4.286397933959961, 0.0
n,1.3817919492721558, -4.286569118499756, 0.012905891984701157
n,-2.876250743865967, -3.465742588043213, 0.0
n,-1.278135061264038, 4.318629264831543, -0.002237639157101512
n,-1.278550148010254, 4.318506717681885, 0.0
n,-1.276621699333191, 4.319077491760254, 0.0
n,4.292129039764404, 1.3644864559173584, 0.0
n,-1.213839054107666, 4.3371405601501465, 0.0
n,1.169502854347229, -4.349304676055908, 0.0
n,-4.3482136726379395, -1.17355477809906, 0.0
n,-1.1699368953704834, 4.349188327789307, 0.0
n,4.348136901855469, 1.173838496208191, 0.0
n,4.333442211151123, 1.2269760370254517, 0.0
n,1.2662962675094604, -4.322115421295166, 0.0
n,1.25834059715271, -4.324436664581299, -0.0044826786033809185
n,1.2593251466751099, -4.32415246963501, 0.0
n,-2.612501382827759, -3.6686551570892334, 0.0
n,-4.425161361694336, 0.8379380702972412, 0.0
n,-4.425149917602539, 0.837997555732727, 0.0005030412576161325
n,-1.1971462965011597, 4.341777801513672, 0.0
n,-1.198836326599121, 4.341305255889893, -0.007274734787642956
n,-1.2608187198638916, 4.32371711730957, 0.0
n,-1.2586530447006226, 4.324347019195557, -0.002361956052482128
n,-1.1115940809249878, 4.3536810874938965, 0.3066161870956421
n,-1.2601662874221802, 4.323906898498535, -7.586186984553933e-05
n,-1.260364055633545, 4.323849678039551, -9.506636706646532e-05
n,2.612070083618164, 3.668962001800537, 0.00015724632248748094
n,4.425245761871338, -0.8374921679496765, 0.00016556540504097939
n,1.1975241899490356, -4.341673374176025, 0.00010813623521244153
n,-4.321535110473633, -1.268276572227478, 0.0
n,-4.333460330963135, -1.226913332939148, -0.00041770367533899844
n,-4.33344841003418, -1.226953387260437, -0.00039130967343226075
n,2.7763500213623047, 3.546276092529297, 0.0004902856890112162
n,-2.775939702987671, -3.5465972423553467, 0.0
n,-3.5470187664031982, 2.7754008769989014, -0.0006263809045776725
n,-2.934387445449829, 3.416659355163574, 0.0
n,-2.921767234802246, 3.4274580478668213, 0.0
n,-2.928712844848633, 3.421525001525879, -0.0005171920056454837
n,-2.934387445449829, 3.4166598320007324, 0.0
n,-2.941072463989258, 3.410768747329712, 0.030727846547961235
n,4.498336315155029, 0.2217285931110382, 0.0001495902833994478
n,-4.435250759124756, -0.7827816605567932, 0.0
n,-3.5820255279541016, -2.730069875717163, 0.0
n,2.677659034729004, 3.621370792388916, 0.0024431757628917694
n,1.2905837297439575, -4.314925670623779, 0.0006030313670635223
n,-4.300753593444824, -1.3370537757873535, 0.0
n,-1.3390923738479614, 4.300118923187256, 0.0
n,4.300395965576172, 1.3382035493850708, 0.0
n,1.341094970703125, -4.299494743347168, 0.0
n,-4.29978084564209, -1.3401774168014526, 0.0
n,-1.2853893041610718, 4.316476345062256, 0.0
n,4.299788951873779, 1.3401517868041992, 0.0
n,4.299600124359131, 1.340757966041565, 0.0
n,4.299600124359131, 1.340757966041565, 0.0
n,4.299586296081543, 1.3408019542694092, -5.976214015390724e-05
n,1.2861677408218384, -4.316244125366211, 0.0
n,-4.299983024597168, -1.3395291566848755, 0.0
n,-4.298119068145752, -1.3454980850219727, -0.0016147004207596183
n,-4.300129413604736, -1.339058756828308, -0.0006314329220913351
n,-1.3371306657791138, 4.300729274749756, 0.0
u,0.24074220657348633, 0.014895699918270111, 0
u,0.18541109561920166, 0.08899050205945969, 0
u,0.18541109561920166, 0.014895699918270111, 0
u,0.0, 0.0, 0
u,0.0, 0.0, 0
u,0.0, 0.0, 0
u,0.5508260130882263, 0.38522788882255554, 0
u,0.5759791731834412, 0.34005749225616455, 0
u,0.5885220170021057, 0.3564392924308777, 0
u,0.5916345119476318, 0.3540622889995575, 0
u,0.5885220170021057, 0.3564392924308777, 0
u,0.5759791731834412, 0.34005749225616455, 0
u,0.5343719124794006, 0.3749774992465973, 0
u,0.47586241364479065, 0.41957730054855347, 0
u,0.5354927182197571, 0.36587950587272644, 0
u,0.5229306817054749, 0.39680901169776917, 0
u,0.47586241364479065, 0.41957730054855347, 0
u,0.5343719124794006, 0.3749774992465973, 0
u,0.5607321262359619, 0.4462057054042816, 0
u,0.5877252221107483, 0.44677209854125977, 0
u,0.6123279929161072, 0.47965630888938904, 0
u,0.47586241364479065, 0.41957730054855347, 0
u,0.5565763115882874, 0.5407940745353699, 0
u,0.4667969048023224, 0.41824400424957275, 0
u,0.5565763115882874, 0.5407940745353699, 0
u,0.5596492886543274, 0.5339477062225342, 0
u,0.7146990895271301, 0.5222374796867371, 0
u,0.635698676109314, 0.4096777141094208, 0
u,0.5926799178123474, 0.3532640039920807, 0
u,0.6929426193237305, 0.48332351446151733, 0
u,0.7517150044441223, 0.5174552202224731, 0
u,0.8754482865333557, 0.3704971969127655, 0
u,0.8964229226112366, 0.3963733911514282, 0
u,0.870513379573822, 0.49250251054763794, 0
u,0.8240252137184143, 0.52531898021698, 0
u,0.7517150044441223, 0.5174552202224731, 0
u,0.8862996101379395, 0.5651075839996338, 0
u,0.9458714127540588, 0.5640398859977722, 0
u,0.9397202730178833, 0.5776212811470032, 0
u,0.8754482865333557, 0.3704971969127655, 0
u,0.7307400107383728, 0.491578608751297, 0
u,0.7010455131530762, 0.48516950011253357, 0
u,0.6919625997543335, 0.4841231107711792, 0
u,0.8863717913627625, 0.33397209644317627, 0
u,0.7010455131530762, 0.48516950011253357, 0
u,0.7010455131530762, 0.48516950011253357, 0
u,0.769788384437561, 0.5842174291610718, 0
u,0.6919625997543335, 0.4841231107711792, 0
u,0.769788384437561, 0.5842174291610718, 0
u,0.9397202730178833, 0.5776212811470032, 0
u,0.9438744187355042, 0.5842174291610718, 0
u,0.9397202730178833, 0.5776212811470032, 0
u,0.9984728097915649, 0.46366599202156067, 0
u,0.9438744187355042, 0.5842174291610718, 0
u,0.8863717913627625, 0.33397209644317627, 0
u,0.9984728097915649, 0.46366599202156067, 0
u,0.9908902049064636, 0.46463969349861145, 0
u,0.7983384728431702, 0.563632071018219, 0
u,0.8260356783866882, 0.5336143970489502, 0
u,0.8329210877418518, 0.5620232820510864, 0
u,0.8440412878990173, 0.5190076231956482, 0
u,0.9106867909431458, 0.5336788892745972, 0
u,0.8862996101379395, 0.5651075839996338, 0
u,0.5306869149208069, 0.4694406986236572, 0
u,0.5229306817054749, 0.39680901169776917, 0
u,0.5607321262359619, 0.4462057054042816, 0
u,0.6349924206733704, 0.4151957035064697, 0
u,0.6130701899528503, 0.4741119146347046, 0
u,0.5931798219680786, 0.44752630591392517, 0
u,0.6551908850669861, 0.4415614902973175, 0
u,0.6606817841529846, 0.4422891139984131, 0
u,0.6123279929161072, 0.47965630888938904, 0
u,0.5931798219680786, 0.44752630591392517, 0
u,0.635698676109314, 0.4096777141094208, 0
u,0.6349924206733704, 0.4151957035064697, 0
u,0.891750693321228, 0.6186692714691162, 0
u,0.8723235130310059, 0.6155310869216919, 0
u,0.891750693321228, 0.6155310869216919, 0
u,0.8271483778953552, 0.6186692714691162, 0
u,0.8723235130310059, 0.6155310869216919, 0
u,0.8723235130310059, 0.6186692714691162, 0
u,0.8174958229064941, 0.32318851351737976, 0
u,0.4667969048023224, 0.2997637093067169, 0
u,0.8174958229064941, 0.2997637093067169, 0
u,0.4667969048023224, 0.2997637093067169, 0
u,0.8174958229064941, 0.2502483129501343, 0
u,0.8174958229064941, 0.2997637093067169, 0
u,0.40578770637512207, 0.20472869277000427, 0
u,0.3837890923023224, 0.20595380663871765, 0
u,0.40578770637512207, 0.20108090341091156, 0
u,0.46487659215927124, 0.5843365788459778, 0
u,0.268316388130188, 0.26417890191078186, 0
u,0.46487659215927124, 0.26417890191078186, 0
u,0.9819813966751099, 0.9982730150222778, 0
u,0.828125, 0.6186692714691162, 0
u,0.9819813966751099, 0.6186692714691162, 0
u,0.268316388130188, 0.26417890191078186, 0
u,0.11086169630289078, 0.5843365788459778, 0
u,0.11086169630289078, 0.26417890191078186, 0
u,0.0, 0.2085402011871338, 0
u,0.08046440035104752, 0.2085402011871338, 0
u,0.11086169630289078, 0.26417890191078186, 0
u,0.1701163947582245, 0.13407279551029205, 0
u,0.0, 0.1586834043264389, 0
u,0.019002700224518776, 0.0903673991560936, 0
u,0.16893169283866882, 0.20754219591617584, 0
u,0.34252288937568665, 0.0903673991560936, 0
u,0.38167229294776917, 0.15361200273036957, 0
u,0.7599117159843445, 0.15590859949588776, 0
u,0.7371417880058289, 0.15551689267158508, 0
u,0.7371417880058289, 0.1517401933670044, 0
u,0.7577528953552246, 0.11339090019464493, 0
u,0.8278694748878479, 0.11022839695215225, 0
u,0.8278694748878479, 0.11339090019464493, 0
u,0.7577528953552246, 0.11022839695215225, 0
u,0.7577528953552246, 0.11339090019464493, 0
u,0.6885008811950684, 0.11339090019464493, 0
u,0.47418540716171265, 0.11339090019464493, 0
u,0.6232693791389465, 0.11022839695215225, 0
u,0.6232693791389465, 0.11339090019464493, 0
u,0.9464533925056458, 0.11339090019464493, 0
u,0.9014161229133606, 0.11339090019464493, 0
u,0.9014161229133606, 0.11022839695215225, 0
u,0.47418540716171265, 0.11339090019464493, 0
u,0.3828125, 0.11022839695215225, 0
u,0.47418540716171265, 0.11022839695215225, 0
u,0.9014161229133606, 0.11022839695215225, 0
u,0.851306676864624, 0.11339090019464493, 0
u,0.851306676864624, 0.11022839695215225, 0
u,0.8278694748878479, 0.11022839695215225, 0
u,0.851306676864624, 0.11339090019464493, 0
u,0.8278694748878479, 0.11339090019464493, 0
u,0.7786387801170349, 0.1320755034685135, 0
u,0.8106492161750793, 0.11581219732761383, 0
u,0.8106492161750793, 0.1320755034685135, 0
u,0.3828125, 0.11581219732761383, 0
u,0.5647202730178833, 0.1320755034685135, 0
u,0.3828125, 0.1320755034685135, 0
u,0.5647202730178833, 0.11581219732761383, 0
u,0.5967311859130859, 0.1320755034685135, 0
u,0.5647202730178833, 0.1320755034685135, 0
u,0.5967311859130859, 0.1320755034685135, 0
u,0.7786387801170349, 0.11581219732761383, 0
u,0.7786387801170349, 0.1320755034685135, 0
u,0.11327169835567474, 0.013886000029742718, 0
u,0.34548088908195496, 0.000993099994957447, 0
u,0.34548088908195496, 0.013886000029742718, 0
u,0.057836100459098816, 0.013886000029742718, 0
u,0.012666000053286552, 0.013886000029742718, 0
u,0.0, 0.000993099994957447, 0
u,0.6269081234931946, 0.013886000029742718, 0
u,0.7899153232574463, 0.000993099994957447, 0
u,0.7899153232574463, 0.013886000029742718, 0
u,0.6269081234931946, 0.000993099994957447, 0
u,0.6269081234931946, 0.013886000029742718, 0
u,0.6125373840332031, 0.013886000029742718, 0
u,0.5073606967926025, 0.000993099994957447, 0
u,0.5073606967926025, 0.013886000029742718, 0
u,0.3980337977409363, 0.013886000029742718, 0
u,0.7051358819007874, 1.0, 0
u,0.7353439927101135, 0.916671872138977, 0
u,0.7731078267097473, 0.9739202260971069, 0
u,0.5372579097747803, 1.0, 0
u,0.7051358819007874, 0.5872523784637451, 0
u,0.7051358819007874, 1.0, 0
u,0.5372579097747803, 1.0, 0
u,0.4113937020301819, 0.5872523784637451, 0
u,0.5372579097747803, 0.5872523784637451, 0
u,0.4113937020301819, 1.0, 0
u,0.24155139923095703, 0.5872523784637451, 0
u,0.4113937020301819, 0.5872523784637451, 0
u,0.24155139923095703, 1.0, 0
u,0.0, 1.0, 0
u,0.0012116000289097428, 0.9739202260971069, 0
u,0.8908621072769165, 0.2676698863506317, 0
u,0.8642578125, 0.3237338960170746, 0
u,0.8642578125, 0.2676698863506317, 0
u,0.9348664879798889, 0.2676698863506317, 0
u,0.9125593900680542, 0.3237338960170746, 0
u,0.9125593900680542, 0.2676698863506317, 0
u,0.9125593900680542, 0.3237338960170746, 0
u,0.8908621072769165, 0.2676698863506317, 0
u,0.9125593900680542, 0.2676698863506317, 0
u,0.06451600044965744, 0.018223000690340996, 0
u,0.05636589974164963, 0.014895699918270111, 0
u,0.09638000279664993, 0.014895699918270111, 0
u,0.18541109561920166, 0.08899050205945969, 0
u,0.14722110331058502, 0.014895699918270111, 0
u,0.18541109561920166, 0.014895699918270111, 0
u,0.03603750094771385, 0.08899050205945969, 0
u,0.0, 0.014895699918270111, 0
u,0.03603750094771385, 0.014895699918270111, 0
u,0.05636589974164963, 0.014895699918270111, 0
u,0.03603750094771385, 0.08899050205945969, 0
u,0.03603750094771385, 0.014895699918270111, 0
u,0.09638000279664993, 0.014895699918270111, 0
u,0.14722110331058502, 0.08899050205945969, 0
u,0.09638000279664993, 0.08899050205945969, 0
u,0.9900317788124084, 0.26287469267845154, 0
u,0.9638671875, 0.32327350974082947, 0
u,0.9638671875, 0.26287469267845154, 0
u,0.9900317788124084, 0.12909629940986633, 0
u,0.9638671875, 0.16546060144901276, 0
u,0.9638671875, 0.12909629940986633, 0
u,0.9638671875, 0.22583499550819397, 0
u,0.9900317788124084, 0.16546060144901276, 0
u,0.9900317788124084, 0.22583499550819397, 0
u,0.9638671875, 0.22583499550819397, 0
u,0.9900317788124084, 0.26287469267845154, 0
u,0.9638671875, 0.26287469267845154, 0
u,0.9855415225028992, 0.9150558710098267, 0
u,0.982421875, 0.8829256296157837, 0
u,0.9855415225028992, 0.8829256296157837, 0
u,0.9855415225028992, 0.8311818242073059, 0
u,0.982421875, 0.8829256296157837, 0
u,0.982421875, 0.8311818242073059, 0
u,0.9855415225028992, 0.9664319753646851, 0
u,0.982421875, 0.9985784888267517, 0
u,0.982421875, 0.9664319753646851, 0
u,0.9855415225028992, 0.9664319753646851, 0
u,0.982421875, 0.9150558710098267, 0
u,0.9855415225028992, 0.9150558710098267, 0
u,0.8193358778953552, 0.16559110581874847, 0
u,0.8599662184715271, 0.16559110581874847, 0
u,0.8599662184715271, 0.1714552938938141, 0
u,0.8599662184715271, 0.1258161962032318, 0
u,0.8193358778953552, 0.16559110581874847, 0
u,0.8193358778953552, 0.1258161962032318, 0
u,0.8193358778953552, 0.2647678852081299, 0
u,0.8630868792533875, 0.2647678852081299, 0
u,0.8599662184715271, 0.3177488148212433, 0
u,0.8630868792533875, 0.22501209378242493, 0
u,0.8193358778953552, 0.2647678852081299, 0
u,0.8193358778953552, 0.22501209378242493, 0
u,0.24074220657348633, 0.014895699918270111, 0
u,0.24074220657348633, 0.08899050205945969, 0
u,0.18541109561920166, 0.08899050205945969, 0
u,0.0, 0.0, 0
u,0.0, 0.0, 0
u,0.0, 0.0, 0
u,0.0, 0.0, 0
u,0.0, 0.0, 0
u,0.0, 0.0, 0
u,0.0, 0.0, 0
u,0.0, 0.0, 0
u,0.0, 0.0, 0
u,0.0, 0.0, 0
u,0.0, 0.0, 0
u,0.0, 0.0, 0
u,0.0, 0.0, 0
u,0.0, 0.0, 0
u,0.0, 0.0, 0
u,0.0, 0.0, 0
u,0.0, 0.0, 0
u,0.0, 0.0, 0
u,0.0, 0.0, 0
u,0.0, 0.0, 0
u,0.0, 0.0, 0
u,0.0, 0.0, 0
u,0.0, 0.0, 0
u,0.0, 0.0, 0
u,0.0, 0.0, 0
u,0.0, 0.0, 0
u,0.0, 0.0, 0
u,0.0, 0.0, 0
u,0.0, 0.0, 0
u,0.0, 0.0, 0
u,0.5508260130882263, 0.38522788882255554, 0
u,0.538189172744751, 0.3692820966243744, 0
u,0.5759791731834412, 0.34005749225616455, 0
u,0.538189172744751, 0.3692820966243744, 0
u,0.5357460975646973, 0.3661993145942688, 0
u,0.5759791731834412, 0.34005749225616455, 0
u,0.5357460975646973, 0.3661993145942688, 0
u,0.5766860842704773, 0.33453860878944397, 0
u,0.5759791731834412, 0.34005749225616455, 0
u,0.5766860842704773, 0.33453860878944397, 0
u,0.5916345119476318, 0.3540622889995575, 0
u,0.5759791731834412, 0.34005749225616455, 0
u,0.47586241364479065, 0.41957730054855347, 0
u,0.4667969048023224, 0.41824400424957275, 0
u,0.5354927182197571, 0.36587950587272644, 0
u,0.5354927182197571, 0.36587950587272644, 0
u,0.5508260130882263, 0.38522788882255554, 0
u,0.5343719124794006, 0.3749774992465973, 0
u,0.5508260130882263, 0.38522788882255554, 0
u,0.5497087836265564, 0.39433029294013977, 0
u,0.5343719124794006, 0.3749774992465973, 0
u,0.4934459924697876, 0.4196377098560333, 0
u,0.5306869149208069, 0.4694406986236572, 0
u,0.5190082788467407, 0.47847211360931396, 0
u,0.5497087836265564, 0.39433029294013977, 0
u,0.5914946794509888, 0.3624182939529419, 0
u,0.620471715927124, 0.40000689029693604, 0
u,0.620471715927124, 0.40000689029693604, 0
u,0.5607321262359619, 0.4462057054042816, 0
u,0.5497087836265564, 0.39433029294013977, 0
u,0.5607321262359619, 0.4462057054042816, 0
u,0.5229306817054749, 0.39680901169776917, 0
u,0.5497087836265564, 0.39433029294013977, 0
u,0.4934459924697876, 0.4196377098560333, 0
u,0.5190082788467407, 0.47847211360931396, 0
u,0.47586241364479065, 0.41957730054855347, 0
u,0.5229306817054749, 0.39680901169776917, 0
u,0.4934459924697876, 0.4196377098560333, 0
u,0.47586241364479065, 0.41957730054855347, 0
u,0.5343719124794006, 0.3749774992465973, 0
u,0.5497087836265564, 0.39433029294013977, 0
u,0.5229306817054749, 0.39680901169776917, 0
u,0.7146990895271301, 0.5222374796867371, 0
u,0.5596492886543274, 0.5339477062225342, 0
u,0.6123279929161072, 0.47965630888938904, 0
u,0.5596492886543274, 0.5339477062225342, 0
u,0.5190082788467407, 0.47847211360931396, 0
u,0.5306869149208069, 0.4694406986236572, 0
u,0.5306869149208069, 0.4694406986236572, 0
u,0.5607321262359619, 0.4462057054042816, 0
u,0.6123279929161072, 0.47965630888938904, 0
u,0.5607321262359619, 0.4462057054042816, 0
u,0.620471715927124, 0.40000689029693604, 0
u,0.5877252221107483, 0.44677209854125977, 0
u,0.5596492886543274, 0.5339477062225342, 0
u,0.5306869149208069, 0.4694406986236572, 0
u,0.6123279929161072, 0.47965630888938904, 0
u,0.6123279929161072, 0.47965630888938904, 0
u,0.6559097766876221, 0.44597679376602173, 0
u,0.7146990895271301, 0.5222374796867371, 0
u,0.620471715927124, 0.40000689029693604, 0
u,0.630829393863678, 0.4134427011013031, 0
u,0.5877252221107483, 0.44677209854125977, 0
u,0.47586241364479065, 0.41957730054855347, 0
u,0.5596492886543274, 0.5339477062225342, 0
u,0.5565763115882874, 0.5407940745353699, 0
u,0.7252991199493408, 0.5269982218742371, 0
u,0.726072371006012, 0.5279927849769592, 0
u,0.7146990895271301, 0.5222374796867371, 0
u,0.726072371006012, 0.5279927849769592, 0
u,0.5565763115882874, 0.5407940745353699, 0
u,0.7146990895271301, 0.5222374796867371, 0
u,0.635698676109314, 0.4096777141094208, 0
u,0.630829393863678, 0.4134427011013031, 0
u,0.5914946794509888, 0.3624182939529419, 0
u,0.5914946794509888, 0.3624182939529419, 0
u,0.5497087836265564, 0.39433029294013977, 0
u,0.5508260130882263, 0.38522788882255554, 0
u,0.6919625997543335, 0.4841231107711792, 0
u,0.7252991199493408, 0.5269982218742371, 0
u,0.7146990895271301, 0.5222374796867371, 0
u,0.7146990895271301, 0.5222374796867371, 0
u,0.6559097766876221, 0.44597679376602173, 0
u,0.6919625997543335, 0.4841231107711792, 0
u,0.6559097766876221, 0.44597679376602173, 0
u,0.6606817841529846, 0.4422891139984131, 0
u,0.6919625997543335, 0.4841231107711792, 0
u,0.5914946794509888, 0.3624182939529419, 0
u,0.5508260130882263, 0.38522788882255554, 0
u,0.5926799178123474, 0.3532640039920807, 0
u,0.635698676109314, 0.4096777141094208, 0
u,0.5914946794509888, 0.3624182939529419, 0
u,0.5926799178123474, 0.3532640039920807, 0
u,0.6929426193237305, 0.48332351446151733, 0
u,0.6919625997543335, 0.4841231107711792, 0
u,0.6606817841529846, 0.4422891139984131, 0
u,0.6606817841529846, 0.4422891139984131, 0
u,0.635698676109314, 0.4096777141094208, 0
u,0.6929426193237305, 0.48332351446151733, 0
u,0.7517150044441223, 0.5174552202224731, 0
u,0.7307400107383728, 0.491578608751297, 0
u,0.8754482865333557, 0.3704971969127655, 0
u,0.7648909091949463, 0.5672833919525146, 0
u,0.7362254858016968, 0.5304157733917236, 0
u,0.7517150044441223, 0.5174552202224731, 0
u,0.8964229226112366, 0.3963733911514282, 0
u,0.9203028082847595, 0.37639230489730835, 0
u,0.9908902049064636, 0.46463969349861145, 0
u,0.7648909091949463, 0.5672833919525146, 0
u,0.7517150044441223, 0.5174552202224731, 0
u,0.7970383763313293, 0.5349522233009338, 0
u,0.7517150044441223, 0.5174552202224731, 0
u,0.8964229226112366, 0.3963733911514282, 0
u,0.870513379573822, 0.49250251054763794, 0
u,0.7970383763313293, 0.5349522233009338, 0
u,0.7517150044441223, 0.5174552202224731, 0
u,0.8240252137184143, 0.52531898021698, 0
u,0.8329210877418518, 0.5620232820510864, 0
u,0.833896279335022, 0.5660467147827148, 0
u,0.7983384728431702, 0.563632071018219, 0
u,0.833896279335022, 0.5660467147827148, 0
u,0.7648909091949463, 0.5672833919525146, 0
u,0.7983384728431702, 0.563632071018219, 0
u,0.8964229226112366, 0.3963733911514282, 0
u,0.9908902049064636, 0.46463969349861145, 0
u,0.870513379573822, 0.49250251054763794, 0
u,0.9908902049064636, 0.46463969349861145, 0
u,0.9458714127540588, 0.5640398859977722, 0
u,0.9106867909431458, 0.5336788892745972, 0
u,0.870513379573822, 0.49250251054763794, 0
u,0.9908902049064636, 0.46463969349861145, 0
u,0.9106867909431458, 0.5336788892745972, 0
u,0.9458714127540588, 0.5640398859977722, 0
u,0.8862996101379395, 0.5651075839996338, 0
u,0.9106867909431458, 0.5336788892745972, 0
u,0.870513379573822, 0.49250251054763794, 0
u,0.8440412878990173, 0.5190076231956482, 0
u,0.8240252137184143, 0.52531898021698, 0
u,0.7970383763313293, 0.5349522233009338, 0
u,0.7983384728431702, 0.563632071018219, 0
u,0.7648909091949463, 0.5672833919525146, 0
u,0.8240252137184143, 0.52531898021698, 0
u,0.8260356783866882, 0.5336143970489502, 0
u,0.7970383763313293, 0.5349522233009338, 0
u,0.9397202730178833, 0.5776212811470032, 0
u,0.7729288935661316, 0.5776212811470032, 0
u,0.833896279335022, 0.5660467147827148, 0
u,0.7729288935661316, 0.5776212811470032, 0
u,0.7648909091949463, 0.5672833919525146, 0
u,0.833896279335022, 0.5660467147827148, 0
u,0.9397202730178833, 0.5776212811470032, 0
u,0.833896279335022, 0.5660467147827148, 0
u,0.8862996101379395, 0.5651075839996338, 0
u,0.7307400107383728, 0.491578608751297, 0
u,0.7517150044441223, 0.5174552202224731, 0
u,0.7362254858016968, 0.5304157733917236, 0
u,0.8863717913627625, 0.33397209644317627, 0
u,0.9203028082847595, 0.37639230489730835, 0
u,0.8754482865333557, 0.3704971969127655, 0
u,0.9203028082847595, 0.37639230489730835, 0
u,0.8964229226112366, 0.3963733911514282, 0
u,0.8754482865333557, 0.3704971969127655, 0
u,0.7307400107383728, 0.491578608751297, 0
u,0.7362254858016968, 0.5304157733917236, 0
u,0.7010455131530762, 0.48516950011253357, 0
u,0.8863717913627625, 0.33397209644317627, 0
u,0.8754482865333557, 0.3704971969127655, 0
u,0.7010455131530762, 0.48516950011253357, 0
u,0.6919625997543335, 0.4841231107711792, 0
u,0.8873382210731506, 0.3247269093990326, 0
u,0.8863717913627625, 0.33397209644317627, 0
u,0.7010455131530762, 0.48516950011253357, 0
u,0.7729288935661316, 0.5776212811470032, 0
u,0.769788384437561, 0.5842174291610718, 0
u,0.769788384437561, 0.5842174291610718, 0
u,0.7729288935661316, 0.5776212811470032, 0
u,0.9397202730178833, 0.5776212811470032, 0
u,0.9397202730178833, 0.5776212811470032, 0
u,0.9908902049064636, 0.46463969349861145, 0
u,0.9984728097915649, 0.46366599202156067, 0
u,0.8863717913627625, 0.33397209644317627, 0
u,0.8873382210731506, 0.3247269093990326, 0
u,0.9984728097915649, 0.46366599202156067, 0
u,0.7983384728431702, 0.563632071018219, 0
u,0.7970383763313293, 0.5349522233009338, 0
u,0.8260356783866882, 0.5336143970489502, 0
u,0.8862996101379395, 0.5651075839996338, 0
u,0.833896279335022, 0.5660467147827148, 0
u,0.8440412878990173, 0.5190076231956482, 0
u,0.833896279335022, 0.5660467147827148, 0
u,0.8240252137184143, 0.52531898021698, 0
u,0.8440412878990173, 0.5190076231956482, 0
u,0.8440412878990173, 0.5190076231956482, 0
u,0.870513379573822, 0.49250251054763794, 0
u,0.9106867909431458, 0.5336788892745972, 0
u,0.5306869149208069, 0.4694406986236572, 0
u,0.4934459924697876, 0.4196377098560333, 0
u,0.5229306817054749, 0.39680901169776917, 0
u,0.6349924206733704, 0.4151957035064697, 0
u,0.6551908850669861, 0.4415614902973175, 0
u,0.6130701899528503, 0.4741119146347046, 0
u,0.6551908850669861, 0.4415614902973175, 0
u,0.6349924206733704, 0.4151957035064697, 0
u,0.635698676109314, 0.4096777141094208, 0
u,0.6123279929161072, 0.47965630888938904, 0
u,0.5877252221107483, 0.44677209854125977, 0
u,0.6130701899528503, 0.4741119146347046, 0
u,0.5877252221107483, 0.44677209854125977, 0
u,0.5931798219680786, 0.44752630591392517, 0
u,0.6130701899528503, 0.4741119146347046, 0
u,0.6551908850669861, 0.4415614902973175, 0
u,0.635698676109314, 0.4096777141094208, 0
u,0.6606817841529846, 0.4422891139984131, 0
u,0.6123279929161072, 0.47965630888938904, 0
u,0.6130701899528503, 0.4741119146347046, 0
u,0.6551908850669861, 0.4415614902973175, 0
u,0.5931798219680786, 0.44752630591392517, 0
u,0.5877252221107483, 0.44677209854125977, 0
u,0.635698676109314, 0.4096777141094208, 0
u,0.891750693321228, 0.6186692714691162, 0
u,0.8723235130310059, 0.6186692714691162, 0
u,0.8723235130310059, 0.6155310869216919, 0
u,0.8271483778953552, 0.6186692714691162, 0
u,0.8271483778953552, 0.6155310869216919, 0
u,0.8723235130310059, 0.6155310869216919, 0
u,0.8174958229064941, 0.32318851351737976, 0
u,0.4667969048023224, 0.32318851351737976, 0
u,0.4667969048023224, 0.2997637093067169, 0
u,0.4667969048023224, 0.2997637093067169, 0
u,0.4667969048023224, 0.2502483129501343, 0
u,0.8174958229064941, 0.2502483129501343, 0
u,0.40578770637512207, 0.20472869277000427, 0
u,0.7471737861633301, 0.20472869277000427, 0
u,0.7471737861633301, 0.20595380663871765, 0
u,0.3837890923023224, 0.20595380663871765, 0
u,0.3837890923023224, 0.15690170228481293, 0
u,0.40578770637512207, 0.20108090341091156, 0
u,0.3837890923023224, 0.15690170228481293, 0
u,0.4087767004966736, 0.15690170228481293, 0
u,0.40578770637512207, 0.20108090341091156, 0
u,0.4087767004966736, 0.15690170228481293, 0
u,0.4087767004966736, 0.20108090341091156, 0
u,0.40578770637512207, 0.20108090341091156, 0
u,0.40578770637512207, 0.20472869277000427, 0
u,0.7471737861633301, 0.20595380663871765, 0
u,0.3837890923023224, 0.20595380663871765, 0
u,0.46487659215927124, 0.5843365788459778, 0
u,0.268316388130188, 0.5843365788459778, 0
u,0.268316388130188, 0.26417890191078186, 0
u,0.9819813966751099, 0.9982730150222778, 0
u,0.828125, 0.9982730150222778, 0
u,0.828125, 0.6186692714691162, 0
u,0.268316388130188, 0.26417890191078186, 0
u,0.268316388130188, 0.5843365788459778, 0
u,0.11086169630289078, 0.5843365788459778, 0
u,0.11086169630289078, 0.26417890191078186, 0
u,0.11086169630289078, 0.5843365788459778, 0
u,0.0, 0.5843365788459778, 0
u,0.0, 0.5843365788459778, 0
u,0.0, 0.2085402011871338, 0
u,0.11086169630289078, 0.26417890191078186, 0
u,0.1701163947582245, 0.13407279551029205, 0
u,0.16893169283866882, 0.20754219591617584, 0
u,0.0, 0.1586834043264389, 0
u,0.16893169283866882, 0.20754219591617584, 0
u,0.1701163947582245, 0.13407279551029205, 0
u,0.34252288937568665, 0.0903673991560936, 0
u,0.7599117159843445, 0.15590859949588776, 0
u,0.3837890923023224, 0.15590859949588776, 0
u,0.7371417880058289, 0.15551689267158508, 0
u,0.3837890923023224, 0.15590859949588776, 0
u,0.3837890923023224, 0.15551689267158508, 0
u,0.7371417880058289, 0.15551689267158508, 0
u,0.7340481281280518, 0.13220569491386414, 0
u,0.7599117159843445, 0.13220569491386414, 0
u,0.7371417880058289, 0.1517401933670044, 0
u,0.7599117159843445, 0.13220569491386414, 0
u,0.7599117159843445, 0.15590859949588776, 0
u,0.7371417880058289, 0.1517401933670044, 0
u,0.7371417880058289, 0.1517401933670044, 0
u,0.7340481281280518, 0.1517401933670044, 0
u,0.7340481281280518, 0.13220569491386414, 0
u,0.7577528953552246, 0.11339090019464493, 0
u,0.7577528953552246, 0.11022839695215225, 0
u,0.8278694748878479, 0.11022839695215225, 0
u,0.6885008811950684, 0.11339090019464493, 0
u,0.6232693791389465, 0.11339090019464493, 0
u,0.6232693791389465, 0.11022839695215225, 0
u,0.6232693791389465, 0.11022839695215225, 0
u,0.7577528953552246, 0.11022839695215225, 0
u,0.6885008811950684, 0.11339090019464493, 0
u,0.47418540716171265, 0.11339090019464493, 0
u,0.47418540716171265, 0.11022839695215225, 0
u,0.6232693791389465, 0.11022839695215225, 0
u,0.9014161229133606, 0.11022839695215225, 0
u,0.9625517725944519, 0.11022839695215225, 0
u,0.9464533925056458, 0.11339090019464493, 0
u,0.9625517725944519, 0.11022839695215225, 0
u,0.9625517725944519, 0.11339090019464493, 0
u,0.9464533925056458, 0.11339090019464493, 0
u,0.47418540716171265, 0.11339090019464493, 0
u,0.3828125, 0.11339090019464493, 0
u,0.3828125, 0.11022839695215225, 0
u,0.9014161229133606, 0.11022839695215225, 0
u,0.9014161229133606, 0.11339090019464493, 0
u,0.851306676864624, 0.11339090019464493, 0
u,0.8278694748878479, 0.11022839695215225, 0
u,0.851306676864624, 0.11022839695215225, 0
u,0.851306676864624, 0.11339090019464493, 0
u,0.7786387801170349, 0.1320755034685135, 0
u,0.7786387801170349, 0.11581219732761383, 0
u,0.8106492161750793, 0.11581219732761383, 0
u,0.3828125, 0.11581219732761383, 0
u,0.5647202730178833, 0.11581219732761383, 0
u,0.5647202730178833, 0.1320755034685135, 0
u,0.5647202730178833, 0.11581219732761383, 0
u,0.5967311859130859, 0.11581219732761383, 0
u,0.5967311859130859, 0.1320755034685135, 0
u,0.5967311859130859, 0.1320755034685135, 0
u,0.5967311859130859, 0.11581219732761383, 0
u,0.7786387801170349, 0.11581219732761383, 0
u,0.11327169835567474, 0.013886000029742718, 0
u,0.11327169835567474, 0.000993099994957447, 0
u,0.34548088908195496, 0.000993099994957447, 0
u,0.012666000053286552, 0.013886000029742718, 0
u,0.0, 0.013886000029742718, 0
u,0.0, 0.000993099994957447, 0
u,0.0, 0.000993099994957447, 0
u,0.11327169835567474, 0.000993099994957447, 0
u,0.057836100459098816, 0.013886000029742718, 0
u,0.11327169835567474, 0.000993099994957447, 0
u,0.11327169835567474, 0.013886000029742718, 0
u,0.057836100459098816, 0.013886000029742718, 0
u,0.6269081234931946, 0.013886000029742718, 0
u,0.6269081234931946, 0.000993099994957447, 0
u,0.7899153232574463, 0.000993099994957447, 0
u,0.5073606967926025, 0.013886000029742718, 0
u,0.5073606967926025, 0.000993099994957447, 0
u,0.6125373840332031, 0.013886000029742718, 0
u,0.5073606967926025, 0.000993099994957447, 0
u,0.6269081234931946, 0.000993099994957447, 0
u,0.6125373840332031, 0.013886000029742718, 0
u,0.34548088908195496, 0.013886000029742718, 0
u,0.34548088908195496, 0.000993099994957447, 0
u,0.3980337977409363, 0.013886000029742718, 0
u,0.34548088908195496, 0.000993099994957447, 0
u,0.5073606967926025, 0.000993099994957447, 0
u,0.3980337977409363, 0.013886000029742718, 0
u,0.8261436223983765, 0.9739202260971069, 0
u,0.8261436223983765, 1.0, 0
u,0.7743101716041565, 0.9739202260971069, 0
u,0.8261436223983765, 1.0, 0
u,0.7051358819007874, 1.0, 0
u,0.7731078267097473, 0.9739202260971069, 0
u,0.7743101716041565, 0.9739202260971069, 0
u,0.8261436223983765, 1.0, 0
u,0.7731078267097473, 0.9739202260971069, 0
u,0.7051358819007874, 1.0, 0
u,0.7051358819007874, 0.5872523784637451, 0
u,0.7353439927101135, 0.916671872138977, 0
u,0.7051358819007874, 0.5872523784637451, 0
u,0.7353439927101135, 0.5872523784637451, 0
u,0.7353439927101135, 0.916671872138977, 0
u,0.5372579097747803, 1.0, 0
u,0.5372579097747803, 0.5872523784637451, 0
u,0.7051358819007874, 0.5872523784637451, 0
u,0.5372579097747803, 1.0, 0
u,0.4113937020301819, 1.0, 0
u,0.4113937020301819, 0.5872523784637451, 0
u,0.4113937020301819, 1.0, 0
u,0.24155139923095703, 1.0, 0
u,0.24155139923095703, 0.5872523784637451, 0
u,0.0, 1.0, 0
u,0.0, 0.9739202260971069, 0
u,0.0012116000289097428, 0.9739202260971069, 0
u,0.0012116000289097428, 0.9739202260971069, 0
u,0.0012116000289097428, 0.5872523784637451, 0
u,0.24155139923095703, 0.5872523784637451, 0
u,0.24155139923095703, 0.5872523784637451, 0
u,0.24155139923095703, 1.0, 0
u,0.0012116000289097428, 0.9739202260971069, 0
u,0.8908621072769165, 0.2676698863506317, 0
u,0.8908621072769165, 0.3237338960170746, 0
u,0.8642578125, 0.3237338960170746, 0
u,0.9348664879798889, 0.2676698863506317, 0
u,0.9348664879798889, 0.3237338960170746, 0
u,0.9125593900680542, 0.3237338960170746, 0
u,0.9125593900680542, 0.3237338960170746, 0
u,0.8908621072769165, 0.3237338960170746, 0
u,0.8908621072769165, 0.2676698863506317, 0
u,0.06451600044965744, 0.018223000690340996, 0
u,0.06451600044965744, 0.08899050205945969, 0
u,0.05636589974164963, 0.08899050205945969, 0
u,0.09638000279664993, 0.014895699918270111, 0
u,0.09638000279664993, 0.08899050205945969, 0
u,0.092427097260952, 0.018223000690340996, 0
u,0.09638000279664993, 0.08899050205945969, 0
u,0.092427097260952, 0.08899050205945969, 0
u,0.092427097260952, 0.018223000690340996, 0
u,0.06451600044965744, 0.018223000690340996, 0
u,0.05636589974164963, 0.08899050205945969, 0
u,0.05636589974164963, 0.014895699918270111, 0
u,0.09638000279664993, 0.014895699918270111, 0
u,0.092427097260952, 0.018223000690340996, 0
u,0.06451600044965744, 0.018223000690340996, 0
u,0.18541109561920166, 0.08899050205945969, 0
u,0.14722110331058502, 0.08899050205945969, 0
u,0.14722110331058502, 0.014895699918270111, 0
u,0.03603750094771385, 0.08899050205945969, 0
u,0.0, 0.08899050205945969, 0
u,0.0, 0.014895699918270111, 0
u,0.05636589974164963, 0.014895699918270111, 0
u,0.05636589974164963, 0.08899050205945969, 0
u,0.03603750094771385, 0.08899050205945969, 0
u,0.09638000279664993, 0.014895699918270111, 0
u,0.14722110331058502, 0.014895699918270111, 0
u,0.14722110331058502, 0.08899050205945969, 0
u,0.9900317788124084, 0.26287469267845154, 0
u,0.9900317788124084, 0.32327350974082947, 0
u,0.9638671875, 0.32327350974082947, 0
u,0.9900317788124084, 0.12909629940986633, 0
u,0.9900317788124084, 0.16546060144901276, 0
u,0.9638671875, 0.16546060144901276, 0
u,0.9638671875, 0.22583499550819397, 0
u,0.9638671875, 0.16546060144901276, 0
u,0.9900317788124084, 0.16546060144901276, 0
u,0.9638671875, 0.22583499550819397, 0
u,0.9900317788124084, 0.22583499550819397, 0
u,0.9900317788124084, 0.26287469267845154, 0
u,0.9855415225028992, 0.9150558710098267, 0
u,0.982421875, 0.9150558710098267, 0
u,0.982421875, 0.8829256296157837, 0
u,0.9855415225028992, 0.8311818242073059, 0
u,0.9855415225028992, 0.8829256296157837, 0
u,0.982421875, 0.8829256296157837, 0
u,0.9855415225028992, 0.9664319753646851, 0
u,0.9855415225028992, 0.9985784888267517, 0
u,0.982421875, 0.9985784888267517, 0
u,0.9855415225028992, 0.9664319753646851, 0
u,0.982421875, 0.9664319753646851, 0
u,0.982421875, 0.9150558710098267, 0
u,0.8630868792533875, 0.1714552938938141, 0
u,0.8630868792533875, 0.22501209378242493, 0
u,0.8599662184715271, 0.1714552938938141, 0
u,0.8630868792533875, 0.22501209378242493, 0
u,0.8193358778953552, 0.22501209378242493, 0
u,0.8599662184715271, 0.1714552938938141, 0
u,0.8193358778953552, 0.22501209378242493, 0
u,0.8193358778953552, 0.16559110581874847, 0
u,0.8599662184715271, 0.1714552938938141, 0
u,0.8599662184715271, 0.1258161962032318, 0
u,0.8599662184715271, 0.16559110581874847, 0
u,0.8193358778953552, 0.16559110581874847, 0
u,0.8630868792533875, 0.2647678852081299, 0
u,0.8630868792533875, 0.3177488148212433, 0
u,0.8599662184715271, 0.3177488148212433, 0
u,0.8599662184715271, 0.3177488148212433, 0
u,0.8599662184715271, 0.3237338960170746, 0
u,0.8193358778953552, 0.3237338960170746, 0
u,0.8193358778953552, 0.3237338960170746, 0
u,0.8193358778953552, 0.2647678852081299, 0
u,0.8599662184715271, 0.3177488148212433, 0
u,0.8630868792533875, 0.22501209378242493, 0
u,0.8630868792533875, 0.2647678852081299, 0
u,0.8193358778953552, 0.2647678852081299, 0
