s,98.71826171875, 155.1845703125, -1.6627991199493408
b,101.119140625, 158.3154296875, 1.0691742897033691
v,101.0302734375, 157.73046875, 0.529810905456543
v,100.018798828125, 158.2255859375, 0.529813289642334
v,100.018798828125, 158.2255859375, 0.3965926170349121
v,101.0302734375, 157.73046875, 0.3965897560119629
v,98.74658203125, 155.73046875, -1.6627919673919678
v,98.729736328125, 155.7392578125, -1.6627919673919678
v,99.988037109375, 158.3154296875, -1.662553071975708
v,101.119140625, 157.76171875, -1.6625556945800781
v,99.861083984375, 155.1845703125, -1.662794589996338
v,99.571533203125, 155.326171875, -1.6627941131591797
v,99.543701171875, 155.2685546875, -1.6627991199493408
v,98.71826171875, 155.671875, -1.662797451019287
v,99.839111328125, 155.873046875, 1.0691728591918945
v,99.265380859375, 156.154296875, 1.0691742897033691
v,99.135986328125, 155.8896484375, 1.0691499710083008
v,98.884521484375, 156.0126953125, 1.0691509246826172
v,98.71826171875, 155.671875, 1.0691194534301758
v,99.54345703125, 155.2685546875, 1.0691170692443848
v,99.265380859375, 156.154296875, 0.3964085578918457
v,99.839111328125, 155.873046875, 0.3964076042175293
v,99.600830078125, 155.3857421875, 0.3963623046875
v,99.83056640625, 155.2744140625, 0.3963623046875
v,101.030029296875, 157.73046875, 0.3965897560119629
v,100.018798828125, 158.2255859375, 0.3965926170349121
v,98.927490234375, 155.9912109375, 0.39638519287109375
v,99.135986328125, 155.8896484375, 0.39638423919677734
v,101.119140625, 157.7607421875, 0.5298166275024414
v,99.98779296875, 158.3154296875, 0.5298190116882324
v,98.7294921875, 155.73828125, 0.5295801162719727
v,98.74658203125, 155.73046875, 0.5295801162719727
v,98.884521484375, 156.0126953125, 0.5296058654785156
v,98.927490234375, 155.9912109375, 0.5296053886413574
v,100.0185546875, 158.2255859375, 0.529813289642334
v,101.030029296875, 157.73046875, 0.529810905456543
v,99.83056640625, 155.2744140625, 0.5295829772949219
v,99.600830078125, 155.3857421875, 0.5295834541320801
v,99.571533203125, 155.326171875, 0.5295782089233398
v,99.861083984375, 155.1845703125, 0.5295772552490234
v,99.54345703125, 155.2685546875, 1.0691170692443848
v,98.71826171875, 155.671875, 1.0691194534301758
v,98.71826171875, 155.671875, -1.662797451019287
v,99.543701171875, 155.2685546875, -1.6627991199493408
v,98.884521484375, 156.0126953125, 0.5296058654785156
v,98.74658203125, 155.73046875, 0.5295801162719727
v,98.74658203125, 155.73046875, -1.6627919673919678
v,98.71826171875, 155.671875, -1.662797451019287
v,98.71826171875, 155.671875, 1.0691194534301758
v,98.884521484375, 156.0126953125, 1.0691509246826172
v,99.839111328125, 155.873046875, 1.0691728591918945
v,99.54345703125, 155.2685546875, 1.0691170692443848
v,99.543701171875, 155.2685546875, -1.6627991199493408
v,99.571533203125, 155.326171875, -1.6627941131591797
v,99.571533203125, 155.326171875, 0.5295782089233398
v,99.600830078125, 155.3857421875, 0.5295834541320801
v,99.600830078125, 155.3857421875, 0.3963623046875
v,99.839111328125, 155.873046875, 0.3964076042175293
v,98.927490234375, 155.9912109375, 0.39638519287109375
v,98.927490234375, 155.9912109375, 0.5296053886413574
v,98.884521484375, 156.0126953125, 0.5296058654785156
v,98.884521484375, 156.0126953125, 1.0691509246826172
v,99.135986328125, 155.8896484375, 1.0691499710083008
v,99.135986328125, 155.8896484375, 0.39638423919677734
v,99.265380859375, 156.154296875, 1.0691742897033691
v,99.265380859375, 156.154296875, 0.3964085578918457
v,99.135986328125, 155.8896484375, 0.39638423919677734
v,99.135986328125, 155.8896484375, 1.0691499710083008
v,99.839111328125, 155.873046875, 1.0691728591918945
v,99.839111328125, 155.873046875, 0.3964076042175293
v,99.265380859375, 156.154296875, 0.3964085578918457
v,99.265380859375, 156.154296875, 1.0691742897033691
v,99.571533203125, 155.326171875, 0.5295782089233398
v,99.571533203125, 155.326171875, -1.6627941131591797
v,99.861083984375, 155.1845703125, -1.662794589996338
v,99.861083984375, 155.1845703125, 0.5295772552490234
v,101.119140625, 157.7607421875, 0.5298166275024414
v,99.861083984375, 155.1845703125, 0.5295772552490234
v,99.861083984375, 155.1845703125, -1.662794589996338
v,101.119140625, 157.76171875, -1.6625556945800781
v,98.74658203125, 155.73046875, -1.6627919673919678
v,98.74658203125, 155.73046875, 0.5295801162719727
v,98.7294921875, 155.73828125, 0.5295801162719727
v,98.729736328125, 155.7392578125, -1.6627919673919678
v,98.729736328125, 155.7392578125, -1.6627919673919678
v,98.7294921875, 155.73828125, 0.5295801162719727
v,99.98779296875, 158.3154296875, 0.5298190116882324
v,99.988037109375, 158.3154296875, -1.662553071975708
v,99.98779296875, 158.3154296875, 0.5298190116882324
v,101.119140625, 157.7607421875, 0.5298166275024414
v,101.119140625, 157.76171875, -1.6625556945800781
v,99.988037109375, 158.3154296875, -1.662553071975708
v,99.83056640625, 155.2744140625, 0.5295829772949219
v,101.030029296875, 157.73046875, 0.529810905456543
v,101.030029296875, 157.73046875, 0.3965897560119629
v,99.83056640625, 155.2744140625, 0.3963623046875
v,99.600830078125, 155.3857421875, 0.3963623046875
v,99.600830078125, 155.3857421875, 0.5295834541320801
v,99.83056640625, 155.2744140625, 0.5295829772949219
v,99.83056640625, 155.2744140625, 0.3963623046875
v,98.927490234375, 155.9912109375, 0.39638519287109375
v,100.018798828125, 158.2255859375, 0.3965926170349121
v,100.0185546875, 158.2255859375, 0.529813289642334
v,98.927490234375, 155.9912109375, 0.5296053886413574
i,0,2,3
i,4,6,9
i,14,16,17
i,18,19,23
i,26,27,33
i,38,40,41
i,43,45,46
i,49,52,53
i,60,61,57
i,63,65,62
i,66,68,69
i,71,73,70
i,74,76,77
i,78,80,81
i,82,84,85
i,86,88,89
i,90,92,93
i,94,96,97
i,99,101,98
i,0,1,2
i,4,5,6
i,6,7,9
i,7,8,9
i,9,10,11
i,9,11,4
i,17,12,14
i,12,13,14
i,14,15,16
i,19,20,21
i,21,22,19
i,22,23,19
i,23,24,18
i,24,25,18
i,27,28,30
i,28,29,30
i,30,31,32
i,35,36,34
i,36,37,34
i,27,30,32
i,33,34,26
i,34,37,26
i,27,32,33
i,38,39,40
i,47,42,43
i,43,44,45
i,46,47,43
i,55,48,53
i,48,49,53
i,49,50,52
i,50,51,52
i,53,54,55
i,61,56,57
i,57,58,59
i,59,60,57
i,63,64,65
i,66,67,68
i,71,72,73
i,74,75,76
i,78,79,80
i,82,83,84
i,86,87,88
i,90,91,92
i,94,95,96
i,99,100,101
n,-1.9807883501052856, -4.044832229614258, 0.0
n,0.00015569533570669591, 0.00034141805372200906, -4.50379753112793
n,-0.000153171771671623, -0.00033698976039886475, 4.50379753112793
n,-0.00015769376477692276, -0.0003423203597776592, 4.50379753112793
n,-0.0001599758688826114, -0.00034717252128757536, 4.50379753112793
n,-1.9775032997131348, -4.046439170837402, -0.0001569534942973405
n,-4.052220821380615, 1.9656294584274292, 0.0
n,4.045755386352539, -1.9789024591445923, 0.0014138252008706331
n,1.970257043838501, 4.049973011016846, 0.0
n,-4.045413970947266, 1.9796000719070435, 0.0
n,1.9810738563537598, 4.044692516326904, 0.0
n,-1.9764823913574219, -4.046938419342041, 0.0
n,4.047209739685059, -1.975926399230957, -0.0007816955912858248
n,-2.0551578998565674, -4.007557392120361, -0.0017886885907500982
n,-4.0466790199279785, 1.9770137071609497, -0.0004002263012807816
n,1.979337453842163, 4.0455427169799805, 0.00019576125487219542
n,-4.047005653381348, 1.9763448238372803, 0.0
n,1.9727634191513062, 4.048752784729004, 0.0
n,4.046840190887451, -1.9766833782196045, 0.0
n,-1.9804452657699585, -4.044999122619629, -0.0032233893871307373
n,0.00017125351587310433, 0.0003339443646837026, -4.50379753112793
n,0.00015684634854551405, 0.0003412576043047011, -4.50379753112793
n,0.0001593122724443674, 0.0003396907413844019, -4.50379753112793
n,0.00015027295739855617, 0.0003264111583121121, -4.50379753112793
n,0.00015955581329762936, 0.00034929843968711793, -4.50379753112793
n,-0.00015438847185578197, -0.00033778802026063204, 4.50379753112793
n,-0.00015450097271241248, -0.0003425891336519271, 4.50379753112793
n,-0.0001514550094725564, -0.0003402830334380269, 4.50379753112793
n,-0.0001565136481076479, -0.00033826439175754786, 4.50379753112793
n,-0.00016299894195981324, -0.0003381705319043249, 4.50379753112793
n,-0.00015637039905413985, -0.00034242135006934404, 4.50379753112793
n,-0.00014939613174647093, -0.00034533816506154835, 4.50379753112793
n,-0.00014955461665522307, -0.0003450096119195223, 4.50379753112793
n,-7.556268246844411e-05, -0.0003805661981459707, 4.50379753112793
n,-0.00015341723337769508, -0.00033666554372757673, 4.50379753112793
n,-0.00013383252371568233, -0.0003529531823005527, 4.50379753112793
n,-0.00015631965652573854, -0.0003378662222530693, 4.50379753112793
n,-0.0001594583736732602, -0.00035348141682334244, 4.50379753112793
n,-0.00014347454998642206, -0.0003480112354736775, 4.50379753112793
n,-0.00016305086319334805, -0.0003381451533641666, 4.50379753112793
n,-0.00014379866479430348, -0.00034812215017154813, 4.50379753112793
n,-0.00016447875532321632, -0.0003551995614543557, 4.50379753112793
n,-1.9779226779937744, -4.046234607696533, 0.0
n,-4.047990322113037, 1.9743266105651855, 0.0
n,-4.052220821380615, 1.9656295776367188, 0.0
n,-4.048712253570557, 1.9728457927703857, 0.0009605195373296738
n,4.046157360076904, -1.978081226348877, 0.0
n,4.045581340789795, -1.97925865650177, 0.001317924470640719
n,4.041685581207275, -1.9872004985809326, 0.00032078666845336556
n,4.046544551849365, -1.9772887229919434, 0.0
n,4.046157360076904, -1.9780811071395874, 0.0
n,1.9702569246292114, 4.0499725341796875, 0.0
n,2.030386209487915, 4.020164966583252, 0.0
n,1.9806135892868042, 4.044914722442627, -0.004955153446644545
n,-4.045413970947266, 1.9796000719070435, 0.0
n,1.9810738563537598, 4.044692516326904, 0.0
n,-1.9764823913574219, -4.046938419342041, 0.0
n,4.046947479248047, -1.976463794708252, 0.0
n,-1.8675923347473145, -4.09832763671875, 0.0
n,-4.04694128036499, 1.9764763116836548, 0.0003816609096247703
n,1.981533169746399, 4.044467449188232, 0.001600030460394919
n,-4.0470051765441895, 1.9763448238372803, 0.0
n,1.9727634191513062, 4.048752784729004, 0.0
n,4.046990394592285, -1.9763647317886353, 0.006586915347725153
u,0.3507975935935974, 0.004418199881911278, 0
u,0.4829460084438324, 0.036437198519706726, 0
u,0.3507975935935974, 0.036437198519706726, 0
u,0.0, 0.0, 0
u,0.0, 0.0, 0
u,0.0, 0.0, 0
u,0.33542001247406006, 0.40026620030403137, 0
u,0.2925350069999695, 0.4652222990989685, 0
u,0.2924900949001312, 0.25200751423835754, 0
u,0.3688111901283264, 0.40022119879722595, 0
u,0.3687784969806671, 0.2519688904285431, 0
u,0.6171972155570984, 0.4541737139225006, 0
u,0.6246166825294495, 0.17725630104541779, 0
u,0.6247519850730896, 0.46963560581207275, 0
u,0.6170762181282043, 0.1927165985107422, 0
u,0.290157288312912, 0.1869765967130661, 0
u,0.0, 0.3868319094181061, 0
u,0.0, 0.1869765967130661, 0
u,0.23285220563411713, 0.4008029103279114, 0
u,0.0, 0.3868319094181061, 0
u,0.290157288312912, 0.3868319094181061, 0
u,0.290157288312912, 0.1869765967130661, 0
u,0.23285220563411713, 0.17308390140533447, 0
u,0.23285220563411713, 0.15859079360961914, 0
u,0.8866822719573975, 0.8340080976486206, 0
u,0.8866822719573975, 0.996033787727356, 0
u,0.859380304813385, 0.9639496207237244, 0
u,0.9213265180587769, 0.996033787727356, 0
u,0.8866822719573975, 0.8340080976486206, 0
u,0.9213265180587769, 0.8340080976486206, 0
u,0.9964104294776917, 0.8340080976486206, 0
u,0.9213265180587769, 0.996033787727356, 0
u,0.9213265180587769, 0.8340080976486206, 0
u,0.8516187071800232, 0.9991034269332886, 0
u,0.8142024874687195, 0.4777328073978424, 0
u,0.8516187071800232, 0.4777328073978424, 0
u,0.4813210964202881, 0.4777328073978424, 0
u,0.8142024874687195, 0.9991034269332886, 0
u,0.4813210964202881, 0.9991034269332886, 0
u,0.0, 0.9991034269332886, 0
u,0.0022020998876541853, 0.4777328073978424, 0
u,0.0022020998876541853, 0.9991034269332886, 0
u,0.0022020998876541853, 0.9991034269332886, 0
u,0.3351019024848938, 0.4777328073978424, 0
u,0.3351019024848938, 0.9991034269332886, 0
u,0.3351019024848938, 0.4777328073978424, 0
u,0.4813210964202881, 0.9991034269332886, 0
u,0.3351019024848938, 0.9991034269332886, 0
u,0.02999730035662651, 0.004418199881911278, 0
u,0.3507975935935974, 0.036437198519706726, 0
u,0.02999730035662651, 0.036437198519706726, 0
u,0.0, 0.036437198519706726, 0
u,0.02999730035662651, 0.004418199881911278, 0
u,0.02999730035662651, 0.036437198519706726, 0
u,0.4829460084438324, 0.036437198519706726, 0
u,0.7746770977973938, 0.004418199881911278, 0
u,0.7746770977973938, 0.036437198519706726, 0
u,0.3507975935935974, 0.004418199881911278, 0
u,0.4829460084438324, 0.004418199881911278, 0
u,0.4829460084438324, 0.036437198519706726, 0
u,0.0, 0.0, 0
u,0.0, 0.0, 0
u,0.0, 0.0, 0
u,0.0, 0.0, 0
u,0.0, 0.0, 0
u,0.0, 0.0, 0
u,0.0, 0.0, 0
u,0.0, 0.0, 0
u,0.0, 0.0, 0
u,0.0, 0.0, 0
u,0.0, 0.0, 0
u,0.0, 0.0, 0
u,0.0, 0.0, 0
u,0.0, 0.0, 0
u,0.0, 0.0, 0
u,0.2924900949001312, 0.25200751423835754, 0
u,0.3687784969806671, 0.2519688904285431, 0
u,0.33542001247406006, 0.40026620030403137, 0
u,0.3687784969806671, 0.2519688904285431, 0
u,0.3688111901283264, 0.40022119879722595, 0
u,0.33542001247406006, 0.40026620030403137, 0
u,0.33542001247406006, 0.40026620030403137, 0
u,0.33544981479644775, 0.46528080105781555, 0
u,0.2925350069999695, 0.4652222990989685, 0
u,0.3687784969806671, 0.2519688904285431, 0
u,0.30727270245552063, 0.25200000405311584, 0
u,0.30724889039993286, 0.19265009462833405, 0
u,0.30724889039993286, 0.19265009462833405, 0
u,0.6170762181282043, 0.1927165985107422, 0
u,0.3687784969806671, 0.2519688904285431, 0
u,0.6170762181282043, 0.1927165985107422, 0
u,0.6171972155570984, 0.4541737139225006, 0
u,0.3687784969806671, 0.2519688904285431, 0
u,0.6171972155570984, 0.4541737139225006, 0
u,0.33544468879699707, 0.4541737139225006, 0
u,0.3688111901283264, 0.40022119879722595, 0
u,0.33544468879699707, 0.4541737139225006, 0
u,0.33542001247406006, 0.40026620030403137, 0
u,0.3688111901283264, 0.40022119879722595, 0
u,0.6247519850730896, 0.46963560581207275, 0
u,0.2998124957084656, 0.46963560581207275, 0
u,0.33544981479644775, 0.46528080105781555, 0
u,0.2998124957084656, 0.46963560581207275, 0
u,0.2998107075691223, 0.4652321934700012, 0
u,0.33544981479644775, 0.46528080105781555, 0
u,0.33544981479644775, 0.46528080105781555, 0
u,0.33544468879699707, 0.4541737139225006, 0
u,0.6171972155570984, 0.4541737139225006, 0
u,0.30727270245552063, 0.25200000405311584, 0
u,0.29972508549690247, 0.2520037889480591, 0
u,0.30724889039993286, 0.19265009462833405, 0
u,0.29972508549690247, 0.2520037889480591, 0
u,0.2996949851512909, 0.1771865040063858, 0
u,0.30724889039993286, 0.19265009462833405, 0
u,0.6247519850730896, 0.46963560581207275, 0
u,0.33544981479644775, 0.46528080105781555, 0
u,0.6171972155570984, 0.4541737139225006, 0
u,0.6170762181282043, 0.1927165985107422, 0
u,0.30724889039993286, 0.19265009462833405, 0
u,0.6246166825294495, 0.17725630104541779, 0
u,0.30724889039993286, 0.19265009462833405, 0
u,0.2996949851512909, 0.1771865040063858, 0
u,0.6246166825294495, 0.17725630104541779, 0
u,0.6247519850730896, 0.46963560581207275, 0
u,0.6171972155570984, 0.4541737139225006, 0
u,0.6170762181282043, 0.1927165985107422, 0
u,0.290157288312912, 0.1869765967130661, 0
u,0.290157288312912, 0.3868319094181061, 0
u,0.0, 0.3868319094181061, 0
u,0.290157288312912, 0.4692380130290985, 0
u,0.23285220563411713, 0.4692380130290985, 0
u,0.23285220563411713, 0.4008029103279114, 0
u,0.23285220563411713, 0.4008029103279114, 0
u,0.0, 0.4008029103279114, 0
u,0.0, 0.3868319094181061, 0
u,0.290157288312912, 0.3868319094181061, 0
u,0.290157288312912, 0.4692380130290985, 0
u,0.23285220563411713, 0.4008029103279114, 0
u,0.2187027931213379, 0.04048579931259155, 0
u,0.290157288312912, 0.04048579931259155, 0
u,0.23285220563411713, 0.15859079360961914, 0
u,0.290157288312912, 0.04048579931259155, 0
u,0.290157288312912, 0.1869765967130661, 0
u,0.23285220563411713, 0.15859079360961914, 0
u,0.290157288312912, 0.1869765967130661, 0
u,0.0, 0.1869765967130661, 0
u,0.23285220563411713, 0.17308390140533447, 0
u,0.0, 0.1869765967130661, 0
u,0.0, 0.17308390140533447, 0
u,0.23285220563411713, 0.17308390140533447, 0
u,0.23285220563411713, 0.15859079360961914, 0
u,0.2187027931213379, 0.15859079360961914, 0
u,0.2187027931213379, 0.04048579931259155, 0
u,0.8866822719573975, 0.996033787727356, 0
u,0.859380304813385, 0.996033787727356, 0
u,0.859380304813385, 0.9639496207237244, 0
u,0.859380304813385, 0.9639496207237244, 0
u,0.853754997253418, 0.9639496207237244, 0
u,0.853754997253418, 0.8340080976486206, 0
u,0.853754997253418, 0.8340080976486206, 0
u,0.8866822719573975, 0.8340080976486206, 0
u,0.859380304813385, 0.9639496207237244, 0
u,0.9213265180587769, 0.996033787727356, 0
u,0.8866822719573975, 0.996033787727356, 0
u,0.8866822719573975, 0.8340080976486206, 0
u,0.9964104294776917, 0.8340080976486206, 0
u,0.9964104294776917, 0.996033787727356, 0
u,0.9213265180587769, 0.996033787727356, 0
u,0.8516187071800232, 0.9991034269332886, 0
u,0.8142024874687195, 0.9991034269332886, 0
u,0.8142024874687195, 0.4777328073978424, 0
u,0.4813210964202881, 0.4777328073978424, 0
u,0.8142024874687195, 0.4777328073978424, 0
u,0.8142024874687195, 0.9991034269332886, 0
u,0.0, 0.9991034269332886, 0
u,0.0, 0.4777328073978424, 0
u,0.0022020998876541853, 0.4777328073978424, 0
u,0.0022020998876541853, 0.9991034269332886, 0
u,0.0022020998876541853, 0.4777328073978424, 0
u,0.3351019024848938, 0.4777328073978424, 0
u,0.3351019024848938, 0.4777328073978424, 0
u,0.4813210964202881, 0.4777328073978424, 0
u,0.4813210964202881, 0.9991034269332886, 0
u,0.02999730035662651, 0.004418199881911278, 0
u,0.3507975935935974, 0.004418199881911278, 0
u,0.3507975935935974, 0.036437198519706726, 0
u,0.0, 0.036437198519706726, 0
u,0.0, 0.004418199881911278, 0
u,0.02999730035662651, 0.004418199881911278, 0
u,0.4829460084438324, 0.036437198519706726, 0
u,0.4829460084438324, 0.004418199881911278, 0
u,0.7746770977973938, 0.004418199881911278, 0
