s,180.68359375, 85.27734375, -0.19469547271728516
b,182.534423828125, 86.96484375, 1.3057689666748047
v,180.68359375, 86.04296875, 1.3055944442749023
v,181.22021484375, 85.27734375, 1.305624008178711
v,182.534423828125, 86.19921875, 1.3057689666748047
v,181.997314453125, 86.96484375, 1.305739402770996
v,182.5341796875, 86.19921875, -0.1945209503173828
v,181.22021484375, 85.27734375, -0.19466543197631836
v,180.68359375, 86.04296875, -0.19469547271728516
v,181.997314453125, 86.96484375, -0.1945505142211914
v,181.9970703125, 86.96484375, 1.305739402770996
v,182.5341796875, 86.19921875, 1.3057689666748047
v,182.5341796875, 86.19921875, -0.1945209503173828
v,181.997314453125, 86.96484375, -0.1945505142211914
v,182.5341796875, 86.19921875, 1.3057689666748047
v,181.219970703125, 85.27734375, 1.305624008178711
v,181.22021484375, 85.27734375, -0.19466543197631836
v,182.5341796875, 86.19921875, -0.1945209503173828
v,181.219970703125, 85.27734375, 1.305624008178711
v,180.68359375, 86.04296875, 1.3055944442749023
v,180.68359375, 86.04296875, -0.19469547271728516
v,181.22021484375, 85.27734375, -0.19466543197631836
v,180.68359375, 86.04296875, 1.3055944442749023
v,181.9970703125, 86.96484375, 1.305739402770996
v,181.997314453125, 86.96484375, -0.1945505142211914
v,180.68359375, 86.04296875, -0.19469547271728516
i,0,2,3
i,4,6,7
i,8,10,11
i,13,15,12
i,17,19,16
i,21,23,20
i,0,1,2
i,4,5,6
i,8,9,10
i,13,14,15
i,17,18,19
i,21,22,23
n,-0.0004147895087953657, -0.00011655719572445378, 4.50379753112793
n,0.0004147988511249423, 0.00011644631740637124, -4.50379753112793
n,3.6878879070281982, 2.585280418395996, 0.0005329958512447774
n,2.5849223136901855, -3.688138723373413, 0.0
n,-3.687492847442627, -2.585844039916992, -0.0005329388077370822
n,-2.587411880493164, 3.6863927841186523, 0.0
n,-0.0004148070584051311, -0.00011634895054157823, 4.50379753112793
n,0.00041479768697172403, 0.00011645995982689783, -4.50379753112793
n,3.687397003173828, 2.5859804153442383, 0.0
n,2.5852084159851074, -3.6879384517669678, 0.00037362996954470873
n,-3.6870017051696777, -2.5865442752838135, 0.0
n,-2.587125778198242, 3.686593532562256, -0.0003739070671144873
u,0.7452055215835571, 0.986889123916626, 0
u,0.9987884759902954, 0.32098761200904846, 0
u,0.9987884759902954, 0.9871044754981995, 0
u,0.0, 0.0, 0
u,0.0, 0.0, 0
u,0.0, 0.0, 0
u,0.601294219493866, 0.012345699593424797, 0
u,0.7370272874832153, 0.9932975172996521, 0
u,0.601294219493866, 0.9932975172996521, 0
u,0.23282930254936218, 0.012345699593424797, 0
u,0.0, 0.9932975172996521, 0
u,0.0, 0.012345699593424797, 0
u,0.36845090985298157, 0.012345699593424797, 0
u,0.23282930254936218, 0.9932975172996521, 0
u,0.23282930254936218, 0.012345699593424797, 0
u,0.601294219493866, 0.012345699593424797, 0
u,0.36845090985298157, 0.9932975172996521, 0
u,0.36845090985298157, 0.012345699593424797, 0
u,0.7452055215835571, 0.986889123916626, 0
u,0.7452207207679749, 0.3213194012641907, 0
u,0.9987884759902954, 0.32098761200904846, 0
u,0.0, 0.0, 0
u,0.0, 0.0, 0
u,0.0, 0.0, 0
u,0.601294219493866, 0.012345699593424797, 0
u,0.7370272874832153, 0.012345699593424797, 0
u,0.7370272874832153, 0.9932975172996521, 0
u,0.23282930254936218, 0.012345699593424797, 0
u,0.23282930254936218, 0.9932975172996521, 0
u,0.0, 0.9932975172996521, 0
u,0.36845090985298157, 0.012345699593424797, 0
u,0.36845090985298157, 0.9932975172996521, 0
u,0.23282930254936218, 0.9932975172996521, 0
u,0.601294219493866, 0.012345699593424797, 0
u,0.601294219493866, 0.9932975172996521, 0
u,0.36845090985298157, 0.9932975172996521, 0
