s,173.408203125, 103.734375, 0.04430389404296875
b,179.580322265625, 110.1572265625, 3.5323500633239746
v,174.84130859375, 103.734375, 2.9048304557800293
v,173.408447265625, 105.6142578125, 2.904778003692627
v,173.40869140625, 105.6142578125, 0.04430389404296875
v,174.841796875, 103.734375, 0.04435539245605469
v,174.7177734375, 106.6123046875, 0.04445791244506836
v,175.09716796875, 106.1162109375, 0.044470787048339844
v,175.27099609375, 106.2392578125, 0.044490814208984375
v,175.101318359375, 106.4736328125, 0.044486045837402344
v,176.96875, 107.798828125, 0.044704437255859375
v,176.97705078125, 107.787109375, 0.04470539093017578
v,177.0361328125, 107.830078125, 0.044712066650390625
v,176.30078125, 108.7490234375, 0.04468488693237305
v,176.3466796875, 108.78515625, 0.04469013214111328
v,175.730712890625, 109.6396484375, 0.04467201232910156
v,176.44775390625, 110.1572265625, 0.04475688934326172
v,177.38671875, 108.8544921875, 0.044785499572753906
v,177.363037109375, 108.8369140625, 0.04478311538696289
v,177.756103515625, 108.345703125, 0.044797420501708984
v,177.92333984375, 108.466796875, 0.04481792449951172
v,178.97900390625, 107.001953125, 0.04485273361206055
v,178.590087890625, 106.72265625, 0.04480600357055664
v,178.614013671875, 106.69140625, 0.04480695724487305
v,179.090576171875, 107.0341796875, 0.04486417770385742
v,179.580322265625, 106.3564453125, 0.044881343841552734
v,179.01904296875, 105.9521484375, 0.0448145866394043
v,178.798583984375, 106.2578125, 0.04480695724487305
v,178.333984375, 105.9228515625, 0.04475069046020508
v,178.399169921875, 105.8330078125, 0.0447535514831543
v,176.537109375, 104.4931640625, 0.04453420639038086
v,175.820556640625, 105.4814453125, 0.0445094108581543
v,175.667236328125, 105.3701171875, 0.04449176788330078
v,176.146240234375, 104.7431640625, 0.0445094108581543
v,174.841552734375, 103.734375, 0.04435539245605469
v,173.408447265625, 105.6142578125, 0.04430389404296875
v,176.346435546875, 108.78515625, 2.320103168487549
v,176.376220703125, 108.8095703125, 2.3623690605163574
v,175.820068359375, 109.705078125, 2.4424891471862793
v,175.73046875, 109.6396484375, 2.320085048675537
v,176.376220703125, 108.8095703125, 2.3623690605163574
v,176.4326171875, 108.85546875, 2.442507266998291
v,175.820068359375, 109.705078125, 2.4424891471862793
v,176.4326171875, 108.85546875, 2.442507266998291
v,176.469970703125, 108.884765625, 2.480492115020752
v,175.9306640625, 109.78515625, 2.551352024078369
v,175.820068359375, 109.705078125, 2.4424891471862793
v,176.469970703125, 108.884765625, 2.480492115020752
v,176.53955078125, 108.9404296875, 2.5513691902160645
v,175.9306640625, 109.78515625, 2.551352024078369
v,176.447509765625, 110.1572265625, 2.3201699256896973
v,175.73046875, 109.6396484375, 2.320085048675537
v,175.820068359375, 109.705078125, 2.4424891471862793
v,176.357666015625, 110.091796875, 2.4425530433654785
v,176.357666015625, 110.091796875, 2.4425530433654785
v,175.820068359375, 109.705078125, 2.4424891471862793
v,175.9306640625, 109.78515625, 2.551352024078369
v,176.246337890625, 110.01171875, 2.551389217376709
v,176.088134765625, 109.8984375, 2.6132140159606934
v,176.246337890625, 110.01171875, 2.551389217376709
v,175.9306640625, 109.78515625, 2.551352024078369
v,176.788818359375, 109.1396484375, 2.5737576484680176
v,176.84375, 109.18359375, 2.5514063835144043
v,176.246337890625, 110.01171875, 2.551389217376709
v,176.088134765625, 109.8984375, 2.6132140159606934
v,176.691650390625, 109.0615234375, 2.6132311820983887
v,176.788818359375, 109.1396484375, 2.5737576484680176
v,176.088134765625, 109.8984375, 2.6132140159606934
v,176.447509765625, 110.1572265625, 2.3201699256896973
v,176.357666015625, 110.091796875, 2.4425530433654785
v,177.38671875, 108.8544921875, 2.3201985359191895
v,177.38671875, 108.8544921875, 2.3201985359191895
v,176.357666015625, 110.091796875, 2.4425530433654785
v,176.950927734375, 109.26953125, 2.4425711631774902
v,176.9912109375, 109.3017578125, 2.3856186866760254
v,177.363037109375, 108.8369140625, 2.352660655975342
v,176.91162109375, 109.2373046875, 2.4824681282043457
v,176.950927734375, 109.26953125, 2.4425711631774902
v,176.357666015625, 110.091796875, 2.4425530433654785
v,176.246337890625, 110.01171875, 2.551389217376709
v,176.84375, 109.18359375, 2.5514063835144043
v,176.91162109375, 109.2373046875, 2.4824681282043457
v,176.246337890625, 110.01171875, 2.551389217376709
v,176.53955078125, 108.9404296875, 2.5513691902160645
v,176.593505859375, 108.9833984375, 2.573251247406006
v,176.088134765625, 109.8984375, 2.6132140159606934
v,175.9306640625, 109.78515625, 2.551352024078369
v,176.593505859375, 108.9833984375, 2.573251247406006
v,176.691650390625, 109.0615234375, 2.6132311820983887
v,176.088134765625, 109.8984375, 2.6132140159606934
v,177.363037109375, 108.8369140625, 2.352660655975342
v,177.363037109375, 108.8369140625, 2.3201966285705566
v,177.38671875, 108.8544921875, 2.3201985359191895
v,177.3916015625, 107.384765625, 2.798623561859131
v,178.082275390625, 107.9375, 2.798708438873291
v,176.9912109375, 109.3017578125, 2.7986674308776855
v,176.300537109375, 108.7490234375, 2.7985825538635254
v,177.99853515625, 105.681640625, 3.3181710243225098
v,178.8857421875, 106.3203125, 3.318276882171631
v,178.524658203125, 106.8115234375, 3.318263530731201
v,177.88232421875, 106.3564453125, 3.318188190460205
v,178.132568359375, 106.009765625, 3.3181958198547363
v,177.887451171875, 105.833984375, 3.318167209625244
v,175.308349609375, 106.501953125, 2.638537883758545
v,176.9404296875, 107.66015625, 2.6387295722961426
v,177.88232421875, 106.3564453125, 2.638761043548584
v,177.94384765625, 106.3994140625, 2.6387686729431152
v,176.954833984375, 107.771484375, 2.638735294342041
v,176.976806640625, 107.787109375, 2.6387381553649902
v,176.968505859375, 107.798828125, 2.6387381553649902
v,175.10107421875, 106.4736328125, 2.638518810272217
v,176.536865234375, 104.4931640625, 2.6385674476623535
v,178.39892578125, 105.8330078125, 2.6387858390808105
v,178.333740234375, 105.9228515625, 2.638784885406494
v,177.99853515625, 105.681640625, 2.638744831085205
v,177.887451171875, 105.833984375, 2.638740062713623
v,176.505859375, 104.8388671875, 2.638577938079834
v,175.09716796875, 106.115234375, 2.6151909828186035
v,175.6669921875, 105.369140625, 2.615211009979248
v,175.8203125, 105.4814453125, 2.6152291297912598
v,175.270751953125, 106.2392578125, 2.615211009979248
v,179.01904296875, 105.9521484375, 0.9613738059997559
v,179.580078125, 106.3564453125, 0.9614405632019043
v,179.09033203125, 107.0341796875, 0.9614243507385254
v,178.614013671875, 106.69140625, 0.961367130279541
v,178.885986328125, 106.3203125, 0.9613766670227051
v,178.798583984375, 106.2578125, 0.9613661766052246
v,177.755859375, 108.345703125, 2.665475368499756
v,178.082275390625, 107.9375, 2.665487766265869
v,177.3916015625, 107.384765625, 2.665402889251709
v,177.035888671875, 107.830078125, 2.6653895378112793
v,176.954833984375, 107.771484375, 2.665379047393799
v,177.94384765625, 106.3994140625, 2.665412425994873
v,178.524658203125, 106.8125, 2.6654810905456543
v,178.590087890625, 106.72265625, 2.6654839515686035
v,178.978759765625, 107.001953125, 2.665529727935791
v,177.92333984375, 108.466796875, 2.665494441986084
v,176.14599609375, 104.7431640625, 2.9049839973449707
v,174.717529296875, 106.6123046875, 2.9049324989318848
v,173.408203125, 105.6142578125, 2.904778003692627
v,174.84130859375, 103.734375, 2.9048304557800293
v,176.9404296875, 107.66015625, 3.454707622528076
v,176.88720703125, 106.0341796875, 3.5323500633239746
v,178.132568359375, 106.009765625, 3.4547476768493652
v,176.583740234375, 106.470703125, 3.532339572906494
v,176.88720703125, 106.0341796875, 3.5323500633239746
v,176.9404296875, 107.66015625, 3.454707622528076
v,176.88720703125, 106.0341796875, 3.5323500633239746
v,176.505859375, 104.8388671875, 3.4545559883117676
v,178.132568359375, 106.009765625, 3.4547476768493652
v,176.88720703125, 106.0341796875, 3.5323500633239746
v,176.583740234375, 106.470703125, 3.532339572906494
v,176.505859375, 104.8388671875, 3.4545559883117676
v,176.583740234375, 106.470703125, 3.532339572906494
v,176.9404296875, 107.66015625, 3.454707622528076
v,175.308349609375, 106.501953125, 3.4545159339904785
v,176.505859375, 104.8388671875, 3.4545559883117676
v,176.583740234375, 106.470703125, 3.532339572906494
v,175.308349609375, 106.501953125, 3.4545159339904785
v,177.363037109375, 108.8369140625, 2.3201966285705566
v,177.363037109375, 108.8369140625, 0.04478311538696289
v,177.38671875, 108.8544921875, 0.044785499572753906
v,177.38671875, 108.8544921875, 2.3201985359191895
v,176.3466796875, 108.78515625, 0.04469013214111328
v,176.346435546875, 108.78515625, 2.320103168487549
v,175.73046875, 109.6396484375, 2.320085048675537
v,175.730712890625, 109.6396484375, 0.04467201232910156
v,175.73046875, 109.6396484375, 2.320085048675537
v,176.447509765625, 110.1572265625, 2.3201699256896973
v,176.44775390625, 110.1572265625, 0.04475688934326172
v,175.730712890625, 109.6396484375, 0.04467201232910156
v,176.44775390625, 110.1572265625, 0.04475688934326172
v,176.447509765625, 110.1572265625, 2.3201699256896973
v,177.38671875, 108.8544921875, 2.3201985359191895
v,177.38671875, 108.8544921875, 0.044785499572753906
v,176.9912109375, 109.3017578125, 2.3856186866760254
v,176.950927734375, 109.26953125, 2.4425711631774902
v,176.91162109375, 109.2373046875, 2.4824681282043457
v,176.84375, 109.18359375, 2.5514063835144043
v,176.788818359375, 109.1396484375, 2.5737576484680176
v,176.691650390625, 109.0615234375, 2.6132311820983887
v,176.593505859375, 108.9833984375, 2.573251247406006
v,176.53955078125, 108.9404296875, 2.5513691902160645
v,176.469970703125, 108.884765625, 2.480492115020752
v,176.4326171875, 108.85546875, 2.442507266998291
v,176.376220703125, 108.8095703125, 2.3623690605163574
v,176.346435546875, 108.78515625, 2.320103168487549
v,176.3466796875, 108.78515625, 0.04469013214111328
v,176.30078125, 108.7490234375, 0.04468488693237305
v,176.300537109375, 108.7490234375, 2.7985825538635254
v,176.9912109375, 109.3017578125, 2.7986674308776855
v,177.3916015625, 107.384765625, 2.798623561859131
v,176.300537109375, 108.7490234375, 2.7985825538635254
v,176.30078125, 108.7490234375, 0.04468488693237305
v,177.0361328125, 107.830078125, 0.044712066650390625
v,177.035888671875, 107.830078125, 2.6653895378112793
v,177.3916015625, 107.384765625, 2.665402889251709
v,176.9912109375, 109.3017578125, 2.7986674308776855
v,178.082275390625, 107.9375, 2.798708438873291
v,178.082275390625, 107.9375, 2.665487766265869
v,177.755859375, 108.345703125, 2.665475368499756
v,177.756103515625, 108.345703125, 0.044797420501708984
v,177.363037109375, 108.8369140625, 0.04478311538696289
v,177.363037109375, 108.8369140625, 2.3201966285705566
v,177.363037109375, 108.8369140625, 2.352660655975342
v,176.9912109375, 109.3017578125, 2.3856186866760254
v,177.3916015625, 107.384765625, 2.665402889251709
v,178.082275390625, 107.9375, 2.665487766265869
v,178.082275390625, 107.9375, 2.798708438873291
v,177.3916015625, 107.384765625, 2.798623561859131
v,178.8857421875, 106.3203125, 3.318276882171631
v,177.99853515625, 105.681640625, 3.3181710243225098
v,177.99853515625, 105.681640625, 2.638744831085205
v,178.333740234375, 105.9228515625, 2.638784885406494
v,178.333984375, 105.9228515625, 0.04475069046020508
v,178.798583984375, 106.2578125, 0.04480695724487305
v,178.798583984375, 106.2578125, 0.9613661766052246
v,178.885986328125, 106.3203125, 0.9613766670227051
v,178.885986328125, 106.3203125, 0.9613766670227051
v,178.614013671875, 106.69140625, 0.961367130279541
v,178.614013671875, 106.69140625, 0.04480695724487305
v,178.590087890625, 106.72265625, 0.04480600357055664
v,178.590087890625, 106.72265625, 2.6654839515686035
v,178.524658203125, 106.8125, 2.6654810905456543
v,178.524658203125, 106.8115234375, 3.318263530731201
v,178.8857421875, 106.3203125, 3.318276882171631
v,177.887451171875, 105.833984375, 3.318167209625244
v,177.887451171875, 105.833984375, 2.638740062713623
v,177.99853515625, 105.681640625, 2.638744831085205
v,177.99853515625, 105.681640625, 3.3181710243225098
v,178.524658203125, 106.8125, 2.6654810905456543
v,177.94384765625, 106.3994140625, 2.665412425994873
v,177.94384765625, 106.3994140625, 2.6387686729431152
v,177.88232421875, 106.3564453125, 2.638761043548584
v,177.88232421875, 106.3564453125, 3.318188190460205
v,178.524658203125, 106.8115234375, 3.318263530731201
v,176.537109375, 104.4931640625, 0.04453420639038086
v,178.399169921875, 105.8330078125, 0.0447535514831543
v,178.39892578125, 105.8330078125, 2.6387858390808105
v,176.536865234375, 104.4931640625, 2.6385674476623535
v,176.536865234375, 104.4931640625, 2.6385674476623535
v,175.10107421875, 106.4736328125, 2.638518810272217
v,175.101318359375, 106.4736328125, 0.044486045837402344
v,175.27099609375, 106.2392578125, 0.044490814208984375
v,175.270751953125, 106.2392578125, 2.615211009979248
v,175.8203125, 105.4814453125, 2.6152291297912598
v,175.820556640625, 105.4814453125, 0.0445094108581543
v,176.537109375, 104.4931640625, 0.04453420639038086
v,175.101318359375, 106.4736328125, 0.044486045837402344
v,175.10107421875, 106.4736328125, 2.638518810272217
v,176.968505859375, 107.798828125, 2.6387381553649902
v,176.96875, 107.798828125, 0.044704437255859375
v,176.976806640625, 107.787109375, 2.6387381553649902
v,176.97705078125, 107.787109375, 0.04470539093017578
v,176.96875, 107.798828125, 0.044704437255859375
v,176.968505859375, 107.798828125, 2.6387381553649902
v,178.333984375, 105.9228515625, 0.04475069046020508
v,178.333740234375, 105.9228515625, 2.638784885406494
v,178.39892578125, 105.8330078125, 2.6387858390808105
v,178.399169921875, 105.8330078125, 0.0447535514831543
v,175.6669921875, 105.369140625, 2.615211009979248
v,175.667236328125, 105.3701171875, 0.04449176788330078
v,175.820556640625, 105.4814453125, 0.0445094108581543
v,175.8203125, 105.4814453125, 2.6152291297912598
v,175.09716796875, 106.1162109375, 0.044470787048339844
v,175.09716796875, 106.115234375, 2.6151909828186035
v,175.270751953125, 106.2392578125, 2.615211009979248
v,175.27099609375, 106.2392578125, 0.044490814208984375
v,179.580078125, 106.3564453125, 0.9614405632019043
v,179.01904296875, 105.9521484375, 0.9613738059997559
v,179.01904296875, 105.9521484375, 0.0448145866394043
v,179.580322265625, 106.3564453125, 0.044881343841552734
v,178.798583984375, 106.2578125, 0.9613661766052246
v,178.798583984375, 106.2578125, 0.04480695724487305
v,179.01904296875, 105.9521484375, 0.0448145866394043
v,179.01904296875, 105.9521484375, 0.9613738059997559
v,178.614013671875, 106.69140625, 0.961367130279541
v,179.09033203125, 107.0341796875, 0.9614243507385254
v,179.090576171875, 107.0341796875, 0.04486417770385742
v,178.614013671875, 106.69140625, 0.04480695724487305
v,179.09033203125, 107.0341796875, 0.9614243507385254
v,179.580078125, 106.3564453125, 0.9614405632019043
v,179.580322265625, 106.3564453125, 0.044881343841552734
v,179.090576171875, 107.0341796875, 0.04486417770385742
v,178.590087890625, 106.72265625, 2.6654839515686035
v,178.590087890625, 106.72265625, 0.04480600357055664
v,178.97900390625, 107.001953125, 0.04485273361206055
v,178.978759765625, 107.001953125, 2.665529727935791
v,177.756103515625, 108.345703125, 0.044797420501708984
v,177.755859375, 108.345703125, 2.665475368499756
v,177.92333984375, 108.466796875, 2.665494441986084
v,177.92333984375, 108.466796875, 0.04481792449951172
v,177.035888671875, 107.830078125, 2.6653895378112793
v,177.0361328125, 107.830078125, 0.044712066650390625
v,176.97705078125, 107.787109375, 0.04470539093017578
v,176.976806640625, 107.787109375, 2.6387381553649902
v,176.954833984375, 107.771484375, 2.638735294342041
v,176.954833984375, 107.771484375, 2.665379047393799
v,178.97900390625, 107.001953125, 0.04485273361206055
v,177.92333984375, 108.466796875, 0.04481792449951172
v,177.92333984375, 108.466796875, 2.665494441986084
v,178.978759765625, 107.001953125, 2.665529727935791
v,176.954833984375, 107.771484375, 2.665379047393799
v,176.954833984375, 107.771484375, 2.638735294342041
v,177.94384765625, 106.3994140625, 2.6387686729431152
v,177.94384765625, 106.3994140625, 2.665412425994873
v,175.6669921875, 105.369140625, 2.615211009979248
v,175.09716796875, 106.115234375, 2.6151909828186035
v,175.09716796875, 106.1162109375, 0.044470787048339844
v,174.7177734375, 106.6123046875, 0.04445791244506836
v,174.717529296875, 106.6123046875, 2.9049324989318848
v,176.14599609375, 104.7431640625, 2.9049839973449707
v,176.146240234375, 104.7431640625, 0.0445094108581543
v,175.667236328125, 105.3701171875, 0.04449176788330078
v,176.146240234375, 104.7431640625, 0.0445094108581543
v,176.14599609375, 104.7431640625, 2.9049839973449707
v,174.84130859375, 103.734375, 2.9048304557800293
v,174.841552734375, 103.734375, 0.04435539245605469
v,173.408447265625, 105.6142578125, 0.04430389404296875
v,173.408203125, 105.6142578125, 2.904778003692627
v,174.717529296875, 106.6123046875, 2.9049324989318848
v,174.7177734375, 106.6123046875, 0.04445791244506836
v,178.132568359375, 106.009765625, 3.4547476768493652
v,176.505859375, 104.8388671875, 3.4545559883117676
v,176.505859375, 104.8388671875, 2.638577938079834
v,177.887451171875, 105.833984375, 2.638740062713623
v,177.887451171875, 105.833984375, 3.318167209625244
v,178.132568359375, 106.009765625, 3.3181958198547363
v,175.308349609375, 106.501953125, 2.638537883758545
v,176.505859375, 104.8388671875, 2.638577938079834
v,176.505859375, 104.8388671875, 3.4545559883117676
v,175.308349609375, 106.501953125, 3.4545159339904785
v,176.9404296875, 107.66015625, 2.6387295722961426
v,175.308349609375, 106.501953125, 2.638537883758545
v,175.308349609375, 106.501953125, 3.4545159339904785
v,176.9404296875, 107.66015625, 3.454707622528076
v,178.132568359375, 106.009765625, 3.4547476768493652
v,178.132568359375, 106.009765625, 3.3181958198547363
v,177.88232421875, 106.3564453125, 3.318188190460205
v,177.88232421875, 106.3564453125, 2.638761043548584
v,176.9404296875, 107.66015625, 2.6387295722961426
v,176.9404296875, 107.66015625, 3.454707622528076
i,0,2,3
i,22,23,25
i,35,37,34
i,38,39,40
i,42,44,41
i,45,46,47
i,48,50,51
i,53,55,52
i,56,57,58
i,59,61,62
i,63,64,65
i,66,67,68
i,69,70,72
i,74,76,77
i,78,79,80
i,82,84,81
i,85,86,87
i,88,89,90
i,92,94,91
i,97,98,99
i,108,109,114
i,116,118,115
i,121,122,123
i,127,130,131
i,135,137,138
i,139,140,141
i,142,143,144
i,145,146,147
i,148,149,150
i,151,152,153
i,154,155,156
i,157,159,160
i,161,163,164
i,165,167,168
i,170,172,169
i,182,183,187
i,191,192,193
i,198,201,202
i,205,207,204
i,215,208,211
i,220,222,223
i,224,226,227
i,232,233,229
i,235,237,234
i,238,239,243
i,247,249,246
i,251,253,250
i,254,256,257
i,259,261,258
i,262,264,265
i,267,269,266
i,270,272,273
i,274,276,277
i,278,280,281
i,282,284,285
i,286,288,289
i,290,293,295
i,296,298,299
i,300,302,303
i,304,305,308
i,313,315,312
i,317,319,316
i,322,323,324
i,327,329,326
i,330,332,333
i,336,338,339
i,0,1,2
i,33,4,5
i,6,7,9
i,7,8,9
i,32,33,30
i,33,5,30
i,5,6,30
i,30,31,32
i,27,28,26
i,28,29,26
i,29,30,6
i,6,9,29
i,9,10,20
i,29,9,26
i,10,11,12
i,12,13,14
i,14,15,16
i,17,18,19
i,12,14,16
i,17,19,20
i,12,16,10
i,16,17,10
i,26,9,20
i,10,17,20
i,23,24,25
i,25,26,21
i,21,26,20
i,21,22,25
i,35,36,37
i,42,43,44
i,48,49,50
i,53,54,55
i,59,60,61
i,70,71,72
i,72,73,69
i,74,75,76
i,82,83,84
i,92,93,94
i,100,95,99
i,95,96,99
i,96,97,99
i,102,103,104
i,105,106,107
i,102,104,105
i,101,102,105
i,105,107,108
i,109,110,112
i,110,111,112
i,112,113,114
i,101,105,108
i,109,112,114
i,114,101,108
i,116,117,118
i,124,119,123
i,119,120,123
i,120,121,123
i,134,125,126
i,127,128,129
i,133,134,126
i,127,129,130
i,133,126,131
i,126,127,131
i,131,132,133
i,135,136,137
i,157,158,159
i,161,162,163
i,165,166,167
i,170,171,172
i,188,173,174
i,174,175,188
i,175,176,188
i,176,177,188
i,177,178,188
i,178,179,187
i,179,180,187
i,180,181,187
i,181,182,187
i,185,186,184
i,186,187,184
i,187,188,178
i,183,184,187
i,194,189,193
i,189,190,193
i,190,191,193
i,203,195,202
i,195,196,198
i,196,197,198
i,198,199,201
i,199,200,201
i,195,198,202
i,205,206,207
i,208,209,211
i,209,210,211
i,211,212,214
i,212,213,214
i,214,215,211
i,223,216,220
i,216,217,220
i,217,218,219
i,220,221,222
i,217,219,220
i,224,225,226
i,233,228,229
i,229,230,231
i,231,232,229
i,235,236,237
i,239,240,242
i,240,241,242
i,244,245,243
i,245,238,243
i,239,242,243
i,247,248,249
i,251,252,253
i,254,255,256
i,259,260,261
i,262,263,264
i,267,268,269
i,270,271,272
i,274,275,276
i,278,279,280
i,282,283,284
i,286,287,288
i,290,291,293
i,291,292,293
i,293,294,295
i,296,297,298
i,300,301,302
i,305,306,307
i,309,310,304
i,310,311,304
i,305,307,308
i,309,304,308
i,313,314,315
i,317,318,319
i,325,320,324
i,320,321,324
i,321,322,324
i,327,328,329
i,330,331,332
i,339,334,336
i,334,335,336
i,336,337,338
n,-3.581305980682373, -2.7310142517089844, -0.0005429433076642454
n,0.00040655944030731916, 0.00018099488806910813, -4.50379753112793
n,-2.7071099281311035, -1.9519388675689697, 3.0241827964782715
n,-2.7129321098327637, -1.955736517906189, 3.0165021419525146
n,-2.281782865524292, -1.6449021100997925, 3.51737904548645
n,-2.2774012088775635, -1.6413383483886719, 3.5218803882598877
n,-2.6300246715545654, 3.656085968017578, 0.014165941625833511
n,-2.6300246715545654, 3.656090497970581, -0.012733613140881062
n,-2.6322383880615234, 3.654493570327759, -0.013843449763953686
n,1.1056592464447021, 0.7975088953971863, 4.292515277862549
n,1.1045260429382324, 0.7964373826980591, 4.29300594329834
n,2.7074954509735107, 1.9522756338119507, 3.02362060546875
n,2.7201693058013916, 1.9647430181503296, 3.0041067600250244
n,2.27169132232666, 1.6379330158233643, 3.5271499156951904
n,2.2763373851776123, 1.6423757076263428, 3.522084951400757
n,-1.1047896146774292, -0.7961748242378235, 4.29298734664917
n,-1.1103582382202148, -0.8004599213600159, 4.29075288772583
n,2.6490063667297363, -3.642383575439453, 0.0
n,-0.0004022526554763317, -0.00018748780712485313, 4.50379753112793
n,-0.0004049725830554962, -0.0001825869403546676, 4.50379753112793
n,-0.00038401465280912817, -0.0001666852185735479, 4.50379753112793
n,-0.0003977224987465888, -0.00018121553875971586, 4.50379753112793
n,-0.0004044335801154375, -0.00018319927039556205, 4.50379753112793
n,-0.0004020358610432595, -0.00018276029732078314, 4.50379753112793
n,-0.000394970178604126, -0.00017734050925355405, 4.50379753112793
n,0.2838185429573059, 0.20521505177021027, 4.490159034729004
n,0.29443874955177307, 0.20483613014221191, 4.489492416381836
n,0.2717832922935486, -0.3783130347728729, 4.479643821716309
n,-0.28820183873176575, -0.20029021799564362, 4.4901018142700195
n,-0.26430320739746094, 0.37175846099853516, 4.480639934539795
n,-0.2789311408996582, -0.20076070725917816, 4.490666389465332
n,2.6490061283111572, -3.642383575439453, 0.0
n,-3.6531388759613037, -2.6341543197631836, -0.00034811857040040195
n,-2.6337432861328125, 3.653434991836548, -0.00025097731850109994
n,3.653474807739258, 2.633688449859619, 0.000348150497302413
n,-2.8091859817504883, 3.5203211307525635, 0.0026265480555593967
n,-3.5168750286102295, -2.813500165939331, -0.0002909809409175068
n,3.5162689685821533, 2.8142573833465576, 0.0
n,2.8129615783691406, -3.517305850982666, 0.0
n,2.6303343772888184, -3.6558899879455566, 0.00024198640312533826
n,3.630510091781616, 2.665255546569824, 0.0017801745561882854
n,-3.6423838138580322, -2.6490063667297363, 0.0
n,-2.6042704582214355, 3.674501895904541, -0.0015653196023777127
n,2.630648136138916, -3.6556644439697266, 0.00021989144443068653
n,-3.646207094192505, -2.6436190605163574, 0.025444189086556435
n,-2.6066324710845947, 3.6728270053863525, -0.00021788410958833992
n,3.636326313018799, 2.657315254211426, 0.0003039544681087136
n,3.6366496086120605, 2.6568729877471924, 0.00030398150556720793
n,2.6551215648651123, -3.6379282474517822, -0.0010034345323219895
n,-2.6051814556121826, 3.673856258392334, -0.000219737587030977
n,2.632855176925659, -3.6540753841400146, 0.0006228557322174311
n,-3.65099835395813, -2.637120246887207, 0.0
n,-2.633166551589966, 3.653850793838501, 0.0
n,3.6517505645751953, 2.636077880859375, 0.0008638962754048407
n,2.6276118755340576, -3.6578476428985596, 0.00021740463853348047
n,-2.632089138031006, 3.6546270847320557, -0.00021777514484710991
n,-2.6233229637145996, 3.660907745361328, -0.011152303777635098
n,3.6533024311065674, 2.633927345275879, 0.00030226874514482915
n,-3.653660774230957, -2.633430242538452, 0.0
n,3.5784223079681396, 2.734788179397583, -0.004412171896547079
n,2.7547624111175537, -3.5630710124969482, 0.000208817669772543
n,-2.7305679321289062, 3.581646203994751, -0.00020698364824056625
n,2.631650686264038, -3.6549429893493652, 0.0
n,-3.6547515392303467, -2.6319167613983154, 0.0
n,-2.606224536895752, 3.67311692237854, 0.0
n,3.6505587100982666, 2.6377289295196533, 0.0
n,-3.581505298614502, -2.7307534217834473, -0.0002714867878239602
n,0.0003904575714841485, 0.0001833069691201672, -4.50379753112793
n,0.0003949161327909678, 0.0001882098731584847, -4.50379753112793
n,0.0005051689804531634, 3.083579576923512e-05, -4.50379753112793
n,0.00039394720806740224, 0.00017660595767665654, -4.50379753112793
n,0.0003935486311092973, 0.0001729114301269874, -4.50379753112793
n,0.0004006613453384489, 0.00017834729806054384, -4.50379753112793
n,0.00039666396332904696, 0.00017523462884128094, -4.50379753112793
n,0.0004081705992575735, 0.00017009825387503952, -4.50379753112793
n,0.00040114717558026314, 0.00017892764299176633, -4.50379753112793
n,0.0003952076949644834, 0.00017585995374247432, -4.50379753112793
n,0.00040179124334827065, 0.00018063376774080098, -4.50379753112793
n,0.00039351655868813396, 0.00016996760678011924, -4.50379753112793
n,0.0004007563111372292, 0.00018115270358975977, -4.50379753112793
n,0.00036912327050231397, 0.00016252156638074666, -4.50379753112793
n,0.00039451534394174814, 0.0001907020341604948, -4.50379753112793
n,0.0003644556272774935, 0.00016316521214321256, -4.50379753112793
n,0.00041064407560043037, 0.00018923342577181756, -4.50379753112793
n,0.0004032362485304475, 0.0001900594070320949, -4.50379753112793
n,0.0004064609529450536, 0.0001854256697697565, -4.50379753112793
n,0.00040337847894988954, 0.00018723381799645722, -4.50379753112793
n,0.0004002596833743155, 0.0001882465585367754, -4.50379753112793
n,0.0004010232223663479, 0.00018134692800231278, -4.50379753112793
n,0.0004034071753267199, 0.0001838559255702421, -4.50379753112793
n,0.0004065352841280401, 0.00018118588195648044, -4.50379753112793
n,0.0004146953288000077, 0.00017645287152845412, -4.50379753112793
n,0.0004030549025628716, 0.00018069648649543524, -4.50379753112793
n,0.00041654755477793515, 0.00017724098870530725, -4.50379753112793
n,-2.7095208168029785, -1.9539923667907715, 3.020695447921753
n,-2.277782440185547, -1.6415399312973022, 3.521540403366089
n,-2.633728265762329, 3.653416395187378, -0.014694377779960632
n,-2.632251739501953, 3.6545097827911377, 0.00044029447599314153
n,1.1031064987182617, 0.7959460616111755, 4.29346227645874
n,2.709402322769165, 1.9549504518508911, 3.0201821327209473
n,2.7051661014556885, 1.9479162693023682, 3.0285134315490723
n,2.26125431060791, 1.6316145658493042, 3.536771774291992
n,-1.10909104347229, -0.7997800707817078, 4.291207790374756
n,-0.0004022526554763317, -0.00018748780712485313, 4.50379753112793
n,-0.00039483298314735293, -0.0001871912827482447, 4.50379753112793
n,-0.00040602716035209596, -0.00018262796220369637, 4.50379753112793
n,-0.0004063138912897557, -0.00018193044525105506, 4.50379753112793
n,-0.00042003896669484675, -0.0001952278398675844, 4.50379753112793
n,-0.0003435780818108469, -0.0002510763006284833, 4.50379753112793
n,-0.00040804967284202576, -0.0001856809831224382, 4.50379753112793
n,-0.0003953884297516197, -0.00018732498574536294, 4.50379753112793
n,-0.0003550375113263726, -0.00024525413755327463, 4.50379753112793
n,-0.0003979765169788152, -0.00018141765031032264, 4.50379753112793
n,-0.00039087256300263107, -0.00020016194321215153, 4.50379753112793
n,-0.00040696567157283425, -0.00017102503625210375, 4.50379753112793
n,-0.00039783454849384725, -0.000184153308509849, 4.50379753112793
n,-0.0004081919905729592, -0.00016885148943401873, 4.50379753112793
n,-0.00039852430927567184, -0.00017915779608301818, 4.50379753112793
n,-0.0003921553143300116, -0.00017867893620859832, 4.50379753112793
n,-0.0003985163348261267, -0.00017539382679387927, 4.50379753112793
n,-0.0004083108506165445, -0.00017893970652949065, 4.50379753112793
n,-0.00040814297972247005, -0.00018213799921795726, 4.50379753112793
n,-0.0003966618678532541, -0.00017700553871691227, 4.50379753112793
n,-0.00042142593883909285, -0.0001996350911213085, 4.50379753112793
n,-0.0003977530577685684, -0.00017733378626871854, 4.50379753112793
n,-0.0004108590364921838, -0.00018770585302263498, 4.50379753112793
n,-0.00040871219243854284, -0.00018784050189424306, 4.50379753112793
n,-0.00040358342812396586, -0.0001858238101704046, 4.50379753112793
n,-0.00041427023825235665, -0.00017455451597925276, 4.50379753112793
n,-0.00039498083060607314, -0.00017737392045091838, 4.50379753112793
n,2.6648261547088623, -3.6308255195617676, 0.00025393921532668173
n,-3.6531388759613037, -2.6341538429260254, -0.0003481184539850801
n,-2.6337435245513916, 3.653435230255127, -0.0002509772311896086
n,3.653186559677124, 2.6340885162353516, 0.0
n,-2.8042476177215576, 3.524257183074951, 0.0
n,-2.8461716175079346, 3.490478515625, 0.007792276795953512
n,-2.8032169342041016, 3.5250625610351562, -0.010037798434495926
n,-2.8189258575439453, 3.5125234127044678, 0.0053116572089493275
n,-2.8195836544036865, 3.511993885040283, 0.006285559851676226
n,-2.805595636367798, 3.523155450820923, 0.01409522071480751
n,-2.8220531940460205, 3.5099525451660156, -0.021020973101258278
n,-2.808483600616455, 3.5208821296691895, 0.0005427729338407516
n,-2.7989501953125, 3.5284547805786133, 0.008845732547342777
n,-2.7972259521484375, 3.5298328399658203, -0.0002665559877641499
n,-2.7986347675323486, 3.5287160873413086, -0.00022035326401237398
n,-2.8129515647888184, 3.5172951221466064, -0.011300123296678066
n,-2.844271183013916, 3.49202823638916, -0.007397816050797701
n,-3.5182127952575684, -2.8118269443511963, 0.0
n,-3.517307996749878, -2.8129522800445557, -0.00617243442684412
n,-3.5168943405151367, -2.8134756088256836, -0.0002769061829894781
n,3.5178351402282715, 2.8122992515563965, 0.0
n,3.5173096656799316, 2.812953472137451, 0.004127081949263811
n,3.517967700958252, 2.812133312225342, 0.0
n,3.5161690711975098, 2.814382314682007, 0.0002909225004259497
n,3.516268730163574, 2.8142576217651367, 0.0003350757178850472
n,3.5168936252593994, 2.8134765625, -0.0020112174097448587
n,2.8129615783691406, -3.517305850982666, 0.0
n,2.6302719116210938, -3.655935049057007, 0.0003193447191733867
n,2.629845380783081, -3.6562421321868896, 0.0
n,2.632472038269043, -3.654350996017456, 0.00022004390484653413
n,2.6327576637268066, -3.6541450023651123, 0.0
n,2.6186373233795166, -3.6642730236053467, -0.005594425834715366
n,3.631626844406128, 2.663733959197998, 0.0003341036499477923
n,3.6333682537078857, 2.661357879638672, 0.0011989757185801864
n,3.61472749710083, 2.68662166595459, 0.0
n,3.636648178100586, 2.6568715572357178, 0.003530066693201661
n,3.610638380050659, 2.69211483001709, 0.0002987387706525624
n,-3.642383575439453, -2.6490063667297363, 0.0
n,-2.609086036682129, 3.671081781387329, 0.004877602215856314
n,-2.5931901931762695, 3.6823301315307617, 0.0
n,-2.5931901931762695, 3.682330369949341, 0.0
n,2.630648136138916, -3.6556644439697266, 0.00021989151719026268
n,-3.6479403972625732, -2.6413488388061523, -0.00030492531368508935
n,-3.647925853729248, -2.641368865966797, -0.00030768930446356535
n,-3.645979166030884, -2.644055128097534, -0.00030752518796361983
n,-3.6459760665893555, -2.6440601348876953, -0.00030476099345833063
n,-3.645993232727051, -2.643761396408081, 0.03810102120041847
n,-2.6066324710845947, 3.6728270053863525, -0.00021788403682876378
n,3.6363260746002197, 2.657315254211426, 0.00030395438079722226
n,3.6366496086120605, 2.6568727493286133, 0.00030398141825571656
n,2.6416382789611816, -3.647730827331543, 0.0002228126541012898
n,-2.6173465251922607, 3.6651997566223145, 0.0010158214718103409
n,2.632185220718384, -3.654557704925537, 0.0
n,-3.65099835395813, -2.637120246887207, 0.0
n,-2.633955240249634, 3.6532821655273438, -0.0006231160368770361
n,3.6517505645751953, 2.636078119277954, 0.0008638962754048407
n,2.6276118755340576, -3.6578476428985596, 0.00021740463853348047
n,-2.632089138031006, 3.6546270847320557, -0.00021777505753561854
n,-2.6265804767608643, 3.658588171005249, -0.00021731930610258132
n,-2.62664532661438, 3.658541679382324, -0.00021955692500341684
n,-2.6143431663513184, 3.6673424243927, 0.0
n,3.6533024311065674, 2.633927345275879, 0.000302268861560151
n,-3.653660774230957, -2.633430242538452, 0.0
n,3.5773603916168213, 2.736180305480957, 0.0012248848797753453
n,3.577249765396118, 2.736325263977051, 0.0002711641718633473
n,3.579136848449707, 2.733856678009033, 0.0012242511147633195
n,3.5797412395477295, 2.733064651489258, 0.0002713530557230115
n,3.578378677368164, 2.734844207763672, -0.004795153625309467
n,2.7544760704040527, -3.5632922649383545, 0.00041759185842238367
n,-2.7305679321289062, 3.581646203994751, -0.00020698366279248148
n,2.628178358078003, -3.657440185546875, 0.0
n,2.631124496459961, -3.6553125381469727, -0.008027895353734493
n,2.631650447845459, -3.6549429893493652, 0.0
n,-3.6547515392303467, -2.6319167613983154, 0.0
n,-2.606224536895752, 3.67311692237854, 0.0
n,3.650374412536621, 2.6379809379577637, -0.003675345331430435
n,3.6496872901916504, 2.6389341354370117, 0.0
n,3.6505587100982666, 2.6377289295196533, 0.0
u,0.0, 0.6792939901351929, 0
u,0.10294820368289948, 1.0, 0
u,0.0, 1.0, 0
u,0.0, 0.0, 0
u,0.0, 0.0, 0
u,0.0, 0.0, 0
u,0.8073636293411255, 0.763802170753479, 0
u,0.8755490779876709, 0.7732998132705688, 0
u,0.8072407245635986, 0.7732998132705688, 0
u,0.8073636293411255, 0.763802170753479, 0
u,0.8075969219207764, 0.7457894086837769, 0
u,0.8755486011505127, 0.7457942962646484, 0
u,0.8077508807182312, 0.7356070876121521, 0
u,0.8755486011505127, 0.7457942962646484, 0
u,0.8075969219207764, 0.7457894086837769, 0
u,0.8077508807182312, 0.7356070876121521, 0
u,0.8080384731292725, 0.716600775718689, 0
u,0.8755478858947754, 0.716612696647644, 0
u,0.7979046702384949, 0.7105265259742737, 0
u,0.7615448832511902, 0.695716917514801, 0
u,0.7927032709121704, 0.695716917514801, 0
u,0.7615448832511902, 0.695716917514801, 0
u,0.786253809928894, 0.6825460195541382, 0
u,0.7927032709121704, 0.695716917514801, 0
u,0.7770993709564209, 0.6750630140304565, 0
u,0.786253809928894, 0.6825460195541382, 0
u,0.7679740786552429, 0.6825460195541382, 0
u,0.6931298971176147, 0.6926640868186951, 0
u,0.7547597885131836, 0.6812179088592529, 0
u,0.7547711133956909, 0.7128463983535767, 0
u,0.6927592754364014, 0.7128463983535767, 0
u,0.6931298971176147, 0.6926640868186951, 0
u,0.7547711133956909, 0.7128463983535767, 0
u,0.486206591129303, 0.38552358746528625, 0
u,0.4862118065357208, 0.41111838817596436, 0
u,0.38943248987197876, 0.38552358746528625, 0
u,0.38943248987197876, 0.38552358746528625, 0
u,0.4862118065357208, 0.41111838817596436, 0
u,0.42523008584976196, 0.3992063105106354, 0
u,0.4249247908592224, 0.4210732877254486, 0
u,0.4862118065357208, 0.41111838817596436, 0
u,0.48621830344200134, 0.4382871985435486, 0
u,0.42466428875923157, 0.4382753074169159, 0
u,0.4249247908592224, 0.4210732877254486, 0
u,0.48621830344200134, 0.4382871985435486, 0
u,0.7996155023574829, 0.7018287777900696, 0
u,0.8612362146377563, 0.7128463983535767, 0
u,0.7994129061698914, 0.7128463983535767, 0
u,0.7996155023574829, 0.7018287777900696, 0
u,0.7999858856201172, 0.681686282157898, 0
u,0.8612343072891235, 0.681697428226471, 0
u,0.3532128930091858, 0.6725779175758362, 0
u,0.3521442115306854, 0.6750630140304565, 0
u,0.35127198696136475, 0.6725779175758362, 0
u,0.9999672770500183, 0.7355347871780396, 0
u,0.9491193890571594, 0.993962287902832, 0
u,0.9491193890571594, 0.7355164289474487, 0
u,0.9942091107368469, 0.687446117401123, 0
u,0.9488419890403748, 0.6882340908050537, 0
u,0.9488887786865234, 0.6249157190322876, 0
u,0.14198240637779236, 0.3400503993034363, 0
u,0.0014344999799504876, 0.3400503993034363, 0
u,0.01858000084757805, 0.3137243986129761, 0
u,0.20352250337600708, 0.3793947994709015, 0
u,0.25675541162490845, 0.3516598045825958, 0
u,0.25685030221939087, 0.3828715980052948, 0
u,0.9793006181716919, 0.49277839064598083, 0
u,0.9793006181716919, 0.579185426235199, 0
u,0.9530357122421265, 0.578607976436615, 0
u,0.7551314830780029, 0.5427386164665222, 0
u,0.6906523704528809, 0.561712920665741, 0
u,0.6903442740440369, 0.4563440978527069, 0
u,0.5475944876670837, 0.42585891485214233, 0
u,0.682892382144928, 0.6700252294540405, 0
u,0.5469666719436646, 0.6700252294540405, 0
u,0.9293354749679565, 0.6696701049804688, 0
u,0.8711233735084534, 0.47779831290245056, 0
u,0.928960919380188, 0.36523929238319397, 0
u,0.8717589974403381, 0.5571938157081604, 0
u,0.8711233735084534, 0.47779831290245056, 0
u,0.9293354749679565, 0.6696701049804688, 0
u,0.8711233735084534, 0.47779831290245056, 0
u,0.8125017285346985, 0.36551371216773987, 0
u,0.928960919380188, 0.36523929238319397, 0
u,0.8711233735084534, 0.47779831290245056, 0
u,0.8715115189552307, 0.5572044253349304, 0
u,0.8125017285346985, 0.36551371216773987, 0
u,0.8715115189552307, 0.5572044253349304, 0
u,0.9283860921859741, 0.6720229983329773, 0
u,0.8121330738067627, 0.6720229983329773, 0
u,0.8125017285346985, 0.36551371216773987, 0
u,0.8715115189552307, 0.5572044253349304, 0
u,0.8121330738067627, 0.6720229983329773, 0
u,0.38502928614616394, 0.6593058109283447, 0
u,0.38640719652175903, 0.3841310143470764, 0
u,0.38640719652175903, 0.6593058109283447, 0
u,0.3347100019454956, 0.39359089732170105, 0
u,0.2852250039577484, 0.6687657833099365, 0
u,0.2852250039577484, 0.39359089732170105, 0
u,0.3390411138534546, 0.3841310143470764, 0
u,0.38056299090385437, 0.6593058109283447, 0
u,0.3390411138534546, 0.6593058109283447, 0
u,0.2040116935968399, 0.39359089732170105, 0
u,0.2794590890407562, 0.6687657833099365, 0
u,0.2040116935968399, 0.6687657833099365, 0
u,0.7004218101501465, 0.6498690843582153, 0
u,0.7041277289390564, 0.6584833264350891, 0
u,0.6839529871940613, 0.6700252294540405, 0
u,0.0, 0.3450882136821747, 0
u,0.05417190119624138, 0.3450882136821747, 0
u,0.05417190119624138, 0.6554449200630188, 0
u,0.14511999487876892, 0.6554449200630188, 0
u,0.17405469715595245, 0.614556610584259, 0
u,0.17405809462070465, 0.618401288986206, 0
u,0.12106910347938538, 0.6554449200630188, 0
u,0.08036550134420395, 0.6712216734886169, 0
u,0.08036550134420395, 0.6554449200630188, 0
u,0.5009136199951172, 0.5968834757804871, 0
u,0.38943248987197876, 0.5968834757804871, 0
u,0.421569287776947, 0.5140342116355896, 0
u,0.42030900716781616, 0.6577789187431335, 0
u,0.38943248987197876, 0.6711943745613098, 0
u,0.38943248987197876, 0.5968834757804871, 0
u,0.38943248987197876, 0.4408060908317566, 0
u,0.421569287776947, 0.46374979615211487, 0
u,0.38943248987197876, 0.46374979615211487, 0
u,0.4872798025608063, 0.4382871985435486, 0
u,0.4872798025608063, 0.3518095910549164, 0
u,0.5151144862174988, 0.4300110936164856, 0
u,0.35557299852371216, 1.0, 0
u,0.4648280143737793, 0.6820117235183716, 0
u,0.4648280143737793, 1.0, 0
u,0.4648280143737793, 0.6820117235183716, 0
u,0.5813115239143372, 0.6820117235183716, 0
u,0.5229554772377014, 0.6848695278167725, 0
u,0.5813115239143372, 0.6820117235183716, 0
u,0.690357506275177, 1.0, 0
u,0.5813115239143372, 1.0, 0
u,0.6910191178321838, 1.0, 0
u,0.690357506275177, 0.6820117235183716, 0
u,0.6910191178321838, 0.6820117235183716, 0
u,0.35029348731040955, 1.0, 0
u,0.35557299852371216, 0.6820117235183716, 0
u,0.35557299852371216, 1.0, 0
u,0.6937376856803894, 0.7707809209823608, 0
u,0.8063685297966003, 0.749394416809082, 0
u,0.8063685297966003, 0.7707809209823608, 0
u,0.800163984298706, 0.7481107711791992, 0
u,0.6927592754364014, 0.7251594066619873, 0
u,0.800163984298706, 0.7251594066619873, 0
u,0.9462155103683472, 0.9512342810630798, 0
u,0.9031311273574829, 0.8675295114517212, 0
u,0.9462155103683472, 0.8675295114517212, 0
u,0.9462155103683472, 0.996825098991394, 0
u,0.9031311273574829, 0.9512342810630798, 0
u,0.9462155103683472, 0.9512342810630798, 0
u,0.9462155103683472, 0.6952142119407654, 0
u,0.9031311273574829, 0.7663040161132812, 0
u,0.9031311273574829, 0.6952142119407654, 0
u,0.9462155103683472, 0.7663040161132812, 0
u,0.9031311273574829, 0.8675295114517212, 0
u,0.9031311273574829, 0.7663040161132812, 0
u,0.2517750859260559, 0.047401200979948044, 0
u,0.23083850741386414, 0.3425692915916443, 0
u,0.23083850741386414, 0.047401200979948044, 0
u,0.14285710453987122, 0.3425692915916443, 0
u,0.15187190473079681, 0.047401200979948044, 0
u,0.15187190473079681, 0.3425692915916443, 0
u,0.9029819965362549, 0.6725441217422485, 0
u,0.8995141983032227, 0.6758036017417908, 0
u,0.8982387185096741, 0.6725441217422485, 0
u,0.23083850741386414, 0.3425692915916443, 0
u,0.15187190473079681, 0.047401200979948044, 0
u,0.23083850741386414, 0.047401200979948044, 0
u,0.6927592754364014, 0.7204030752182007, 0
u,0.7635595202445984, 0.7175316214561462, 0
u,0.7635595202445984, 0.7204030752182007, 0
u,0.24276739358901978, 0.7117804288864136, 0
u,0.20187799632549286, 0.7117804288864136, 0
u,0.17466729879379272, 0.6792939901351929, 0
u,0.2771320044994354, 0.6792939901351929, 0
u,0.3489696979522705, 1.0, 0
u,0.2771320044994354, 1.0, 0
u,0.10294820368289948, 0.6792939901351929, 0
u,0.17466729879379272, 1.0, 0
u,0.10294820368289948, 1.0, 0
u,0.6942269802093506, 0.7720403075218201, 0
u,0.7757328152656555, 0.7720403075218201, 0
u,0.7757328152656555, 0.8557631969451904, 0
u,0.7923281788825989, 0.893153190612793, 0
u,0.6942269802093506, 0.9937028288841248, 0
u,0.6942269802093506, 0.893153190612793, 0
u,0.8907939195632935, 0.8725898861885071, 0
u,0.7950097918510437, 0.7720403075218201, 0
u,0.8907939195632935, 0.7720403075218201, 0
u,0.8739578127861023, 0.9099798798561096, 0
u,0.7969666719436646, 0.9937028288841248, 0
u,0.7969666719436646, 0.893153190612793, 0
u,0.0, 0.6792939901351929, 0
u,0.10294820368289948, 0.6792939901351929, 0
u,0.10294820368289948, 1.0, 0
u,0.0, 0.0, 0
u,0.0, 0.0, 0
u,0.0, 0.0, 0
u,0.0, 0.0, 0
u,0.0, 0.0, 0
u,0.0, 0.0, 0
u,0.0, 0.0, 0
u,0.0, 0.0, 0
u,0.0, 0.0, 0
u,0.0, 0.0, 0
u,0.0, 0.0, 0
u,0.0, 0.0, 0
u,0.0, 0.0, 0
u,0.0, 0.0, 0
u,0.0, 0.0, 0
u,0.0, 0.0, 0
u,0.0, 0.0, 0
u,0.0, 0.0, 0
u,0.0, 0.0, 0
u,0.0, 0.0, 0
u,0.0, 0.0, 0
u,0.0, 0.0, 0
u,0.0, 0.0, 0
u,0.0, 0.0, 0
u,0.0, 0.0, 0
u,0.0, 0.0, 0
u,0.0, 0.0, 0
u,0.0, 0.0, 0
u,0.0, 0.0, 0
u,0.0, 0.0, 0
u,0.0, 0.0, 0
u,0.0, 0.0, 0
u,0.0, 0.0, 0
u,0.0, 0.0, 0
u,0.0, 0.0, 0
u,0.0, 0.0, 0
u,0.0, 0.0, 0
u,0.0, 0.0, 0
u,0.0, 0.0, 0
u,0.0, 0.0, 0
u,0.0, 0.0, 0
u,0.0, 0.0, 0
u,0.0, 0.0, 0
u,0.0, 0.0, 0
u,0.0, 0.0, 0
u,0.0, 0.0, 0
u,0.0, 0.0, 0
u,0.0, 0.0, 0
u,0.0, 0.0, 0
u,0.0, 0.0, 0
u,0.0, 0.0, 0
u,0.0, 0.0, 0
u,0.0, 0.0, 0
u,0.0, 0.0, 0
u,0.0, 0.0, 0
u,0.0, 0.0, 0
u,0.0, 0.0, 0
u,0.0, 0.0, 0
u,0.0, 0.0, 0
u,0.0, 0.0, 0
u,0.0, 0.0, 0
u,0.0, 0.0, 0
u,0.0, 0.0, 0
u,0.0, 0.0, 0
u,0.0, 0.0, 0
u,0.0, 0.0, 0
u,0.0, 0.0, 0
u,0.0, 0.0, 0
u,0.0, 0.0, 0
u,0.0, 0.0, 0
u,0.0, 0.0, 0
u,0.0, 0.0, 0
u,0.0, 0.0, 0
u,0.0, 0.0, 0
u,0.0, 0.0, 0
u,0.0, 0.0, 0
u,0.0, 0.0, 0
u,0.0, 0.0, 0
u,0.0, 0.0, 0
u,0.0, 0.0, 0
u,0.0, 0.0, 0
u,0.8073636293411255, 0.763802170753479, 0
u,0.8755486011505127, 0.7457942962646484, 0
u,0.8755490779876709, 0.7732998132705688, 0
u,0.8077508807182312, 0.7356070876121521, 0
u,0.8755478858947754, 0.716612696647644, 0
u,0.8755486011505127, 0.7457942962646484, 0
u,0.7979046702384949, 0.7105265259742737, 0
u,0.7563601136207581, 0.7105265259742737, 0
u,0.7615448832511902, 0.695716917514801, 0
u,0.7615448832511902, 0.695716917514801, 0
u,0.7679740786552429, 0.6825460195541382, 0
u,0.786253809928894, 0.6825460195541382, 0
u,0.6931298971176147, 0.6926640868186951, 0
u,0.6933398842811584, 0.6812298893928528, 0
u,0.7547597885131836, 0.6812179088592529, 0
u,0.4862118065357208, 0.41111838817596436, 0
u,0.4250757098197937, 0.4111137092113495, 0
u,0.42523008584976196, 0.3992063105106354, 0
u,0.42523008584976196, 0.3992063105106354, 0
u,0.38943758606910706, 0.39231058955192566, 0
u,0.38943248987197876, 0.38552358746528625, 0
u,0.4249247908592224, 0.4210732877254486, 0
u,0.4250757098197937, 0.4111137092113495, 0
u,0.4862118065357208, 0.41111838817596436, 0
u,0.7996155023574829, 0.7018287777900696, 0
u,0.8612343072891235, 0.681697428226471, 0
u,0.8612362146377563, 0.7128463983535767, 0
u,0.9999672770500183, 0.7355347871780396, 0
u,0.9999517798423767, 0.9939286112785339, 0
u,0.9491193890571594, 0.993962287902832, 0
u,0.931506872177124, 0.6249107122421265, 0
u,0.9315720796585083, 0.5969774127006531, 0
u,0.9488887786865234, 0.6249157190322876, 0
u,0.9315720796585083, 0.5969774127006531, 0
u,0.9945362210273743, 0.5969774127006531, 0
u,0.9488887786865234, 0.6249157190322876, 0
u,0.9945362210273743, 0.5969774127006531, 0
u,0.9942091107368469, 0.687446117401123, 0
u,0.9488887786865234, 0.6249157190322876, 0
u,0.13515210151672363, 0.016773199662566185, 0
u,0.04273900017142296, 0.017134999856352806, 0
u,0.042694900184869766, 0.005983899813145399, 0
u,0.13986249268054962, 0.005322500132024288, 0
u,0.13985469937324524, 0.001352700055576861, 0
u,0.14065299928188324, 0.0013563999673351645, 0
u,0.13515210151672363, 0.016773199662566185, 0
u,0.042694900184869766, 0.005983899813145399, 0
u,0.13986249268054962, 0.005322500132024288, 0
u,0.13633130490779877, 0.31272751092910767, 0
u,0.13515210151672363, 0.016773199662566185, 0
u,0.13986249268054962, 0.005322500132024288, 0
u,0.13986249268054962, 0.005322500132024288, 0
u,0.14065299928188324, 0.0013563999673351645, 0
u,0.14198240637779236, 0.3400503993034363, 0
u,0.0014344999799504876, 0.3400503993034363, 0
u,0.0009785000002011657, 0.0006921999738551676, 0
u,0.007429900113493204, 0.06180329993367195, 0
u,0.0009785000002011657, 0.0006921999738551676, 0
u,0.007348599843680859, 0.0007224999717436731, 0
u,0.007429900113493204, 0.06180329993367195, 0
u,0.007429900113493204, 0.06180329993367195, 0
u,0.01825609989464283, 0.06187549978494644, 0
u,0.01858000084757805, 0.3137243986129761, 0
u,0.13633130490779877, 0.31272751092910767, 0
u,0.13986249268054962, 0.005322500132024288, 0
u,0.14198240637779236, 0.3400503993034363, 0
u,0.0014344999799504876, 0.3400503993034363, 0
u,0.007429900113493204, 0.06180329993367195, 0
u,0.01858000084757805, 0.3137243986129761, 0
u,0.01858000084757805, 0.3137243986129761, 0
u,0.13633130490779877, 0.31272751092910767, 0
u,0.14198240637779236, 0.3400503993034363, 0
u,0.20352250337600708, 0.3793947994709015, 0
u,0.20353439450263977, 0.3516598045825958, 0
u,0.25675541162490845, 0.3516598045825958, 0
u,0.9530404210090637, 0.5944585204124451, 0
u,0.9315146803855896, 0.5944272875785828, 0
u,0.9530357122421265, 0.578607976436615, 0
u,0.9315146803855896, 0.5944272875785828, 0
u,0.931506872177124, 0.49268731474876404, 0
u,0.9530357122421265, 0.578607976436615, 0
u,0.931506872177124, 0.49268731474876404, 0
u,0.9793006181716919, 0.49277839064598083, 0
u,0.9530357122421265, 0.578607976436615, 0
u,0.787652313709259, 0.38543829321861267, 0
u,0.787680983543396, 0.4159136116504669, 0
u,0.7576807737350464, 0.4120349884033203, 0
u,0.7551314830780029, 0.5427386164665222, 0
u,0.7878047823905945, 0.5469499230384827, 0
u,0.7878186702728271, 0.561712920665741, 0
u,0.6839529871940613, 0.3854273855686188, 0
u,0.787652313709259, 0.38543829321861267, 0
u,0.7576807737350464, 0.4120349884033203, 0
u,0.7551314830780029, 0.5427386164665222, 0
u,0.7878186702728271, 0.561712920665741, 0
u,0.6906523704528809, 0.561712920665741, 0
u,0.6839529871940613, 0.3854273855686188, 0
u,0.7576807737350464, 0.4120349884033203, 0
u,0.6903442740440369, 0.4563440978527069, 0
u,0.7576807737350464, 0.4120349884033203, 0
u,0.7551314830780029, 0.5427386164665222, 0
u,0.6903442740440369, 0.4563440978527069, 0
u,0.6903442740440369, 0.4563440978527069, 0
u,0.6840143799781799, 0.4562050998210907, 0
u,0.6839529871940613, 0.3854273855686188, 0
u,0.5475944876670837, 0.42585891485214233, 0
u,0.6828817129135132, 0.42625629901885986, 0
u,0.682892382144928, 0.6700252294540405, 0
u,0.38502928614616394, 0.6593058109283447, 0
u,0.38502928614616394, 0.3841310143470764, 0
u,0.38640719652175903, 0.3841310143470764, 0
u,0.3347100019454956, 0.39359089732170105, 0
u,0.3347100019454956, 0.6687657833099365, 0
u,0.2852250039577484, 0.6687657833099365, 0
u,0.3390411138534546, 0.3841310143470764, 0
u,0.38056299090385437, 0.3841310143470764, 0
u,0.38056299090385437, 0.6593058109283447, 0
u,0.2040116935968399, 0.39359089732170105, 0
u,0.2794590890407562, 0.39359089732170105, 0
u,0.2794590890407562, 0.6687657833099365, 0
u,0.6839529871940613, 0.5647143125534058, 0
u,0.7030559778213501, 0.5647143125534058, 0
u,0.7004218101501465, 0.5708488821983337, 0
u,0.7004218101501465, 0.5708488821983337, 0
u,0.6985762715339661, 0.5768449902534485, 0
u,0.6839529871940613, 0.5647143125534058, 0
u,0.6985762715339661, 0.5768449902534485, 0
u,0.695387601852417, 0.5871990919113159, 0
u,0.6839529871940613, 0.5647143125534058, 0
u,0.695387601852417, 0.5871990919113159, 0
u,0.6943535804748535, 0.5955920815467834, 0
u,0.6839529871940613, 0.5647143125534058, 0
u,0.6943535804748535, 0.5955920815467834, 0
u,0.6925274729728699, 0.610405683517456, 0
u,0.6839529871940613, 0.5647143125534058, 0
u,0.6925274729728699, 0.610405683517456, 0
u,0.6943759918212891, 0.6253718137741089, 0
u,0.6839529871940613, 0.6700252294540405, 0
u,0.6943759918212891, 0.6253718137741089, 0
u,0.695387601852417, 0.6335574984550476, 0
u,0.6839529871940613, 0.6700252294540405, 0
u,0.695387601852417, 0.6335574984550476, 0
u,0.6986653208732605, 0.6441798210144043, 0
u,0.6839529871940613, 0.6700252294540405, 0
u,0.6986653208732605, 0.6441798210144043, 0
u,0.7004218101501465, 0.6498690843582153, 0
u,0.6839529871940613, 0.6700252294540405, 0
u,0.8113169074058533, 0.6630237102508545, 0
u,0.8113169074058533, 0.6700252294540405, 0
u,0.706082284450531, 0.6630237102508545, 0
u,0.8113169074058533, 0.6700252294540405, 0
u,0.6839529871940613, 0.6700252294540405, 0
u,0.706082284450531, 0.6630237102508545, 0
u,0.6839529871940613, 0.6700252294540405, 0
u,0.6839529871940613, 0.5647143125534058, 0
u,0.6925274729728699, 0.610405683517456, 0
u,0.7041277289390564, 0.6584833264350891, 0
u,0.706082284450531, 0.6630237102508545, 0
u,0.6839529871940613, 0.6700252294540405, 0
u,0.08036550134420395, 0.6554449200630188, 0
u,0.08036550134420395, 0.6712216734886169, 0
u,0.05417190119624138, 0.6554449200630188, 0
u,0.08036550134420395, 0.6712216734886169, 0
u,0.0, 0.6712216734886169, 0
u,0.05417190119624138, 0.6554449200630188, 0
u,0.0, 0.6712216734886169, 0
u,0.0, 0.3450882136821747, 0
u,0.05417190119624138, 0.6554449200630188, 0
u,0.20141839981079102, 0.6223059296607971, 0
u,0.20141839981079102, 0.6712216734886169, 0
u,0.17405809462070465, 0.618401288986206, 0
u,0.20141839981079102, 0.6712216734886169, 0
u,0.12106910347938538, 0.6712216734886169, 0
u,0.14511999487876892, 0.6554449200630188, 0
u,0.12106910347938538, 0.6712216734886169, 0
u,0.12106910347938538, 0.6554449200630188, 0
u,0.14511999487876892, 0.6554449200630188, 0
u,0.14511999487876892, 0.6554449200630188, 0
u,0.14511999487876892, 0.3450882136821747, 0
u,0.17405469715595245, 0.614556610584259, 0
u,0.14511999487876892, 0.3450882136821747, 0
u,0.17405469715595245, 0.3450882136821747, 0
u,0.17405469715595245, 0.614556610584259, 0
u,0.20141839981079102, 0.6712216734886169, 0
u,0.14511999487876892, 0.6554449200630188, 0
u,0.17405809462070465, 0.618401288986206, 0
u,0.12106910347938538, 0.6554449200630188, 0
u,0.12106910347938538, 0.6712216734886169, 0
u,0.08036550134420395, 0.6712216734886169, 0
u,0.38943248987197876, 0.5968834757804871, 0
u,0.38943248987197876, 0.46374979615211487, 0
u,0.421569287776947, 0.5140342116355896, 0
u,0.38943248987197876, 0.46374979615211487, 0
u,0.421569287776947, 0.46374979615211487, 0
u,0.421569287776947, 0.5140342116355896, 0
u,0.421569287776947, 0.5140342116355896, 0
u,0.5442668199539185, 0.5140342116355896, 0
u,0.5009136199951172, 0.5837615728378296, 0
u,0.5442668199539185, 0.5140342116355896, 0
u,0.5442668199539185, 0.5837615728378296, 0
u,0.5009136199951172, 0.5837615728378296, 0
u,0.5009136199951172, 0.5837615728378296, 0
u,0.5009136199951172, 0.5968834757804871, 0
u,0.421569287776947, 0.5140342116355896, 0
u,0.38943248987197876, 0.5968834757804871, 0
u,0.5009136199951172, 0.5968834757804871, 0
u,0.42030900716781616, 0.6577789187431335, 0
u,0.5009136199951172, 0.5968834757804871, 0
u,0.5009136199951172, 0.6528608798980713, 0
u,0.42030900716781616, 0.6577789187431335, 0
u,0.5009136199951172, 0.6528608798980713, 0
u,0.5442668199539185, 0.6528608798980713, 0
u,0.5442668199539185, 0.6577789187431335, 0
u,0.42030900716781616, 0.6577789187431335, 0
u,0.42030900716781616, 0.6711943745613098, 0
u,0.38943248987197876, 0.6711943745613098, 0
u,0.5009136199951172, 0.6528608798980713, 0
u,0.5442668199539185, 0.6577789187431335, 0
u,0.42030900716781616, 0.6577789187431335, 0
u,0.38943248987197876, 0.4408060908317566, 0
u,0.421569287776947, 0.4408060908317566, 0
u,0.421569287776947, 0.46374979615211487, 0
u,0.4872798025608063, 0.3518095910549164, 0
u,0.5151144862174988, 0.3518095910549164, 0
u,0.5151144862174988, 0.4300110936164856, 0
u,0.5151144862174988, 0.4300110936164856, 0
u,0.516250729560852, 0.4300110936164856, 0
u,0.516250729560852, 0.4382871985435486, 0
u,0.516250729560852, 0.4382871985435486, 0
u,0.4872798025608063, 0.4382871985435486, 0
u,0.5151144862174988, 0.4300110936164856, 0
u,0.35557299852371216, 1.0, 0
u,0.35557299852371216, 0.6820117235183716, 0
u,0.4648280143737793, 0.6820117235183716, 0
u,0.5813115239143372, 0.6820117235183716, 0
u,0.5813115239143372, 1.0, 0
u,0.5675588250160217, 0.6848695278167725, 0
u,0.5813115239143372, 1.0, 0
u,0.5675588250160217, 1.0, 0
u,0.5675588250160217, 0.6848695278167725, 0
u,0.5229554772377014, 1.0, 0
u,0.4648280143737793, 1.0, 0
u,0.5229554772377014, 0.6848695278167725, 0
u,0.4648280143737793, 1.0, 0
u,0.4648280143737793, 0.6820117235183716, 0
u,0.5229554772377014, 0.6848695278167725, 0
u,0.5813115239143372, 0.6820117235183716, 0
u,0.5675588250160217, 0.6848695278167725, 0
u,0.5229554772377014, 0.6848695278167725, 0
u,0.5813115239143372, 0.6820117235183716, 0
u,0.690357506275177, 0.6820117235183716, 0
u,0.690357506275177, 1.0, 0
u,0.6910191178321838, 1.0, 0
u,0.690357506275177, 1.0, 0
u,0.690357506275177, 0.6820117235183716, 0
u,0.35029348731040955, 1.0, 0
u,0.35029348731040955, 0.6820117235183716, 0
u,0.35557299852371216, 0.6820117235183716, 0
u,0.6937376856803894, 0.7707809209823608, 0
u,0.6937376856803894, 0.749394416809082, 0
u,0.8063685297966003, 0.749394416809082, 0
u,0.800163984298706, 0.7481107711791992, 0
u,0.6927592754364014, 0.7481107711791992, 0
u,0.6927592754364014, 0.7251594066619873, 0
u,0.9462155103683472, 0.9512342810630798, 0
u,0.9031311273574829, 0.9512342810630798, 0
u,0.9031311273574829, 0.8675295114517212, 0
u,0.9462155103683472, 0.996825098991394, 0
u,0.9031311273574829, 0.996825098991394, 0
u,0.9031311273574829, 0.9512342810630798, 0
u,0.9462155103683472, 0.6952142119407654, 0
u,0.9462155103683472, 0.7663040161132812, 0
u,0.9031311273574829, 0.7663040161132812, 0
u,0.9462155103683472, 0.7663040161132812, 0
u,0.9462155103683472, 0.8675295114517212, 0
u,0.9031311273574829, 0.8675295114517212, 0
u,0.2517750859260559, 0.047401200979948044, 0
u,0.2517750859260559, 0.3425692915916443, 0
u,0.23083850741386414, 0.3425692915916443, 0
u,0.14285710453987122, 0.3425692915916443, 0
u,0.14285710453987122, 0.047401200979948044, 0
u,0.15187190473079681, 0.047401200979948044, 0
u,0.9029819965362549, 0.6725441217422485, 0
u,0.9029819965362549, 0.9931432008743286, 0
u,0.8995141983032227, 0.6758036017417908, 0
u,0.9029819965362549, 0.9931432008743286, 0
u,0.8995141983032227, 0.9931432008743286, 0
u,0.8995141983032227, 0.6758036017417908, 0
u,0.8995141983032227, 0.6758036017417908, 0
u,0.8982387185096741, 0.6758036017417908, 0
u,0.8982387185096741, 0.6725441217422485, 0
u,0.23083850741386414, 0.3425692915916443, 0
u,0.15187190473079681, 0.3425692915916443, 0
u,0.15187190473079681, 0.047401200979948044, 0
u,0.6927592754364014, 0.7204030752182007, 0
u,0.6927592754364014, 0.7175316214561462, 0
u,0.7635595202445984, 0.7175316214561462, 0
u,0.20187799632549286, 0.7117804288864136, 0
u,0.20187799632549286, 1.0, 0
u,0.17466729879379272, 1.0, 0
u,0.2771320044994354, 0.6792939901351929, 0
u,0.2771320044994354, 1.0, 0
u,0.24276739358901978, 0.7117804288864136, 0
u,0.2771320044994354, 1.0, 0
u,0.24276739358901978, 1.0, 0
u,0.24276739358901978, 0.7117804288864136, 0
u,0.20187799632549286, 0.7117804288864136, 0
u,0.17466729879379272, 1.0, 0
u,0.17466729879379272, 0.6792939901351929, 0
u,0.2771320044994354, 0.6792939901351929, 0
u,0.24276739358901978, 0.7117804288864136, 0
u,0.17466729879379272, 0.6792939901351929, 0
u,0.2771320044994354, 0.6792939901351929, 0
u,0.3489696979522705, 0.6792939901351929, 0
u,0.3489696979522705, 1.0, 0
u,0.10294820368289948, 0.6792939901351929, 0
u,0.17466729879379272, 0.6792939901351929, 0
u,0.17466729879379272, 1.0, 0
u,0.7901811003684998, 0.8557631969451904, 0
u,0.7901811003684998, 0.8725898861885071, 0
u,0.7757328152656555, 0.8557631969451904, 0
u,0.7901811003684998, 0.8725898861885071, 0
u,0.6942269802093506, 0.8725898861885071, 0
u,0.7757328152656555, 0.8557631969451904, 0
u,0.6942269802093506, 0.8725898861885071, 0
u,0.6942269802093506, 0.7720403075218201, 0
u,0.7757328152656555, 0.8557631969451904, 0
u,0.7923281788825989, 0.893153190612793, 0
u,0.7923281788825989, 0.9937028288841248, 0
u,0.6942269802093506, 0.9937028288841248, 0
u,0.8907939195632935, 0.8725898861885071, 0
u,0.7950097918510437, 0.8725898861885071, 0
u,0.7950097918510437, 0.7720403075218201, 0
u,0.7969666719436646, 0.893153190612793, 0
u,0.894402801990509, 0.893153190612793, 0
u,0.8739578127861023, 0.9099798798561096, 0
u,0.894402801990509, 0.893153190612793, 0
u,0.894402801990509, 0.9099798798561096, 0
u,0.8739578127861023, 0.9099798798561096, 0
u,0.8739578127861023, 0.9099798798561096, 0
u,0.8739578127861023, 0.9937028288841248, 0
u,0.7969666719436646, 0.9937028288841248, 0
