s,196.504150390625, 72.2080078125, -0.5937089920043945
b,201.356689453125, 77.4833984375, 4.860897064208984
v,199.59912109375, 75.7470703125, 4.515632629394531
v,199.386474609375, 76.0439453125, 4.515615463256836
v,199.386474609375, 76.0439453125, 4.860879898071289
v,199.59912109375, 75.7470703125, 4.860897064208984
v,199.014404296875, 77.2216796875, -0.5934233665466309
v,199.0263671875, 77.2294921875, -0.593421459197998
v,199.2939453125, 76.8408203125, -0.5934009552001953
v,199.29638671875, 76.8427734375, -0.5934009552001953
v,200.64111328125, 74.8935546875, -0.5932950973510742
v,200.627685546875, 74.8837890625, -0.5932965278625488
v,201.356689453125, 73.8193359375, -0.5932378768920898
v,199.003662109375, 72.2080078125, -0.5935125350952148
v,198.2802734375, 73.2646484375, -0.5935711860656738
v,198.26513671875, 73.25390625, -0.5935726165771484
v,196.65185546875, 75.5927734375, -0.5936989784240723
v,196.684326171875, 75.615234375, -0.5936951637268066
v,196.50439453125, 75.8779296875, -0.5937089920043945
v,198.83447265625, 77.4833984375, -0.5934367179870605
v,200.572509765625, 74.8466796875, 2.6606178283691406
v,198.334716796875, 73.302734375, 2.6603565216064453
v,199.020751953125, 72.30078125, 2.6604108810424805
v,201.263671875, 73.8369140625, 2.660673141479492
v,199.00341796875, 72.2080078125, 2.8824424743652344
v,201.3564453125, 73.8193359375, 2.882718086242676
v,200.62744140625, 74.8837890625, 2.8826589584350586
v,200.572509765625, 74.8466796875, 2.8826522827148438
v,201.263671875, 73.8369140625, 2.8827075958251953
v,199.020751953125, 72.30078125, 2.8824462890625
v,198.334716796875, 73.302734375, 2.8823909759521484
v,198.27978515625, 73.2646484375, 2.8823843002319336
v,199.296142578125, 76.8427734375, 3.5153541564941406
v,196.920166015625, 75.2041015625, 3.5150766372680664
v,198.264892578125, 73.25390625, 3.5151824951171875
v,198.28173828125, 73.3466796875, 3.5151853561401367
v,197.012939453125, 75.1865234375, 3.5150861740112305
v,199.27880859375, 76.75, 3.515350341796875
v,199.404541015625, 76.568359375, 3.515359878540039
v,199.449462890625, 76.599609375, 3.5153656005859375
v,200.13134765625, 75.6064453125, 3.5154190063476562
v,200.088134765625, 75.5771484375, 3.515413284301758
v,200.548095703125, 74.91015625, 3.5154495239257812
v,200.640625, 74.8935546875, 3.5154590606689453
v,198.892822265625, 74.06640625, 3.2932262420654297
v,198.54150390625, 74.57421875, 3.293198585510254
v,198.9248046875, 74.83984375, 3.293243408203125
v,198.143310546875, 75.966796875, 3.293182373046875
v,197.012939453125, 75.1865234375, 3.293050765991211
v,198.28173828125, 73.3466796875, 3.2931509017944336
v,199.41650390625, 74.1298828125, 3.2932825088500977
v,199.2763671875, 74.33203125, 3.293271064758301
v,198.143310546875, 75.966796875, 3.293182373046875
v,198.9248046875, 74.83984375, 3.293243408203125
v,199.2763671875, 74.33203125, 3.293271064758301
v,199.41650390625, 74.1298828125, 3.2932825088500977
v,200.548095703125, 74.91015625, 3.293415069580078
v,200.088134765625, 75.5771484375, 3.2933788299560547
v,199.17919921875, 74.953125, 3.293272018432617
v,198.49755859375, 75.9453125, 3.2932186126708984
v,199.404541015625, 76.568359375, 3.293325424194336
v,199.279052734375, 76.75, 3.2933149337768555
v,200.548095703125, 74.91015625, 3.5154495239257812
v,198.28173828125, 73.3466796875, 3.5151853561401367
v,198.264892578125, 73.25390625, 3.5151824951171875
v,200.640625, 74.8935546875, 3.5154590606689453
v,196.7392578125, 75.654296875, 0.6885623931884766
v,198.95947265625, 77.18359375, 0.6888217926025391
v,198.8173828125, 77.3916015625, 0.6888113021850586
v,196.596923828125, 75.8603515625, 0.6885519027709961
v,196.5966796875, 75.8603515625, 0.9105863571166992
v,198.8173828125, 77.3916015625, 0.9108457565307617
v,198.95947265625, 77.18359375, 0.9108572006225586
v,199.014404296875, 77.2216796875, 0.910862922668457
v,198.834228515625, 77.4833984375, 0.9108495712280273
v,196.504150390625, 75.8779296875, 0.9105777740478516
v,196.684326171875, 75.615234375, 0.9105911254882812
v,196.7392578125, 75.654296875, 0.9105968475341797
v,199.02587890625, 77.2294921875, 2.902517318725586
v,196.651611328125, 75.5927734375, 2.9022397994995117
v,196.92041015625, 75.2041015625, 2.9022598266601562
v,196.976318359375, 75.2421875, 2.902266502380371
v,196.745361328125, 75.5771484375, 2.9022483825683594
v,199.0087890625, 77.13671875, 2.9025135040283203
v,199.23876953125, 76.802734375, 2.9025306701660156
v,199.293701171875, 76.8408203125, 2.9025373458862305
v,196.976318359375, 75.2421875, 2.680232048034668
v,199.23876953125, 76.802734375, 2.6804962158203125
v,199.009033203125, 77.13671875, 2.680478096008301
v,196.745361328125, 75.5771484375, 2.6802139282226562
v,199.276123046875, 74.33203125, 4.063732147216797
v,198.924560546875, 74.83984375, 4.063704490661621
v,198.541259765625, 74.57421875, 4.06365966796875
v,198.892822265625, 74.06640625, 4.063687324523926
v,199.140869140625, 76.3876953125, 4.515596389770508
v,199.38623046875, 76.0439453125, 4.515615463256836
v,199.598876953125, 75.7470703125, 4.515632629394531
v,199.84130859375, 75.4072265625, 4.515650749206543
v,200.13134765625, 75.6064453125, 4.51568603515625
v,199.44921875, 76.599609375, 4.515632629394531
v,199.208740234375, 75.4677734375, 4.515585899353027
v,198.99560546875, 75.7646484375, 4.515568733215332
v,199.38623046875, 76.0439453125, 4.515615463256836
v,199.140869140625, 76.3876953125, 4.515596389770508
v,198.49755859375, 75.9453125, 4.515521049499512
v,199.178955078125, 74.953125, 4.5155744552612305
v,199.84130859375, 75.4072265625, 4.515650749206543
v,199.598876953125, 75.7470703125, 4.515632629394531
v,199.38623046875, 76.0439453125, 4.860879898071289
v,198.99560546875, 75.7646484375, 4.860833168029785
v,199.208740234375, 75.4677734375, 4.8608503341674805
v,199.598876953125, 75.7470703125, 4.860897064208984
v,200.572509765625, 74.8466796875, 2.8826522827148438
v,200.572509765625, 74.8466796875, 2.6606178283691406
v,201.263671875, 73.8369140625, 2.660673141479492
v,201.263671875, 73.8369140625, 2.8827075958251953
v,199.020751953125, 72.30078125, 2.8824462890625
v,201.263671875, 73.8369140625, 2.8827075958251953
v,201.263671875, 73.8369140625, 2.660673141479492
v,199.020751953125, 72.30078125, 2.6604108810424805
v,198.334716796875, 73.302734375, 2.6603565216064453
v,198.334716796875, 73.302734375, 2.8823909759521484
v,199.020751953125, 72.30078125, 2.8824462890625
v,199.020751953125, 72.30078125, 2.6604108810424805
v,200.627685546875, 74.8837890625, -0.5932965278625488
v,200.62744140625, 74.8837890625, 2.8826589584350586
v,201.3564453125, 73.8193359375, 2.882718086242676
v,201.356689453125, 73.8193359375, -0.5932378768920898
v,201.3564453125, 73.8193359375, 2.882718086242676
v,199.00341796875, 72.2080078125, 2.8824424743652344
v,199.003662109375, 72.2080078125, -0.5935125350952148
v,201.356689453125, 73.8193359375, -0.5932378768920898
v,198.27978515625, 73.2646484375, 2.8823843002319336
v,198.2802734375, 73.2646484375, -0.5935711860656738
v,199.003662109375, 72.2080078125, -0.5935125350952148
v,199.00341796875, 72.2080078125, 2.8824424743652344
v,200.640625, 74.8935546875, 3.5154590606689453
v,198.264892578125, 73.25390625, 3.5151824951171875
v,198.26513671875, 73.25390625, -0.5935726165771484
v,198.2802734375, 73.2646484375, -0.5935711860656738
v,198.27978515625, 73.2646484375, 2.8823843002319336
v,198.334716796875, 73.302734375, 2.8823909759521484
v,198.334716796875, 73.302734375, 2.6603565216064453
v,200.572509765625, 74.8466796875, 2.6606178283691406
v,200.572509765625, 74.8466796875, 2.8826522827148438
v,200.62744140625, 74.8837890625, 2.8826589584350586
v,200.627685546875, 74.8837890625, -0.5932965278625488
v,200.64111328125, 74.8935546875, -0.5932950973510742
v,200.64111328125, 74.8935546875, -0.5932950973510742
v,199.29638671875, 76.8427734375, -0.5934009552001953
v,199.296142578125, 76.8427734375, 3.5153541564941406
v,200.640625, 74.8935546875, 3.5154590606689453
v,196.65185546875, 75.5927734375, -0.5936989784240723
v,198.26513671875, 73.25390625, -0.5935726165771484
v,198.264892578125, 73.25390625, 3.5151824951171875
v,196.920166015625, 75.2041015625, 3.5150766372680664
v,196.92041015625, 75.2041015625, 2.9022598266601562
v,196.651611328125, 75.5927734375, 2.9022397994995117
v,196.920166015625, 75.2041015625, 3.5150766372680664
v,199.296142578125, 76.8427734375, 3.5153541564941406
v,199.29638671875, 76.8427734375, -0.5934009552001953
v,199.2939453125, 76.8408203125, -0.5934009552001953
v,199.293701171875, 76.8408203125, 2.9025373458862305
v,199.23876953125, 76.802734375, 2.9025306701660156
v,199.23876953125, 76.802734375, 2.6804962158203125
v,196.976318359375, 75.2421875, 2.680232048034668
v,196.976318359375, 75.2421875, 2.902266502380371
v,196.92041015625, 75.2041015625, 2.9022598266601562
v,199.279052734375, 76.75, 3.2933149337768555
v,199.27880859375, 76.75, 3.515350341796875
v,197.012939453125, 75.1865234375, 3.5150861740112305
v,197.012939453125, 75.1865234375, 3.293050765991211
v,198.143310546875, 75.966796875, 3.293182373046875
v,200.088134765625, 75.5771484375, 3.515413284301758
v,200.088134765625, 75.5771484375, 3.2933788299560547
v,200.548095703125, 74.91015625, 3.293415069580078
v,200.548095703125, 74.91015625, 3.5154495239257812
v,199.404541015625, 76.568359375, 3.293325424194336
v,199.404541015625, 76.568359375, 3.515359878540039
v,199.27880859375, 76.75, 3.515350341796875
v,199.279052734375, 76.75, 3.2933149337768555
v,198.28173828125, 73.3466796875, 3.5151853561401367
v,200.548095703125, 74.91015625, 3.5154495239257812
v,200.548095703125, 74.91015625, 3.293415069580078
v,199.41650390625, 74.1298828125, 3.2932825088500977
v,198.28173828125, 73.3466796875, 3.2931509017944336
v,197.012939453125, 75.1865234375, 3.5150861740112305
v,198.28173828125, 73.3466796875, 3.5151853561401367
v,198.28173828125, 73.3466796875, 3.2931509017944336
v,197.012939453125, 75.1865234375, 3.293050765991211
v,196.7392578125, 75.654296875, 0.9105968475341797
v,196.7392578125, 75.654296875, 0.6885623931884766
v,196.596923828125, 75.8603515625, 0.6885519027709961
v,196.5966796875, 75.8603515625, 0.9105863571166992
v,198.8173828125, 77.3916015625, 0.9108457565307617
v,196.5966796875, 75.8603515625, 0.9105863571166992
v,196.596923828125, 75.8603515625, 0.6885519027709961
v,198.8173828125, 77.3916015625, 0.6888113021850586
v,198.95947265625, 77.18359375, 0.6888217926025391
v,198.95947265625, 77.18359375, 0.9108572006225586
v,198.8173828125, 77.3916015625, 0.9108457565307617
v,198.8173828125, 77.3916015625, 0.6888113021850586
v,196.504150390625, 75.8779296875, 0.9105777740478516
v,198.834228515625, 77.4833984375, 0.9108495712280273
v,198.83447265625, 77.4833984375, -0.5934367179870605
v,196.50439453125, 75.8779296875, -0.5937089920043945
v,199.014404296875, 77.2216796875, 0.910862922668457
v,199.014404296875, 77.2216796875, -0.5934233665466309
v,198.83447265625, 77.4833984375, -0.5934367179870605
v,198.834228515625, 77.4833984375, 0.9108495712280273
v,196.684326171875, 75.615234375, -0.5936951637268066
v,196.684326171875, 75.615234375, 0.9105911254882812
v,196.504150390625, 75.8779296875, 0.9105777740478516
v,196.50439453125, 75.8779296875, -0.5937089920043945
v,196.651611328125, 75.5927734375, 2.9022397994995117
v,199.02587890625, 77.2294921875, 2.902517318725586
v,199.0263671875, 77.2294921875, -0.593421459197998
v,199.014404296875, 77.2216796875, -0.5934233665466309
v,199.014404296875, 77.2216796875, 0.910862922668457
v,198.95947265625, 77.18359375, 0.9108572006225586
v,198.95947265625, 77.18359375, 0.6888217926025391
v,196.7392578125, 75.654296875, 0.6885623931884766
v,196.7392578125, 75.654296875, 0.9105968475341797
v,196.684326171875, 75.615234375, 0.9105911254882812
v,196.684326171875, 75.615234375, -0.5936951637268066
v,196.65185546875, 75.5927734375, -0.5936989784240723
v,199.02587890625, 77.2294921875, 2.902517318725586
v,199.293701171875, 76.8408203125, 2.9025373458862305
v,199.2939453125, 76.8408203125, -0.5934009552001953
v,199.0263671875, 77.2294921875, -0.593421459197998
v,196.976318359375, 75.2421875, 2.902266502380371
v,196.976318359375, 75.2421875, 2.680232048034668
v,196.745361328125, 75.5771484375, 2.6802139282226562
v,196.745361328125, 75.5771484375, 2.9022483825683594
v,199.0087890625, 77.13671875, 2.9025135040283203
v,196.745361328125, 75.5771484375, 2.9022483825683594
v,196.745361328125, 75.5771484375, 2.6802139282226562
v,199.009033203125, 77.13671875, 2.680478096008301
v,199.23876953125, 76.802734375, 2.6804962158203125
v,199.23876953125, 76.802734375, 2.9025306701660156
v,199.0087890625, 77.13671875, 2.9025135040283203
v,199.009033203125, 77.13671875, 2.680478096008301
v,199.2763671875, 74.33203125, 3.293271064758301
v,199.276123046875, 74.33203125, 4.063732147216797
v,198.892822265625, 74.06640625, 4.063687324523926
v,198.892822265625, 74.06640625, 3.2932262420654297
v,198.892822265625, 74.06640625, 3.2932262420654297
v,198.892822265625, 74.06640625, 4.063687324523926
v,198.541259765625, 74.57421875, 4.06365966796875
v,198.54150390625, 74.57421875, 3.293198585510254
v,198.54150390625, 74.57421875, 3.293198585510254
v,198.541259765625, 74.57421875, 4.06365966796875
v,198.924560546875, 74.83984375, 4.063704490661621
v,198.9248046875, 74.83984375, 3.293243408203125
v,198.9248046875, 74.83984375, 3.293243408203125
v,198.924560546875, 74.83984375, 4.063704490661621
v,199.276123046875, 74.33203125, 4.063732147216797
v,199.2763671875, 74.33203125, 3.293271064758301
v,200.088134765625, 75.5771484375, 3.2933788299560547
v,200.088134765625, 75.5771484375, 3.515413284301758
v,200.13134765625, 75.6064453125, 3.5154190063476562
v,200.13134765625, 75.6064453125, 4.51568603515625
v,199.84130859375, 75.4072265625, 4.515650749206543
v,199.178955078125, 74.953125, 4.5155744552612305
v,199.17919921875, 74.953125, 3.293272018432617
v,198.49755859375, 75.9453125, 4.515521049499512
v,198.49755859375, 75.9453125, 3.2932186126708984
v,199.17919921875, 74.953125, 3.293272018432617
v,199.178955078125, 74.953125, 4.5155744552612305
v,198.49755859375, 75.9453125, 3.2932186126708984
v,198.49755859375, 75.9453125, 4.515521049499512
v,199.140869140625, 76.3876953125, 4.515596389770508
v,199.44921875, 76.599609375, 4.515632629394531
v,199.449462890625, 76.599609375, 3.5153656005859375
v,199.404541015625, 76.568359375, 3.515359878540039
v,199.404541015625, 76.568359375, 3.293325424194336
v,200.13134765625, 75.6064453125, 3.5154190063476562
v,199.449462890625, 76.599609375, 3.5153656005859375
v,199.44921875, 76.599609375, 4.515632629394531
v,200.13134765625, 75.6064453125, 4.51568603515625
v,199.208740234375, 75.4677734375, 4.515585899353027
v,199.598876953125, 75.7470703125, 4.515632629394531
v,199.598876953125, 75.7470703125, 4.860897064208984
v,199.208740234375, 75.4677734375, 4.8608503341674805
v,198.99560546875, 75.7646484375, 4.515568733215332
v,199.208740234375, 75.4677734375, 4.515585899353027
v,199.208740234375, 75.4677734375, 4.8608503341674805
v,198.99560546875, 75.7646484375, 4.860833168029785
v,199.38623046875, 76.0439453125, 4.515615463256836
v,198.99560546875, 75.7646484375, 4.515568733215332
v,198.99560546875, 75.7646484375, 4.860833168029785
v,199.38623046875, 76.0439453125, 4.860879898071289
i,0,2,3
i,6,12,15
i,19,21,18
i,22,23,27
i,30,37,38
i,42,43,47
i,59,50,57
i,60,62,63
i,65,67,64
i,69,72,73
i,80,81,76
i,85,87,84
i,89,91,88
i,94,96,97
i,99,102,103
i,106,108,109
i,110,112,113
i,114,116,117
i,119,121,118
i,122,124,125
i,126,128,129
i,131,133,130
i,134,139,142
i,147,149,146
i,152,153,154
i,161,162,164
i,168,169,170
i,171,173,174
i,175,177,178
i,180,181,182
i,184,186,187
i,189,191,188
i,193,195,192
i,196,198,199
i,201,203,200
i,204,206,207
i,208,210,211
i,220,221,212
i,225,227,224
i,229,231,228
i,233,235,232
i,236,238,239
i,241,243,240
i,244,246,247
i,248,250,251
i,253,255,252
i,257,260,262
i,263,265,266
i,267,269,272
i,274,276,277
i,279,281,278
i,283,285,282
i,286,288,289
i,0,1,2
i,4,5,6
i,6,7,8
i,9,10,12
i,10,11,12
i,6,8,9
i,16,17,4
i,4,6,15
i,6,9,12
i,12,13,14
i,15,16,4
i,12,14,15
i,19,20,21
i,23,24,26
i,24,25,26
i,28,29,27
i,29,22,27
i,23,26,27
i,31,32,34
i,32,33,34
i,39,40,38
i,40,41,38
i,30,31,35
i,31,34,35
i,35,36,37
i,38,41,30
i,30,35,37
i,43,44,45
i,45,46,43
i,46,47,43
i,47,48,42
i,48,49,42
i,51,52,56
i,52,53,54
i,56,52,54
i,54,55,56
i,50,51,57
i,57,51,56
i,58,59,57
i,60,61,62
i,65,66,67
i,69,70,71
i,73,74,68
i,74,75,68
i,69,71,72
i,73,68,69
i,77,78,80
i,78,79,80
i,82,83,81
i,83,76,81
i,77,80,76
i,85,86,87
i,89,90,91
i,97,92,93
i,94,95,96
i,97,93,94
i,99,100,101
i,103,104,98
i,104,105,98
i,99,101,102
i,103,98,99
i,106,107,108
i,110,111,112
i,114,115,116
i,119,120,121
i,122,123,124
i,126,127,128
i,131,132,133
i,135,136,138
i,136,137,138
i,144,145,143
i,145,134,143
i,134,135,139
i,135,138,139
i,139,140,141
i,142,143,134
i,139,141,142
i,147,148,149
i,155,150,154
i,150,151,154
i,151,152,154
i,165,156,164
i,156,157,161
i,164,156,161
i,157,158,160
i,158,159,160
i,162,163,164
i,157,160,161
i,170,166,167
i,167,168,170
i,171,172,173
i,175,176,177
i,183,179,182
i,179,180,182
i,184,185,186
i,189,190,191
i,193,194,195
i,196,197,198
i,201,202,203
i,204,205,206
i,208,209,210
i,213,214,216
i,214,215,216
i,222,223,221
i,223,212,221
i,212,213,220
i,213,216,217
i,217,218,220
i,218,219,220
i,213,217,220
i,225,226,227
i,229,230,231
i,233,234,235
i,236,237,238
i,241,242,243
i,244,245,246
i,248,249,250
i,253,254,255
i,262,256,257
i,257,258,259
i,260,261,262
i,257,259,260
i,263,264,265
i,273,267,272
i,267,268,269
i,269,270,272
i,270,271,272
i,274,275,276
i,279,280,281
i,283,284,285
i,286,287,288
n,3.6636273860931396, 2.619546890258789, 0.0
n,0.00046928724623285234, 8.083599095698446e-05, -4.50379753112793
n,-0.0004728141357190907, -7.813339470885694e-05, 4.50379753112793
n,-0.00047509418800473213, -7.561752136098221e-05, 4.50379753112793
n,-0.0006809647311456501, -0.00022545781394001096, 4.50379753112793
n,-0.00046679831575602293, -7.526171975769103e-05, 4.50379753112793
n,-0.00046848112833686173, -8.532407082384452e-05, 4.50379753112793
n,-0.0004679442790802568, -8.275629079435021e-05, 4.50379753112793
n,-0.00046124504297040403, -9.607273386791348e-05, 4.50379753112793
n,-0.0004708562628366053, -7.935153553262353e-05, 4.50379753112793
n,-0.0004402462800499052, -0.00012426481407601386, 4.50379753112793
n,-0.0004683925653807819, -8.358265768038109e-05, 4.50379753112793
n,-0.00047253514640033245, -7.923583325464278e-05, 4.50379753112793
n,-0.00047339624143205583, -8.307309326482937e-05, 4.50379753112793
n,-0.0004640939587261528, -7.654958608327433e-05, 4.50379753112793
n,-0.0004770153318531811, -8.461579272989184e-05, 4.50379753112793
n,-3.7161552906036377, -2.544480800628662, 0.0
n,-2.5446512699127197, 3.716038465499878, 0.0
n,3.715911626815796, 2.5448365211486816, 0.0
n,3.715642213821411, 2.545229911804199, 0.00046356520033441484
n,2.544842004776001, -3.7159078121185303, 0.00031749566551297903
n,-3.7157630920410156, -2.545053720474243, -0.00046358033432625234
n,2.5574581623077393, -3.7072360515594482, -0.0007808134541846812
n,3.7076568603515625, 2.5568482875823975, 0.0003913276013918221
n,-3.7076568603515625, -2.5568480491638184, -0.0013118680799379945
n,-2.557950258255005, 3.7068965435028076, 0.0
n,2.559279680252075, -3.705979108810425, 0.0
n,-3.7077972888946533, -2.5566444396972656, 0.0
n,-3.710285186767578, -2.553029775619507, -0.003623325377702713
n,-2.555691957473755, 3.708454132080078, 0.0
n,3.7075910568237305, 2.5569441318511963, 0.0
n,3.7067677974700928, 2.5581369400024414, 0.0
n,2.5562775135040283, -3.7080507278442383, 0.0
n,-3.71358323097229, -2.5482327938079834, 0.0
n,-2.5553088188171387, 3.7087180614471436, -0.0003683274262584746
n,3.7066407203674316, 2.5583207607269287, 0.0005342828808352351
n,-3.7120351791381836, -2.550487756729126, -0.0005350603023543954
n,-2.5719587802886963, 3.6971912384033203, -0.00042001320980489254
n,3.7084174156188965, 2.5557453632354736, 0.0004600191896315664
n,3.7104785442352295, 2.5527515411376953, 0.0
n,2.555359363555908, -3.7086822986602783, 0.0024954681284725666
n,-3.7099103927612305, -2.553575038909912, -0.003622959367930889
n,2.5636062622070312, -3.7029874324798584, 0.0007214758661575615
n,-3.7022464275360107, -2.564675807952881, -0.0010419233003631234
n,-2.5636062622070312, 3.7029874324798584, -0.0007214758661575615
n,3.7022464275360107, 2.564675807952881, 0.0010419233003631234
n,2.547826051712036, -3.713862419128418, 0.0005665842909365892
n,-3.712453603744507, -2.5498781204223633, -0.0006585725932382047
n,-2.5488686561584473, 3.713146448135376, -0.0021864725276827812
n,3.7127366065979004, 2.549466371536255, 0.0
n,2.6208579540252686, -3.662689685821533, 0.0
n,-3.6623637676239014, -2.6213128566741943, 0.0
n,-2.6198952198028564, 3.6633782386779785, 0.0
n,3.6636273860931396, 2.619546890258789, 0.0
n,0.0005472883931361139, 0.0001412515848642215, -4.50379753112793
n,0.0006134169525466859, 0.0001794345153030008, -4.50379753112793
n,0.0004742379824165255, 7.572892354801297e-05, -4.50379753112793
n,0.0004742490127682686, 7.566805288661271e-05, -4.50379753112793
n,0.00040643487591296434, 3.6293418816057965e-05, -4.50379753112793
n,0.0004660632985178381, 8.749599510338157e-05, -4.50379753112793
n,0.0004681841528508812, 8.318477193824947e-05, -4.50379753112793
n,0.00047106240526773036, 8.033289486775175e-05, -4.50379753112793
n,0.000458821770735085, 7.348367216764018e-05, -4.50379753112793
n,0.0004690276400651783, 8.19612032501027e-05, -4.50379753112793
n,0.0004709568165708333, 8.196916314773262e-05, -4.50379753112793
n,-0.00047311364323832095, -7.649118197150528e-05, 4.50379753112793
n,-0.0005132784135639668, -0.00010067944822367281, 4.50379753112793
n,-0.0004460854106582701, -5.983202572679147e-05, 4.50379753112793
n,-0.0004934156313538551, -9.03949694475159e-05, 4.50379753112793
n,-0.0004743722383864224, -7.575246854685247e-05, 4.50379753112793
n,-0.0005010918248444796, -3.5633744118968025e-05, 4.50379753112793
n,-0.0004665852466132492, -7.719920540694147e-05, 4.50379753112793
n,-0.0004692226357292384, -7.890763663453981e-05, 4.50379753112793
n,-0.00047478213673457503, -8.144201274262741e-05, 4.50379753112793
n,-0.0004668669425882399, -7.67057208577171e-05, 4.50379753112793
n,-0.0004410070541780442, -0.00012412459182087332, 4.50379753112793
n,-0.00046773601206950843, -8.335578604601324e-05, 4.50379753112793
n,-0.0004613366618286818, -6.666478293482214e-05, 4.50379753112793
n,-0.0005734769511036575, -0.00015286960115190595, 4.50379753112793
n,-0.000502168491948396, -0.00011283525236649439, 4.50379753112793
n,-0.00047034918679855764, -8.239335147663951e-05, 4.50379753112793
n,-0.00046688265865668654, -8.1402606156189e-05, 4.50379753112793
n,-0.0004646081943064928, -7.572528556920588e-05, 4.50379753112793
n,-0.0004722623561974615, -7.062221266096458e-05, 4.50379753112793
n,-0.0004709427594207227, -8.153595263138413e-05, 4.50379753112793
n,-0.00047406984958797693, -8.029897435335442e-05, 4.50379753112793
n,-0.00047243505832739174, -8.257189620053396e-05, 4.50379753112793
n,-0.0004735073889605701, -8.021099347388372e-05, 4.50379753112793
n,-0.00047351879766210914, -8.057092782109976e-05, 4.50379753112793
n,-0.0004682108701672405, -8.091134077403694e-05, 4.50379753112793
n,-0.0004729739739559591, -8.275214349851012e-05, 4.50379753112793
n,-0.000477094785310328, -7.695866952417418e-05, 4.50379753112793
n,-0.00047096493653953075, -7.859012112021446e-05, 4.50379753112793
n,-0.00046885438496246934, -8.248956874012947e-05, 4.50379753112793
n,-0.0004421331104822457, -6.415360985556617e-05, 4.50379753112793
n,-0.0004701520665548742, -9.040482109412551e-05, 4.50379753112793
n,-0.00043310242472216487, -7.713526429142803e-05, 4.50379753112793
n,-0.00045731221325695515, -8.184312173398212e-05, 4.50379753112793
n,-0.0004686989414039999, -8.264867938123643e-05, 4.50379753112793
n,-0.00046073709381744266, -8.300831541419029e-05, 4.50379753112793
n,-0.0004820777103304863, -9.29978268686682e-05, 4.50379753112793
n,-0.0004888798575848341, -9.69151733443141e-05, 4.50379753112793
n,-0.0005048851598985493, -0.00011233380064368248, 4.50379753112793
n,-0.0004624919092748314, -9.356176451547071e-05, 4.50379753112793
n,-0.0004687916371040046, -8.277076995000243e-05, 4.50379753112793
n,-0.00047253514640033245, -7.923583325464278e-05, 4.50379753112793
n,-0.00047433251165784895, -8.352672739420086e-05, 4.50379753112793
n,-0.00047595181968063116, -9.275515185436234e-05, 4.50379753112793
n,-0.00047533310134895146, -8.341298962477595e-05, 4.50379753112793
n,-0.0004764480981975794, -8.503862045472488e-05, 4.50379753112793
n,-0.00047148761223070323, -7.660523260710761e-05, 4.50379753112793
n,-0.0004728022322524339, -9.050369408214465e-05, 4.50379753112793
n,-0.0004678892728406936, -8.703229832462966e-05, 4.50379753112793
n,-0.0004657968820538372, -7.693391671637073e-05, 4.50379753112793
n,-0.00047667569015175104, -8.472036279272288e-05, 4.50379753112793
n,-3.7161552906036377, -2.544480800628662, 0.0
n,-2.5446512699127197, 3.716038465499878, 0.0
n,3.715911626815796, 2.5448365211486816, 0.0
n,3.715641975402832, 2.545229911804199, 0.00046356525854207575
n,2.544842004776001, -3.7159078121185303, 0.0003174956946168095
n,-3.7157630920410156, -2.545053720474243, -0.00046358033432625234
n,2.5797135829925537, -3.691784143447876, 0.0002722779172472656
n,2.5719587802886963, -3.697190761566162, 0.0003208787820767611
n,2.6347439289093018, -3.6527135372161865, 0.00032871190342120826
n,2.6260147094726562, -3.658994674682617, 0.00027716479962691665
n,2.5577447414398193, -3.707037925720215, -0.0023241357412189245
n,2.5719587802886963, -3.697190761566162, 0.0
n,2.5574581623077393, -3.7072365283966064, 0.0
n,2.5321271419525146, -3.7245824337005615, 0.0032284369226545095
n,2.5574581623077393, -3.7072365283966064, 0.0
n,3.7076568603515625, 2.5568482875823975, 0.00039132757228799164
n,-3.7062530517578125, -2.558882713317871, -0.0002298753970535472
n,-3.707422971725464, -2.557187080383301, 4.89396188640967e-05
n,-3.707791805267334, -2.556652069091797, -0.00039134183316491544
n,-2.5380499362945557, 3.720550537109375, -0.0008980298298411071
n,-2.5577445030212402, 3.707037925720215, -0.0024238629266619682
n,-2.5579493045806885, 3.706895589828491, -0.0035720146261155605
n,-2.6026315689086914, 3.6756632328033447, -0.0002746968239080161
n,-2.4982573986053467, 3.7473862171173096, -0.00015495106345042586
n,-2.557950258255005, 3.7068965435028076, 0.0
n,-2.5719587802886963, 3.697190523147583, -0.0004550140874926001
n,2.556755304336548, -3.7077205181121826, 0.00249683135189116
n,2.5581774711608887, -3.706730604171753, -0.008259482681751251
n,-3.7077972888946533, -2.5566444396972656, 0.0
n,-3.708224058151245, -2.556025981903076, 0.0
n,-2.558079481124878, 3.7068071365356445, 0.0
n,-2.5568835735321045, 3.7076215744018555, 0.008990106172859669
n,3.7075910568237305, 2.5569441318511963, 0.0
n,3.7085864543914795, 2.5554966926574707, 0.003621666459366679
n,2.556446075439453, -3.707933187484741, 0.002496529370546341
n,-3.71358323097229, -2.5482327938079834, 0.0
n,-2.5553085803985596, 3.7087180614471436, -0.0003683274844661355
n,3.7080798149108887, 2.556234359741211, 0.0
n,-3.7106008529663086, -2.5525739192962646, 0.0
n,-2.4937984943389893, 3.7503550052642822, -0.00030934897949919105
n,-2.4665462970733643, 3.768334150314331, 0.0
n,-2.5661721229553223, 3.701209545135498, 0.0
n,-2.5612077713012695, 3.704646587371826, -0.0001588555023772642
n,-2.5560994148254395, 3.7081730365753174, 0.0006123090861365199
n,-2.5719587802886963, 3.697190761566162, 0.0003500108141452074
n,-2.555464506149292, 3.7086105346679688, 0.0
n,-2.555464506149292, 3.7086105346679688, 0.0
n,-2.555464506149292, 3.708610773086548, -0.0004630574840120971
n,3.709383964538574, 2.5543413162231445, 0.00023006954870652407
n,3.7104785442352295, 2.5527515411376953, 0.0
n,2.5551939010620117, -3.7087972164154053, 0.0
n,-3.7087864875793457, -2.5552096366882324, 0.0
n,2.5636065006256104, -3.7029874324798584, 0.0007214758661575615
n,-3.7022464275360107, -2.564675807952881, -0.0010419233003631234
n,-2.5636065006256104, 3.7029874324798584, -0.0007214758661575615
n,3.7022464275360107, 2.564675807952881, 0.0010419233003631234
n,2.5479204654693604, -3.7137978076934814, 0.0
n,2.5412120819091797, -3.718391180038452, 0.0
n,2.5479702949523926, -3.71376371383667, 0.0004519984940998256
n,2.5455129146575928, -3.7154481410980225, -0.0002722848439589143
n,-3.7120754718780518, -2.550429344177246, 0.0
n,-2.5492327213287354, 3.7128970623016357, 0.0
n,-2.5516903400421143, 3.7112085819244385, 0.0
n,-2.547430992126465, 3.7141332626342773, -0.0016294849338009953
n,-2.5636062622070312, 3.7029869556427, -0.0005557205877266824
n,3.7131145000457764, 2.5489156246185303, 0.0008049029856920242
n,2.6208579540252686, -3.662689685821533, 0.0
n,-3.6623637676239014, -2.6213128566741943, 0.0
n,-2.6198952198028564, 3.6633782386779785, 0.0
u,0.978787899017334, 0.8813207149505615, 0
u,0.9983760714530945, 0.8320454955101013, 0
u,0.9983760714530945, 0.8813207149505615, 0
u,0.0, 0.0, 0
u,0.0, 0.0, 0
u,0.0, 0.0, 0
u,0.07602789998054504, 0.3957793116569519, 0
u,0.003938499838113785, 0.01587980054318905, 0
u,0.07605089992284775, 0.015330299735069275, 0
u,0.0005394999752752483, 0.4057093858718872, 0
u,0.0, 0.006589100230485201, 0
u,0.004452799912542105, 0.3963572084903717, 0
u,0.2156590074300766, 0.0037493999116122723, 0
u,0.19870010018348694, 0.005419999826699495, 0
u,0.12770609557628632, 0.0057517001405358315, 0
u,0.09441579878330231, 0.2707839906215668, 0
u,0.1308031976222992, 0.27095121145248413, 0
u,0.07995360344648361, 0.39834389090538025, 0
u,0.21173200011253357, 0.013069899752736092, 0
u,0.2117103934288025, 0.20615890622138977, 0
u,0.1988442987203598, 0.16701599955558777, 0
u,0.07997699826955795, 0.013069899752736092, 0
u,0.07602710276842117, 0.4076642096042633, 0
u,0.07605160027742386, 0.0037493999116122723, 0
u,0.2434854954481125, 0.015452300198376179, 0
u,0.2583045959472656, 0.39281511306762695, 0
u,0.2435254007577896, 0.39282599091529846, 0
u,0.25827398896217346, 0.015424899756908417, 0
u,0.26219919323921204, 0.006097100209444761, 0
u,0.2622312009334564, 0.40213268995285034, 0
u,0.23960000276565552, 0.39813360571861267, 0
u,0.23955929279327393, 0.013447199948132038, 0
u,0.24348419904708862, 0.0041183000430464745, 0
u,0.21565790474414825, 0.01349829975515604, 0
u,0.23960000276565552, 0.39813360571861267, 0
u,0.21561479568481445, 0.3981533944606781, 0
u,0.13085399568080902, 0.20570220053195953, 0
u,0.09441579878330231, 0.2707839906215668, 0
u,0.09448610246181488, 0.20549680292606354, 0
u,0.1523132026195526, 0.055937498807907104, 0
u,0.12770609557628632, 0.0057517001405358315, 0
u,0.19870010018348694, 0.005419999826699495, 0
u,0.17339210212230682, 0.12396129965782166, 0
u,0.1988442987203598, 0.16701599955558777, 0
u,0.12786009907722473, 0.1673557013273239, 0
u,0.1738719940185547, 0.05679899826645851, 0
u,0.1518242061138153, 0.123089998960495, 0
u,0.1523132026195526, 0.055937498807907104, 0
u,0.9174329042434692, 0.9699280858039856, 0
u,0.847633421421051, 1.0, 0
u,0.847633421421051, 0.9699280858039856, 0
u,0.6925116777420044, 0.9699280858039856, 0
u,0.847633421421051, 1.0, 0
u,0.6925116777420044, 1.0, 0
u,0.6232324242591858, 0.9699280858039856, 0
u,0.6925116777420044, 1.0, 0
u,0.6232324242591858, 1.0, 0
u,0.8363680243492126, 0.47186198830604553, 0
u,0.7856590747833252, 0.7961630821228027, 0
u,0.7856590747833252, 0.47186198830604553, 0
u,0.7856590747833252, 0.7961630821228027, 0
u,0.6735653877258301, 0.47186198830604553, 0
u,0.7856590747833252, 0.47186198830604553, 0
u,0.6232324242591858, 0.47186198830604553, 0
u,0.6735653877258301, 0.7961630821228027, 0
u,0.6232324242591858, 0.7961630821228027, 0
u,0.29757681488990784, 0.44604310393333435, 0
u,0.45621779561042786, 0.5311102271080017, 0
u,0.3022632896900177, 0.5311102271080017, 0
u,0.16345369815826416, 0.9983819723129272, 0
u,0.29757681488990784, 0.44604310393333435, 0
u,0.29757681488990784, 0.9983819723129272, 0
u,0.46102720499038696, 0.44604310393333435, 0
u,0.5951303243637085, 0.44604310393333435, 0
u,0.5951303243637085, 0.5284239053726196, 0
u,0.1595086008310318, 0.5284239053726196, 0
u,0.1595086008310318, 0.5582718849182129, 0
u,0.003851999994367361, 0.5284239053726196, 0
u,0.1694687008857727, 0.4112136960029602, 0
u,0.1694687008857727, 0.44124698638916016, 0
u,0.09121239930391312, 0.44124698638916016, 0
u,0.4998342990875244, 0.4112136960029602, 0
u,0.4536888897418976, 0.44124698638916016, 0
u,0.4536888897418976, 0.4112136960029602, 0
u,0.0, 0.44124698638916016, 0
u,0.012591100297868252, 0.4112136960029602, 0
u,0.012591100297868252, 0.44124698638916016, 0
u,0.4536888897418976, 0.4112136960029602, 0
u,0.4536888897418976, 0.44124698638916016, 0
u,0.37537050247192383, 0.44124698638916016, 0
u,0.1694687008857727, 0.4112136960029602, 0
u,0.29681429266929626, 0.44124698638916016, 0
u,0.1694687008857727, 0.44124698638916016, 0
u,0.8474671244621277, 0.48441240191459656, 0
u,0.8383839130401611, 0.5087664127349854, 0
u,0.8383839130401611, 0.48441240191459656, 0
u,0.8383839130401611, 0.5087664127349854, 0
u,0.8474671244621277, 0.7707114815711975, 0
u,0.8383839130401611, 0.7707114815711975, 0
u,0.8474671244621277, 0.7950809001922607, 0
u,0.8383839130401611, 0.7707114815711975, 0
u,0.8474671244621277, 0.7707114815711975, 0
u,0.8939393758773804, 0.5479822158813477, 0
u,0.977724015712738, 0.9222365021705627, 0
u,0.8939393758773804, 0.9222365021705627, 0
u,0.8939393758773804, 0.5059952139854431, 0
u,0.977724015712738, 0.5479822158813477, 0
u,0.8939393758773804, 0.5479822158813477, 0
u,0.977724015712738, 0.9642015099525452, 0
u,0.8939393758773804, 0.9222365021705627, 0
u,0.977724015712738, 0.9222365021705627, 0
u,0.8575230240821838, 0.030987199395895004, 0
u,0.8575230240821838, 0.02207290008664131, 0
u,0.9697911739349365, 0.016786599531769753, 0
u,0.9697911739349365, 0.46592989563941956, 0
u,0.7727273106575012, 0.4027496874332428, 0
u,0.9697911739349365, 0.4027496874332428, 0
u,0.6232324242591858, 0.4457953870296478, 0
u,0.6400856971740723, 0.4676258862018585, 0
u,0.6232324242591858, 0.4676258862018585, 0
u,0.6400856971740723, 0.4676258862018585, 0
u,0.7539402842521667, 0.4457953870296478, 0
u,0.7539402842521667, 0.4676258862018585, 0
u,0.7707347869873047, 0.4457953870296478, 0
u,0.7539402842521667, 0.4676258862018585, 0
u,0.7539402842521667, 0.4457953870296478, 0
u,0.8923063278198242, 0.7308517098426819, 0
u,0.8484848737716675, 0.7938550114631653, 0
u,0.8484848737716675, 0.7308517098426819, 0
u,0.8484848737716675, 0.5011990070343018, 0
u,0.8923063278198242, 0.5845643877983093, 0
u,0.8484848737716675, 0.5845643877983093, 0
u,0.8484848737716675, 0.5845643877983093, 0
u,0.8923063278198242, 0.6475307941436768, 0
u,0.8484848737716675, 0.6475307941436768, 0
u,0.8923063278198242, 0.6475307941436768, 0
u,0.8484848737716675, 0.7308517098426819, 0
u,0.8484848737716675, 0.6475307941436768, 0
u,0.6949241757392883, 0.9363585114479065, 0
u,0.7119991779327393, 0.8009005784988403, 0
u,0.7578191757202148, 0.9664267897605896, 0
u,0.8265184164047241, 0.8009005784988403, 0
u,0.7578191757202148, 0.9664267897605896, 0
u,0.7578191757202148, 0.8009005784988403, 0
u,0.8265184164047241, 0.9664267897605896, 0
u,0.8710433840751648, 0.8009005784988403, 0
u,0.8892750144004822, 0.9363585114479065, 0
u,0.6919409036636353, 0.9363585114479065, 0
u,0.6232324242591858, 0.8009005784988403, 0
u,0.6919409036636353, 0.8009005784988403, 0
u,0.978787899017334, 0.8813207149505615, 0
u,0.9983760714530945, 0.9459710121154785, 0
u,0.978787899017334, 0.9459710121154785, 0
u,0.978787899017334, 0.9459710121154785, 0
u,0.9983760714530945, 0.9952672123908997, 0
u,0.978787899017334, 0.9952672123908997, 0
u,0.978787899017334, 0.8320454955101013, 0
u,0.9983760714530945, 0.7673860788345337, 0
u,0.9983760714530945, 0.8320454955101013, 0
u,0.978787899017334, 0.8813207149505615, 0
u,0.978787899017334, 0.8320454955101013, 0
u,0.9983760714530945, 0.8320454955101013, 0
u,0.0, 0.0, 0
u,0.0, 0.0, 0
u,0.0, 0.0, 0
u,0.0, 0.0, 0
u,0.0, 0.0, 0
u,0.0, 0.0, 0
u,0.0, 0.0, 0
u,0.0, 0.0, 0
u,0.0, 0.0, 0
u,0.0, 0.0, 0
u,0.0, 0.0, 0
u,0.0, 0.0, 0
u,0.0, 0.0, 0
u,0.0, 0.0, 0
u,0.0, 0.0, 0
u,0.0, 0.0, 0
u,0.0, 0.0, 0
u,0.0, 0.0, 0
u,0.0, 0.0, 0
u,0.0, 0.0, 0
u,0.0, 0.0, 0
u,0.0, 0.0, 0
u,0.0, 0.0, 0
u,0.0, 0.0, 0
u,0.0, 0.0, 0
u,0.0, 0.0, 0
u,0.0, 0.0, 0
u,0.0, 0.0, 0
u,0.0, 0.0, 0
u,0.0, 0.0, 0
u,0.0, 0.0, 0
u,0.0, 0.0, 0
u,0.0, 0.0, 0
u,0.07602789998054504, 0.3957793116569519, 0
u,0.004452799912542105, 0.3963572084903717, 0
u,0.003938499838113785, 0.01587980054318905, 0
u,0.0, 0.006589100230485201, 0
u,0.0760515034198761, 0.0060097998939454556, 0
u,0.003938499838113785, 0.01587980054318905, 0
u,0.0760515034198761, 0.0060097998939454556, 0
u,0.07605089992284775, 0.015330299735069275, 0
u,0.003938499838113785, 0.01587980054318905, 0
u,0.07602789998054504, 0.3957793116569519, 0
u,0.0760272964835167, 0.40509989857673645, 0
u,0.004452799912542105, 0.3963572084903717, 0
u,0.0760272964835167, 0.40509989857673645, 0
u,0.0005394999752752483, 0.4057093858718872, 0
u,0.004452799912542105, 0.3963572084903717, 0
u,0.0, 0.006589100230485201, 0
u,0.003938499838113785, 0.01587980054318905, 0
u,0.004452799912542105, 0.3963572084903717, 0
u,0.2156136929988861, 0.4076721966266632, 0
u,0.07602710276842117, 0.4076642096042633, 0
u,0.2116888016462326, 0.39835140109062195, 0
u,0.07602710276842117, 0.4076642096042633, 0
u,0.07995360344648361, 0.39834389090538025, 0
u,0.2116888016462326, 0.39835140109062195, 0
u,0.12771309912204742, 0.013069899752736092, 0
u,0.07997699826955795, 0.013069899752736092, 0
u,0.12770609557628632, 0.0057517001405358315, 0
u,0.07997699826955795, 0.013069899752736092, 0
u,0.07605160027742386, 0.0037493999116122723, 0
u,0.12770609557628632, 0.0057517001405358315, 0
u,0.2156590074300766, 0.0037493999116122723, 0
u,0.2156136929988861, 0.4076721966266632, 0
u,0.21173200011253357, 0.013069899752736092, 0
u,0.2156136929988861, 0.4076721966266632, 0
u,0.2116888016462326, 0.39835140109062195, 0
u,0.21173200011253357, 0.013069899752736092, 0
u,0.21173200011253357, 0.013069899752736092, 0
u,0.19870689511299133, 0.013069899752736092, 0
u,0.19870010018348694, 0.005419999826699495, 0
u,0.12770609557628632, 0.0057517001405358315, 0
u,0.07605160027742386, 0.0037493999116122723, 0
u,0.2156590074300766, 0.0037493999116122723, 0
u,0.2156590074300766, 0.0037493999116122723, 0
u,0.21173200011253357, 0.013069899752736092, 0
u,0.19870010018348694, 0.005419999826699495, 0
u,0.1308031976222992, 0.27095121145248413, 0
u,0.13085399568080902, 0.20570220053195953, 0
u,0.2117103934288025, 0.20615890622138977, 0
u,0.2117103934288025, 0.20615890622138977, 0
u,0.2116888016462326, 0.39835140109062195, 0
u,0.1308031976222992, 0.27095121145248413, 0
u,0.2116888016462326, 0.39835140109062195, 0
u,0.07995360344648361, 0.39834389090538025, 0
u,0.1308031976222992, 0.27095121145248413, 0
u,0.07995360344648361, 0.39834389090538025, 0
u,0.07996530085802078, 0.2054148018360138, 0
u,0.09441579878330231, 0.2707839906215668, 0
u,0.07996530085802078, 0.2054148018360138, 0
u,0.09448610246181488, 0.20549680292606354, 0
u,0.09441579878330231, 0.2707839906215668, 0
u,0.13085399568080902, 0.20570220053195953, 0
u,0.09448610246181488, 0.20549680292606354, 0
u,0.12786009907722473, 0.1673557013273239, 0
u,0.09448610246181488, 0.20549680292606354, 0
u,0.07996530085802078, 0.2054148018360138, 0
u,0.07997699826955795, 0.013069899752736092, 0
u,0.12786009907722473, 0.1673557013273239, 0
u,0.09448610246181488, 0.20549680292606354, 0
u,0.07997699826955795, 0.013069899752736092, 0
u,0.07997699826955795, 0.013069899752736092, 0
u,0.12771309912204742, 0.013069899752736092, 0
u,0.12786009907722473, 0.1673557013273239, 0
u,0.2117103934288025, 0.20615890622138977, 0
u,0.13085399568080902, 0.20570220053195953, 0
u,0.1988442987203598, 0.16701599955558777, 0
u,0.1988442987203598, 0.16701599955558777, 0
u,0.13085399568080902, 0.20570220053195953, 0
u,0.12786009907722473, 0.1673557013273239, 0
u,0.19870689511299133, 0.013069899752736092, 0
u,0.21173200011253357, 0.013069899752736092, 0
u,0.1988442987203598, 0.16701599955558777, 0
u,0.07997699826955795, 0.013069899752736092, 0
u,0.07995360344648361, 0.39834389090538025, 0
u,0.07602710276842117, 0.4076642096042633, 0
u,0.2434854954481125, 0.015452300198376179, 0
u,0.25827398896217346, 0.015424899756908417, 0
u,0.2583045959472656, 0.39281511306762695, 0
u,0.25827398896217346, 0.015424899756908417, 0
u,0.2434854954481125, 0.015452300198376179, 0
u,0.2434844970703125, 0.006131799891591072, 0
u,0.2622312009334564, 0.40213268995285034, 0
u,0.2435263991355896, 0.40214648842811584, 0
u,0.2583045959472656, 0.39281511306762695, 0
u,0.2435263991355896, 0.40214648842811584, 0
u,0.2435254007577896, 0.39282599091529846, 0
u,0.2583045959472656, 0.39281511306762695, 0
u,0.25827398896217346, 0.015424899756908417, 0
u,0.2434844970703125, 0.006131799891591072, 0
u,0.26219919323921204, 0.006097100209444761, 0
u,0.2622312009334564, 0.40213268995285034, 0
u,0.2583045959472656, 0.39281511306762695, 0
u,0.25827398896217346, 0.015424899756908417, 0
u,0.24352699518203735, 0.40767380595207214, 0
u,0.2156136929988861, 0.4076721966266632, 0
u,0.23960000276565552, 0.39813360571861267, 0
u,0.2156136929988861, 0.4076721966266632, 0
u,0.21561479568481445, 0.3981533944606781, 0
u,0.23960000276565552, 0.39813360571861267, 0
u,0.21565790474414825, 0.01349829975515604, 0
u,0.2156590074300766, 0.00417769979685545, 0
u,0.23955929279327393, 0.013447199948132038, 0
u,0.2156590074300766, 0.00417769979685545, 0
u,0.24348419904708862, 0.0041183000430464745, 0
u,0.23955929279327393, 0.013447199948132038, 0
u,0.24352699518203735, 0.40767380595207214, 0
u,0.23960000276565552, 0.39813360571861267, 0
u,0.24348419904708862, 0.0041183000430464745, 0
u,0.21565790474414825, 0.01349829975515604, 0
u,0.23955929279327393, 0.013447199948132038, 0
u,0.23960000276565552, 0.39813360571861267, 0
u,0.13085399568080902, 0.20570220053195953, 0
u,0.1308031976222992, 0.27095121145248413, 0
u,0.09441579878330231, 0.2707839906215668, 0
u,0.19870010018348694, 0.005419999826699495, 0
u,0.19874680042266846, 0.05779299885034561, 0
u,0.1738719940185547, 0.05679899826645851, 0
u,0.1523132026195526, 0.055937498807907104, 0
u,0.12775300443172455, 0.05495600029826164, 0
u,0.12770609557628632, 0.0057517001405358315, 0
u,0.19870010018348694, 0.005419999826699495, 0
u,0.1738719940185547, 0.05679899826645851, 0
u,0.1523132026195526, 0.055937498807907104, 0
u,0.17339210212230682, 0.12396129965782166, 0
u,0.1738719940185547, 0.05679899826645851, 0
u,0.19874680042266846, 0.05779299885034561, 0
u,0.12786009907722473, 0.1673557013273239, 0
u,0.12775300443172455, 0.05495600029826164, 0
u,0.1518242061138153, 0.123089998960495, 0
u,0.12775300443172455, 0.05495600029826164, 0
u,0.1523132026195526, 0.055937498807907104, 0
u,0.1518242061138153, 0.123089998960495, 0
u,0.17339210212230682, 0.12396129965782166, 0
u,0.19874680042266846, 0.05779299885034561, 0
u,0.1988442987203598, 0.16701599955558777, 0
u,0.12786009907722473, 0.1673557013273239, 0
u,0.1518242061138153, 0.123089998960495, 0
u,0.17339210212230682, 0.12396129965782166, 0
u,0.1738719940185547, 0.05679899826645851, 0
u,0.17339210212230682, 0.12396129965782166, 0
u,0.1518242061138153, 0.123089998960495, 0
u,0.9174329042434692, 0.9699280858039856, 0
u,0.9174329042434692, 1.0, 0
u,0.847633421421051, 1.0, 0
u,0.6925116777420044, 0.9699280858039856, 0
u,0.847633421421051, 0.9699280858039856, 0
u,0.847633421421051, 1.0, 0
u,0.6232324242591858, 0.9699280858039856, 0
u,0.6925116777420044, 0.9699280858039856, 0
u,0.6925116777420044, 1.0, 0
u,0.8363680243492126, 0.47186198830604553, 0
u,0.8363680243492126, 0.7961630821228027, 0
u,0.7856590747833252, 0.7961630821228027, 0
u,0.7856590747833252, 0.7961630821228027, 0
u,0.6735653877258301, 0.7961630821228027, 0
u,0.6735653877258301, 0.47186198830604553, 0
u,0.6232324242591858, 0.47186198830604553, 0
u,0.6735653877258301, 0.47186198830604553, 0
u,0.6735653877258301, 0.7961630821228027, 0
u,0.46102720499038696, 0.44604310393333435, 0
u,0.46102720499038696, 0.9983819723129272, 0
u,0.4599894881248474, 0.5311102271080017, 0
u,0.46102720499038696, 0.9983819723129272, 0
u,0.4599894881248474, 0.9983819723129272, 0
u,0.4599894881248474, 0.5311102271080017, 0
u,0.298491507768631, 0.9983819723129272, 0
u,0.29757681488990784, 0.9983819723129272, 0
u,0.298491507768631, 0.5311102271080017, 0
u,0.29757681488990784, 0.9983819723129272, 0
u,0.29757681488990784, 0.44604310393333435, 0
u,0.298491507768631, 0.5311102271080017, 0
u,0.29757681488990784, 0.44604310393333435, 0
u,0.46102720499038696, 0.44604310393333435, 0
u,0.45621779561042786, 0.5311102271080017, 0
u,0.46102720499038696, 0.44604310393333435, 0
u,0.4599894881248474, 0.5311102271080017, 0
u,0.45621779561042786, 0.5311102271080017, 0
u,0.45621779561042786, 0.5311102271080017, 0
u,0.45621779561042786, 0.5609583258628845, 0
u,0.3022632896900177, 0.5609583258628845, 0
u,0.3022632896900177, 0.5311102271080017, 0
u,0.298491507768631, 0.5311102271080017, 0
u,0.29757681488990784, 0.44604310393333435, 0
u,0.45621779561042786, 0.5311102271080017, 0
u,0.3022632896900177, 0.5609583258628845, 0
u,0.3022632896900177, 0.5311102271080017, 0
u,0.16345369815826416, 0.9983819723129272, 0
u,0.16345369815826416, 0.44604310393333435, 0
u,0.29757681488990784, 0.44604310393333435, 0
u,0.6219471096992493, 0.5284239053726196, 0
u,0.6219471096992493, 0.9983819723129272, 0
u,0.5951303243637085, 0.5284239053726196, 0
u,0.6219471096992493, 0.9983819723129272, 0
u,0.46102720499038696, 0.9983819723129272, 0
u,0.5951303243637085, 0.5284239053726196, 0
u,0.46102720499038696, 0.9983819723129272, 0
u,0.46102720499038696, 0.44604310393333435, 0
u,0.5951303243637085, 0.5284239053726196, 0
u,0.0, 0.5284239053726196, 0
u,0.0, 0.44604310393333435, 0
u,0.003851999994367361, 0.5284239053726196, 0
u,0.0, 0.44604310393333435, 0
u,0.16345369815826416, 0.44604310393333435, 0
u,0.1595086008310318, 0.5284239053726196, 0
u,0.003851999994367361, 0.5284239053726196, 0
u,0.0, 0.44604310393333435, 0
u,0.1595086008310318, 0.5284239053726196, 0
u,0.16345369815826416, 0.44604310393333435, 0
u,0.16345369815826416, 0.9983819723129272, 0
u,0.16328029334545135, 0.5284239053726196, 0
u,0.16345369815826416, 0.9983819723129272, 0
u,0.16328029334545135, 0.9983819723129272, 0
u,0.16328029334545135, 0.5284239053726196, 0
u,0.1595086008310318, 0.5582718849182129, 0
u,0.003851999994367361, 0.5582718849182129, 0
u,0.003851999994367361, 0.5284239053726196, 0
u,0.16345369815826416, 0.44604310393333435, 0
u,0.16328029334545135, 0.5284239053726196, 0
u,0.1595086008310318, 0.5284239053726196, 0
u,0.09121239930391312, 0.44124698638916016, 0
u,0.012591100297868252, 0.44124698638916016, 0
u,0.012591100297868252, 0.4112136960029602, 0
u,0.012591100297868252, 0.4112136960029602, 0
u,0.1694687008857727, 0.4112136960029602, 0
u,0.09121239930391312, 0.44124698638916016, 0
u,0.4998342990875244, 0.4112136960029602, 0
u,0.4998342990875244, 0.44124698638916016, 0
u,0.4536888897418976, 0.44124698638916016, 0
u,0.0, 0.44124698638916016, 0
u,0.0, 0.4112136960029602, 0
u,0.012591100297868252, 0.4112136960029602, 0
u,0.29681429266929626, 0.44124698638916016, 0
u,0.29681429266929626, 0.4112136960029602, 0
u,0.37537050247192383, 0.44124698638916016, 0
u,0.29681429266929626, 0.4112136960029602, 0
u,0.4536888897418976, 0.4112136960029602, 0
u,0.37537050247192383, 0.44124698638916016, 0
u,0.1694687008857727, 0.4112136960029602, 0
u,0.29681429266929626, 0.4112136960029602, 0
u,0.29681429266929626, 0.44124698638916016, 0
u,0.8474671244621277, 0.48441240191459656, 0
u,0.8474671244621277, 0.5087664127349854, 0
u,0.8383839130401611, 0.5087664127349854, 0
u,0.8383839130401611, 0.5087664127349854, 0
u,0.8474671244621277, 0.5087664127349854, 0
u,0.8474671244621277, 0.7707114815711975, 0
u,0.8474671244621277, 0.7950809001922607, 0
u,0.8383839130401611, 0.7950809001922607, 0
u,0.8383839130401611, 0.7707114815711975, 0
u,0.8939393758773804, 0.5479822158813477, 0
u,0.977724015712738, 0.5479822158813477, 0
u,0.977724015712738, 0.9222365021705627, 0
u,0.8939393758773804, 0.5059952139854431, 0
u,0.977724015712738, 0.5059952139854431, 0
u,0.977724015712738, 0.5479822158813477, 0
u,0.977724015712738, 0.9642015099525452, 0
u,0.8939393758773804, 0.9642015099525452, 0
u,0.8939393758773804, 0.9222365021705627, 0
u,0.9697911739349365, 0.4027496874332428, 0
u,0.7727273106575012, 0.4027496874332428, 0
u,0.8575230240821838, 0.40082380175590515, 0
u,0.7727273106575012, 0.4027496874332428, 0
u,0.7727273106575012, 0.40082380175590515, 0
u,0.8575230240821838, 0.40082380175590515, 0
u,0.7727273106575012, 0.02207290008664131, 0
u,0.7727273106575012, 0.016786599531769753, 0
u,0.8575230240821838, 0.02207290008664131, 0
u,0.7727273106575012, 0.016786599531769753, 0
u,0.9697911739349365, 0.016786599531769753, 0
u,0.8575230240821838, 0.02207290008664131, 0
u,0.9697911739349365, 0.016786599531769753, 0
u,0.9697911739349365, 0.4027496874332428, 0
u,0.8575230240821838, 0.030987199395895004, 0
u,0.9697911739349365, 0.4027496874332428, 0
u,0.8575230240821838, 0.40082380175590515, 0
u,0.8575230240821838, 0.3919095993041992, 0
u,0.8575230240821838, 0.3919095993041992, 0
u,0.8450070023536682, 0.3919095993041992, 0
u,0.8575230240821838, 0.030987199395895004, 0
u,0.8450070023536682, 0.3919095993041992, 0
u,0.8450070023536682, 0.030987199395895004, 0
u,0.8575230240821838, 0.030987199395895004, 0
u,0.9697911739349365, 0.4027496874332428, 0
u,0.8575230240821838, 0.3919095993041992, 0
u,0.8575230240821838, 0.030987199395895004, 0
u,0.9697911739349365, 0.46592989563941956, 0
u,0.7727273106575012, 0.46592989563941956, 0
u,0.7727273106575012, 0.4027496874332428, 0
u,0.6232324242591858, 0.4457953870296478, 0
u,0.6400856971740723, 0.4457953870296478, 0
u,0.6400856971740723, 0.4676258862018585, 0
u,0.6400856971740723, 0.4676258862018585, 0
u,0.6400856971740723, 0.4457953870296478, 0
u,0.7539402842521667, 0.4457953870296478, 0
u,0.7707347869873047, 0.4457953870296478, 0
u,0.7707347869873047, 0.4676258862018585, 0
u,0.7539402842521667, 0.4676258862018585, 0
u,0.8923063278198242, 0.7308517098426819, 0
u,0.8923063278198242, 0.7938550114631653, 0
u,0.8484848737716675, 0.7938550114631653, 0
u,0.8484848737716675, 0.5011990070343018, 0
u,0.8923063278198242, 0.5011990070343018, 0
u,0.8923063278198242, 0.5845643877983093, 0
u,0.8484848737716675, 0.5845643877983093, 0
u,0.8923063278198242, 0.5845643877983093, 0
u,0.8923063278198242, 0.6475307941436768, 0
u,0.8923063278198242, 0.6475307941436768, 0
u,0.8923063278198242, 0.7308517098426819, 0
u,0.8484848737716675, 0.7308517098426819, 0
u,0.7578191757202148, 0.9664267897605896, 0
u,0.6949241757392883, 0.9664267897605896, 0
u,0.6949241757392883, 0.9363585114479065, 0
u,0.6949241757392883, 0.9363585114479065, 0
u,0.6919409036636353, 0.9363585114479065, 0
u,0.6919409036636353, 0.8009005784988403, 0
u,0.7119991779327393, 0.8009005784988403, 0
u,0.7578191757202148, 0.8009005784988403, 0
u,0.7578191757202148, 0.9664267897605896, 0
u,0.6949241757392883, 0.9363585114479065, 0
u,0.6919409036636353, 0.8009005784988403, 0
u,0.7119991779327393, 0.8009005784988403, 0
u,0.8265184164047241, 0.8009005784988403, 0
u,0.8265184164047241, 0.9664267897605896, 0
u,0.7578191757202148, 0.9664267897605896, 0
u,0.8892750144004822, 0.9664267897605896, 0
u,0.8265184164047241, 0.9664267897605896, 0
u,0.8892750144004822, 0.9363585114479065, 0
u,0.8265184164047241, 0.9664267897605896, 0
u,0.8265184164047241, 0.8009005784988403, 0
u,0.8710433840751648, 0.8009005784988403, 0
u,0.8710433840751648, 0.8009005784988403, 0
u,0.8923934102058411, 0.8009005784988403, 0
u,0.8892750144004822, 0.9363585114479065, 0
u,0.8923934102058411, 0.8009005784988403, 0
u,0.8923934102058411, 0.9363585114479065, 0
u,0.8892750144004822, 0.9363585114479065, 0
u,0.6919409036636353, 0.9363585114479065, 0
u,0.6232324242591858, 0.9363585114479065, 0
u,0.6232324242591858, 0.8009005784988403, 0
u,0.978787899017334, 0.8813207149505615, 0
u,0.9983760714530945, 0.8813207149505615, 0
u,0.9983760714530945, 0.9459710121154785, 0
u,0.978787899017334, 0.9459710121154785, 0
u,0.9983760714530945, 0.9459710121154785, 0
u,0.9983760714530945, 0.9952672123908997, 0
u,0.978787899017334, 0.8320454955101013, 0
u,0.978787899017334, 0.7673860788345337, 0
u,0.9983760714530945, 0.7673860788345337, 0
