s,46.170166015625, 177.62109375, -0.6031150817871094
b,48.78759765625, 179.396484375, 3.0195870399475098
v,46.17041015625, 178.876953125, 3.008606433868408
v,46.171630859375, 179.396484375, 3.0086541175842285
v,46.171630859375, 179.396484375, -0.6029648780822754
v,46.17041015625, 178.8779296875, -0.6030125617980957
v,48.76708984375, 178.291015625, -0.6030716896057129
v,48.78759765625, 177.810546875, -0.6031150817871094
v,46.636962890625, 177.81640625, -0.6031103134155273
v,46.6181640625, 178.296875, -0.6030664443969727
v,46.6181640625, 178.3046875, -0.6030659675598145
v,46.205322265625, 178.2998046875, -0.6030654907226562
v,46.19970703125, 178.8779296875, -0.6030125617980957
v,46.170166015625, 178.8779296875, -0.6030125617980957
v,46.17138671875, 179.396484375, -0.6029648780822754
v,48.76953125, 179.3896484375, -0.602971076965332
v,47.833251953125, 177.8134765625, -0.07999944686889648
v,48.61328125, 177.8115234375, -0.0800008773803711
v,48.61083984375, 177.62109375, -0.08001852035522461
v,47.8310546875, 177.6298828125, -0.08001565933227539
v,48.61328125, 177.8115234375, 2.140347957611084
v,47.833251953125, 177.8134765625, 2.1403489112854004
v,47.831298828125, 177.6298828125, 2.1403326988220215
v,48.61083984375, 177.62109375, 2.1403303146362305
v,48.78759765625, 177.810546875, 2.578878402709961
v,48.76708984375, 178.291015625, 3.0195870399475098
v,46.895751953125, 178.2958984375, 3.0085511207580566
v,46.6181640625, 178.296875, 3.0069146156311035
v,46.636962890625, 177.81640625, 2.5662713050842285
v,46.619873046875, 178.8759765625, 3.0086045265197754
v,46.6181640625, 178.296875, 3.008552074432373
v,46.895751953125, 178.2958984375, 3.0085511207580566
v,48.76708984375, 178.291015625, 3.008547306060791
v,48.76953125, 179.3896484375, 3.0086474418640137
v,46.17138671875, 179.396484375, 3.0086541175842285
v,46.170166015625, 178.876953125, 3.008606433868408
v,46.6181640625, 178.3037109375, 2.891984462738037
v,46.619873046875, 178.8759765625, 2.8920369148254395
v,46.19970703125, 178.876953125, 2.892037868499756
v,46.20556640625, 178.2998046875, 2.8919854164123535
v,47.833251953125, 177.8134765625, 2.1403489112854004
v,47.833251953125, 177.8134765625, -0.07999944686889648
v,47.8310546875, 177.6298828125, -0.08001565933227539
v,47.831298828125, 177.6298828125, 2.1403326988220215
v,48.61328125, 177.8115234375, -0.0800008773803711
v,48.61328125, 177.8115234375, 2.140347957611084
v,48.61083984375, 177.62109375, 2.1403303146362305
v,48.61083984375, 177.62109375, -0.08001852035522461
v,48.61083984375, 177.62109375, -0.08001852035522461
v,48.61083984375, 177.62109375, 2.1403303146362305
v,47.831298828125, 177.6298828125, 2.1403326988220215
v,47.8310546875, 177.6298828125, -0.08001565933227539
v,48.78759765625, 177.810546875, 2.578878402709961
v,46.636962890625, 177.81640625, 2.5662713050842285
v,46.636962890625, 177.81640625, -0.6031103134155273
v,48.78759765625, 177.810546875, -0.6031150817871094
v,48.78759765625, 177.810546875, -0.0800008773803711
v,48.61328125, 177.8115234375, -0.0800008773803711
v,47.833251953125, 177.8134765625, -0.07999944686889648
v,47.833251953125, 177.8134765625, 2.1403489112854004
v,48.61328125, 177.8115234375, 2.140347957611084
v,48.78759765625, 177.810546875, 2.1403470039367676
v,46.636962890625, 177.81640625, -0.6031103134155273
v,46.636962890625, 177.81640625, 2.5662713050842285
v,46.6181640625, 178.296875, 3.0069146156311035
v,46.6181640625, 178.296875, -0.6030664443969727
v,48.76708984375, 178.291015625, 3.008547306060791
v,46.895751953125, 178.2958984375, 3.0085511207580566
v,48.76708984375, 178.291015625, 3.0195870399475098
v,48.76708984375, 178.291015625, -0.6030716896057129
v,48.76708984375, 178.291015625, 3.0195870399475098
v,48.78759765625, 177.810546875, 2.578878402709961
v,48.78759765625, 177.810546875, 2.1403470039367676
v,48.78759765625, 177.810546875, -0.0800008773803711
v,48.78759765625, 177.810546875, -0.6031150817871094
v,48.76708984375, 178.291015625, -0.6030716896057129
v,48.61328125, 177.8115234375, 2.140347957611084
v,48.61328125, 177.8115234375, -0.0800008773803711
v,48.78759765625, 177.810546875, -0.0800008773803711
v,48.78759765625, 177.810546875, 2.1403470039367676
v,46.619873046875, 178.8759765625, 3.0086045265197754
v,46.170166015625, 178.876953125, 3.008606433868408
v,46.170166015625, 178.8779296875, -0.6030125617980957
v,46.19970703125, 178.8779296875, -0.6030125617980957
v,46.19970703125, 178.876953125, 2.892037868499756
v,46.619873046875, 178.8759765625, 2.8920369148254395
v,46.17138671875, 179.396484375, 3.0086541175842285
v,48.76953125, 179.3896484375, 3.0086474418640137
v,48.76953125, 179.3896484375, -0.602971076965332
v,46.17138671875, 179.396484375, -0.6029648780822754
v,48.76953125, 179.3896484375, -0.602971076965332
v,48.76953125, 179.3896484375, 3.0086474418640137
v,48.76708984375, 178.291015625, 3.008547306060791
v,48.76708984375, 178.291015625, -0.6030716896057129
v,46.619873046875, 178.8759765625, 2.8920369148254395
v,46.6181640625, 178.3037109375, 2.891984462738037
v,46.6181640625, 178.3046875, -0.6030659675598145
v,46.6181640625, 178.296875, -0.6030664443969727
v,46.6181640625, 178.296875, 3.0069146156311035
v,46.6181640625, 178.296875, 3.008552074432373
v,46.619873046875, 178.8759765625, 3.0086045265197754
v,46.6181640625, 178.296875, 3.0069146156311035
v,46.895751953125, 178.2958984375, 3.0085511207580566
v,46.6181640625, 178.296875, 3.008552074432373
v,46.205322265625, 178.2998046875, -0.6030654907226562
v,46.6181640625, 178.3046875, -0.6030659675598145
v,46.6181640625, 178.3037109375, 2.891984462738037
v,46.20556640625, 178.2998046875, 2.8919854164123535
v,46.19970703125, 178.876953125, 2.892037868499756
v,46.19970703125, 178.8779296875, -0.6030125617980957
v,46.205322265625, 178.2998046875, -0.6030654907226562
v,46.20556640625, 178.2998046875, 2.8919854164123535
i,1,3,0
i,8,10,12
i,14,16,17
i,19,21,18
i,24,25,26
i,27,29,31
i,35,37,34
i,39,41,38
i,42,44,45
i,46,48,49
i,51,52,56
i,61,63,60
i,64,66,67
i,70,71,73
i,75,77,74
i,80,81,82
i,85,87,84
i,88,90,91
i,93,96,98
i,99,100,101
i,103,105,102
i,106,108,109
i,1,2,3
i,4,5,6
i,6,7,4
i,7,8,4
i,8,9,10
i,10,11,12
i,12,13,8
i,13,4,8
i,14,15,16
i,19,20,21
i,26,22,24
i,22,23,24
i,27,28,29
i,29,30,31
i,31,32,27
i,32,33,27
i,35,36,37
i,39,40,41
i,42,43,44
i,46,47,48
i,59,50,58
i,50,51,57
i,58,50,57
i,52,53,56
i,53,54,55
i,53,55,56
i,56,57,51
i,61,62,63
i,64,65,66
i,73,68,70
i,68,69,70
i,71,72,73
i,75,76,77
i,83,78,82
i,78,79,82
i,79,80,82
i,85,86,87
i,88,89,90
i,98,92,93
i,93,94,95
i,95,96,93
i,96,97,98
i,103,104,105
i,106,107,108
n,-4.503787517547607, 0.00939855445176363, 2.257045707665384e-06
n,-1.577113835082855e-05, 0.000411011598771438, -4.50379753112793
n,-9.699481779534835e-06, 0.0004065873217768967, -4.50379753112793
n,3.956060936616268e-06, -0.00041988142766058445, 4.50379753112793
n,-0.029084742069244385, -3.0475642681121826, 3.315976142883301
n,9.159984074358363e-06, -0.00040982651989907026, 4.50379753112793
n,1.2718962352664676e-05, -0.00041320169111713767, 4.50379753112793
n,-4.503541469573975, 0.04802354797720909, 0.0
n,4.503445625305176, -0.0562930703163147, 0.0
n,-0.05508820340037346, -4.50346040725708, 5.37970709046931e-06
n,-0.013061530888080597, -4.50377893447876, 0.0
n,-4.500410079956055, -0.17465490102767944, 0.0
n,0.0, 0.0, 4.50379753112793
n,4.499664783477783, 0.19290077686309814, 0.0
n,-0.022406674921512604, -4.50374174118042, 0.0
n,0.0, -4.5037970542907715, -0.00111765181645751
n,0.012027123011648655, 4.503781795501709, 0.0
n,4.503785133361816, -0.010672477073967457, 0.0
n,-4.503781795501709, 0.01179675292223692, 0.0007121990201994777
n,-0.014074299484491348, -4.503775596618652, 0.0
n,0.04730618745088577, -4.503549098968506, -2.9348482257773867e-06
n,-4.503565788269043, -0.045712910592556, 0.00027939857682213187
n,-4.503787517547607, 0.00941427145153284, 0.0
n,-9.48896285990486e-06, 0.0004084548563696444, -4.50379753112793
n,-9.497473001829349e-06, 0.0004084930696990341, -4.50379753112793
n,-9.8749578683055e-06, 0.00027488998603075743, -4.50379753112793
n,-1.3574193872045726e-05, 0.0004126152489334345, -4.50379753112793
n,0.0, 0.00041187528404407203, -4.50379753112793
n,-9.90720400295686e-06, 0.0004134114133194089, -4.50379753112793
n,-9.046612831298262e-06, 0.00041170502663590014, -4.50379753112793
n,-8.867799806466792e-06, 0.0004099468351341784, -4.50379753112793
n,9.829828741203528e-06, -0.0003961548500228673, 4.50379753112793
n,-0.02803885005414486, -3.047874689102173, 3.315699815750122
n,-0.02662690170109272, -3.0448431968688965, 3.318495750427246
n,1.2468710337998345e-05, -0.0004082525265403092, 4.50379753112793
n,9.242807209375314e-06, -0.0004099684301763773, 4.50379753112793
n,1.0634371392370667e-05, -0.00041599987889640033, 4.50379753112793
n,1.6179947124328464e-05, -0.00041122143738903105, 4.50379753112793
n,8.235956556745805e-06, -0.0004099778307136148, 4.50379753112793
n,-4.503481388092041, 0.053358741104602814, 0.0004397930752020329
n,4.503445625305176, -0.0562930703163147, 0.0
n,-0.055103521794080734, -4.50346040725708, 0.0
n,-0.022406674921512604, -4.50374174118042, 0.0
n,-0.012719198130071163, -4.503779411315918, 0.000961486017331481
n,-0.010013976134359837, -4.503783702850342, -0.004926638677716255
n,-0.012713565491139889, -4.503779411315918, -0.0007957365014590323
n,-0.022406674921512604, -4.50374174118042, 0.0
n,-0.010013963095843792, -4.503784656524658, 0.004130041226744652
n,-0.013061529956758022, -4.50377893447876, 0.0
n,-4.500399112701416, -0.17493170499801636, -4.2028586904052645e-05
n,0.010437509045004845, 4.503785610198975, 0.0
n,4.499664783477783, 0.19290077686309814, 0.0
n,4.499664306640625, 0.19290077686309814, 0.0
n,4.499664306640625, 0.19290077686309814, 0.0
n,-0.022406674921512604, -4.50374174118042, 0.0
n,-0.009300542995333672, -4.503787994384766, 0.0
n,-0.00869038701057434, -4.503788948059082, -0.0021984546910971403
n,-0.00427542719990015, -4.503795146942139, -0.0010815780842676759
n,0.012027123011648655, 4.503781795501709, 0.0
n,4.503785133361816, -0.010672477073967457, 0.0
n,-4.503781795501709, 0.011941845528781414, 0.0
n,-4.50379753112793, 0.0, 0.0
n,-4.50379753112793, 0.0, 0.0
n,-4.503782272338867, 0.011798830702900887, 0.0
n,0.03786558285355568, -4.50363826751709, -0.0011176123516634107
n,-4.503582954406738, -0.04395388811826706, -1.0907495379797183e-05
u,0.11060909926891327, 0.4657404124736786, 0
u,0.05135900154709816, 1.0, 0
u,0.05135900154709816, 0.4657404124736786, 0
u,0.0, 0.0, 0
u,0.0, 0.0, 0
u,0.0, 0.0, 0
u,0.9432883262634277, 0.6702126860618591, 0
u,0.9629420042037964, 0.5618407130241394, 0
u,0.9629420042037964, 0.6701939702033997, 0
u,0.9991086721420288, 0.9946808218955994, 0
u,0.9774128198623657, 0.8750466704368591, 0
u,0.9999734163284302, 0.8750303983688354, 0
u,0.624958872795105, 0.4763006865978241, 0
u,0.624958872795105, 0.5186169743537903, 0
u,0.5482679009437561, 0.5159664750099182, 0
u,0.4815647006034851, 0.3908891975879669, 0
u,0.412746787071228, 0.3482063114643097, 0
u,0.5431948900222778, 0.06029929965734482, 0
u,0.4815647006034851, 0.3908891975879669, 0
u,0.4129753112792969, 0.45441970229148865, 0
u,0.41357240080833435, 0.39092400670051575, 0
u,0.6262834072113037, 0.19414900243282318, 0
u,0.6470245718955994, 0.5196515917778015, 0
u,0.6262834072113037, 0.5196515917778015, 0
u,0.7568786144256592, 0.19414900243282318, 0
u,0.7353109121322632, 0.5196515917778015, 0
u,0.7353109121322632, 0.19414900243282318, 0
u,0.7353109121322632, 0.19414900243282318, 0
u,0.6470245718955994, 0.5196515917778015, 0
u,0.6470245718955994, 0.19414900243282318, 0
u,0.3576053977012634, 0.38986828923225403, 0
u,0.0, 0.38986828923225403, 0
u,0.059023600071668625, 0.21503029763698578, 0
u,0.3576053977012634, 0.38986828923225403, 0
u,0.0, 0.46010640263557434, 0
u,0.0, 0.38986828923225403, 0
u,0.6303331851959229, 0.766518771648407, 0
u,0.6292821168899536, 0.7658128142356873, 0
u,0.9742512702941895, 0.9973403811454773, 0
u,0.3095482885837555, 0.07553020119667053, 0
u,0.059023600071668625, 0.07553020119667053, 0
u,0.0, 0.0052685001865029335, 0
u,0.059023600071668625, 0.10099879652261734, 0
u,0.3095482885837555, 0.07553020119667053, 0
u,0.3095482885837555, 0.10099879652261734, 0
u,0.05135900154709816, 1.0, 0
u,0.04799579828977585, 1.0, 0
u,0.04799579828977585, 0.48298409581184387, 0
u,0.4074071943759918, 0.4657404124736786, 0
u,0.11060909926891327, 1.0, 0
u,0.11060909926891327, 0.4657404124736786, 0
u,0.4074071943759918, 1.0, 0
u,0.5328490138053894, 0.4657404124736786, 0
u,0.5328490138053894, 1.0, 0
u,0.5512595176696777, 0.7572818994522095, 0
u,0.5381742119789124, 0.7583041191101074, 0
u,0.5379877090454102, 0.6728724241256714, 0
u,0.963038980960846, 0.7632979154586792, 0
u,0.963038980960846, 0.7262001037597656, 0
u,0.963208019733429, 0.7632961273193359, 0
u,0.9368246793746948, 0.6710562705993652, 0
u,0.535934329032898, 0.6097378134727478, 0
u,0.9368246793746948, 0.6097378134727478, 0
u,0.535934329032898, 0.5239362120628357, 0
u,0.9368246793746948, 0.6097378134727478, 0
u,0.535934329032898, 0.6097378134727478, 0
u,0.11060909926891327, 0.4657404124736786, 0
u,0.11060909926891327, 1.0, 0
u,0.05135900154709816, 1.0, 0
u,0.0, 0.0, 0
u,0.0, 0.0, 0
u,0.0, 0.0, 0
u,0.0, 0.0, 0
u,0.0, 0.0, 0
u,0.0, 0.0, 0
u,0.0, 0.0, 0
u,0.0, 0.0, 0
u,0.0, 0.0, 0
u,0.0, 0.0, 0
u,0.0, 0.0, 0
u,0.0, 0.0, 0
u,0.0, 0.0, 0
u,0.0, 0.0, 0
u,0.0, 0.0, 0
u,0.0, 0.0, 0
u,0.0, 0.0, 0
u,0.0, 0.0, 0
u,0.0, 0.0, 0
u,0.0, 0.0, 0
u,0.0, 0.0, 0
u,0.9432883262634277, 0.6702126860618591, 0
u,0.9425051808357239, 0.5618259906768799, 0
u,0.9629420042037964, 0.5618407130241394, 0
u,0.9991086721420288, 0.9946808218955994, 0
u,0.9774128198623657, 0.9946601986885071, 0
u,0.9774128198623657, 0.8750466704368591, 0
u,0.5482679009437561, 0.5159664750099182, 0
u,0.5482547283172607, 0.18816110491752625, 0
u,0.624958872795105, 0.4763006865978241, 0
u,0.5482547283172607, 0.18816110491752625, 0
u,0.624958872795105, 0.19108529388904572, 0
u,0.624958872795105, 0.4763006865978241, 0
u,0.4815647006034851, 0.3908891975879669, 0
u,0.41274911165237427, 0.39092451333999634, 0
u,0.412746787071228, 0.3482063114643097, 0
u,0.412746787071228, 0.3482063114643097, 0
u,0.41273099184036255, 0.06028030067682266, 0
u,0.5431948900222778, 0.06029929965734482, 0
u,0.5431948900222778, 0.06029929965734482, 0
u,0.5431948900222778, 0.46010640263557434, 0
u,0.4815647006034851, 0.3908891975879669, 0
u,0.5431948900222778, 0.46010640263557434, 0
u,0.481572687625885, 0.46007341146469116, 0
u,0.4815647006034851, 0.3908891975879669, 0
u,0.4815647006034851, 0.3908891975879669, 0
u,0.4815722107887268, 0.4555428922176361, 0
u,0.4129753112792969, 0.45441970229148865, 0
u,0.6262834072113037, 0.19414900243282318, 0
u,0.6470245718955994, 0.19414900243282318, 0
u,0.6470245718955994, 0.5196515917778015, 0
u,0.7568786144256592, 0.19414900243282318, 0
u,0.7568786144256592, 0.5196515917778015, 0
u,0.7353109121322632, 0.5196515917778015, 0
u,0.7353109121322632, 0.19414900243282318, 0
u,0.7353109121322632, 0.5196515917778015, 0
u,0.6470245718955994, 0.5196515917778015, 0
u,0.3095482885837555, 0.07553020119667053, 0
u,0.3590283989906311, 0.07553020119667053, 0
u,0.3095482885837555, 0.10099879652261734, 0
u,0.3590283989906311, 0.07553020119667053, 0
u,0.3576053977012634, 0.38986828923225403, 0
u,0.3095482885837555, 0.21503029763698578, 0
u,0.3095482885837555, 0.10099879652261734, 0
u,0.3590283989906311, 0.07553020119667053, 0
u,0.3095482885837555, 0.21503029763698578, 0
u,0.0, 0.38986828923225403, 0
u,0.0, 0.07553020119667053, 0
u,0.059023600071668625, 0.21503029763698578, 0
u,0.0, 0.07553020119667053, 0
u,0.059023600071668625, 0.07553020119667053, 0
u,0.059023600071668625, 0.10099879652261734, 0
u,0.0, 0.07553020119667053, 0
u,0.059023600071668625, 0.10099879652261734, 0
u,0.059023600071668625, 0.21503029763698578, 0
u,0.059023600071668625, 0.21503029763698578, 0
u,0.3095482885837555, 0.21503029763698578, 0
u,0.3576053977012634, 0.38986828923225403, 0
u,0.3576053977012634, 0.38986828923225403, 0
u,0.4073188006877899, 0.46010640263557434, 0
u,0.0, 0.46010640263557434, 0
u,0.6303331851959229, 0.766518771648407, 0
u,0.5379877090454102, 0.9973403811454773, 0
u,0.6292821168899536, 0.7658128142356873, 0
u,0.0, 0.0052685001865029335, 0
u,0.40874919295310974, 0.0052685001865029335, 0
u,0.3095482885837555, 0.07553020119667053, 0
u,0.40874919295310974, 0.0052685001865029335, 0
u,0.3590283989906311, 0.07553020119667053, 0
u,0.3095482885837555, 0.07553020119667053, 0
u,0.059023600071668625, 0.07553020119667053, 0
u,0.0, 0.07553020119667053, 0
u,0.0, 0.0052685001865029335, 0
u,0.059023600071668625, 0.10099879652261734, 0
u,0.059023600071668625, 0.07553020119667053, 0
u,0.3095482885837555, 0.07553020119667053, 0
u,0.0, 0.48298409581184387, 0
u,0.0, 0.4657404124736786, 0
u,0.04799579828977585, 0.48298409581184387, 0
u,0.0, 0.4657404124736786, 0
u,0.05135900154709816, 0.4657404124736786, 0
u,0.04799579828977585, 0.48298409581184387, 0
u,0.05135900154709816, 0.4657404124736786, 0
u,0.05135900154709816, 1.0, 0
u,0.04799579828977585, 0.48298409581184387, 0
u,0.4074071943759918, 0.4657404124736786, 0
u,0.4074071943759918, 1.0, 0
u,0.11060909926891327, 1.0, 0
u,0.4074071943759918, 1.0, 0
u,0.4074071943759918, 0.4657404124736786, 0
u,0.5328490138053894, 0.4657404124736786, 0
u,0.5379877090454102, 0.6728724241256714, 0
u,0.5512595176696777, 0.6728724241256714, 0
u,0.5512595176696777, 0.7572818994522095, 0
u,0.5512595176696777, 0.7572818994522095, 0
u,0.9491850733757019, 0.7572818994522095, 0
u,0.9491850733757019, 0.7583041191101074, 0
u,0.9491850733757019, 0.7583041191101074, 0
u,0.5381742119789124, 0.7583041191101074, 0
u,0.5512595176696777, 0.7572818994522095, 0
u,0.5381742119789124, 0.7583041191101074, 0
u,0.5379877090454102, 0.7583041191101074, 0
u,0.5379877090454102, 0.6728724241256714, 0
u,0.9368246793746948, 0.6710562705993652, 0
u,0.535934329032898, 0.6710562705993652, 0
u,0.535934329032898, 0.6097378134727478, 0
u,0.535934329032898, 0.5239362120628357, 0
u,0.9368246793746948, 0.5239362120628357, 0
u,0.9368246793746948, 0.6097378134727478, 0
