s,153.240478515625, 64.23046875, -0.22017526626586914
b,158.128173828125, 68.748046875, 7.933246612548828
v,153.334716796875, 67.2236328125, 6.6395978927612305
v,153.334716796875, 67.2236328125, 6.861632347106934
v,156.05224609375, 64.884765625, 6.8618059158325195
v,156.05224609375, 64.884765625, 6.6397705078125
v,156.356689453125, 67.201171875, -0.21994686126708984
v,156.41748046875, 67.2724609375, -0.2199406623840332
v,157.470703125, 66.3671875, -0.21987295150756836
v,157.4169921875, 66.3046875, -0.2198772430419922
v,158.128173828125, 65.6904296875, -0.21983098983764648
v,156.86572265625, 64.23046875, -0.2199416160583496
v,156.126953125, 64.869140625, -0.21998977661132812
v,156.059814453125, 64.7919921875, -0.21999597549438477
v,153.240966796875, 67.216796875, -0.22017526626586914
v,154.558349609375, 68.748046875, -0.22005939483642578
v,155.039306640625, 66.5556640625, 7.068242073059082
v,154.88720703125, 66.3779296875, 7.068228721618652
v,156.028076171875, 65.4033203125, 7.068301200866699
v,156.18017578125, 65.5810546875, 7.068314552307129
v,156.028076171875, 65.4033203125, 6.639775276184082
v,154.887451171875, 66.3779296875, 6.639700889587402
v,155.039306640625, 66.5556640625, 6.639714241027832
v,153.72607421875, 67.6787109375, 6.639632225036621
v,153.33447265625, 67.2236328125, 6.6395978927612305
v,156.05224609375, 64.884765625, 6.6397705078125
v,156.450927734375, 65.349609375, 6.639805793762207
v,156.18017578125, 65.5810546875, 6.639787673950195
v,156.5732421875, 66.0087890625, 6.639822006225586
v,155.85888671875, 66.62109375, 6.639775276184082
v,156.31298828125, 67.150390625, 6.6398162841796875
v,154.56494140625, 68.654296875, 6.639706611633301
v,153.72607421875, 67.6787109375, 6.639632225036621
v,155.039306640625, 66.5556640625, 6.639714241027832
v,156.18017578125, 65.5810546875, 6.639787673950195
v,156.450927734375, 65.349609375, 6.639805793762207
v,156.992431640625, 65.978515625, 6.639852523803711
v,156.73681640625, 66.1982421875, 6.639836311340332
v,153.33447265625, 67.2236328125, 6.861632347106934
v,154.56494140625, 68.654296875, 6.861741065979004
v,156.312744140625, 67.150390625, 6.861850738525391
v,156.3564453125, 67.201171875, 6.861854553222656
v,154.557861328125, 68.748046875, 6.861741065979004
v,153.240478515625, 67.216796875, 6.861625671386719
v,156.05908203125, 64.7919921875, 6.8618059158325195
v,157.04296875, 65.935546875, 6.861891746520996
v,156.992431640625, 65.978515625, 6.861888885498047
v,156.05224609375, 64.884765625, 6.8618059158325195
v,156.169921875, 64.919921875, 5.913725852966309
v,156.858642578125, 64.32421875, 5.91377067565918
v,158.033447265625, 65.68359375, 5.913873672485352
v,157.373291015625, 66.2548828125, 5.913830757141113
v,157.07568359375, 65.908203125, 5.91380500793457
v,157.043212890625, 65.935546875, 5.913802146911621
v,158.127685546875, 65.6904296875, 6.091509819030762
v,157.416748046875, 66.3046875, 6.091463088989258
v,157.373291015625, 66.2548828125, 6.091458320617676
v,158.033447265625, 65.68359375, 6.0915021896362305
v,156.858642578125, 64.32421875, 6.091399192810059
v,156.169921875, 64.919921875, 6.091353416442871
v,156.12646484375, 64.869140625, 6.091350555419922
v,156.865234375, 64.23046875, 6.091398239135742
v,156.416748046875, 67.271484375, 7.933178901672363
v,155.858642578125, 66.62109375, 7.93312931060791
v,156.572998046875, 66.0087890625, 7.933175086975098
v,156.736572265625, 66.1982421875, 7.933189392089844
v,157.075439453125, 65.908203125, 7.933211326599121
v,157.469970703125, 66.3671875, 7.933246612548828
v,156.028076171875, 65.4033203125, 6.639775276184082
v,156.18017578125, 65.5810546875, 6.639787673950195
v,156.18017578125, 65.5810546875, 7.068314552307129
v,156.028076171875, 65.4033203125, 7.068301200866699
v,154.887451171875, 66.3779296875, 6.639700889587402
v,156.028076171875, 65.4033203125, 6.639775276184082
v,156.028076171875, 65.4033203125, 7.068301200866699
v,154.88720703125, 66.3779296875, 7.068228721618652
v,155.039306640625, 66.5556640625, 7.068242073059082
v,155.039306640625, 66.5556640625, 6.639714241027832
v,154.887451171875, 66.3779296875, 6.639700889587402
v,154.88720703125, 66.3779296875, 7.068228721618652
v,155.039306640625, 66.5556640625, 7.068242073059082
v,156.18017578125, 65.5810546875, 7.068314552307129
v,156.18017578125, 65.5810546875, 6.639787673950195
v,155.039306640625, 66.5556640625, 6.639714241027832
v,154.56494140625, 68.654296875, 6.861741065979004
v,153.33447265625, 67.2236328125, 6.861632347106934
v,153.33447265625, 67.2236328125, 6.6395978927612305
v,153.72607421875, 67.6787109375, 6.639632225036621
v,154.56494140625, 68.654296875, 6.639706611633301
v,156.31298828125, 67.150390625, 6.6398162841796875
v,156.312744140625, 67.150390625, 6.861850738525391
v,154.56494140625, 68.654296875, 6.861741065979004
v,154.56494140625, 68.654296875, 6.639706611633301
v,156.992431640625, 65.978515625, 6.639852523803711
v,156.450927734375, 65.349609375, 6.639805793762207
v,156.05224609375, 64.884765625, 6.6397705078125
v,156.05224609375, 64.884765625, 6.8618059158325195
v,156.992431640625, 65.978515625, 6.861888885498047
v,157.04296875, 65.935546875, 6.861891746520996
v,156.05908203125, 64.7919921875, 6.8618059158325195
v,156.059814453125, 64.7919921875, -0.21999597549438477
v,156.126953125, 64.869140625, -0.21998977661132812
v,156.12646484375, 64.869140625, 6.091350555419922
v,156.169921875, 64.919921875, 6.091353416442871
v,156.169921875, 64.919921875, 5.913725852966309
v,157.043212890625, 65.935546875, 5.913802146911621
v,156.059814453125, 64.7919921875, -0.21999597549438477
v,156.05908203125, 64.7919921875, 6.8618059158325195
v,153.240478515625, 67.216796875, 6.861625671386719
v,153.240966796875, 67.216796875, -0.22017526626586914
v,153.240478515625, 67.216796875, 6.861625671386719
v,154.557861328125, 68.748046875, 6.861741065979004
v,154.558349609375, 68.748046875, -0.22005939483642578
v,153.240966796875, 67.216796875, -0.22017526626586914
v,156.3564453125, 67.201171875, 6.861854553222656
v,156.356689453125, 67.201171875, -0.21994686126708984
v,154.558349609375, 68.748046875, -0.22005939483642578
v,154.557861328125, 68.748046875, 6.861741065979004
v,156.858642578125, 64.32421875, 5.91377067565918
v,156.169921875, 64.919921875, 5.913725852966309
v,156.169921875, 64.919921875, 6.091353416442871
v,156.858642578125, 64.32421875, 6.091399192810059
v,157.373291015625, 66.2548828125, 6.091458320617676
v,157.373291015625, 66.2548828125, 5.913830757141113
v,158.033447265625, 65.68359375, 5.913873672485352
v,158.033447265625, 65.68359375, 6.0915021896362305
v,156.858642578125, 64.32421875, 6.091399192810059
v,158.033447265625, 65.68359375, 6.0915021896362305
v,158.033447265625, 65.68359375, 5.913873672485352
v,156.858642578125, 64.32421875, 5.91377067565918
v,157.4169921875, 66.3046875, -0.2198772430419922
v,157.416748046875, 66.3046875, 6.091463088989258
v,158.127685546875, 65.6904296875, 6.091509819030762
v,158.128173828125, 65.6904296875, -0.21983098983764648
v,158.128173828125, 65.6904296875, -0.21983098983764648
v,158.127685546875, 65.6904296875, 6.091509819030762
v,156.865234375, 64.23046875, 6.091398239135742
v,156.86572265625, 64.23046875, -0.2199416160583496
v,156.865234375, 64.23046875, 6.091398239135742
v,156.12646484375, 64.869140625, 6.091350555419922
v,156.126953125, 64.869140625, -0.21998977661132812
v,156.86572265625, 64.23046875, -0.2199416160583496
v,157.373291015625, 66.2548828125, 6.091458320617676
v,157.416748046875, 66.3046875, 6.091463088989258
v,157.4169921875, 66.3046875, -0.2198772430419922
v,157.470703125, 66.3671875, -0.21987295150756836
v,157.469970703125, 66.3671875, 7.933246612548828
v,157.075439453125, 65.908203125, 7.933211326599121
v,157.07568359375, 65.908203125, 5.91380500793457
v,157.373291015625, 66.2548828125, 5.913830757141113
v,156.356689453125, 67.201171875, -0.21994686126708984
v,156.3564453125, 67.201171875, 6.861854553222656
v,156.312744140625, 67.150390625, 6.861850738525391
v,156.31298828125, 67.150390625, 6.6398162841796875
v,155.85888671875, 66.62109375, 6.639775276184082
v,155.858642578125, 66.62109375, 7.93312931060791
v,156.416748046875, 67.271484375, 7.933178901672363
v,156.41748046875, 67.2724609375, -0.2199406623840332
v,156.416748046875, 67.271484375, 7.933178901672363
v,157.469970703125, 66.3671875, 7.933246612548828
v,157.470703125, 66.3671875, -0.21987295150756836
v,156.41748046875, 67.2724609375, -0.2199406623840332
v,157.075439453125, 65.908203125, 7.933211326599121
v,156.736572265625, 66.1982421875, 7.933189392089844
v,156.73681640625, 66.1982421875, 6.639836311340332
v,156.992431640625, 65.978515625, 6.639852523803711
v,156.992431640625, 65.978515625, 6.861888885498047
v,157.04296875, 65.935546875, 6.861891746520996
v,157.043212890625, 65.935546875, 5.913802146911621
v,157.07568359375, 65.908203125, 5.91380500793457
v,156.73681640625, 66.1982421875, 6.639836311340332
v,156.736572265625, 66.1982421875, 7.933189392089844
v,156.572998046875, 66.0087890625, 7.933175086975098
v,156.5732421875, 66.0087890625, 6.639822006225586
v,156.572998046875, 66.0087890625, 7.933175086975098
v,155.858642578125, 66.62109375, 7.93312931060791
v,155.85888671875, 66.62109375, 6.639775276184082
v,156.5732421875, 66.0087890625, 6.639822006225586
i,1,3,0
i,4,7,10
i,14,16,17
i,18,19,23
i,26,27,32
i,41,42,36
i,48,49,50
i,55,56,59
i,63,64,65
i,67,69,66
i,71,73,70
i,75,77,74
i,78,80,81
i,83,84,85
i,87,89,90
i,92,94,95
i,97,100,101
i,105,107,104
i,109,111,108
i,113,115,112
i,116,118,119
i,120,122,123
i,124,126,127
i,129,131,128
i,132,134,135
i,136,138,139
i,140,141,144
i,150,153,154
i,156,158,159
i,160,164,165
i,169,171,168
i,172,174,175
i,1,2,3
i,4,5,7
i,5,6,7
i,7,8,9
i,12,13,4
i,10,11,12
i,7,9,10
i,12,4,10
i,14,15,16
i,19,20,21
i,21,22,19
i,22,23,19
i,23,24,18
i,24,25,18
i,27,28,31
i,28,29,31
i,29,30,31
i,32,33,26
i,33,34,26
i,31,32,27
i,34,35,26
i,37,38,39
i,42,43,45
i,43,44,45
i,37,39,40
i,42,45,36
i,36,37,41
i,37,40,41
i,51,46,50
i,46,47,50
i,47,48,50
i,52,53,55
i,53,54,55
i,57,58,56
i,58,59,56
i,52,55,59
i,65,60,63
i,60,61,63
i,61,62,63
i,67,68,69
i,71,72,73
i,75,76,77
i,78,79,80
i,86,82,85
i,82,83,85
i,87,88,89
i,95,91,92
i,92,93,94
i,103,96,101
i,96,97,101
i,97,98,100
i,98,99,100
i,101,102,103
i,105,106,107
i,109,110,111
i,113,114,115
i,116,117,118
i,120,121,122
i,124,125,126
i,129,130,131
i,132,133,134
i,136,137,138
i,141,142,143
i,144,145,140
i,145,146,140
i,146,147,140
i,141,143,144
i,155,148,149
i,150,151,152
i,154,155,149
i,150,152,153
i,154,149,150
i,156,157,158
i,160,161,164
i,161,162,164
i,162,163,164
i,165,166,167
i,165,167,160
i,169,170,171
i,172,173,174
n,2.9373981952667236, 3.4140713214874268, 0.0
n,0.00033741965307854116, 5.018378942622803e-05, -4.50379753112793
n,-0.00033569755032658577, -5.629678344121203e-05, 4.50379753112793
n,-0.00033581428579054773, -5.2445637265918776e-05, 4.50379753112793
n,-0.0003396733955014497, -5.349059574655257e-05, 4.50379753112793
n,-0.0003220277139917016, -4.080213329871185e-05, 4.50379753112793
n,-0.00033837411319836974, -5.049630271969363e-05, 4.50379753112793
n,-0.0003192290314473212, -6.363208376569673e-05, 4.50379753112793
n,-0.00034083021455444396, -5.594021422439255e-05, 4.50379753112793
n,3.423366069793701, -2.926560401916504, 0.0
n,-2.9263126850128174, -3.4235775470733643, -0.0014806875260546803
n,-3.4233663082122803, 2.926560640335083, 0.0
n,2.9259912967681885, 3.4238524436950684, 0.0
n,3.41471266746521, -2.936652898788452, 0.0
n,-2.937305212020874, -3.414151668548584, 0.0
n,-3.414992570877075, 2.9363248348236084, 0.0034804041497409344
n,3.4112210273742676, -2.9407079219818115, 0.0006289791781455278
n,-2.937256336212158, -3.4141931533813477, -0.00026979914400726557
n,-3.414482831954956, 2.9369194507598877, -0.00020908957230858505
n,2.9374005794525146, 3.414069652557373, 0.0001798749144654721
n,2.946897506713867, 3.4058756828308105, 0.0
n,-2.947758436203003, -3.40513014793396, 0.0
n,-3.4070372581481934, 2.945554494857788, 0.0
n,2.946232318878174, 3.4064512252807617, 0.0002024401183007285
n,3.406574249267578, -2.946089744567871, 0.00023407090338878334
n,-2.9469714164733887, -3.405811309814453, -0.0002024909044848755
n,3.4112210273742676, -2.9407079219818115, 0.0009139860630966723
n,-3.4161550998687744, 2.934973955154419, 0.0016006906516849995
n,2.9346227645874023, 3.4164578914642334, 0.0005975780077278614
n,-2.9334475994110107, -3.417466402053833, -7.12463806848973e-05
n,3.411553144454956, -2.9403228759765625, 0.0005719478940591216
n,-2.933765411376953, -3.417193651199341, -0.000491846352815628
n,2.9373981952667236, 3.4140713214874268, 0.0
n,0.000355697819031775, 7.18150258762762e-05, -4.50379753112793
n,0.0003179232298862189, 3.2769992685643956e-05, -4.50379753112793
n,0.0003382115683052689, 4.985294071957469e-05, -4.50379753112793
n,0.000330840382957831, 5.663209958584048e-05, -4.50379753112793
n,0.00033386508584953845, 5.4590382205788046e-05, -4.50379753112793
n,0.00033760981750674546, 5.001286990591325e-05, -4.50379753112793
n,0.00033081136643886566, 5.0835278671002015e-05, -4.50379753112793
n,-0.00033569755032658577, -5.629678344121203e-05, 4.50379753112793
n,-0.0003325421712361276, -5.9399786550784484e-05, 4.50379753112793
n,-0.00033145566703751683, -5.8429712225915864e-05, 4.50379753112793
n,-0.0003225723921786994, -4.211414488963783e-05, 4.50379753112793
n,-0.00033143721520900726, -5.2242179663153365e-05, 4.50379753112793
n,-0.0003298590600024909, -3.9833157643442973e-05, 4.50379753112793
n,-0.00033004992292262614, -6.28432389930822e-05, 4.50379753112793
n,-0.00033276068279519677, -5.7040371757466346e-05, 4.50379753112793
n,-0.00032998848473653197, -5.641376628773287e-05, 4.50379753112793
n,-0.00034071694244630635, -5.253119525150396e-05, 4.50379753112793
n,-0.00033129705116152763, -5.4278832976706326e-05, 4.50379753112793
n,-0.0003310168976895511, -5.081970812170766e-05, 4.50379753112793
n,-0.0003314032219350338, -5.5788685131119564e-05, 4.50379753112793
n,-0.00031207501888275146, -3.2951549655990675e-05, 4.50379753112793
n,-0.0003640797804109752, -2.696887167985551e-05, 4.50379753112793
n,-0.00034258284722454846, -4.7249835915863514e-05, 4.50379753112793
n,-0.0003035843838006258, -2.248773307655938e-05, 4.50379753112793
n,-0.00030582930776290596, -2.265402326884214e-05, 4.50379753112793
n,-0.0003201731888111681, -6.5896354499273e-05, 4.50379753112793
n,-0.00036256227758713067, -2.685646541067399e-05, 4.50379753112793
n,-0.00037073518615216017, -1.9223949493607506e-05, 4.50379753112793
n,-0.00033698853803798556, -5.016331124352291e-05, 4.50379753112793
n,-0.00033825531136244535, -4.998970325686969e-05, 4.50379753112793
n,-0.00035935285268351436, -7.429663673974574e-05, 4.50379753112793
n,-0.00035669654607772827, -7.166160503402352e-05, 4.50379753112793
n,-0.0003216543118469417, -2.603868233563844e-05, 4.50379753112793
n,-0.00035139117971993983, -6.594001752091572e-05, 4.50379753112793
n,-0.00036271780845709145, -2.865931310225278e-05, 4.50379753112793
n,-0.0003401840222068131, -5.874210546608083e-05, 4.50379753112793
n,-0.00033117554266937077, -5.605667320196517e-05, 4.50379753112793
n,-0.0003243110841140151, -4.181788244750351e-05, 4.50379753112793
n,3.4233663082122803, -2.926560640335083, 0.0
n,-2.9259915351867676, -3.4238524436950684, 0.0
n,-3.4254283905029297, 2.9241461753845215, -0.001733235432766378
n,2.9259912967681885, 3.4238524436950684, 0.0
n,3.415087938308716, -2.9362168312072754, 0.0
n,3.414968490600586, -2.9363555908203125, 0.0010611151810735464
n,-2.937513828277588, -3.413970708847046, -0.002868665847927332
n,-3.4143869876861572, 2.9370312690734863, 0.0
n,-3.4158170223236084, 2.935368061065674, 0.0
n,3.4148666858673096, -2.936473846435547, 0.0007809900562278926
n,3.4145076274871826, -2.9368908405303955, 0.0017375681782141328
n,3.4096806049346924, -2.9424941539764404, 0.00031319327536039054
n,3.412837505340576, -2.9388322830200195, 0.00023450126172974706
n,3.414799213409424, -2.9365522861480713, 0.0
n,-2.9373862743377686, -3.414081573486328, -0.0001798740413505584
n,-3.414483070373535, 2.936919689178467, -0.00020908961596433073
n,2.9374008178710938, 3.414069414138794, 0.00017987494356930256
n,2.946897506713867, 3.4058756828308105, 0.0
n,-2.947758436203003, -3.40513014793396, 0.0
n,-3.4070372581481934, 2.945554494857788, 0.0
n,2.946232318878174, 3.4064512252807617, 0.0002024401183007285
n,3.4065744876861572, -2.946089744567871, 0.00023407091794069856
n,-2.9469714164733887, -3.405811309814453, -0.0002024909044848755
n,3.4186999797821045, -2.9320099353790283, 0.00023490407329518348
n,3.4172613620758057, -2.9336869716644287, 0.00016699697880540043
n,3.417786121368408, -2.933075428009033, 0.0003669799480121583
n,3.417879104614258, -2.9329674243927, 0.0
n,3.420591115951538, -2.9298038482666016, 0.0002729101979639381
n,-3.425428628921509, 2.9241464138031006, -0.00020975983352400362
n,-3.4177563190460205, 2.933107852935791, -0.0033376526553183794
n,-3.4131410121917725, 2.938479423522949, 4.027774048154242e-05
n,-3.4183311462402344, 2.9324402809143066, -0.0005730835255235434
n,-3.4039547443389893, 2.9491159915924072, -0.0011759615736082196
n,2.933002233505249, 3.4178483486175537, 0.00023400815553031862
n,-2.932474374771118, -3.418301820755005, -0.00020197487901896238
n,-2.9331727027893066, -3.4177017211914062, -0.0004917473415844142
n,-2.9334189891815186, -3.4174911975860596, 0.0
n,-2.934807062149048, -3.4162991046905518, -0.0006711989990435541
n,-2.928802728652954, -3.421447992324829, -0.00031447605579160154
n,3.411553144454956, -2.9403226375579834, 0.0005719474866054952
n,-2.933765411376953, -3.4171934127807617, -0.0004918460035696626
u,0.7066947817802429, 0.9726027250289917, 0
u,0.8904383778572083, 0.9979053139686584, 0
u,0.7066947817802429, 0.9979053139686584, 0
u,0.0, 0.0, 0
u,0.0, 0.0, 0
u,0.0, 0.0, 0
u,0.9100422859191895, 0.7244125008583069, 0
u,0.8959105014801025, 0.5186771750450134, 0
u,0.9103152751922607, 0.5187535881996155, 0
u,0.8959105014801025, 0.5186771750450134, 0
u,0.8956400752067566, 0.7243114709854126, 0
u,0.8726881146430969, 0.4699237048625946, 0
u,0.946081817150116, 0.5161092877388, 0
u,0.9460424184799194, 0.6451399922370911, 0
u,0.9103152751922607, 0.5187535881996155, 0
u,0.8686255812644958, 0.9703196287155151, 0
u,0.8685832023620605, 0.46079689264297485, 0
u,0.8727288842201233, 0.9611930251121521, 0
u,0.9895781874656677, 0.3353475034236908, 0
u,0.9897487759590149, 0.45501071214675903, 0
u,0.9615768194198608, 0.45494410395622253, 0
u,0.9895781874656677, 0.3353475034236908, 0
u,0.8788772821426392, 0.3360258936882019, 0
u,0.8747609853744507, 0.3269244134426117, 0
u,0.9615603089332581, 0.5161275267601013, 0
u,0.9615768194198608, 0.45494410395622253, 0
u,0.9989048838615417, 0.4550322890281677, 0
u,0.8453360795974731, 0.3076295852661133, 0
u,0.8234087228775024, 0.2810271084308624, 0
u,0.8453360795974731, 0.2810271084308624, 0
u,0.8453360795974731, 0.6757990717887878, 0
u,0.8234087228775024, 0.5050234794616699, 0
u,0.8453360795974731, 0.5050234794616699, 0
u,0.8453360795974731, 0.4784255921840668, 0
u,0.8234087228775024, 0.5050234794616699, 0
u,0.8234087228775024, 0.4784255921840668, 0
u,0.8234087228775024, 0.4784255921840668, 0
u,0.8453360795974731, 0.3076295852661133, 0
u,0.8453360795974731, 0.4784255921840668, 0
u,0.7066947817802429, 0.9726027250289917, 0
u,0.7066947817802429, 0.9979053139686584, 0
u,0.6759219765663147, 0.9979053139686584, 0
u,0.49178650975227356, 0.9979053139686584, 0
u,0.6099699139595032, 0.9726027250289917, 0
u,0.6099699139595032, 0.9979053139686584, 0
u,0.9217876195907593, 0.9979053139686584, 0
u,0.8904383778572083, 0.9726027250289917, 0
u,0.9643656015396118, 0.9726027250289917, 0
u,0.41349369287490845, 1.0, 0
u,0.41875210404396057, 0.9126697182655334, 0
u,0.42214739322662354, 0.9126697182655334, 0
u,0.41349369287490845, 1.0, 0
u,0.22394229471683502, 0.197291299700737, 0
u,0.41349369287490845, 0.197291299700737, 0
u,0.12094400078058243, 1.0, 0
u,0.22394229471683502, 0.197291299700737, 0
u,0.22394229471683502, 1.0, 0
u,0.0, 0.197291299700737, 0
u,0.12094400078058243, 1.0, 0
u,0.0, 1.0, 0
u,0.8222162127494812, 0.5704535245895386, 0
u,0.8131417036056519, 0.6739075779914856, 0
u,0.8131417036056519, 0.5704535245895386, 0
u,0.8131417036056519, 0.2671233117580414, 0
u,0.8222162127494812, 0.36634188890457153, 0
u,0.8131417036056519, 0.36634188890457153, 0
u,0.8131417036056519, 0.5704535245895386, 0
u,0.8222162127494812, 0.36634188890457153, 0
u,0.8222162127494812, 0.5704535245895386, 0
u,0.8120787143707275, 0.24163469672203064, 0
u,0.49178650975227356, 0.3477418124675751, 0
u,0.49178650975227356, 0.24163469672203064, 0
u,0.49178650975227356, 0.3477418124675751, 0
u,0.8120787143707275, 0.5655339956283569, 0
u,0.49178650975227356, 0.5655339956283569, 0
u,0.8120787143707275, 0.5655339956283569, 0
u,0.49178650975227356, 0.6757990717887878, 0
u,0.49178650975227356, 0.5655339956283569, 0
u,0.5764855146408081, 0.7255488038063049, 0
u,0.5764855146408081, 0.7323607206344604, 0
u,0.49178650975227356, 0.7407457232475281, 0
u,0.5410538911819458, 0.8990417122840881, 0
u,0.49178650975227356, 0.9703196287155151, 0
u,0.49178650975227356, 0.8827025294303894, 0
u,0.49178650975227356, 0.8827025294303894, 0
u,0.8667290806770325, 0.7407457232475281, 0
u,0.8667290806770325, 0.8827025294303894, 0
u,0.10421720147132874, 0.0036281999200582504, 0
u,0.04892880097031593, 0.016179900616407394, 0
u,0.04892880097031593, 0.008535400032997131, 0
u,0.10421720147132874, 0.054875098168849945, 0
u,0.037470098584890366, 0.08370529860258102, 0
u,0.037470098584890366, 0.054875098168849945, 0
u,0.10421720147132874, 0.08370529860258102, 0
u,0.037470098584890366, 0.19178089499473572, 0
u,0.037470098584890366, 0.08370529860258102, 0
u,0.7066947817802429, 0.9726027250289917, 0
u,0.8904383778572083, 0.9726027250289917, 0
u,0.8904383778572083, 0.9979053139686584, 0
u,0.0, 0.0, 0
u,0.0, 0.0, 0
u,0.0, 0.0, 0
u,0.0, 0.0, 0
u,0.0, 0.0, 0
u,0.0, 0.0, 0
u,0.0, 0.0, 0
u,0.0, 0.0, 0
u,0.0, 0.0, 0
u,0.0, 0.0, 0
u,0.0, 0.0, 0
u,0.0, 0.0, 0
u,0.0, 0.0, 0
u,0.0, 0.0, 0
u,0.0, 0.0, 0
u,0.0, 0.0, 0
u,0.0, 0.0, 0
u,0.0, 0.0, 0
u,0.0, 0.0, 0
u,0.0, 0.0, 0
u,0.0, 0.0, 0
u,0.9100422859191895, 0.7244125008583069, 0
u,0.8956400752067566, 0.7243114709854126, 0
u,0.8959105014801025, 0.5186771750450134, 0
u,0.8956400752067566, 0.7243114709854126, 0
u,0.9100422859191895, 0.7244125008583069, 0
u,0.9097279906272888, 0.9611930251121521, 0
u,0.9097279906272888, 0.9611930251121521, 0
u,0.8727288842201233, 0.9611930251121521, 0
u,0.8956400752067566, 0.7243114709854126, 0
u,0.8727288842201233, 0.9611930251121521, 0
u,0.8726881146430969, 0.4699237048625946, 0
u,0.8956400752067566, 0.7243114709854126, 0
u,0.8726881146430969, 0.4699237048625946, 0
u,0.9103801846504211, 0.46992620825767517, 0
u,0.8959105014801025, 0.5186771750450134, 0
u,0.9103801846504211, 0.46992620825767517, 0
u,0.9103152751922607, 0.5187535881996155, 0
u,0.8959105014801025, 0.5186771750450134, 0
u,0.9460424184799194, 0.6451399922370911, 0
u,0.9889873266220093, 0.6452100276947021, 0
u,0.9100422859191895, 0.7244125008583069, 0
u,0.9889873266220093, 0.6452100276947021, 0
u,0.9890239834785461, 0.9611930251121521, 0
u,0.9100422859191895, 0.7244125008583069, 0
u,0.9890239834785461, 0.9611930251121521, 0
u,0.9097279906272888, 0.9611930251121521, 0
u,0.9100422859191895, 0.7244125008583069, 0
u,0.9103152751922607, 0.5187535881996155, 0
u,0.9103801846504211, 0.46992620825767517, 0
u,0.946081817150116, 0.5161092877388, 0
u,0.9103801846504211, 0.46992620825767517, 0
u,0.9615728259086609, 0.4699294865131378, 0
u,0.946081817150116, 0.5161092877388, 0
u,0.9100422859191895, 0.7244125008583069, 0
u,0.9103152751922607, 0.5187535881996155, 0
u,0.9460424184799194, 0.6451399922370911, 0
u,0.9615728259086609, 0.4699294865131378, 0
u,0.9615603089332581, 0.5161275267601013, 0
u,0.946081817150116, 0.5161092877388, 0
u,0.9890239834785461, 0.9611930251121521, 0
u,0.9889873266220093, 0.6452100276947021, 0
u,0.9930914044380188, 0.645216703414917, 0
u,0.8685832023620605, 0.46079689264297485, 0
u,0.9615753293037415, 0.46080291271209717, 0
u,0.8726881146430969, 0.4699237048625946, 0
u,0.9615753293037415, 0.46080291271209717, 0
u,0.9615728259086609, 0.4699294865131378, 0
u,0.8726881146430969, 0.4699237048625946, 0
u,0.9890239834785461, 0.9611930251121521, 0
u,0.9930914044380188, 0.645216703414917, 0
u,0.993129312992096, 0.9703196287155151, 0
u,0.8685832023620605, 0.46079689264297485, 0
u,0.8726881146430969, 0.4699237048625946, 0
u,0.8727288842201233, 0.9611930251121521, 0
u,0.8727288842201233, 0.9611930251121521, 0
u,0.9890239834785461, 0.9611930251121521, 0
u,0.8686255812644958, 0.9703196287155151, 0
u,0.9890239834785461, 0.9611930251121521, 0
u,0.993129312992096, 0.9703196287155151, 0
u,0.8686255812644958, 0.9703196287155151, 0
u,0.9615753293037415, 0.46080291271209717, 0
u,0.8790435791015625, 0.46079760789871216, 0
u,0.9615768194198608, 0.45494410395622253, 0
u,0.8790435791015625, 0.46079760789871216, 0
u,0.8788772821426392, 0.3360258936882019, 0
u,0.9615768194198608, 0.45494410395622253, 0
u,0.8788772821426392, 0.3360258936882019, 0
u,0.9895781874656677, 0.3353475034236908, 0
u,0.9615768194198608, 0.45494410395622253, 0
u,0.9936692714691162, 0.3261958062648773, 0
u,0.993852972984314, 0.45502039790153503, 0
u,0.9895781874656677, 0.3353475034236908, 0
u,0.993852972984314, 0.45502039790153503, 0
u,0.9897487759590149, 0.45501071214675903, 0
u,0.9895781874656677, 0.3353475034236908, 0
u,0.8790435791015625, 0.46079760789871216, 0
u,0.874939501285553, 0.4607973098754883, 0
u,0.8788772821426392, 0.3360258936882019, 0
u,0.874939501285553, 0.4607973098754883, 0
u,0.8747609853744507, 0.3269244134426117, 0
u,0.8788772821426392, 0.3360258936882019, 0
u,0.9936692714691162, 0.3261958062648773, 0
u,0.9895781874656677, 0.3353475034236908, 0
u,0.8747609853744507, 0.3269244134426117, 0
u,0.9989048838615417, 0.4550322890281677, 0
u,0.9988315105438232, 0.6452261209487915, 0
u,0.9615603089332581, 0.5161275267601013, 0
u,0.9988315105438232, 0.6452261209487915, 0
u,0.9460424184799194, 0.6451399922370911, 0
u,0.9615603089332581, 0.5161275267601013, 0
u,0.9460424184799194, 0.6451399922370911, 0
u,0.946081817150116, 0.5161092877388, 0
u,0.9615603089332581, 0.5161275267601013, 0
u,0.8453360795974731, 0.3076295852661133, 0
u,0.8234087228775024, 0.3076295852661133, 0
u,0.8234087228775024, 0.2810271084308624, 0
u,0.8453360795974731, 0.6757990717887878, 0
u,0.8234087228775024, 0.6757990717887878, 0
u,0.8234087228775024, 0.5050234794616699, 0
u,0.8453360795974731, 0.4784255921840668, 0
u,0.8453360795974731, 0.5050234794616699, 0
u,0.8234087228775024, 0.5050234794616699, 0
u,0.8234087228775024, 0.4784255921840668, 0
u,0.8234087228775024, 0.3076295852661133, 0
u,0.8453360795974731, 0.3076295852661133, 0
u,0.6099699139595032, 0.9979053139686584, 0
u,0.6099699139595032, 0.9726027250289917, 0
u,0.6759219765663147, 0.9979053139686584, 0
u,0.6099699139595032, 0.9726027250289917, 0
u,0.7066947817802429, 0.9726027250289917, 0
u,0.6759219765663147, 0.9979053139686584, 0
u,0.49178650975227356, 0.9979053139686584, 0
u,0.49178650975227356, 0.9726027250289917, 0
u,0.6099699139595032, 0.9726027250289917, 0
u,0.9643656015396118, 0.9726027250289917, 0
u,0.9643656015396118, 0.9979053139686584, 0
u,0.9217876195907593, 0.9979053139686584, 0
u,0.9217876195907593, 0.9979053139686584, 0
u,0.8904383778572083, 0.9979053139686584, 0
u,0.8904383778572083, 0.9726027250289917, 0
u,0.49042341113090515, 0.892535924911499, 0
u,0.49042341113090515, 1.0, 0
u,0.42214739322662354, 0.9126697182655334, 0
u,0.49042341113090515, 1.0, 0
u,0.41349369287490845, 1.0, 0
u,0.42214739322662354, 0.9126697182655334, 0
u,0.41349369287490845, 1.0, 0
u,0.41349369287490845, 0.197291299700737, 0
u,0.41875210404396057, 0.9126697182655334, 0
u,0.41349369287490845, 0.197291299700737, 0
u,0.41875210404396057, 0.197291299700737, 0
u,0.41875210404396057, 0.9126697182655334, 0
u,0.42214739322662354, 0.9126697182655334, 0
u,0.42214739322662354, 0.892535924911499, 0
u,0.49042341113090515, 0.892535924911499, 0
u,0.41349369287490845, 1.0, 0
u,0.22394229471683502, 1.0, 0
u,0.22394229471683502, 0.197291299700737, 0
u,0.12094400078058243, 1.0, 0
u,0.12094400078058243, 0.197291299700737, 0
u,0.22394229471683502, 0.197291299700737, 0
u,0.0, 0.197291299700737, 0
u,0.12094400078058243, 0.197291299700737, 0
u,0.12094400078058243, 1.0, 0
u,0.8222162127494812, 0.5704535245895386, 0
u,0.8222162127494812, 0.6739075779914856, 0
u,0.8131417036056519, 0.6739075779914856, 0
u,0.8131417036056519, 0.2671233117580414, 0
u,0.8222162127494812, 0.2671233117580414, 0
u,0.8222162127494812, 0.36634188890457153, 0
u,0.8131417036056519, 0.5704535245895386, 0
u,0.8131417036056519, 0.36634188890457153, 0
u,0.8222162127494812, 0.36634188890457153, 0
u,0.8120787143707275, 0.24163469672203064, 0
u,0.8120787143707275, 0.3477418124675751, 0
u,0.49178650975227356, 0.3477418124675751, 0
u,0.49178650975227356, 0.3477418124675751, 0
u,0.8120787143707275, 0.3477418124675751, 0
u,0.8120787143707275, 0.5655339956283569, 0
u,0.8120787143707275, 0.5655339956283569, 0
u,0.8120787143707275, 0.6757990717887878, 0
u,0.49178650975227356, 0.6757990717887878, 0
u,0.5764855146408081, 0.7323607206344604, 0
u,0.8667290806770325, 0.7323607206344604, 0
u,0.8667290806770325, 0.7407457232475281, 0
u,0.49178650975227356, 0.7407457232475281, 0
u,0.49178650975227356, 0.6787902116775513, 0
u,0.5764855146408081, 0.7255488038063049, 0
u,0.49178650975227356, 0.6787902116775513, 0
u,0.5846542119979858, 0.6787902116775513, 0
u,0.5764855146408081, 0.7255488038063049, 0
u,0.5846542119979858, 0.6787902116775513, 0
u,0.5846542119979858, 0.7255488038063049, 0
u,0.5764855146408081, 0.7255488038063049, 0
u,0.5764855146408081, 0.7323607206344604, 0
u,0.8667290806770325, 0.7407457232475281, 0
u,0.49178650975227356, 0.7407457232475281, 0
u,0.8667290806770325, 0.8827025294303894, 0
u,0.8667290806770325, 0.8922296762466431, 0
u,0.5410538911819458, 0.8922296762466431, 0
u,0.5410538911819458, 0.8990417122840881, 0
u,0.5512647032737732, 0.8990417122840881, 0
u,0.5512647032737732, 0.9703196287155151, 0
u,0.49178650975227356, 0.8827025294303894, 0
u,0.8667290806770325, 0.8827025294303894, 0
u,0.5410538911819458, 0.8922296762466431, 0
u,0.5410538911819458, 0.8990417122840881, 0
u,0.5512647032737732, 0.9703196287155151, 0
u,0.49178650975227356, 0.9703196287155151, 0
u,0.49178650975227356, 0.8827025294303894, 0
u,0.5410538911819458, 0.8922296762466431, 0
u,0.5410538911819458, 0.8990417122840881, 0
u,0.49178650975227356, 0.8827025294303894, 0
u,0.49178650975227356, 0.7407457232475281, 0
u,0.8667290806770325, 0.7407457232475281, 0
u,0.10421720147132874, 0.0036281999200582504, 0
u,0.10421720147132874, 0.054875098168849945, 0
u,0.04892880097031593, 0.016179900616407394, 0
u,0.10421720147132874, 0.054875098168849945, 0
u,0.037470098584890366, 0.054875098168849945, 0
u,0.04892880097031593, 0.016179900616407394, 0
u,0.037470098584890366, 0.054875098168849945, 0
u,0.037470098584890366, 0.016179900616407394, 0
u,0.04892880097031593, 0.016179900616407394, 0
u,0.04892880097031593, 0.008535400032997131, 0
u,0.0, 0.008535400032997131, 0
u,0.0, 0.0036281999200582504, 0
u,0.04892880097031593, 0.008535400032997131, 0
u,0.0, 0.0036281999200582504, 0
u,0.10421720147132874, 0.0036281999200582504, 0
u,0.10421720147132874, 0.054875098168849945, 0
u,0.10421720147132874, 0.08370529860258102, 0
u,0.037470098584890366, 0.08370529860258102, 0
u,0.10421720147132874, 0.08370529860258102, 0
u,0.10421720147132874, 0.19178089499473572, 0
u,0.037470098584890366, 0.19178089499473572, 0
