s,186.154296875, 80.9365234375, -0.5521812438964844
b,188.71875, 83.712890625, 1.8258123397827148
v,187.280029296875, 83.712890625, 1.8257179260253906
v,188.71826171875, 81.7705078125, 1.8258123397827148
v,188.71875, 81.7705078125, -0.5519590377807617
v,187.2802734375, 83.712890625, -0.5520529747009277
v,187.623046875, 80.9365234375, -0.5520839691162109
v,186.154541015625, 82.8583984375, -0.5521812438964844
v,187.280029296875, 83.712890625, -0.5520529747009277
v,188.718505859375, 81.7705078125, -0.5519590377807617
v,187.280029296875, 83.712890625, 1.8257179260253906
v,186.154296875, 82.8583984375, 1.8255891799926758
v,187.623046875, 80.9365234375, 1.8256874084472656
v,188.71826171875, 81.7705078125, 1.8258123397827148
v,188.71826171875, 81.7705078125, 1.8258123397827148
v,187.623046875, 80.9365234375, 1.8256874084472656
v,187.623046875, 80.9365234375, -0.5520839691162109
v,188.718505859375, 81.7705078125, -0.5519590377807617
v,187.623046875, 80.9365234375, 1.8256874084472656
v,186.154296875, 82.8583984375, 1.8255891799926758
v,186.154541015625, 82.8583984375, -0.5521812438964844
v,187.623046875, 80.9365234375, -0.5520839691162109
v,186.154296875, 82.8583984375, 1.8255891799926758
v,187.280029296875, 83.712890625, 1.8257179260253906
v,187.280029296875, 83.712890625, -0.5520529747009277
v,186.154541015625, 82.8583984375, -0.5521812438964844
i,1,3,0
i,5,7,4
i,9,11,8
i,13,15,12
i,16,18,19
i,20,22,23
i,1,2,3
i,5,6,7
i,9,10,11
i,13,14,15
i,16,17,18
i,20,21,22
n,3.6198389530181885, 2.6797311305999756, 0.0003300960815977305
n,0.0004346297064330429, 0.00010385339555796236, -4.50379753112793
n,-0.00043573739822022617, -0.0001046236211550422, 4.50379753112793
n,2.7275288105010986, -3.5839617252349854, 0.0004974512266926467
n,-3.578669309616089, -2.734468698501587, -0.0003263417456764728
n,-2.722911834716797, 3.587470293045044, -0.0002483045682311058
n,3.619645833969116, 2.6799919605255127, 0.0006601569475606084
n,0.00043462886242195964, 0.00010385148925706744, -4.50379753112793
n,-0.0004345380002632737, -0.00010179857054026797, 4.50379753112793
n,2.727186679840088, -3.584221601486206, 0.0002486943849362433
n,-3.578669548034668, -2.734468460083008, -0.0003263418620917946
n,-2.7229115962982178, 3.587470769882202, -0.0002483045682311058
u,0.8174415230751038, 0.4078277051448822, 0
u,0.5012322068214417, 1.0, 0
u,0.5012322068214417, 0.4078277051448822, 0
u,0.0, 0.0, 0
u,0.0, 0.0, 0
u,0.0, 0.0, 0
u,0.353251188993454, 0.39234450459480286, 0
u,0.002696000039577484, 0.010276099666953087, 0
u,0.353251188993454, 0.0020047000143676996, 0
u,0.9974743127822876, 0.4078277051448822, 0
u,0.8174415230751038, 1.0, 0
u,0.8174415230751038, 0.4078277051448822, 0
u,0.0, 0.4078277051448822, 0
u,0.3163518011569977, 1.0, 0
u,0.0, 1.0, 0
u,0.3163518011569977, 0.4078277051448822, 0
u,0.5012322068214417, 1.0, 0
u,0.3163518011569977, 1.0, 0
u,0.8174415230751038, 0.4078277051448822, 0
u,0.8174415230751038, 1.0, 0
u,0.5012322068214417, 1.0, 0
u,0.0, 0.0, 0
u,0.0, 0.0, 0
u,0.0, 0.0, 0
u,0.353251188993454, 0.39234450459480286, 0
u,0.002512600040063262, 0.3903808891773224, 0
u,0.002696000039577484, 0.010276099666953087, 0
u,0.9974743127822876, 0.4078277051448822, 0
u,0.9974743127822876, 1.0, 0
u,0.8174415230751038, 1.0, 0
u,0.0, 0.4078277051448822, 0
u,0.3163518011569977, 0.4078277051448822, 0
u,0.3163518011569977, 1.0, 0
u,0.3163518011569977, 0.4078277051448822, 0
u,0.5012322068214417, 0.4078277051448822, 0
u,0.5012322068214417, 1.0, 0
