s,201.12548828125, 54.6962890625, -0.7224569320678711
b,203.742919921875, 57.25, 2.615227699279785
v,203.742919921875, 56.109375, 1.4118022918701172
v,202.384765625, 55.158203125, 2.6150808334350586
v,201.788818359375, 54.6962890625, 1.4115867614746094
v,202.9130859375, 57.25, -0.7222585678100586
v,203.742919921875, 56.109375, -0.7221746444702148
v,201.788818359375, 54.6962890625, -0.7223901748657227
v,201.125732421875, 55.607421875, -0.7224569320678711
v,201.220458984375, 56.025390625, -0.722445011138916
v,201.22021484375, 56.025390625, 1.4115314483642578
v,203.352294921875, 56.60546875, 2.6151905059814453
v,202.9130859375, 57.25, 1.4117183685302734
v,202.0263671875, 55.6474609375, 2.615044593811035
v,203.352294921875, 56.60546875, 2.6151905059814453
v,201.22021484375, 56.025390625, 1.4115314483642578
v,201.78857421875, 54.6962890625, 1.4115867614746094
v,202.0263671875, 55.6474609375, 2.615044593811035
v,201.12548828125, 55.607421875, 1.4115190505981445
v,202.384521484375, 55.158203125, 2.6150808334350586
v,202.0263671875, 55.6474609375, 2.615044593811035
v,201.78857421875, 54.6962890625, 1.4115867614746094
v,202.0263671875, 55.6474609375, 2.615044593811035
v,201.22021484375, 56.025390625, 1.4115314483642578
v,201.12548828125, 55.607421875, 1.4115190505981445
v,202.0263671875, 55.6474609375, 2.615044593811035
v,202.384521484375, 55.158203125, 2.6150808334350586
v,203.711181640625, 56.1162109375, 2.615227699279785
v,203.352294921875, 56.60546875, 2.6151905059814453
v,201.22021484375, 56.025390625, 1.4115314483642578
v,202.9130859375, 57.25, 1.4117183685302734
v,202.9130859375, 57.25, -0.7222585678100586
v,201.220458984375, 56.025390625, -0.722445011138916
v,202.9130859375, 57.25, 1.4117183685302734
v,203.74267578125, 56.109375, 1.4118022918701172
v,203.742919921875, 56.109375, -0.7221746444702148
v,202.9130859375, 57.25, -0.7222585678100586
v,203.74267578125, 56.109375, 1.4118022918701172
v,201.78857421875, 54.6962890625, 1.4115867614746094
v,201.788818359375, 54.6962890625, -0.7223901748657227
v,203.742919921875, 56.109375, -0.7221746444702148
v,201.78857421875, 54.6962890625, 1.4115867614746094
v,201.12548828125, 55.607421875, 1.4115190505981445
v,201.125732421875, 55.607421875, -0.7224569320678711
v,201.788818359375, 54.6962890625, -0.7223901748657227
v,201.12548828125, 55.607421875, 1.4115190505981445
v,201.22021484375, 56.025390625, 1.4115314483642578
v,201.220458984375, 56.025390625, -0.722445011138916
v,201.125732421875, 55.607421875, -0.7224569320678711
v,203.352294921875, 56.60546875, 2.6151905059814453
v,203.74267578125, 56.109375, 1.4118022918701172
v,202.9130859375, 57.25, 1.4117183685302734
v,203.711181640625, 56.1162109375, 2.615227699279785
v,203.74267578125, 56.109375, 1.4118022918701172
v,203.352294921875, 56.60546875, 2.6151905059814453
v,203.711181640625, 56.1162109375, 2.615227699279785
v,202.384521484375, 55.158203125, 2.6150808334350586
v,203.74267578125, 56.109375, 1.4118022918701172
i,0,1,2
i,5,6,7
i,8,9,10
i,11,12,13
i,14,15,16
i,17,18,19
i,20,21,22
i,24,26,23
i,28,30,27
i,31,33,34
i,35,37,38
i,40,42,39
i,43,45,46
i,47,48,49
i,50,51,52
i,53,54,55
i,7,3,4
i,4,5,7
i,24,25,26
i,28,29,30
i,31,32,33
i,35,36,37
i,40,41,42
i,43,44,45
n,2.638127565383911, -3.649099826812744, 0.09243910759687424
n,0.000480400602100417, 1.8862217984860763e-05, -4.50379753112793
n,-2.2157979011535645, 3.0624325275421143, 2.4486608505249023
n,-2.2152392864227295, 3.0643744468688965, 2.446735382080078
n,-3.0880370140075684, -2.2482075691223145, 2.386164903640747
n,-3.0799386501312256, -2.255167007446289, 2.390061616897583
n,-3.5599610805511475, 0.8068251013755798, 2.638162612915039
n,-0.00048395045450888574, -1.9055380107602105e-05, 4.50379753112793
n,-2.6398823261260986, 3.6490015983581543, -0.0002682354243006557
n,3.6418745517730713, 2.6497058868408203, 0.0003700466186273843
n,2.6386899948120117, -3.6498639583587646, 0.0002681142068468034
n,-3.640958786010742, -2.6509647369384766, -0.00036995348636992276
n,-4.3923821449279785, 0.9955761432647705, -0.0004463048535399139
n,3.641153335571289, 2.6491878032684326, 0.08943866938352585
n,3.6308460235595703, 2.6635921001434326, 0.08015559613704681
n,2.6369595527648926, -3.6499948501586914, 0.09041265398263931
n,0.0004824843199457973, 1.991721183003392e-05, -4.50379753112793
n,0.0004824897332582623, 1.9755740140681155e-05, -4.50379753112793
n,-0.00048349148710258305, -1.9362221792107448e-05, 4.50379753112793
n,-2.6398823261260986, 3.6490015983581543, -0.0002682353660929948
n,3.6418745517730713, 2.6497061252593994, 0.00037004664773121476
n,2.638690233230591, -3.6498639583587646, 0.00026811417774297297
n,-3.640958786010742, -2.6509647369384766, -0.00036995363188907504
n,-4.3923821449279785, 0.9955763220787048, -0.00044630488264374435
u,0.909638524055481, 0.5782285928726196, 0
u,0.9961320757865906, 0.8649023175239563, 0
u,0.909638524055481, 0.9951691031455994, 0
u,0.0, 0.0, 0
u,0.0, 0.0, 0
u,0.0, 0.0, 0
u,0.038193199783563614, 0.4137440025806427, 0
u,0.28335899114608765, 0.004831000231206417, 0
u,0.2858654856681824, 0.41375210881233215, 0
u,0.08933909982442856, 0.004831000231206417, 0
u,0.28335899114608765, 0.004831000231206417, 0
u,0.038193199783563614, 0.4137440025806427, 0
u,0.422485888004303, 0.01110989972949028, 0
u,0.34814679622650146, 0.41519150137901306, 0
u,0.28915658593177795, 0.01110989972949028, 0
u,0.41989409923553467, 0.41545888781547546, 0
u,0.34814679622650146, 0.41519150137901306, 0
u,0.422485888004303, 0.01110989972949028, 0
u,0.08933909982442856, 0.004831000231206417, 0
u,0.038193199783563614, 0.4137440025806427, 0
u,0.0, 0.3697674870491028, 0
u,0.8374072909355164, 0.9940738081932068, 0
u,0.907954216003418, 0.5369011759757996, 0
u,0.907954216003418, 0.9951691031455994, 0
u,0.1573117971420288, 1.0, 0
u,0.3903523087501526, 0.427333801984787, 0
u,0.3903523087501526, 1.0, 0
u,0.1573117971420288, 1.0, 0
u,0.0, 0.427333801984787, 0
u,0.1573117971420288, 0.427333801984787, 0
u,0.8329036831855774, 1.0, 0
u,0.5638772249221802, 0.427333801984787, 0
u,0.8329036831855774, 0.427333801984787, 0
u,0.4382322132587433, 1.0, 0
u,0.5638772249221802, 0.427333801984787, 0
u,0.5638772249221802, 1.0, 0
u,0.4382322132587433, 1.0, 0
u,0.3903523087501526, 0.427333801984787, 0
u,0.4382322132587433, 0.427333801984787, 0
u,0.5303632020950317, 0.2837989032268524, 0
u,0.4257028102874756, 0.4157879948616028, 0
u,0.4257028102874756, 0.12077300250530243, 0
u,0.5303599238395691, 0.41070130467414856, 0
u,0.4257028102874756, 0.4157879948616028, 0
u,0.5303632020950317, 0.2837989032268524, 0
u,0.9961315989494324, 0.5819470882415771, 0
u,0.9961320757865906, 0.8649023175239563, 0
u,0.909638524055481, 0.5782285928726196, 0
u,0.0, 0.0, 0
u,0.0, 0.0, 0
u,0.0, 0.0, 0
u,0.0, 0.0, 0
u,0.0, 0.0, 0
u,0.0, 0.0, 0
u,0.8374072909355164, 0.9940738081932068, 0
u,0.8373494148254395, 0.5357654094696045, 0
u,0.907954216003418, 0.5369011759757996, 0
u,0.1573117971420288, 1.0, 0
u,0.1573117971420288, 0.427333801984787, 0
u,0.3903523087501526, 0.427333801984787, 0
u,0.1573117971420288, 1.0, 0
u,0.0, 1.0, 0
u,0.0, 0.427333801984787, 0
u,0.8329036831855774, 1.0, 0
u,0.5638772249221802, 1.0, 0
u,0.5638772249221802, 0.427333801984787, 0
u,0.4382322132587433, 1.0, 0
u,0.4382322132587433, 0.427333801984787, 0
u,0.5638772249221802, 0.427333801984787, 0
u,0.4382322132587433, 1.0, 0
u,0.3903523087501526, 1.0, 0
u,0.3903523087501526, 0.427333801984787, 0
