s,205.060302734375, 99.654296875, -0.2665891647338867
b,207.107421875, 102.4208984375, 4.418331146240234
v,206.2236328125, 102.419921875, 4.418280601501465
v,207.10693359375, 101.1396484375, 4.418331146240234
v,207.107421875, 101.1396484375, -0.26638269424438477
v,206.223876953125, 102.4208984375, -0.2664322853088379
v,206.641845703125, 100.818359375, -0.2664451599121094
v,206.99560546875, 100.330078125, -0.26642417907714844
v,206.064208984375, 99.654296875, -0.26655006408691406
v,205.628173828125, 100.2568359375, -0.26657629013061523
v,205.876220703125, 100.435546875, -0.2665433883666992
v,205.060791015625, 101.619140625, -0.2665891647338867
v,206.223876953125, 102.4208984375, -0.2664322853088379
v,207.107177734375, 101.1396484375, -0.26638269424438477
v,206.6416015625, 100.818359375, 0.5271077156066895
v,205.9443359375, 100.337890625, 0.5270137786865234
v,205.876220703125, 100.435546875, 0.5270094871520996
v,205.6279296875, 100.2568359375, 0.5269756317138672
v,206.064208984375, 99.654296875, 0.5270028114318848
v,206.995361328125, 100.330078125, 0.5271286964416504
v,206.223388671875, 102.419921875, 4.418280601501465
v,205.060302734375, 101.619140625, 4.418124198913574
v,205.94384765625, 100.3369140625, 4.418173789978027
v,207.106689453125, 101.1396484375, 4.418331146240234
v,206.641845703125, 100.818359375, -0.2664451599121094
v,206.6416015625, 100.818359375, 0.5271077156066895
v,206.995361328125, 100.330078125, 0.5271286964416504
v,206.99560546875, 100.330078125, -0.26642417907714844
v,206.995361328125, 100.330078125, 0.5271286964416504
v,206.064208984375, 99.654296875, 0.5270028114318848
v,206.064208984375, 99.654296875, -0.26655006408691406
v,206.99560546875, 100.330078125, -0.26642417907714844
v,206.064208984375, 99.654296875, 0.5270028114318848
v,205.6279296875, 100.2568359375, 0.5269756317138672
v,205.628173828125, 100.2568359375, -0.26657629013061523
v,206.064208984375, 99.654296875, -0.26655006408691406
v,205.876220703125, 100.435546875, 0.5270094871520996
v,205.876220703125, 100.435546875, -0.2665433883666992
v,205.628173828125, 100.2568359375, -0.26657629013061523
v,205.6279296875, 100.2568359375, 0.5269756317138672
v,205.9443359375, 100.337890625, 0.5270137786865234
v,206.6416015625, 100.818359375, 0.5271077156066895
v,206.641845703125, 100.818359375, -0.2664451599121094
v,207.107177734375, 101.1396484375, -0.26638269424438477
v,207.106689453125, 101.1396484375, 4.418331146240234
v,205.94384765625, 100.3369140625, 4.418173789978027
v,205.94384765625, 100.3369140625, 4.418173789978027
v,205.060302734375, 101.619140625, 4.418124198913574
v,205.060791015625, 101.619140625, -0.2665891647338867
v,205.876220703125, 100.435546875, -0.2665433883666992
v,205.876220703125, 100.435546875, 0.5270094871520996
v,205.9443359375, 100.337890625, 0.5270137786865234
v,205.060302734375, 101.619140625, 4.418124198913574
v,206.223388671875, 102.419921875, 4.418280601501465
v,206.223876953125, 102.4208984375, -0.2664322853088379
v,205.060791015625, 101.619140625, -0.2665891647338867
i,0,2,3
i,10,11,4
i,16,17,13
i,19,21,18
i,22,24,25
i,26,28,29
i,31,33,30
i,34,36,37
i,42,43,39
i,46,47,48
i,51,53,50
i,0,1,2
i,4,5,8
i,5,6,8
i,6,7,8
i,8,9,4
i,9,10,4
i,17,12,13
i,13,14,15
i,15,16,13
i,19,20,21
i,22,23,24
i,26,27,28
i,31,32,33
i,34,35,36
i,43,38,39
i,39,40,41
i,41,42,39
i,49,44,48
i,44,45,48
i,45,46,48
i,51,52,53
n,3.708533763885498, 2.5555763244628906, 0.0008164344471879303
n,0.0004932995652779937, 0.0001643636351218447, -4.50379753112793
n,-0.0004947151755914092, -0.0001593546912772581, 4.50379753112793
n,-0.000494783918838948, -0.00016252067871391773, 4.50379753112793
n,3.646859645843506, 2.6428399085998535, 0.0009964704513549805
n,2.644361734390259, -3.645756959915161, 0.0007225472363643348
n,-3.646695852279663, -2.64306640625, 0.0
n,-2.63914155960083, 3.6495373249053955, -0.0007211215561255813
n,2.557600498199463, -3.7071378231048584, 2.850392775144428e-05
n,-3.7081425189971924, -2.5561442375183105, 0.0
n,-2.5554027557373047, 3.708652973175049, -0.00023655251425225288
n,3.7077250480651855, 2.556748867034912, 0.00034322243300266564
n,0.0004959710058756173, 0.00016412109835073352, -4.50379753112793
n,0.0004954143660143018, 0.00015823193825781345, -4.50379753112793
n,0.0004867449461016804, 0.00015614638687111437, -4.50379753112793
n,0.0004946168046444654, 0.00016683175635989755, -4.50379753112793
n,0.0004933774471282959, 0.0001643839495955035, -4.50379753112793
n,-0.0004947439883835614, -0.0001632318744668737, 4.50379753112793
n,-0.0005027645966038108, -0.00015465327305719256, 4.50379753112793
n,-0.0005012571928091347, -0.00016050244448706508, 4.50379753112793
n,-0.0004956084303557873, -0.00016603850235696882, 4.50379753112793
n,3.646860122680664, 2.6428401470184326, 0.0009964704513549805
n,2.6447651386260986, -3.6454641819000244, 0.0
n,-3.647320032119751, -2.642204999923706, -0.00099659722764045
n,-2.640655755996704, 3.648442268371582, 0.0
n,2.5554447174072266, -3.7086236476898193, -0.0005418379441834986
n,2.5569543838500977, -3.7075839042663574, 0.0006986639345996082
n,2.5564205646514893, -3.707951784133911, 0.00023664667969569564
n,-3.6988580226898193, -2.5695607662200928, -0.0009849746711552143
n,-3.7082409858703613, -2.5560014247894287, -0.0004773083492182195
n,-3.7080347537994385, -2.556300163269043, -0.000343251129379496
n,-2.5572774410247803, 3.7073609828948975, 0.0004496515030041337
u,0.2904745042324066, 0.008580800145864487, 0
u,0.4427250027656555, 1.0, 0
u,0.2904745042324066, 1.0, 0
u,0.0, 0.0, 0
u,0.0, 0.0, 0
u,0.0, 0.0, 0
u,0.851111114025116, 0.7836539149284363, 0
u,0.9978911876678467, 0.7838125228881836, 0
u,0.8898658752441406, 0.9556872248649597, 0
u,0.6644443869590759, 0.9879065752029419, 0
u,0.846953809261322, 0.5529024004936218, 0
u,0.8469694256782532, 0.9878935813903809, 0
u,0.6597148180007935, 1.0, 0
u,0.584444522857666, 0.8762621283531189, 0
u,0.6597148180007935, 0.8762621283531189, 0
u,0.584444522857666, 0.8762621283531189, 0
u,0.6597148180007935, 0.6400725245475769, 0
u,0.6597148180007935, 0.8762621283531189, 0
u,0.584444522857666, 0.4875594973564148, 0
u,0.6597148180007935, 0.6400725245475769, 0
u,0.584444522857666, 0.6400725245475769, 0
u,0.584444522857666, 0.42463400959968567, 0
u,0.6597148180007935, 0.4875594973564148, 0
u,0.584444522857666, 0.4875594973564148, 0
u,0.4427250027656555, 0.008580800145864487, 0
u,0.5809264779090881, 0.008580800145864487, 0
u,0.49804309010505676, 0.8320615887641907, 0
u,0.15226130187511444, 1.0, 0
u,0.011724100448191166, 1.0, 0
u,0.011724100448191166, 0.8320615887641907, 0
u,0.2904745042324066, 0.008580800145864487, 0
u,0.15226130187511444, 1.0, 0
u,0.15226130187511444, 0.008580800145864487, 0
u,0.2904745042324066, 0.008580800145864487, 0
u,0.4427250027656555, 0.008580800145864487, 0
u,0.4427250027656555, 1.0, 0
u,0.0, 0.0, 0
u,0.0, 0.0, 0
u,0.0, 0.0, 0
u,0.0, 0.0, 0
u,0.0, 0.0, 0
u,0.0, 0.0, 0
u,0.0, 0.0, 0
u,0.0, 0.0, 0
u,0.0, 0.0, 0
u,0.0, 0.0, 0
u,0.0, 0.0, 0
u,0.0, 0.0, 0
u,0.0, 0.0, 0
u,0.0, 0.0, 0
u,0.0, 0.0, 0
u,0.9978911876678467, 0.7838125228881836, 0
u,0.9978911876678467, 0.9501761198043823, 0
u,0.8898658752441406, 0.9556872248649597, 0
u,0.8898658752441406, 0.9556872248649597, 0
u,0.8902270197868347, 0.9887459874153137, 0
u,0.8511219024658203, 0.9887050986289978, 0
u,0.8511219024658203, 0.9887050986289978, 0
u,0.851111114025116, 0.7836539149284363, 0
u,0.8898658752441406, 0.9556872248649597, 0
u,0.6644443869590759, 0.9879065752029419, 0
u,0.6644443869590759, 0.552884578704834, 0
u,0.846953809261322, 0.5529024004936218, 0
u,0.6597148180007935, 1.0, 0
u,0.584444522857666, 1.0, 0
u,0.584444522857666, 0.8762621283531189, 0
u,0.584444522857666, 0.8762621283531189, 0
u,0.584444522857666, 0.6400725245475769, 0
u,0.6597148180007935, 0.6400725245475769, 0
u,0.584444522857666, 0.4875594973564148, 0
u,0.6597148180007935, 0.4875594973564148, 0
u,0.6597148180007935, 0.6400725245475769, 0
u,0.584444522857666, 0.42463400959968567, 0
u,0.6597148180007935, 0.42463400959968567, 0
u,0.6597148180007935, 0.4875594973564148, 0
u,0.5809264779090881, 0.008580800145864487, 0
u,0.5809264779090881, 0.8320615887641907, 0
u,0.49804309010505676, 0.8320615887641907, 0
u,0.49804309010505676, 0.8320615887641907, 0
u,0.49804309010505676, 1.0, 0
u,0.4427250027656555, 1.0, 0
u,0.4427250027656555, 1.0, 0
u,0.4427250027656555, 0.008580800145864487, 0
u,0.49804309010505676, 0.8320615887641907, 0
u,0.0, 0.8320615887641907, 0
u,0.0, 0.008580800145864487, 0
u,0.011724100448191166, 0.8320615887641907, 0
u,0.0, 0.008580800145864487, 0
u,0.15226130187511444, 0.008580800145864487, 0
u,0.011724100448191166, 0.8320615887641907, 0
u,0.15226130187511444, 0.008580800145864487, 0
u,0.15226130187511444, 1.0, 0
u,0.011724100448191166, 0.8320615887641907, 0
u,0.2904745042324066, 0.008580800145864487, 0
u,0.2904745042324066, 1.0, 0
u,0.15226130187511444, 1.0, 0
