s,90.917724609375, 144.6611328125, -1.8751277923583984
b,94.942138671875, 148.5341796875, 0.7785801887512207
v,92.23583984375, 147.662109375, 0.040314674377441406
v,91.736083984375, 146.6748046875, 0.040232181549072266
v,91.736083984375, 146.6748046875, 0.7784976959228516
v,92.23583984375, 147.662109375, 0.7785801887512207
v,92.689208984375, 147.4453125, -1.8749594688415527
v,93.146240234375, 148.3486328125, -1.8748831748962402
v,93.150390625, 148.345703125, -1.8748831748962402
v,93.245361328125, 148.5341796875, -1.8748672008514404
v,94.942138671875, 147.673828125, -1.8748750686645508
v,93.417724609375, 144.6611328125, -1.8751277923583984
v,90.917724609375, 145.9287109375, -1.875115156173706
v,91.8896484375, 147.849609375, -1.8749549388885498
v,93.150390625, 148.345703125, 0.003753662109375
v,94.846923828125, 147.4853515625, 0.003745555877685547
v,94.942138671875, 147.673828125, 0.003761768341064453
v,93.245361328125, 148.5341796875, 0.003769397735595703
v,92.794677734375, 145.0390625, 0.04015159606933594
v,91.89306640625, 145.49609375, 0.040155887603759766
v,92.2041015625, 146.111328125, 0.0402073860168457
v,93.10595703125, 145.654296875, 0.04020261764526367
v,93.147216796875, 145.7353515625, 0.040209293365478516
v,93.2373046875, 145.9140625, 0.04022407531738281
v,91.73583984375, 146.6748046875, 0.040232181549072266
v,91.26806640625, 145.7509765625, 0.04015541076660156
v,92.769775390625, 144.9892578125, 0.04014730453491211
v,91.26806640625, 145.7509765625, 0.04015541076660156
v,91.73583984375, 146.6748046875, 0.040232181549072266
v,92.235595703125, 147.662109375, 0.040314674377441406
v,92.240234375, 147.671875, 0.04031562805175781
v,91.8896484375, 147.849609375, 0.040317535400390625
v,90.917724609375, 145.927734375, 0.04015779495239258
v,93.147216796875, 145.7353515625, 0.040209293365478516
v,93.561279296875, 145.525390625, 0.0402073860168457
v,93.329345703125, 145.06640625, 0.040169715881347656
v,92.927978515625, 145.2705078125, 0.040171146392822266
v,92.807373046875, 145.0322265625, 0.04015159606933594
v,92.794677734375, 145.0390625, 0.04015159606933594
v,92.769775390625, 144.9892578125, 0.04014730453491211
v,93.417724609375, 144.6611328125, 0.040144920349121094
v,94.846923828125, 147.4853515625, 0.04038190841674805
v,93.146240234375, 148.34765625, 0.0403895378112793
v,92.68896484375, 147.4453125, 0.0403132438659668
v,92.240234375, 147.671875, 0.04031562805175781
v,92.235595703125, 147.662109375, 0.040314674377441406
v,93.82958984375, 146.8544921875, 0.04030656814575195
v,93.329833984375, 145.8671875, 0.04022359848022461
v,93.2373046875, 145.9140625, 0.04022407531738281
v,92.2041015625, 146.111328125, 0.20562314987182617
v,91.89306640625, 145.49609375, 0.20557212829589844
v,92.807373046875, 145.0322265625, 0.2055673599243164
v,92.927978515625, 145.2705078125, 0.20558738708496094
v,92.915283203125, 145.2763671875, 0.20558738708496094
v,93.10595703125, 145.654296875, 0.20561885833740234
v,93.147216796875, 145.7353515625, 0.4931607246398926
v,92.915283203125, 145.2763671875, 0.49312257766723633
v,93.329345703125, 145.06640625, 0.4931206703186035
v,93.561279296875, 145.525390625, 0.49315881729125977
v,91.73583984375, 146.6748046875, 0.7784976959228516
v,93.329833984375, 145.8671875, 0.7784895896911621
v,93.82958984375, 146.8544921875, 0.7785720825195312
v,92.235595703125, 147.662109375, 0.7785801887512207
v,93.245361328125, 148.5341796875, 0.003769397735595703
v,94.942138671875, 147.673828125, 0.003761768341064453
v,94.942138671875, 147.673828125, -1.8748750686645508
v,93.245361328125, 148.5341796875, -1.8748672008514404
v,93.150390625, 148.345703125, -1.8748831748962402
v,93.150390625, 148.345703125, 0.003753662109375
v,93.245361328125, 148.5341796875, 0.003769397735595703
v,93.245361328125, 148.5341796875, -1.8748672008514404
v,94.846923828125, 147.4853515625, 0.003745555877685547
v,93.150390625, 148.345703125, 0.003753662109375
v,93.150390625, 148.345703125, -1.8748831748962402
v,93.146240234375, 148.3486328125, -1.8748831748962402
v,93.146240234375, 148.34765625, 0.0403895378112793
v,94.846923828125, 147.4853515625, 0.04038190841674805
v,91.8896484375, 147.849609375, -1.8749549388885498
v,91.8896484375, 147.849609375, 0.040317535400390625
v,92.240234375, 147.671875, 0.04031562805175781
v,92.68896484375, 147.4453125, 0.0403132438659668
v,92.689208984375, 147.4453125, -1.8749594688415527
v,92.68896484375, 147.4453125, 0.0403132438659668
v,93.146240234375, 148.34765625, 0.0403895378112793
v,93.146240234375, 148.3486328125, -1.8748831748962402
v,92.689208984375, 147.4453125, -1.8749594688415527
v,94.846923828125, 147.4853515625, 0.04038190841674805
v,93.417724609375, 144.6611328125, 0.040144920349121094
v,93.417724609375, 144.6611328125, -1.8751277923583984
v,94.942138671875, 147.673828125, -1.8748750686645508
v,94.942138671875, 147.673828125, 0.003761768341064453
v,94.846923828125, 147.4853515625, 0.003745555877685547
v,93.417724609375, 144.6611328125, -1.8751277923583984
v,93.417724609375, 144.6611328125, 0.040144920349121094
v,92.769775390625, 144.9892578125, 0.04014730453491211
v,91.26806640625, 145.7509765625, 0.04015541076660156
v,90.917724609375, 145.927734375, 0.04015779495239258
v,90.917724609375, 145.9287109375, -1.875115156173706
v,90.917724609375, 145.927734375, 0.04015779495239258
v,91.8896484375, 147.849609375, 0.040317535400390625
v,91.8896484375, 147.849609375, -1.8749549388885498
v,90.917724609375, 145.9287109375, -1.875115156173706
v,93.10595703125, 145.654296875, 0.20561885833740234
v,93.10595703125, 145.654296875, 0.04020261764526367
v,92.2041015625, 146.111328125, 0.0402073860168457
v,92.2041015625, 146.111328125, 0.20562314987182617
v,92.927978515625, 145.2705078125, 0.040171146392822266
v,92.927978515625, 145.2705078125, 0.20558738708496094
v,92.807373046875, 145.0322265625, 0.2055673599243164
v,92.807373046875, 145.0322265625, 0.04015159606933594
v,91.89306640625, 145.49609375, 0.040155887603759766
v,92.794677734375, 145.0390625, 0.04015159606933594
v,92.807373046875, 145.0322265625, 0.04015159606933594
v,92.807373046875, 145.0322265625, 0.2055673599243164
v,91.89306640625, 145.49609375, 0.20557212829589844
v,92.2041015625, 146.111328125, 0.20562314987182617
v,92.2041015625, 146.111328125, 0.0402073860168457
v,91.89306640625, 145.49609375, 0.040155887603759766
v,91.89306640625, 145.49609375, 0.20557212829589844
v,93.561279296875, 145.525390625, 0.49315881729125977
v,93.561279296875, 145.525390625, 0.0402073860168457
v,93.147216796875, 145.7353515625, 0.040209293365478516
v,93.147216796875, 145.7353515625, 0.4931607246398926
v,93.329345703125, 145.06640625, 0.040169715881347656
v,93.561279296875, 145.525390625, 0.0402073860168457
v,93.561279296875, 145.525390625, 0.49315881729125977
v,93.329345703125, 145.06640625, 0.4931206703186035
v,92.915283203125, 145.2763671875, 0.20558738708496094
v,92.927978515625, 145.2705078125, 0.20558738708496094
v,92.927978515625, 145.2705078125, 0.040171146392822266
v,93.329345703125, 145.06640625, 0.040169715881347656
v,93.329345703125, 145.06640625, 0.4931206703186035
v,92.915283203125, 145.2763671875, 0.49312257766723633
v,92.915283203125, 145.2763671875, 0.49312257766723633
v,93.147216796875, 145.7353515625, 0.4931607246398926
v,93.147216796875, 145.7353515625, 0.040209293365478516
v,93.10595703125, 145.654296875, 0.04020261764526367
v,93.10595703125, 145.654296875, 0.20561885833740234
v,92.915283203125, 145.2763671875, 0.20558738708496094
v,93.82958984375, 146.8544921875, 0.04030656814575195
v,92.235595703125, 147.662109375, 0.040314674377441406
v,92.235595703125, 147.662109375, 0.7785801887512207
v,93.82958984375, 146.8544921875, 0.7785720825195312
v,93.329833984375, 145.8671875, 0.04022359848022461
v,93.82958984375, 146.8544921875, 0.04030656814575195
v,93.82958984375, 146.8544921875, 0.7785720825195312
v,93.329833984375, 145.8671875, 0.7784895896911621
v,93.329833984375, 145.8671875, 0.04022359848022461
v,93.329833984375, 145.8671875, 0.7784895896911621
v,91.73583984375, 146.6748046875, 0.7784976959228516
v,91.73583984375, 146.6748046875, 0.040232181549072266
v,93.2373046875, 145.9140625, 0.04022407531738281
i,0,2,3
i,4,6,8
i,12,14,15
i,18,22,23
i,29,30,26
i,32,33,38
i,49,50,51
i,54,56,53
i,57,59,60
i,62,64,61
i,66,68,65
i,70,72,73
i,77,78,79
i,81,83,80
i,87,88,89
i,93,94,95
i,97,99,96
i,100,102,103
i,104,106,107
i,109,111,112
i,114,116,113
i,117,119,120
i,122,124,121
i,129,130,126
i,133,134,135
i,138,140,137
i,142,144,141
i,147,148,149
i,0,1,2
i,4,5,6
i,6,7,8
i,8,9,4
i,9,10,4
i,10,11,4
i,12,13,14
i,24,16,17
i,18,19,20
i,23,24,17
i,18,20,21
i,23,17,18
i,18,21,22
i,30,25,26
i,26,27,29
i,27,28,29
i,46,31,45
i,31,32,45
i,33,34,35
i,44,45,32
i,42,43,41
i,43,44,41
i,39,40,44
i,40,41,44
i,36,37,35
i,37,38,35
i,38,39,32
i,39,44,32
i,33,35,38
i,52,47,51
i,47,48,51
i,48,49,51
i,54,55,56
i,57,58,59
i,62,63,64
i,66,67,68
i,74,69,70
i,70,71,72
i,73,74,70
i,79,75,77
i,75,76,77
i,81,82,83
i,89,84,85
i,85,86,89
i,86,87,89
i,95,90,92
i,90,91,92
i,92,93,95
i,97,98,99
i,100,101,102
i,104,105,106
i,112,108,109
i,109,110,111
i,114,115,116
i,117,118,119
i,122,123,124
i,130,125,126
i,126,127,128
i,128,129,126
i,136,131,135
i,131,132,135
i,132,133,135
i,138,139,140
i,142,143,144
i,149,145,146
i,146,147,149
n,-4.018747329711914, 2.0331900119781494, 0.0
n,0.00013721051800530404, 0.00031181852682493627, -4.50379753112793
n,-0.0001352891413262114, -0.00030669712577946484, 4.50379753112793
n,-0.00013023242354393005, -0.0003078055160585791, 4.50379753112793
n,-0.00012616526510100812, -0.00031131209107115865, 4.50379753112793
n,-0.00014040645328350365, -0.0003031418891623616, 4.50379753112793
n,-0.00014585434109903872, -0.0003021268348675221, 4.50379753112793
n,-0.00013629785098601133, -0.00030528390198014677, 4.50379753112793
n,-0.00013384170597419143, -0.0003087814839091152, 4.50379753112793
n,2.036919593811035, 4.0168585777282715, 0.0
n,-4.020880222320557, 2.0289695262908936, 0.0
n,1.7618975639343262, 4.144864559173584, 0.0018769858870655298
n,2.035104751586914, 4.017777919769287, 0.00023039724328555167
n,-4.017844200134277, 2.0349745750427246, -0.0004548662109300494
n,4.019016265869141, -2.0326590538024902, 0.0
n,-2.0300655364990234, -4.020326137542725, -0.001820588600821793
n,-4.019027233123779, 2.032637119293213, 0.0009204716188833117
n,2.0361523628234863, 4.017247200012207, 0.0
n,4.019510746002197, -2.031680107116699, 0.0
n,-2.0381150245666504, -4.016229152679443, -0.013512847945094109
n,-4.018637180328369, 2.033407688140869, 0.0
n,2.036004066467285, 4.017322063446045, 0.0
n,4.019160747528076, -2.0323731899261475, 0.0
n,-2.036851644515991, -4.016890525817871, -0.00427158921957016
n,-4.019730091094971, 2.0312466621398926, 0.0
n,2.036856174468994, 4.016890048980713, 0.0
n,4.0180277824401855, -2.0346121788024902, 0.0
n,-2.035250186920166, -4.017704963684082, 0.0
n,-4.018747329711914, 2.0331900119781494, 0.0
n,0.00018234796880278736, 0.00028871759423054755, -4.50379753112793
n,0.00013688755279872566, 0.0003109576355200261, -4.50379753112793
n,0.0001376000582240522, 0.00030798587249591947, -4.50379753112793
n,0.00013310757640283555, 0.0003068102814722806, -4.50379753112793
n,0.000130653046653606, 0.00030967831844463944, -4.50379753112793
n,-0.00013843564374838024, -0.00031508406391367316, 4.50379753112793
n,-0.0001388911623507738, -0.0003157557512167841, 4.50379753112793
n,-0.00013251788914203644, -0.00030735443579033017, 4.50379753112793
n,-0.00011506670853123069, -0.00027451172354631126, 4.50379753112793
n,-0.0001323123724432662, -0.0003068383957725018, 4.50379753112793
n,-0.000129465784993954, -0.00030979924486018717, 4.50379753112793
n,-0.0001329225196968764, -0.00031004034099169075, 4.50379753112793
n,-0.00012862157018389553, -0.00030862115090712905, 4.50379753112793
n,-0.00012977418373338878, -0.00031083932844921947, 4.50379753112793
n,-0.00014005249249748886, -0.0003298137162346393, 4.50379753112793
n,-0.00013414659770205617, -0.00030591239919885993, 4.50379753112793
n,-0.00013559710350818932, -0.00030390123720280826, 4.50379753112793
n,-0.00013352480891626328, -0.00030036206590011716, 4.50379753112793
n,-0.00014083214045967907, -0.0003074455016758293, 4.50379753112793
n,-0.00014124698645900935, -0.00032921647652983665, 4.50379753112793
n,-8.850894664647058e-05, -0.00021938059944659472, 4.50379753112793
n,-0.00013809188385494053, -0.00031222112011164427, 4.50379753112793
n,-0.00013610950554721057, -0.00031131398282013834, 4.50379753112793
n,-0.0001665211602812633, -0.0003018195857293904, 4.50379753112793
n,-0.00014507329615298659, -0.0003207505797035992, 4.50379753112793
n,-0.00014999926497694105, -0.00030154958949424326, 4.50379753112793
n,-0.00014108855975791812, -0.0003073936968576163, 4.50379753112793
n,-0.00013344093167688698, -0.0003016237751580775, 4.50379753112793
n,-0.00013412281987257302, -0.00030634799622930586, 4.50379753112793
n,-0.00013264537847135216, -0.000305088673485443, 4.50379753112793
n,-0.00013320802827365696, -0.000307710055494681, 4.50379753112793
n,-0.00013632868649438024, -0.00030520392465405166, 4.50379753112793
n,-0.00013381738972384483, -0.0003090651298407465, 4.50379753112793
n,2.036919593811035, 4.0168585777282715, 0.0
n,-4.020880222320557, 2.0289695262908936, 0.0
n,2.0371265411376953, 4.016753673553467, 0.0
n,2.404996395111084, 3.807910919189453, 0.0
n,2.036384344100952, 4.016942501068115, 0.03880094364285469
n,2.0354883670806885, 4.01758337020874, 0.0003434405371081084
n,2.0369811058044434, 4.01682710647583, 0.0
n,-4.019019603729248, 2.032651901245117, 0.0009204784291796386
n,4.018773078918457, -2.0331389904022217, 0.0
n,4.018773078918457, -2.0331389904022217, 0.0
n,4.0187883377075195, -2.033108949661255, -5.6612141634104773e-05
n,-2.0372581481933594, -4.016686916351318, 0.00022306879691313952
n,-2.0377824306488037, -4.016420841217041, 0.0
n,-2.0368621349334717, -4.016887187957764, -0.0002579106076154858
n,-4.018657207489014, 2.033367872238159, 0.0
n,2.0361523628234863, 4.017247200012207, 0.0
n,4.019510746002197, -2.03167986869812, 0.0
n,-2.0361523628234863, -4.017247200012207, 0.0
n,-2.175682544708252, -3.9434244632720947, 0.0
n,-4.018637180328369, 2.033407688140869, 0.0
n,2.036004066467285, 4.017322063446045, 0.0
n,4.019160747528076, -2.0323731899261475, 0.0
n,-1.958021879196167, -4.055902481079102, 0.0
n,-2.039285898208618, -4.015657424926758, 0.0
n,-2.039285898208618, -4.015657424926758, 0.0
n,-4.019967555999756, 2.0307767391204834, 0.0
n,-4.019925117492676, 2.030860185623169, 0.00013753201346844435
n,-4.019730091094971, 2.0312464237213135, 0.0
n,2.036856174468994, 4.016890048980713, 0.0
n,4.0180277824401855, -2.0346121788024902, 0.0
n,-2.032961130142212, -4.018862724304199, 0.0
n,-2.0351171493530273, -4.0177717208862305, 0.0003396281390450895
u,0.37662550806999207, 0.14596180617809296, 0
u,0.43934229016304016, 0.3827160894870758, 0
u,0.37662550806999207, 0.3827160894870758, 0
u,0.0, 0.0, 0
u,0.0, 0.0, 0
u,0.0, 0.0, 0
u,0.1973603069782257, 0.6822381019592285, 0
u,0.21037040650844574, 0.011399099603295326, 0
u,0.21047210693359375, 0.6822630167007446, 0
u,0.04647950083017349, 0.6241431832313538, 0
u,0.06466589868068695, 0.8613442778587341, 0
u,0.00013070000568404794, 0.8613913059234619, 0
u,0.13431569933891296, 1.0, 0
u,0.00015199999324977398, 0.9999595284461975, 0
u,0.06466589868068695, 0.8613442778587341, 0
u,0.0521031990647316, 0.10389920324087143, 0
u,0.020090699195861816, 0.1038765013217926, 0
u,0.0, 0.011399099603295326, 0
u,0.003486800007522106, 0.26262348890304565, 0
u,0.020124999806284904, 0.2626453936100006, 0
u,0.0201261006295681, 0.2676331102848053, 0
u,0.0201261006295681, 0.2676331102848053, 0
u,0.0521031990647316, 0.10389920324087143, 0
u,0.05213860049843788, 0.26765578985214233, 0
u,0.06466589868068695, 0.8613442778587341, 0
u,0.13354440033435822, 0.23102140426635742, 0
u,0.1336303949356079, 0.8612939715385437, 0
u,0.8964012861251831, 0.34567898511886597, 0
u,0.9980903267860413, 0.9285784959793091, 0
u,0.8964012861251831, 0.9285784959793091, 0
u,0.8964012861251831, 0.9930657744407654, 0
u,0.9980903267860413, 0.9285784959793091, 0
u,0.9980903267860413, 0.9930657744407654, 0
u,0.3194068968296051, 0.9883623719215393, 0
u,0.3196695148944855, 0.39160019159317017, 0
u,0.3196695148944855, 1.0, 0
u,0.40473610162734985, 1.0, 0
u,0.3765052855014801, 1.0, 0
u,0.3765052855014801, 0.39160019159317017, 0
u,0.3196695148944855, 1.0, 0
u,0.3765052855014801, 0.39160019159317017, 0
u,0.3765052855014801, 1.0, 0
u,0.8944876194000244, 0.39160019159317017, 0
u,0.8944876194000244, 0.9883623719215393, 0
u,0.8826646208763123, 0.9883623719215393, 0
u,0.5697171092033386, 1.0, 0
u,0.5476654171943665, 1.0, 0
u,0.5476654171943665, 0.39160019159317017, 0
u,0.42680978775024414, 1.0, 0
u,0.5476654171943665, 0.39160019159317017, 0
u,0.5476654171943665, 1.0, 0
u,0.2126498967409134, 0.13580240309238434, 0
u,0.26969870924949646, 0.08296330273151398, 0
u,0.26969870924949646, 0.13580240309238434, 0
u,0.38151490688323975, 0.08296330273151398, 0
u,0.36644330620765686, 0.13580240309238434, 0
u,0.36644330620765686, 0.08296330273151398, 0
u,0.3656435012817383, 0.08296330273151398, 0
u,0.36644330620765686, 0.13580240309238434, 0
u,0.3085877001285553, 0.13580240309238434, 0
u,0.26969870924949646, 0.08296330273151398, 0
u,0.3085877001285553, 0.13580240309238434, 0
u,0.26969870924949646, 0.13580240309238434, 0
u,0.5973125100135803, 0.3827160894870758, 0
u,0.6235769987106323, 0.23770469427108765, 0
u,0.6235769987106323, 0.3827160894870758, 0
u,0.5973125100135803, 0.23770469427108765, 0
u,0.5682492256164551, 0.3827160894870758, 0
u,0.5682492256164551, 0.23770469427108765, 0
u,0.5682492256164551, 0.3827160894870758, 0
u,0.5419846773147583, 0.3827160894870758, 0
u,0.542784571647644, 0.2906622886657715, 0
u,0.6235769987106323, 0.23770469427108765, 0
u,0.6287477016448975, 0.23770469427108765, 0
u,0.6287477016448975, 0.2906622886657715, 0
u,0.37662550806999207, 0.14596180617809296, 0
u,0.2753666937351227, 0.3827160894870758, 0
u,0.2753666937351227, 0.14596180617809296, 0
u,0.2753666937351227, 0.14596180617809296, 0
u,0.2126498967409134, 0.3827160894870758, 0
u,0.2126498967409134, 0.14596180617809296, 0
u,0.43934229016304016, 0.3827160894870758, 0
u,0.43934229016304016, 0.14596180617809296, 0
u,0.534722089767456, 0.14596180617809296, 0
u,0.37662550806999207, 0.14596180617809296, 0
u,0.43934229016304016, 0.14596180617809296, 0
u,0.43934229016304016, 0.3827160894870758, 0
u,0.0, 0.0, 0
u,0.0, 0.0, 0
u,0.0, 0.0, 0
u,0.0, 0.0, 0
u,0.0, 0.0, 0
u,0.0, 0.0, 0
u,0.0, 0.0, 0
u,0.0, 0.0, 0
u,0.0, 0.0, 0
u,0.0, 0.0, 0
u,0.0, 0.0, 0
u,0.0, 0.0, 0
u,0.0, 0.0, 0
u,0.0, 0.0, 0
u,0.0, 0.0, 0
u,0.1973603069782257, 0.6822381019592285, 0
u,0.1972454935312271, 0.011399099603295326, 0
u,0.21037040650844574, 0.011399099603295326, 0
u,3.94000016967766e-05, 0.2676188051700592, 0
u,0.003487600013613701, 0.26762130856513977, 0
u,0.003548000007867813, 0.6241564750671387, 0
u,0.04647950083017349, 0.6241431832313538, 0
u,0.04644320160150528, 0.2676517069339752, 0
u,0.05213860049843788, 0.26765578985214233, 0
u,0.00013070000568404794, 0.8613913059234619, 0
u,3.94000016967766e-05, 0.2676188051700592, 0
u,0.003548000007867813, 0.6241564750671387, 0
u,0.04647950083017349, 0.6241431832313538, 0
u,0.05213860049843788, 0.26765578985214233, 0
u,0.06458500027656555, 0.2676646113395691, 0
u,0.00013070000568404794, 0.8613913059234619, 0
u,0.003548000007867813, 0.6241564750671387, 0
u,0.04647950083017349, 0.6241431832313538, 0
u,0.04647950083017349, 0.6241431832313538, 0
u,0.06458500027656555, 0.2676646113395691, 0
u,0.06466589868068695, 0.8613442778587341, 0
u,0.00015199999324977398, 0.9999595284461975, 0
u,0.00013070000568404794, 0.8613913059234619, 0
u,0.06466589868068695, 0.8613442778587341, 0
u,0.06466589868068695, 0.8613442778587341, 0
u,0.1336303949356079, 0.8612939715385437, 0
u,0.13431569933891296, 1.0, 0
u,0.1336303949356079, 0.8612939715385437, 0
u,0.13429400324821472, 0.861293613910675, 0
u,0.13431569933891296, 1.0, 0
u,0.06458500027656555, 0.2676646113395691, 0
u,0.05213860049843788, 0.26765578985214233, 0
u,0.06458000093698502, 0.23107290267944336, 0
u,0.05213860049843788, 0.26765578985214233, 0
u,0.0521031990647316, 0.10389920324087143, 0
u,0.06458000093698502, 0.23107290267944336, 0
u,0.020090699195861816, 0.1038765013217926, 0
u,0.020124999806284904, 0.2626453936100006, 0
u,0.003486800007522106, 0.26262348890304565, 0
u,0.13354440033435822, 0.23102140426635742, 0
u,0.06458000093698502, 0.23107290267944336, 0
u,0.0521031990647316, 0.10389920324087143, 0
u,0.13429400324821472, 0.861293613910675, 0
u,0.1336303949356079, 0.8612939715385437, 0
u,0.134266197681427, 0.683897078037262, 0
u,0.1336303949356079, 0.8612939715385437, 0
u,0.13354440033435822, 0.23102140426635742, 0
u,0.134266197681427, 0.683897078037262, 0
u,0.1972454935312271, 0.011399099603295326, 0
u,0.19736060500144958, 0.6838881969451904, 0
u,0.13354440033435822, 0.23102140426635742, 0
u,0.19736060500144958, 0.6838881969451904, 0
u,0.134266197681427, 0.683897078037262, 0
u,0.13354440033435822, 0.23102140426635742, 0
u,0.003487600013613701, 0.26762130856513977, 0
u,3.94000016967766e-05, 0.2676188051700592, 0
u,0.003486800007522106, 0.26262348890304565, 0
u,3.94000016967766e-05, 0.2676188051700592, 0
u,0.0, 0.011399099603295326, 0
u,0.003486800007522106, 0.26262348890304565, 0
u,0.0, 0.011399099603295326, 0
u,0.1972454935312271, 0.011399099603295326, 0
u,0.0521031990647316, 0.10389920324087143, 0
u,0.1972454935312271, 0.011399099603295326, 0
u,0.13354440033435822, 0.23102140426635742, 0
u,0.0521031990647316, 0.10389920324087143, 0
u,0.020090699195861816, 0.1038765013217926, 0
u,0.003486800007522106, 0.26262348890304565, 0
u,0.0, 0.011399099603295326, 0
u,0.04644320160150528, 0.2676517069339752, 0
u,0.04647950083017349, 0.6241431832313538, 0
u,0.0201261006295681, 0.2676331102848053, 0
u,0.04647950083017349, 0.6241431832313538, 0
u,0.003548000007867813, 0.6241564750671387, 0
u,0.0201261006295681, 0.2676331102848053, 0
u,0.003548000007867813, 0.6241564750671387, 0
u,0.003486800007522106, 0.26262348890304565, 0
u,0.0201261006295681, 0.2676331102848053, 0
u,0.0201261006295681, 0.2676331102848053, 0
u,0.020090699195861816, 0.1038765013217926, 0
u,0.0521031990647316, 0.10389920324087143, 0
u,0.06466589868068695, 0.8613442778587341, 0
u,0.06458000093698502, 0.23107290267944336, 0
u,0.13354440033435822, 0.23102140426635742, 0
u,0.8964012861251831, 0.34567898511886597, 0
u,0.9980903267860413, 0.34567898511886597, 0
u,0.9980903267860413, 0.9285784959793091, 0
u,0.8964012861251831, 0.9930657744407654, 0
u,0.8964012861251831, 0.9285784959793091, 0
u,0.9980903267860413, 0.9285784959793091, 0
u,0.2126498967409134, 1.0, 0
u,0.2126498967409134, 0.9883623719215393, 0
u,0.3194068968296051, 0.9883623719215393, 0
u,0.3194068968296051, 0.9883623719215393, 0
u,0.3194068968296051, 0.39160019159317017, 0
u,0.3196695148944855, 0.39160019159317017, 0
u,0.3196695148944855, 1.0, 0
u,0.2126498967409134, 1.0, 0
u,0.3194068968296051, 0.9883623719215393, 0
u,0.3765052855014801, 0.39160019159317017, 0
u,0.42680978775024414, 0.39160019159317017, 0
u,0.40473610162734985, 1.0, 0
u,0.42680978775024414, 0.39160019159317017, 0
u,0.42680978775024414, 1.0, 0
u,0.40473610162734985, 1.0, 0
u,0.3196695148944855, 1.0, 0
u,0.3196695148944855, 0.39160019159317017, 0
u,0.3765052855014801, 0.39160019159317017, 0
u,0.8826646208763123, 0.9883623719215393, 0
u,0.8826646208763123, 1.0, 0
u,0.7049844264984131, 1.0, 0
u,0.7049844264984131, 1.0, 0
u,0.7049844264984131, 0.39160019159317017, 0
u,0.8826646208763123, 0.9883623719215393, 0
u,0.7049844264984131, 0.39160019159317017, 0
u,0.8944876194000244, 0.39160019159317017, 0
u,0.8826646208763123, 0.9883623719215393, 0
u,0.5476654171943665, 0.39160019159317017, 0
u,0.7049844264984131, 0.39160019159317017, 0
u,0.6642097234725952, 1.0, 0
u,0.7049844264984131, 0.39160019159317017, 0
u,0.7049844264984131, 1.0, 0
u,0.6642097234725952, 1.0, 0
u,0.6642097234725952, 1.0, 0
u,0.5697171092033386, 1.0, 0
u,0.5476654171943665, 0.39160019159317017, 0
u,0.42680978775024414, 1.0, 0
u,0.42680978775024414, 0.39160019159317017, 0
u,0.5476654171943665, 0.39160019159317017, 0
u,0.2126498967409134, 0.13580240309238434, 0
u,0.2126498967409134, 0.08296330273151398, 0
u,0.26969870924949646, 0.08296330273151398, 0
u,0.38151490688323975, 0.08296330273151398, 0
u,0.38151490688323975, 0.13580240309238434, 0
u,0.36644330620765686, 0.13580240309238434, 0
u,0.3085877001285553, 0.13580240309238434, 0
u,0.3085877001285553, 0.08296330273151398, 0
u,0.3656435012817383, 0.08296330273151398, 0
u,0.3656435012817383, 0.08296330273151398, 0
u,0.36644330620765686, 0.08296330273151398, 0
u,0.36644330620765686, 0.13580240309238434, 0
u,0.26969870924949646, 0.08296330273151398, 0
u,0.3085877001285553, 0.08296330273151398, 0
u,0.3085877001285553, 0.13580240309238434, 0
u,0.5973125100135803, 0.3827160894870758, 0
u,0.5973125100135803, 0.23770469427108765, 0
u,0.6235769987106323, 0.23770469427108765, 0
u,0.5973125100135803, 0.23770469427108765, 0
u,0.5973125100135803, 0.3827160894870758, 0
u,0.5682492256164551, 0.3827160894870758, 0
u,0.5419846773147583, 0.3827160894870758, 0
u,0.5419846773147583, 0.2906622886657715, 0
u,0.542784571647644, 0.2906622886657715, 0
u,0.542784571647644, 0.2906622886657715, 0
u,0.542784571647644, 0.23770469427108765, 0
u,0.5682492256164551, 0.23770469427108765, 0
u,0.5682492256164551, 0.23770469427108765, 0
u,0.5682492256164551, 0.3827160894870758, 0
u,0.542784571647644, 0.2906622886657715, 0
u,0.6526402235031128, 0.2906622886657715, 0
u,0.6526402235031128, 0.3827160894870758, 0
u,0.6287477016448975, 0.2906622886657715, 0
u,0.6526402235031128, 0.3827160894870758, 0
u,0.6235769987106323, 0.3827160894870758, 0
u,0.6287477016448975, 0.2906622886657715, 0
u,0.6235769987106323, 0.3827160894870758, 0
u,0.6235769987106323, 0.23770469427108765, 0
u,0.6287477016448975, 0.2906622886657715, 0
u,0.37662550806999207, 0.14596180617809296, 0
u,0.37662550806999207, 0.3827160894870758, 0
u,0.2753666937351227, 0.3827160894870758, 0
u,0.2753666937351227, 0.14596180617809296, 0
u,0.2753666937351227, 0.3827160894870758, 0
u,0.2126498967409134, 0.3827160894870758, 0
u,0.534722089767456, 0.14596180617809296, 0
u,0.5406008958816528, 0.14596180617809296, 0
u,0.5406008958816528, 0.3827160894870758, 0
u,0.5406008958816528, 0.3827160894870758, 0
u,0.43934229016304016, 0.3827160894870758, 0
u,0.534722089767456, 0.14596180617809296, 0
