s,143.3203125, 54.41015625, -1.3162546157836914
b,144.348876953125, 55.455078125, 2.0705108642578125
v,143.77587890625, 55.455078125, 2.070474624633789
v,144.3486328125, 55.041015625, 2.0705108642578125
v,144.348876953125, 55.041015625, -1.3161864280700684
v,143.776123046875, 55.455078125, -1.3162226676940918
v,143.893310546875, 54.41015625, -1.3162188529968262
v,143.320556640625, 54.8251953125, -1.3162546157836914
v,143.77587890625, 55.455078125, -1.3162226676940918
v,144.3486328125, 55.041015625, -1.3161864280700684
v,143.775634765625, 55.455078125, 2.070474624633789
v,143.3203125, 54.8251953125, 2.0704421997070312
v,143.89306640625, 54.41015625, 2.0704784393310547
v,144.348388671875, 55.041015625, 2.0705108642578125
v,144.348388671875, 55.041015625, 2.0705108642578125
v,143.89306640625, 54.41015625, 2.0704784393310547
v,143.893310546875, 54.41015625, -1.3162188529968262
v,144.3486328125, 55.041015625, -1.3161864280700684
v,143.89306640625, 54.41015625, 2.0704784393310547
v,143.3203125, 54.8251953125, 2.0704421997070312
v,143.320556640625, 54.8251953125, -1.3162546157836914
v,143.893310546875, 54.41015625, -1.3162188529968262
v,143.3203125, 54.8251953125, 2.0704421997070312
v,143.775634765625, 55.455078125, 2.070474624633789
v,143.77587890625, 55.455078125, -1.3162226676940918
v,143.320556640625, 54.8251953125, -1.3162546157836914
i,1,3,0
i,5,7,4
i,9,11,8
i,13,15,12
i,16,18,19
i,20,22,23
i,1,2,3
i,5,6,7
i,9,10,11
i,13,14,15
i,16,17,18
i,20,21,22
n,2.6368300914764404, 3.65120792388916, 0.00016882119234651327
n,0.00029513658955693245, 1.6762594896135852e-05, -4.50379753112793
n,-0.0002973180671688169, -1.5208147488010582e-05, 4.50379753112793
n,3.6512675285339355, -2.636747360229492, 0.0002337698097107932
n,-2.6404590606689453, -3.6485841274261475, -0.00016905351367313415
n,-3.649543523788452, 2.6391327381134033, -0.00023365947708953172
n,2.6368298530578613, 3.651207685470581, 0.00016882116324268281
n,0.00029513085610233247, 1.6789819710538723e-05, -4.50379753112793
n,-0.0002973232476506382, -1.5183488358161412e-05, 4.50379753112793
n,3.6512675285339355, -2.636747360229492, 0.0002337698097107932
n,-2.6404592990875244, -3.6485841274261475, -0.0001690535427769646
n,-3.649543523788452, 2.6391327381134033, -0.00023365947708953172
u,0.0, 0.27071839570999146, 0
u,0.7758982181549072, 0.5059270858764648, 0
u,0.0, 0.5059270858764648, 0
u,0.0, 0.0, 0
u,0.0, 0.0, 0
u,0.0, 0.0, 0
u,0.7861354947090149, 0.9932432174682617, 0
u,0.9993181824684143, 0.711669385433197, 0
u,0.9993122220039368, 0.9931433796882629, 0
u,0.0, 0.011822500266134739, 0
u,0.7758982181549072, 0.27071839570999146, 0
u,0.0, 0.27071839570999146, 0
u,0.0, 1.0, 0
u,0.7758982181549072, 0.7647076845169067, 0
u,0.7758982181549072, 1.0, 0
u,0.0, 0.7647076845169067, 0
u,0.7758982181549072, 0.5059270858764648, 0
u,0.7758982181549072, 0.7647076845169067, 0
u,0.0, 0.27071839570999146, 0
u,0.7758982181549072, 0.27071839570999146, 0
u,0.7758982181549072, 0.5059270858764648, 0
u,0.0, 0.0, 0
u,0.0, 0.0, 0
u,0.0, 0.0, 0
u,0.7861354947090149, 0.9932432174682617, 0
u,0.7860465049743652, 0.711669385433197, 0
u,0.9993181824684143, 0.711669385433197, 0
u,0.0, 0.011822500266134739, 0
u,0.7758982181549072, 0.011822500266134739, 0
u,0.7758982181549072, 0.27071839570999146, 0
u,0.0, 1.0, 0
u,0.0, 0.7647076845169067, 0
u,0.7758982181549072, 0.7647076845169067, 0
u,0.0, 0.7647076845169067, 0
u,0.0, 0.5059270858764648, 0
u,0.7758982181549072, 0.5059270858764648, 0
