s,119.941650390625, 151.865234375, 0.22976016998291016
b,120.902587890625, 153.3564453125, 1.7170791625976562
v,119.94189453125, 151.8701171875, 1.372795581817627
v,119.947998046875, 153.35546875, 1.3729043006896973
v,119.9482421875, 153.3564453125, 0.22986888885498047
v,119.94189453125, 151.8701171875, 0.22976016998291016
v,120.902587890625, 153.3515625, 0.22991561889648438
v,120.89599609375, 151.865234375, 0.22980690002441406
v,119.94189453125, 151.8701171875, 0.22976016998291016
v,119.947998046875, 153.3564453125, 0.22986888885498047
v,119.941650390625, 151.8701171875, 1.372795581817627
v,120.381103515625, 153.353515625, 1.7170791625976562
v,119.94775390625, 153.35546875, 1.3729043006896973
v,120.37451171875, 151.8681640625, 1.7169709205627441
v,120.381103515625, 153.353515625, 1.7170791625976562
v,119.941650390625, 151.8701171875, 1.372795581817627
v,120.381103515625, 153.353515625, 1.7170791625976562
v,120.37451171875, 151.8681640625, 1.7169709205627441
v,120.90234375, 153.3515625, 1.372950553894043
v,120.90234375, 153.3515625, 1.372950553894043
v,120.37451171875, 151.8681640625, 1.7169709205627441
v,120.89599609375, 151.865234375, 1.3728423118591309
v,120.37451171875, 151.8681640625, 1.7169709205627441
v,119.941650390625, 151.8701171875, 1.372795581817627
v,120.89599609375, 151.865234375, 1.3728423118591309
v,120.381103515625, 153.353515625, 1.7170791625976562
v,120.90234375, 153.3515625, 1.372950553894043
v,119.94775390625, 153.35546875, 1.3729043006896973
v,119.94775390625, 153.35546875, 1.3729043006896973
v,120.90234375, 153.3515625, 1.372950553894043
v,120.902587890625, 153.3515625, 0.22991561889648438
v,119.947998046875, 153.3564453125, 0.22986888885498047
v,120.90234375, 153.3515625, 1.372950553894043
v,120.89599609375, 151.865234375, 1.3728423118591309
v,120.89599609375, 151.865234375, 0.22980690002441406
v,120.902587890625, 153.3515625, 0.22991561889648438
v,120.89599609375, 151.865234375, 1.3728423118591309
v,119.941650390625, 151.8701171875, 1.372795581817627
v,119.94189453125, 151.8701171875, 0.22976016998291016
v,120.89599609375, 151.865234375, 0.22980690002441406
i,1,3,0
i,4,6,7
i,8,9,10
i,11,12,13
i,14,15,16
i,17,18,19
i,20,21,22
i,23,24,25
i,27,29,26
i,31,33,30
i,34,36,37
i,1,2,3
i,4,5,6
i,27,28,29
i,31,32,33
i,34,35,36
n,-4.503757476806641, 0.0190614964812994, -0.0008543511503376067
n,0.00022160472872201353, 0.00032880232902243733, -4.50379753112793
n,-2.801496744155884, 0.011599533259868622, 3.5264251232147217
n,-2.8023550510406494, 0.012012227438390255, 3.5257418155670166
n,2.4813168048858643, -0.01113817933946848, 3.758608102798462
n,2.480599880218506, -0.010773077607154846, 3.759082555770874
n,-0.020462438464164734, -4.503750324249268, 0.0030451074708253145
n,0.020462440326809883, 4.503750324249268, -0.0030579997692257166
n,0.020462123677134514, 4.503749847412109, 0.0034212821628898382
n,4.503757476806641, -0.0190615002065897, 0.0008543515577912331
n,-0.020466942340135574, -4.503750801086426, 0.0
n,-4.503757476806641, 0.019050374627113342, -0.0008398962090723217
n,0.00022135696781333536, 0.00032896301127038896, -4.50379753112793
n,0.024554643779993057, 4.503730773925781, 4.6579548325098585e-06
n,4.503754138946533, -0.0197187140583992, 0.0
n,-0.020462293177843094, -4.503750801086426, -3.8816442611278035e-06
u,0.36610880494117737, 0.9930232763290405, 0
u,0.7072234749794006, 0.7014185190200806, 0
u,0.7072234749794006, 0.9930232763290405, 0
u,0.0, 0.0, 0
u,0.0, 0.0, 0
u,0.0, 0.0, 0
u,0.40585771203041077, 0.4139535129070282, 0
u,0.7654529213905334, 0.26516950130462646, 0
u,0.7654867768287659, 0.4139535129070282, 0
u,0.4058859050273895, 0.2651712894439697, 0
u,0.7654529213905334, 0.26516950130462646, 0
u,0.40585771203041077, 0.4139535129070282, 0
u,0.4000304043292999, 0.4139535129070282, 0
u,0.00017050000315066427, 0.4139535129070282, 0
u,0.39992618560791016, 0.2270742952823639, 0
u,0.39992618560791016, 0.2270742952823639, 0
u,0.00017050000315066427, 0.4139535129070282, 0
u,0.0, 0.2270728051662445, 0
u,0.10288269817829132, 0.19464179873466492, 0
u,0.00627620005980134, 0.10930229723453522, 0
u,0.21920880675315857, 0.10930229723453522, 0
u,0.10288459807634354, 0.0, 0
u,0.21920940279960632, 0.08301380276679993, 0
u,0.00627620005980134, 0.08301380276679993, 0
u,0.7259414196014404, 0.7448484897613525, 0
u,0.988263726234436, 0.9883720874786377, 0
u,0.7259414196014404, 0.9883720874786377, 0
u,0.34738850593566895, 0.7014185190200806, 0
u,0.00627620005980134, 0.9930232763290405, 0
u,0.00627620005980134, 0.7014185190200806, 0
u,0.26859840750694275, 0.4332211911678314, 0
u,0.00627620005980134, 0.6767442226409912, 0
u,0.00627620005980134, 0.4332211911678314, 0
u,0.36610880494117737, 0.9930232763290405, 0
u,0.36610880494117737, 0.7014185190200806, 0
u,0.7072234749794006, 0.7014185190200806, 0
u,0.0, 0.0, 0
u,0.0, 0.0, 0
u,0.0, 0.0, 0
u,0.7259414196014404, 0.7448484897613525, 0
u,0.988263726234436, 0.7448484897613525, 0
u,0.988263726234436, 0.9883720874786377, 0
u,0.34738850593566895, 0.7014185190200806, 0
u,0.34738850593566895, 0.9930232763290405, 0
u,0.00627620005980134, 0.9930232763290405, 0
u,0.26859840750694275, 0.4332211911678314, 0
u,0.26859840750694275, 0.6767442226409912, 0
u,0.00627620005980134, 0.6767442226409912, 0
