s,110.360595703125, 141.009765625, 0.09559059143066406
b,110.885009765625, 141.6376953125, 0.21597814559936523
v,110.36083984375, 141.1474609375, 0.21593332290649414
v,110.584716796875, 141.6376953125, 0.2159743309020996
v,110.584716796875, 141.6376953125, 0.09563159942626953
v,110.36083984375, 141.1474609375, 0.09559059143066406
v,110.885009765625, 141.4990234375, 0.09563541412353516
v,110.6611328125, 141.009765625, 0.09559440612792969
v,110.360595703125, 141.1474609375, 0.09559059143066406
v,110.58447265625, 141.6376953125, 0.09563159942626953
v,110.360595703125, 141.1474609375, 0.21593332290649414
v,110.6611328125, 141.009765625, 0.21593713760375977
v,110.885009765625, 141.4990234375, 0.21597814559936523
v,110.58447265625, 141.6376953125, 0.2159743309020996
v,110.58447265625, 141.6376953125, 0.2159743309020996
v,110.885009765625, 141.4990234375, 0.21597814559936523
v,110.885009765625, 141.4990234375, 0.09563541412353516
v,110.58447265625, 141.6376953125, 0.09563159942626953
v,110.885009765625, 141.4990234375, 0.21597814559936523
v,110.6611328125, 141.009765625, 0.21593713760375977
v,110.6611328125, 141.009765625, 0.09559440612792969
v,110.885009765625, 141.4990234375, 0.09563541412353516
v,110.6611328125, 141.009765625, 0.21593713760375977
v,110.360595703125, 141.1474609375, 0.21593332290649414
v,110.360595703125, 141.1474609375, 0.09559059143066406
v,110.6611328125, 141.009765625, 0.09559440612792969
i,0,2,3
i,4,6,7
i,8,10,11
i,12,14,15
i,17,19,16
i,21,23,20
i,0,1,2
i,4,5,6
i,8,9,10
i,12,13,14
i,17,18,19
i,21,22,23
n,-4.096871852874756, 1.870784044265747, 0.0
n,0.00019045860972255468, 0.00029057753272354603, -4.50379753112793
n,-0.00019045860972255468, -0.00029057753272354603, 4.50379753112793
n,1.8783588409423828, 4.093404293060303, 0.0
n,4.09561824798584, -1.8735274076461792, 0.0
n,-1.868584156036377, -4.097876071929932, 0.0
n,-4.096871852874756, 1.870784044265747, 0.0
n,0.000189959115232341, 0.0002913212520070374, -4.50379753112793
n,-0.000189959115232341, -0.0002913212520070374, 4.50379753112793
n,1.8783588409423828, 4.093404293060303, 0.0
n,4.09561824798584, -1.8735274076461792, 0.0
n,-1.868584156036377, -4.097876071929932, 0.0
u,0.4887740910053253, 1.0, 0
u,0.18586499989032745, 0.7872925996780396, 0
u,0.4887740910053253, 0.7872925996780396, 0
u,0.0, 0.0, 0
u,0.0, 0.0, 0
u,0.0, 0.0, 0
u,0.01143679954111576, 0.6785714030265808, 0
u,0.3599187135696411, 0.006396300159394741, 0
u,0.3599925935268402, 0.6785714030265808, 0
u,0.18586499989032745, 1.0, 0
u,0.0, 0.7872925996780396, 0
u,0.18586499989032745, 0.7872925996780396, 0
u,0.6746392846107483, 1.0, 0
u,0.977547824382782, 0.7872925996780396, 0
u,0.977547824382782, 1.0, 0
u,0.4887740910053253, 1.0, 0
u,0.6746392846107483, 0.7872925996780396, 0
u,0.6746392846107483, 1.0, 0
u,0.4887740910053253, 1.0, 0
u,0.18586499989032745, 1.0, 0
u,0.18586499989032745, 0.7872925996780396, 0
u,0.0, 0.0, 0
u,0.0, 0.0, 0
u,0.0, 0.0, 0
u,0.01143679954111576, 0.6785714030265808, 0
u,0.011363600380718708, 0.006395500153303146, 0
u,0.3599187135696411, 0.006396300159394741, 0
u,0.18586499989032745, 1.0, 0
u,0.0, 1.0, 0
u,0.0, 0.7872925996780396, 0
u,0.6746392846107483, 1.0, 0
u,0.6746392846107483, 0.7872925996780396, 0
u,0.977547824382782, 0.7872925996780396, 0
u,0.4887740910053253, 1.0, 0
u,0.4887740910053253, 0.7872925996780396, 0
u,0.6746392846107483, 0.7872925996780396, 0
