s,56.736328125, 173.8017578125, -1.5140011310577393
b,61.134033203125, 175.587890625, 1.797043800354004
v,60.994873046875, 173.8017578125, 1.4950146675109863
v,56.736328125, 174.171875, 1.4950227737426758
v,56.736328125, 174.171875, -1.513993501663208
v,60.994873046875, 173.802734375, -1.5140011310577393
v,56.837646484375, 175.3427734375, -1.5138893127441406
v,56.858154296875, 175.3408203125, -1.5138897895812988
v,56.87451171875, 175.587890625, -1.5138673782348633
v,61.134033203125, 175.30078125, -1.5138676166534424
v,61.094482421875, 174.97265625, -1.51389741897583
v,61.096923828125, 174.97265625, -1.51389741897583
v,60.994873046875, 173.802734375, -1.5140011310577393
v,56.736328125, 174.171875, -1.513993501663208
v,56.92431640625, 175.3349609375, 1.2209134101867676
v,61.028076171875, 174.978515625, 1.2209062576293945
v,61.059326171875, 175.2392578125, 1.2209291458129883
v,56.9365234375, 175.5166015625, 1.2209296226501465
v,56.9365234375, 175.5166015625, 1.3985576629638672
v,61.059326171875, 175.2392578125, 1.398557186126709
v,61.028076171875, 174.978515625, 1.398533821105957
v,61.094482421875, 174.97265625, 1.398533821105957
v,61.134033203125, 175.30078125, 1.3985629081726074
v,56.87451171875, 175.5869140625, 1.3985633850097656
v,56.858154296875, 175.3408203125, 1.3985414505004883
v,56.92431640625, 175.3349609375, 1.3985414505004883
v,61.084228515625, 174.828125, 1.626413345336914
v,61.096923828125, 174.97265625, 1.4951186180114746
v,56.837646484375, 175.3427734375, 1.495126724243164
v,56.825927734375, 175.2060546875, 1.6264219284057617
v,61.084228515625, 174.828125, 1.626413345336914
v,56.837646484375, 175.3427734375, 1.495126724243164
v,61.067138671875, 174.634765625, 1.738090991973877
v,61.084228515625, 174.828125, 1.626413345336914
v,56.825927734375, 175.2060546875, 1.6264219284057617
v,56.810302734375, 175.0244140625, 1.738100528717041
v,61.067138671875, 174.634765625, 1.738090991973877
v,56.825927734375, 175.2060546875, 1.6264219284057617
v,56.825927734375, 175.2060546875, 1.6264219284057617
v,56.748779296875, 174.3173828125, 1.6263432502746582
v,56.765380859375, 174.5107421875, 1.7380547523498535
v,56.810302734375, 175.0244140625, 1.738100528717041
v,56.78857421875, 174.7763671875, 1.797043800354004
v,56.810302734375, 175.0244140625, 1.738100528717041
v,56.765380859375, 174.5107421875, 1.7380547523498535
v,56.837646484375, 175.3427734375, 1.495126724243164
v,56.736328125, 174.171875, 1.4950227737426758
v,56.748779296875, 174.3173828125, 1.6263432502746582
v,56.825927734375, 175.2060546875, 1.6264219284057617
v,61.006591796875, 173.9384765625, 1.6263341903686523
v,60.994873046875, 173.8017578125, 1.4950146675109863
v,61.096923828125, 174.97265625, 1.4951186180114746
v,61.084228515625, 174.828125, 1.626413345336914
v,61.022216796875, 174.119140625, 1.7380452156066895
v,61.006591796875, 173.9384765625, 1.6263341903686523
v,61.084228515625, 174.828125, 1.626413345336914
v,61.067138671875, 174.634765625, 1.738090991973877
v,61.043701171875, 174.3681640625, 1.797032356262207
v,61.022216796875, 174.119140625, 1.7380452156066895
v,61.067138671875, 174.634765625, 1.738090991973877
v,56.748779296875, 174.3173828125, 1.6263432502746582
v,56.736328125, 174.171875, 1.4950227737426758
v,60.994873046875, 173.8017578125, 1.4950146675109863
v,61.006591796875, 173.9384765625, 1.6263341903686523
v,56.748779296875, 174.3173828125, 1.6263432502746582
v,60.994873046875, 173.8017578125, 1.4950146675109863
v,56.765380859375, 174.5107421875, 1.7380547523498535
v,56.748779296875, 174.3173828125, 1.6263432502746582
v,61.006591796875, 173.9384765625, 1.6263341903686523
v,61.022216796875, 174.119140625, 1.7380452156066895
v,56.765380859375, 174.5107421875, 1.7380547523498535
v,61.006591796875, 173.9384765625, 1.6263341903686523
v,61.043701171875, 174.3681640625, 1.797032356262207
v,61.067138671875, 174.634765625, 1.738090991973877
v,56.810302734375, 175.0244140625, 1.738100528717041
v,56.78857421875, 174.7763671875, 1.797043800354004
v,61.043701171875, 174.3681640625, 1.797032356262207
v,56.810302734375, 175.0244140625, 1.738100528717041
v,56.78857421875, 174.7763671875, 1.797043800354004
v,56.765380859375, 174.5107421875, 1.7380547523498535
v,61.022216796875, 174.119140625, 1.7380452156066895
v,61.043701171875, 174.3681640625, 1.797032356262207
v,56.78857421875, 174.7763671875, 1.797043800354004
v,61.022216796875, 174.119140625, 1.7380452156066895
v,56.92431640625, 175.3349609375, 1.3985414505004883
v,56.92431640625, 175.3349609375, 1.2209134101867676
v,56.9365234375, 175.5166015625, 1.2209296226501465
v,56.9365234375, 175.5166015625, 1.3985576629638672
v,61.059326171875, 175.2392578125, 1.398557186126709
v,56.9365234375, 175.5166015625, 1.3985576629638672
v,56.9365234375, 175.5166015625, 1.2209296226501465
v,61.059326171875, 175.2392578125, 1.2209291458129883
v,61.028076171875, 174.978515625, 1.2209062576293945
v,61.028076171875, 174.978515625, 1.398533821105957
v,61.059326171875, 175.2392578125, 1.398557186126709
v,61.059326171875, 175.2392578125, 1.2209291458129883
v,56.858154296875, 175.3408203125, -1.5138897895812988
v,56.858154296875, 175.3408203125, 1.3985414505004883
v,56.87451171875, 175.5869140625, 1.3985633850097656
v,56.87451171875, 175.587890625, -1.5138673782348633
v,56.87451171875, 175.5869140625, 1.3985633850097656
v,61.134033203125, 175.30078125, 1.3985629081726074
v,61.134033203125, 175.30078125, -1.5138676166534424
v,56.87451171875, 175.587890625, -1.5138673782348633
v,61.094482421875, 174.97265625, 1.398533821105957
v,61.094482421875, 174.97265625, -1.51389741897583
v,61.134033203125, 175.30078125, -1.5138676166534424
v,61.134033203125, 175.30078125, 1.3985629081726074
v,56.837646484375, 175.3427734375, 1.495126724243164
v,61.096923828125, 174.97265625, 1.4951186180114746
v,61.096923828125, 174.97265625, -1.51389741897583
v,61.094482421875, 174.97265625, -1.51389741897583
v,61.094482421875, 174.97265625, 1.398533821105957
v,61.028076171875, 174.978515625, 1.398533821105957
v,61.028076171875, 174.978515625, 1.2209062576293945
v,56.92431640625, 175.3349609375, 1.2209134101867676
v,56.92431640625, 175.3349609375, 1.3985414505004883
v,56.858154296875, 175.3408203125, 1.3985414505004883
v,56.858154296875, 175.3408203125, -1.5138897895812988
v,56.837646484375, 175.3427734375, -1.5138893127441406
v,56.736328125, 174.171875, 1.4950227737426758
v,56.837646484375, 175.3427734375, 1.495126724243164
v,56.837646484375, 175.3427734375, -1.5138893127441406
v,56.736328125, 174.171875, -1.513993501663208
v,61.096923828125, 174.97265625, -1.51389741897583
v,61.096923828125, 174.97265625, 1.4951186180114746
v,60.994873046875, 173.8017578125, 1.4950146675109863
v,60.994873046875, 173.802734375, -1.5140011310577393
i,0,2,3
i,5,8,10
i,13,15,12
i,17,20,21
i,24,25,26
i,27,28,29
i,30,31,32
i,33,34,35
i,36,38,39
i,40,41,42
i,43,45,46
i,48,50,47
i,52,54,51
i,55,56,57
i,58,59,60
i,61,62,63
i,64,65,66
i,67,68,69
i,70,71,72
i,73,74,75
i,76,77,78
i,79,80,81
i,82,84,85
i,86,88,89
i,91,93,90
i,94,96,97
i,99,101,98
i,102,104,105
i,111,113,114
i,118,120,121
i,123,125,122
i,0,1,2
i,11,4,5
i,5,6,8
i,6,7,8
i,8,9,10
i,10,11,5
i,13,14,15
i,17,18,19
i,21,22,16
i,22,23,16
i,17,19,20
i,21,16,17
i,36,37,38
i,43,44,45
i,48,49,50
i,52,53,54
i,82,83,84
i,86,87,88
i,91,92,93
i,94,95,96
i,99,100,101
i,102,103,104
i,107,108,110
i,108,109,110
i,116,117,115
i,117,106,115
i,106,107,114
i,107,110,111
i,111,112,113
i,107,111,114
i,114,115,106
i,118,119,120
i,123,124,125
n,-0.38929468393325806, -4.486941337585449, -0.0012933231191709638
n,2.6370420528110117e-05, 0.00039714734884910285, -4.50379753112793
n,-2.7330697776051238e-05, -0.00040658595389686525, 4.50379753112793
n,-2.6530975446803495e-05, -0.00040149319102056324, 4.50379753112793
n,0.2608611583709717, 3.0070254802703857, 3.3427443504333496
n,0.2760114073753357, 3.1079046726226807, 3.247913122177124
n,0.19865447282791138, 2.236825704574585, 3.9040157794952393
n,0.2151292860507965, 2.346247434616089, 3.8383638858795166
n,-4.486737251281738, 0.39154842495918274, 0.008328095078468323
n,-4.486743927001953, 0.3915494680404663, 0.0030326934065669775
n,-4.486913204193115, 0.389595091342926, 0.003917928319424391
n,4.48675537109375, -0.39138898253440857, 0.005791505333036184
n,4.486802101135254, -0.3908955156803131, -0.001451687072403729
n,4.4867706298828125, -0.39089435338974, 0.01674904115498066
n,-0.2615429162979126, -3.00750994682312, 3.3422555923461914
n,-0.2766813039779663, -3.1081507205963135, 3.2476208209991455
n,-0.1991710662841797, -2.237461566925049, 3.903625011444092
n,-0.2156144678592682, -2.346512794494629, 3.8381738662719727
n,0.08856046199798584, 0.9657897353172302, 4.398136138916016
n,0.09862729161977768, 1.0293827056884766, 4.383472919464111
n,-0.08908503502607346, -0.969571053981781, 4.397293567657471
n,-0.09868300706148148, -1.0302010774612427, 4.383279323577881
n,4.49382209777832, -0.299588143825531, 0.0
n,-0.3025056719779968, -4.493627071380615, 0.0
n,-4.471716403961182, 0.5366060137748718, 0.0
n,-4.4938225746154785, 0.2995881736278534, 8.921753033064306e-05
n,0.3019566237926483, 4.493663787841797, 0.0013382156612351537
n,4.47152042388916, -0.538238525390625, 0.0
n,0.3888118267059326, 4.486983299255371, 0.0
n,-4.486952781677246, 0.3891575038433075, 0.0
n,4.4867377281188965, -0.3916333019733429, 0.0
n,-0.3902016580104828, -4.486862659454346, 0.0
n,-5.90141280554235e-05, 0.0004061439249198884, -4.50379753112793
n,2.7238118491368368e-05, 0.00040714326314628124, -4.50379753112793
n,2.6783072826219723e-05, 0.0004040205094497651, -4.50379753112793
n,0.0, 0.0003993953869212419, -4.50379753112793
n,2.6402793082525022e-05, 0.0003972344275098294, -4.50379753112793
n,-2.6464640541234985e-05, -0.00039999623550102115, 4.50379753112793
n,-3.649087011581287e-05, -0.0003987930831499398, 4.50379753112793
n,-2.3757944290991873e-05, -0.00040106632513925433, 4.50379753112793
n,-3.619166818680242e-05, -0.00039552320959046483, 4.50379753112793
n,-2.9519394956878386e-05, -0.000397873402107507, 4.50379753112793
n,-2.671223228389863e-05, -0.00040367411565966904, 4.50379753112793
n,-4.486913204193115, 0.38959574699401855, -0.0039345454424619675
n,-4.486952781677246, 0.3891574442386627, 0.00047235647798515856
n,4.486759662628174, -0.3913456201553345, 0.005449796561151743
n,4.486758232116699, -0.3913889229297638, 0.0016469296533614397
n,4.49382209777832, -0.299588143825531, 0.0
n,-0.3025056719779968, -4.493627071380615, 0.0
n,-4.471716403961182, 0.536605954170227, 0.0
n,-4.4937520027160645, 0.300638347864151, 0.0
n,0.3028675317764282, 4.493602752685547, 0.0
n,4.47152042388916, -0.5382385849952698, 0.0
n,0.0, 4.50379753112793, 0.0
n,0.0, 4.50379753112793, 0.0
n,0.38192129135131836, 4.487575054168701, 0.0
n,0.38192126154899597, 4.487575054168701, 0.0
n,0.3892339766025543, 4.486927032470703, -0.013101114891469479
n,0.41039666533470154, 4.485049247741699, -0.010134628042578697
n,0.3888118267059326, 4.486983299255371, 0.0
n,0.3888115882873535, 4.486980438232422, 0.005347930360585451
n,0.4103972911834717, 4.485055923461914, 0.006054436322301626
n,-4.486952781677246, 0.3891575038433075, 0.0
n,4.486762523651123, -0.39134541153907776, -0.00011280203761998564
u,0.9732701778411865, 0.988908588886261, 0
u,0.4921722114086151, 0.6379309892654419, 0
u,0.9732701778411865, 0.6379309892654419, 0
u,0.0, 0.0, 0
u,0.0, 0.0, 0
u,0.0, 0.0, 0
u,0.4706884026527405, 0.002178699942305684, 0
u,0.0074928998947143555, 0.032701101154088974, 0
u,0.007498300168663263, 0.011465400457382202, 0
u,0.47224611043930054, 0.032701101154088974, 0
u,0.4801436960697174, 0.040465500205755234, 0
u,0.0, 0.040465500205755234, 0
u,0.4957062005996704, 0.06950739771127701, 0
u,0.49570828676223755, 0.09306629747152328, 0
u,0.0, 0.09272100031375885, 0
u,1.5800000255694613e-05, 0.06997250020503998, 0
u,0.4957062005996704, 0.06950739771127701, 0
u,0.0, 0.09272100031375885, 0
u,0.49570828676223755, 0.042596399784088135, 0
u,0.4957062005996704, 0.06950739771127701, 0
u,1.5800000255694613e-05, 0.06997250020503998, 0
u,4.039999839733355e-05, 0.0443308986723423, 0
u,0.49570828676223755, 0.042596399784088135, 0
u,1.5800000255694613e-05, 0.06997250020503998, 0
u,0.5652101039886475, 0.3668307065963745, 0
u,0.5526295900344849, 0.44839349389076233, 0
u,0.5526295900344849, 0.3880544900894165, 0
u,0.5459883213043213, 0.41723740100860596, 0
u,0.5526295900344849, 0.3880544900894165, 0
u,0.5526295900344849, 0.44839349389076233, 0
u,0.5799995064735413, 0.35091280937194824, 0
u,0.5652101039886475, 0.4710525870323181, 0
u,0.5652101039886475, 0.3668307065963745, 0
u,0.5831701755523682, 0.4897524118423462, 0
u,0.5972660779953003, 0.375223308801651, 0
u,0.5972660779953003, 0.4745751917362213, 0
u,0.5972660779953003, 0.4745751917362213, 0
u,0.6092566251754761, 0.39681941270828247, 0
u,0.6092566251754761, 0.45433878898620605, 0
u,0.6155865788459778, 0.4265139102935791, 0
u,0.6092566251754761, 0.45433878898620605, 0
u,0.6092566251754761, 0.39681941270828247, 0
u,3.299999889350147e-06, 0.11947289854288101, 0
u,0.0, 0.09533470124006271, 0
u,0.5078542232513428, 0.09534890204668045, 0
u,0.5078480243682861, 0.11866120249032974, 0
u,3.299999889350147e-06, 0.11947289854288101, 0
u,0.5078542232513428, 0.09534890204668045, 0
u,0.0, 0.14704589545726776, 0
u,3.299999889350147e-06, 0.11947289854288101, 0
u,0.5078480243682861, 0.11866120249032974, 0
u,0.5078330039978027, 0.14494040608406067, 0
u,0.0, 0.14704589545726776, 0
u,0.5078480243682861, 0.11866120249032974, 0
u,0.9962990283966064, 0.11561869829893112, 0
u,0.996177613735199, 0.14778339862823486, 0
u,0.5107632279396057, 0.14778339862823486, 0
u,0.5109086036682129, 0.1175576001405716, 0
u,0.9962990283966064, 0.11561869829893112, 0
u,0.5107632279396057, 0.14778339862823486, 0
u,0.4990215003490448, 0.0927916020154953, 0
u,0.49916529655456543, 0.06085190176963806, 0
u,0.9811580777168274, 0.06085190176963806, 0
u,0.981006383895874, 0.09087660163640976, 0
u,0.4990215003490448, 0.0927916020154953, 0
u,0.9811580777168274, 0.06085190176963806, 0
u,0.9784734845161438, 0.48275861144065857, 0
u,0.9976981282234192, 0.5031958818435669, 0
u,0.9784734845161438, 0.5031958818435669, 0
u,0.9784734845161438, 0.9668043851852417, 0
u,0.9976981282234192, 0.5031958818435669, 0
u,0.9976981282234192, 0.9668043851852417, 0
u,0.9784734845161438, 0.9962202906608582, 0
u,0.9976981282234192, 0.9668043851852417, 0
u,0.9976981282234192, 0.9962202906608582, 0
u,0.0, 0.48884379863739014, 0
u,0.027689900249242783, 0.15111319720745087, 0
u,0.027689900249242783, 0.48884379863739014, 0
u,0.5053538084030151, 0.15111319720745087, 0
u,0.027689900249242783, 0.48884379863739014, 0
u,0.027689900249242783, 0.15111319720745087, 0
u,0.5422970056533813, 0.15111319720745087, 0
u,0.5053538084030151, 0.48884379863739014, 0
u,0.5053538084030151, 0.15111319720745087, 0
u,0.47630730271339417, 0.6491969227790833, 0
u,0.012719700112938881, 0.6699157953262329, 0
u,0.012719700112938881, 0.6491969227790833, 0
u,0.0029353999998420477, 0.6268715262413025, 0
u,0.341549813747406, 0.4898580014705658, 0
u,0.341549813747406, 0.6268715262413025, 0
u,0.6898863911628723, 0.4898580014705658, 0
u,0.35127198696136475, 0.6268956065177917, 0
u,0.35127198696136475, 0.4898580014705658, 0
u,0.9732701778411865, 0.988908588886261, 0
u,0.4921722114086151, 0.988908588886261, 0
u,0.4921722114086151, 0.6379309892654419, 0
u,0.0, 0.0, 0
u,0.0, 0.0, 0
u,0.0, 0.0, 0
u,0.0, 0.0, 0
u,0.0, 0.0, 0
u,0.0, 0.0, 0
u,0.0, 0.0, 0
u,0.0, 0.0, 0
u,0.0, 0.0, 0
u,0.0, 0.0, 0
u,0.0, 0.0, 0
u,0.0, 0.0, 0
u,0.0, 0.0, 0
u,0.0, 0.0, 0
u,0.0, 0.0, 0
u,0.4706884026527405, 0.002178699942305684, 0
u,0.47224611043930054, 0.032701101154088974, 0
u,0.0074928998947143555, 0.032701101154088974, 0
u,0.47224611043930054, 0.032701101154088974, 0
u,0.4706884026527405, 0.002178699942305684, 0
u,0.47818198800086975, 0.0020284000784158707, 0
u,0.0, 0.040465500205755234, 0
u,7.3999999585794285e-06, 0.011615600436925888, 0
u,0.0074928998947143555, 0.032701101154088974, 0
u,7.3999999585794285e-06, 0.011615600436925888, 0
u,0.007498300168663263, 0.011465400457382202, 0
u,0.0074928998947143555, 0.032701101154088974, 0
u,0.47224611043930054, 0.032701101154088974, 0
u,0.47818198800086975, 0.0020284000784158707, 0
u,0.4801436960697174, 0.040465500205755234, 0
u,0.0, 0.040465500205755234, 0
u,0.0074928998947143555, 0.032701101154088974, 0
u,0.47224611043930054, 0.032701101154088974, 0
u,0.5652101039886475, 0.3668307065963745, 0
u,0.5652101039886475, 0.4710525870323181, 0
u,0.5526295900344849, 0.44839349389076233, 0
u,0.5799995064735413, 0.35091280937194824, 0
u,0.5799995064735413, 0.48804691433906555, 0
u,0.5652101039886475, 0.4710525870323181, 0
u,0.5831701755523682, 0.4897524118423462, 0
u,0.5831701755523682, 0.35902640223503113, 0
u,0.5972660779953003, 0.375223308801651, 0
u,0.5972660779953003, 0.4745751917362213, 0
u,0.5972660779953003, 0.375223308801651, 0
u,0.6092566251754761, 0.39681941270828247, 0
u,0.9784734845161438, 0.48275861144065857, 0
u,0.9976981282234192, 0.48275861144065857, 0
u,0.9976981282234192, 0.5031958818435669, 0
u,0.9784734845161438, 0.9668043851852417, 0
u,0.9784734845161438, 0.5031958818435669, 0
u,0.9976981282234192, 0.5031958818435669, 0
u,0.9784734845161438, 0.9962202906608582, 0
u,0.9784734845161438, 0.9668043851852417, 0
u,0.9976981282234192, 0.9668043851852417, 0
u,0.0, 0.48884379863739014, 0
u,0.0, 0.15111319720745087, 0
u,0.027689900249242783, 0.15111319720745087, 0
u,0.5053538084030151, 0.15111319720745087, 0
u,0.5053538084030151, 0.48884379863739014, 0
u,0.027689900249242783, 0.48884379863739014, 0
u,0.5422970056533813, 0.15111319720745087, 0
u,0.5422970056533813, 0.48884379863739014, 0
u,0.5053538084030151, 0.48884379863739014, 0
u,0.4840695858001709, 0.6379309892654419, 0
u,0.4840695858001709, 0.988908588886261, 0
u,0.48380741477012634, 0.6491969227790833, 0
u,0.4840695858001709, 0.988908588886261, 0
u,0.48380741477012634, 0.988908588886261, 0
u,0.48380741477012634, 0.6491969227790833, 0
u,0.005222400184720755, 0.988908588886261, 0
u,0.0029353999998420477, 0.988908588886261, 0
u,0.005222400184720755, 0.6491969227790833, 0
u,0.0029353999998420477, 0.988908588886261, 0
u,0.0029353999998420477, 0.6379309892654419, 0
u,0.005222400184720755, 0.6491969227790833, 0
u,0.0029353999998420477, 0.6379309892654419, 0
u,0.4840695858001709, 0.6379309892654419, 0
u,0.012719700112938881, 0.6491969227790833, 0
u,0.4840695858001709, 0.6379309892654419, 0
u,0.48380741477012634, 0.6491969227790833, 0
u,0.47630730271339417, 0.6491969227790833, 0
u,0.47630730271339417, 0.6491969227790833, 0
u,0.47630730271339417, 0.6699157953262329, 0
u,0.012719700112938881, 0.6699157953262329, 0
u,0.4840695858001709, 0.6379309892654419, 0
u,0.47630730271339417, 0.6491969227790833, 0
u,0.012719700112938881, 0.6491969227790833, 0
u,0.012719700112938881, 0.6491969227790833, 0
u,0.005222400184720755, 0.6491969227790833, 0
u,0.0029353999998420477, 0.6379309892654419, 0
u,0.0029353999998420477, 0.6268715262413025, 0
u,0.0029353999998420477, 0.4898580014705658, 0
u,0.341549813747406, 0.4898580014705658, 0
u,0.6898863911628723, 0.4898580014705658, 0
u,0.6898863911628723, 0.6268956065177917, 0
u,0.35127198696136475, 0.6268956065177917, 0
