s,185.322509765625, 75.1318359375, -0.6882743835449219
b,189.96435546875, 79.3349609375, 6.480714797973633
v,187.86181640625, 78.701171875, -0.6879935264587402
v,187.861328125, 78.701171875, 6.47396183013916
v,188.697021484375, 79.3349609375, 6.474057197570801
v,188.697509765625, 79.3349609375, -0.6878995895385742
v,187.86181640625, 78.701171875, -0.6879935264587402
v,187.861572265625, 78.701171875, -0.6879935264587402
v,188.697265625, 79.3349609375, -0.6878995895385742
v,189.96435546875, 77.662109375, -0.6878094673156738
v,189.142822265625, 77.0400390625, -0.6879019737243652
v,189.14306640625, 77.0390625, -0.6879019737243652
v,186.6025390625, 75.1318359375, -0.6881837844848633
v,185.322998046875, 76.822265625, -0.6882743835449219
v,188.912109375, 77.2119140625, 6.366347312927246
v,187.982666015625, 78.447265625, 6.366281509399414
v,187.879638671875, 78.341796875, 6.366270065307617
v,187.733154296875, 78.0478515625, 6.366249084472656
v,187.733642578125, 77.7529296875, 6.366243362426758
v,187.849853515625, 77.4921875, 6.366249084472656
v,188.038330078125, 77.29296875, 6.366263389587402
v,188.26171875, 77.1484375, 6.366283416748047
v,188.619384765625, 77.1083984375, 6.366316795349121
v,188.87353515625, 77.18359375, 6.3663434982299805
v,187.982666015625, 78.447265625, 6.366281509399414
v,188.912109375, 77.2119140625, 6.366347312927246
v,188.96142578125, 77.2470703125, 6.453281402587891
v,188.0224609375, 78.48828125, 6.4467058181762695
v,188.87353515625, 77.18359375, 6.298440933227539
v,188.619384765625, 77.1083984375, 5.944614410400391
v,188.26171875, 77.1484375, 5.570982933044434
v,188.03857421875, 77.29296875, 5.440506935119629
v,187.849853515625, 77.4921875, 5.396048545837402
v,187.733642578125, 77.7529296875, 5.486842155456543
v,187.733154296875, 78.0478515625, 5.7389421463012695
v,187.879638671875, 78.341796875, 6.158231735229492
v,187.982666015625, 78.447265625, 6.366281509399414
v,188.0224609375, 78.48828125, 6.4467058181762695
v,187.861328125, 78.701171875, 6.4455766677856445
v,185.322509765625, 76.822265625, 1.9415950775146484
v,186.602294921875, 75.1318359375, 1.9510126113891602
v,189.142578125, 77.0390625, 6.480714797973633
v,188.281005859375, 78.17578125, 6.473992347717285
v,189.13818359375, 77.0361328125, 6.474053382873535
v,189.127197265625, 77.0283203125, 6.454442977905273
v,188.96142578125, 77.2470703125, 6.453281402587891
v,188.912109375, 77.2119140625, 6.366347312927246
v,189.13818359375, 77.0361328125, 6.474053382873535
v,188.281005859375, 78.17578125, 6.473992347717285
v,189.14208984375, 77.0390625, 6.474053382873535
v,189.96337890625, 77.6611328125, 6.474146842956543
v,188.69677734375, 79.3349609375, 6.474057197570801
v,187.861083984375, 78.701171875, 6.47396183013916
v,189.127197265625, 77.0283203125, 6.474051475524902
v,188.619384765625, 77.1083984375, 5.944614410400391
v,188.87353515625, 77.18359375, 6.298440933227539
v,188.87353515625, 77.18359375, 6.3663434982299805
v,188.619384765625, 77.1083984375, 6.366316795349121
v,188.26171875, 77.1484375, 5.570982933044434
v,188.619384765625, 77.1083984375, 5.944614410400391
v,188.619384765625, 77.1083984375, 6.366316795349121
v,188.26171875, 77.1484375, 6.366283416748047
v,188.03857421875, 77.29296875, 5.440506935119629
v,188.26171875, 77.1484375, 5.570982933044434
v,188.26171875, 77.1484375, 6.366283416748047
v,188.038330078125, 77.29296875, 6.366263389587402
v,187.849853515625, 77.4921875, 5.396048545837402
v,188.03857421875, 77.29296875, 5.440506935119629
v,188.038330078125, 77.29296875, 6.366263389587402
v,187.849853515625, 77.4921875, 6.366249084472656
v,187.733642578125, 77.7529296875, 5.486842155456543
v,187.849853515625, 77.4921875, 5.396048545837402
v,187.849853515625, 77.4921875, 6.366249084472656
v,187.733642578125, 77.7529296875, 6.366243362426758
v,187.733154296875, 78.0478515625, 5.7389421463012695
v,187.733642578125, 77.7529296875, 5.486842155456543
v,187.733642578125, 77.7529296875, 6.366243362426758
v,187.733154296875, 78.0478515625, 6.366249084472656
v,187.879638671875, 78.341796875, 6.158231735229492
v,187.733154296875, 78.0478515625, 5.7389421463012695
v,187.733154296875, 78.0478515625, 6.366249084472656
v,187.879638671875, 78.341796875, 6.366270065307617
v,187.982666015625, 78.447265625, 6.366281509399414
v,187.879638671875, 78.341796875, 6.158231735229492
v,187.879638671875, 78.341796875, 6.366270065307617
v,188.87353515625, 77.18359375, 6.298440933227539
v,188.912109375, 77.2119140625, 6.366347312927246
v,188.87353515625, 77.18359375, 6.3663434982299805
v,186.602294921875, 75.1318359375, 1.9510126113891602
v,185.322509765625, 76.822265625, 1.9415950775146484
v,185.322998046875, 76.822265625, -0.6882743835449219
v,186.6025390625, 75.1318359375, -0.6881837844848633
v,187.86181640625, 78.701171875, -0.6879935264587402
v,185.322998046875, 76.822265625, -0.6882743835449219
v,185.322509765625, 76.822265625, 1.9415950775146484
v,187.861328125, 78.701171875, 6.4455766677856445
v,189.14208984375, 77.0390625, 6.474053382873535
v,188.281005859375, 78.17578125, 6.473992347717285
v,189.142578125, 77.0390625, 6.480714797973633
v,189.14306640625, 77.0390625, -0.6879019737243652
v,189.142822265625, 77.0400390625, -0.6879019737243652
v,189.14306640625, 77.0390625, -0.6879019737243652
v,189.142578125, 77.0390625, 6.480714797973633
v,186.602294921875, 75.1318359375, 1.9510126113891602
v,186.6025390625, 75.1318359375, -0.6881837844848633
v,188.69677734375, 79.3349609375, 6.474057197570801
v,189.96337890625, 77.6611328125, 6.474146842956543
v,189.96435546875, 77.662109375, -0.6878094673156738
v,188.697265625, 79.3349609375, -0.6878995895385742
v,189.14208984375, 77.0390625, 6.474053382873535
v,189.142822265625, 77.0400390625, -0.6879019737243652
v,189.96435546875, 77.662109375, -0.6878094673156738
v,189.96337890625, 77.6611328125, 6.474146842956543
v,189.127197265625, 77.0283203125, 6.454442977905273
v,189.127197265625, 77.0283203125, 6.474051475524902
v,187.861083984375, 78.701171875, 6.47396183013916
v,187.861572265625, 78.701171875, -0.6879935264587402
v,187.86181640625, 78.701171875, -0.6879935264587402
v,187.861328125, 78.701171875, 6.4455766677856445
v,188.0224609375, 78.48828125, 6.4467058181762695
v,188.96142578125, 77.2470703125, 6.453281402587891
v,189.127197265625, 77.0283203125, 6.454442977905273
v,189.13818359375, 77.0361328125, 6.474053382873535
v,189.127197265625, 77.0283203125, 6.474051475524902
i,1,3,0
i,4,8,10
i,18,20,12
i,22,24,25
i,29,30,38
i,50,51,46
i,53,55,52
i,57,59,56
i,61,63,60
i,65,67,64
i,68,70,71
i,72,74,75
i,76,78,79
i,80,81,82
i,83,84,85
i,87,89,86
i,90,92,93
i,97,98,94
i,99,101,102
i,103,105,106
i,108,110,107
i,113,114,116
i,119,120,121
i,1,2,3
i,4,5,6
i,6,7,8
i,8,9,10
i,10,11,4
i,4,6,8
i,21,12,20
i,12,13,18
i,13,14,17
i,14,15,16
i,17,14,16
i,17,18,13
i,18,19,20
i,22,23,24
i,34,35,36
i,36,37,32
i,37,38,30
i,32,37,31
i,39,40,41
i,42,43,44
i,39,41,42
i,33,34,36
i,32,33,36
i,38,39,42
i,42,44,26
i,42,26,27
i,31,37,30
i,38,42,27
i,38,27,28
i,38,28,29
i,51,45,46
i,46,47,48
i,48,49,46
i,49,50,46
i,53,54,55
i,57,58,59
i,61,62,63
i,65,66,67
i,68,69,70
i,72,73,74
i,76,77,78
i,87,88,89
i,90,91,92
i,94,95,96
i,96,97,94
i,99,100,101
i,103,104,105
i,108,109,110
i,118,111,112
i,117,118,113
i,118,112,113
i,116,117,113
i,114,115,116
n,-2.719832181930542, 3.589806079864502, -0.0002470318286214024
n,0.0004341831954661757, 8.672761759953573e-05, -4.50379753112793
n,-0.0004400727921165526, -8.337878534803167e-05, 4.50379753112793
n,-2.9476118087768555, -2.2160632610321045, 2.5855062007904053
n,-2.945183753967285, -2.218372106552124, 2.5862929821014404
n,-0.00046407707850448787, -0.00010955890320474282, 4.50379753112793
n,1.281984567642212, -4.317488193511963, 0.0
n,-0.4991476237773895, -4.476052284240723, 0.0
n,-2.4520866870880127, -3.777758836746216, -0.0005743280053138733
n,-3.2655253410339355, -3.101699113845825, -0.0007298148702830076
n,-4.1144938468933105, -1.831701636314392, 0.0
n,-4.503792762756348, -0.006623224355280399, 0.0
n,-4.030694007873535, 2.009402275085449, 0.0
n,-3.227363109588623, 3.141388177871704, 0.0
n,2.639188766479492, -3.649503231048584, 0.0
n,-3.5908408164978027, -2.718465566635132, -0.0002950160705950111
n,-2.6795876026153564, 3.6199450492858887, -0.0002443073899485171
n,4.028318881988525, 2.0141594409942627, 0.0006097943987697363
n,2.7039012908935547, -3.601820468902588, 0.00022214693308342248
n,3.59049129486084, 2.7189269065856934, 0.00032611037022434175
n,2.71863055229187, -3.5907158851623535, -0.00018791838374454528
n,0.0, -4.50379753112793, 0.0
n,2.6315903663635254, -3.6549863815307617, 0.0
n,-2.719831943511963, 3.589805841445923, -0.00024703177041374147
n,0.0, 0.0006687734858132899, -4.50379753112793
n,0.00044001630158163607, 9.037910058395937e-05, -4.50379753112793
n,0.0003629946440923959, 0.00018149732204619795, -4.50379753112793
n,0.000433773995609954, 8.68719580466859e-05, -4.50379753112793
n,0.00043855211697518826, 9.009494533529505e-05, -4.50379753112793
n,-0.0004433059657458216, -7.421593909384683e-05, 4.50379753112793
n,-0.000440753239672631, -9.066974598681554e-05, 4.50379753112793
n,-0.00042317461338825524, -9.281452366849408e-05, 4.50379753112793
n,-0.0004416594747453928, -9.120149479713291e-05, 4.50379753112793
n,-0.00043714072671718895, -9.232285810867324e-05, 4.50379753112793
n,-0.0004391529073473066, -9.059248986886814e-05, 4.50379753112793
n,-0.0004334821132943034, -6.264749390538782e-05, 4.50379753112793
n,-2.9485645294189453, -2.216975450515747, 2.58363676071167
n,-2.948154926300049, -2.2154111862182617, 2.5854451656341553
n,-2.9466657638549805, -2.2168095111846924, 2.5859439373016357
n,-2.9469821453094482, -2.2166213989257812, 2.585745334625244
n,-2.9477484226226807, -2.215181350708008, 2.5861055850982666
n,-2.8726401329040527, -2.160346746444702, 2.7138595581054688
n,-2.9452195167541504, -2.221484899520874, 2.5835790634155273
n,-0.31244921684265137, -4.1123833656311035, 1.8096606731414795
n,-2.9477126598358154, -2.2153687477111816, 2.5859858989715576
n,-2.9505882263183594, -2.2139010429382324, 2.583962917327881
n,-3.04931378364563, -2.07576322555542, 2.584005355834961
n,-2.9472496509552, -2.2274768352508545, 2.5760936737060547
n,-2.946589946746826, -2.213975191116333, 2.5884573459625244
n,-2.9482316970825195, -2.214395761489868, 2.586228132247925
n,-2.944845199584961, -2.219294548034668, 2.5858867168426514
n,-2.947399854660034, -2.216188669204712, 2.5856399536132812
n,-2.949216365814209, -2.214134931564331, 2.5853283405303955
n,-0.0005690781981684268, -0.00018700021610129625, 4.50379753112793
n,-0.00044095460907556117, -9.236034384230152e-05, 4.50379753112793
n,-0.00044086072011850774, -9.205369133269414e-05, 4.50379753112793
n,-0.00044176485971547663, -9.17293582460843e-05, 4.50379753112793
n,1.281984567642212, -4.317488193511963, 0.0
n,-0.4991476237773895, -4.476052284240723, 0.0
n,-2.4506473541259766, -3.7786927223205566, 0.0
n,-3.2656068801879883, -3.1016135215759277, -0.0007648707833141088
n,-4.113342761993408, -1.8342857360839844, -0.0009192941943183541
n,-4.503792762756348, -0.006623224355280399, 0.0
n,-4.030694007873535, 2.00940203666687, 0.0
n,-3.5910632610321045, -2.7181715965270996, -0.0005921614356338978
n,-2.6797196865081787, 3.619847536087036, -0.0004418820608407259
n,3.585691213607788, 2.7152392864227295, -0.23342326283454895
n,0.0, 4.50379753112793, 0.0
n,2.7039170265197754, -3.601808786392212, 0.00024535806733183563
n,3.591392993927002, 2.717735528945923, 0.0007640449330210686
n,2.718174457550049, -3.5910611152648926, -0.00010570786980679259
n,-3.587604284286499, -2.7227354049682617, 0.0
n,-3.5917909145355225, -2.717153549194336, -0.017542732879519463
n,-3.5906283855438232, -2.7176308631896973, 0.07786999642848969
n,-3.592359781265259, -2.7163195610046387, -0.027441412210464478
n,0.0, -4.50379753112793, 0.0
u,0.5390781760215759, 0.135857492685318, 0
u,0.5959274768829346, 0.9991859197616577, 0
u,0.5390781760215759, 0.9991859197616577, 0
u,0.0, 0.0, 0
u,0.0, 0.0, 0
u,0.0, 0.0, 0
u,0.9434834122657776, 0.301052987575531, 0
u,0.9143093824386597, 0.25489911437034607, 0
u,0.9088175892829895, 0.2162857949733734, 0
u,0.7870563864707947, 0.9772509932518005, 0
u,0.888640284538269, 0.9928643703460693, 0
u,0.7864794731140137, 0.9915838241577148, 0
u,0.8498631715774536, 0.8123236894607544, 0
u,0.831980288028717, 0.8043813109397888, 0
u,0.9067332744598389, 0.1904764026403427, 0
u,0.8918347954750061, 0.18257799744606018, 0
u,0.7685371041297913, 0.18262800574302673, 0
u,0.8523306250572205, 0.18025149405002594, 0
u,0.12698470056056976, 0.11684779822826385, 0
u,0.11184489727020264, 0.12547369301319122, 0
u,0.11184489727020264, 0.07190389931201935, 0
u,0.11184489727020264, 0.07190389931201935, 0
u,0.09127020090818405, 0.12547369301319122, 0
u,0.09127020090818405, 0.024445200338959694, 0
u,0.09127020090818405, 0.024445200338959694, 0
u,0.07605999708175659, 0.12547369301319122, 0
u,0.07605999708175659, 0.007872800342738628, 0
u,0.07605999708175659, 0.007872800342738628, 0
u,0.06038819998502731, 0.12547369301319122, 0
u,0.06038819998502731, 0.0022271000780165195, 0
u,0.0440714992582798, 0.01376159954816103, 0
u,0.06038819998502731, 0.12547369301319122, 0
u,0.0440714992582798, 0.12547369301319122, 0
u,0.027233099564909935, 0.04578569903969765, 0
u,0.0440714992582798, 0.12547369301319122, 0
u,0.027233099564909935, 0.12547369301319122, 0
u,0.008439299650490284, 0.09904620051383972, 0
u,0.027233099564909935, 0.12547369301319122, 0
u,0.008439299650490284, 0.12547369301319122, 0
u,0.0, 0.12547369301319122, 0
u,0.008439299650490284, 0.09904620051383972, 0
u,0.008439299650490284, 0.12547369301319122, 0
u,0.12698470056056976, 0.11684779822826385, 0
u,0.1297072023153305, 0.12547369301319122, 0
u,0.12698470056056976, 0.12547369301319122, 0
u,0.17191949486732483, 0.44950929284095764, 0
u,0.2873102128505707, 0.1314031034708023, 0
u,0.2873102128505707, 0.4506374001502991, 0
u,0.0, 0.1314031034708023, 0
u,0.17191949486732483, 0.44950929284095764, 0
u,0.0, 0.9942721128463745, 0
u,0.4602065086364746, 0.1314031034708023, 0
u,0.46025219559669495, 0.1314031034708023, 0
u,0.46025219559669495, 0.9977055788040161, 0
u,0.4602065086364746, 0.1314031034708023, 0
u,0.2873102128505707, 0.4506374001502991, 0
u,0.2873102128505707, 0.1314031034708023, 0
u,0.5959274768829346, 0.135857492685318, 0
u,0.709751307964325, 0.9991859197616577, 0
u,0.5959274768829346, 0.9991859197616577, 0
u,0.7656357884407043, 0.9991859197616577, 0
u,0.709751307964325, 0.135857492685318, 0
u,0.7656357884407043, 0.135857492685318, 0
u,0.9088175892829895, 0.9955456852912903, 0
u,0.9088175892829895, 0.30810078978538513, 0
u,0.9088343977928162, 0.9928209781646729, 0
u,0.5390781760215759, 0.13262219727039337, 0
u,0.5400428771972656, 0.13262219727039337, 0
u,0.5397247076034546, 0.13363030552864075, 0
u,0.5390781760215759, 0.135857492685318, 0
u,0.5959274768829346, 0.135857492685318, 0
u,0.5959274768829346, 0.9991859197616577, 0
u,0.0, 0.0, 0
u,0.0, 0.0, 0
u,0.0, 0.0, 0
u,0.0, 0.0, 0
u,0.0, 0.0, 0
u,0.0, 0.0, 0
u,0.0, 0.0, 0
u,0.0, 0.0, 0
u,0.0, 0.0, 0
u,0.0, 0.0, 0
u,0.0, 0.0, 0
u,0.0, 0.0, 0
u,0.0, 0.0, 0
u,0.0, 0.0, 0
u,0.0, 0.0, 0
u,0.9088674187660217, 0.22250330448150635, 0
u,0.9088175892829895, 0.2162857949733734, 0
u,0.9143093824386597, 0.25489911437034607, 0
u,0.9088175892829895, 0.2162857949733734, 0
u,0.9996362924575806, 0.2162857949733734, 0
u,0.9434834122657776, 0.301052987575531, 0
u,0.9996362924575806, 0.2162857949733734, 0
u,0.9983090758323669, 0.23533490300178528, 0
u,0.9594833850860596, 0.3051224946975708, 0
u,0.9983090758323669, 0.23533490300178528, 0
u,0.9896684288978577, 0.273725301027298, 0
u,0.9758279919624329, 0.2968083918094635, 0
u,0.9594833850860596, 0.3051224946975708, 0
u,0.9983090758323669, 0.23533490300178528, 0
u,0.9758279919624329, 0.2968083918094635, 0
u,0.9594833850860596, 0.3051224946975708, 0
u,0.9434834122657776, 0.301052987575531, 0
u,0.9996362924575806, 0.2162857949733734, 0
u,0.9434834122657776, 0.301052987575531, 0
u,0.9288061261177063, 0.2891075909137726, 0
u,0.9143093824386597, 0.25489911437034607, 0
u,0.7870563864707947, 0.9772509932518005, 0
u,0.8885728716850281, 0.9773706793785095, 0
u,0.888640284538269, 0.9928643703460693, 0
u,0.7870563864707947, 0.9772509932518005, 0
u,0.7864794731140137, 0.9915838241577148, 0
u,0.768932580947876, 0.9913638234138489, 0
u,0.768932580947876, 0.9913638234138489, 0
u,0.7675350904464722, 0.18864980340003967, 0
u,0.7982249855995178, 0.8654568195343018, 0
u,0.7675350904464722, 0.18864980340003967, 0
u,0.9067332744598389, 0.1904764026403427, 0
u,0.831980288028717, 0.8043813109397888, 0
u,0.7982249855995178, 0.8654568195343018, 0
u,0.7675350904464722, 0.18864980340003967, 0
u,0.8137065172195435, 0.8205432295799255, 0
u,0.9067332744598389, 0.9977728128433228, 0
u,0.8130453824996948, 0.996475100517273, 0
u,0.9066793918609619, 0.996585488319397, 0
u,0.906683087348938, 0.9930905103683472, 0
u,0.888640284538269, 0.9928643703460693, 0
u,0.8885728716850281, 0.9773706793785095, 0
u,0.9067332744598389, 0.9977728128433228, 0
u,0.9066793918609619, 0.996585488319397, 0
u,0.906683087348938, 0.9930905103683472, 0
u,0.7885485887527466, 0.9401732087135315, 0
u,0.7870563864707947, 0.9772509932518005, 0
u,0.768932580947876, 0.9913638234138489, 0
u,0.7982249855995178, 0.8654568195343018, 0
u,0.7885485887527466, 0.9401732087135315, 0
u,0.768932580947876, 0.9913638234138489, 0
u,0.9067332744598389, 0.1904764026403427, 0
u,0.9067332744598389, 0.9977728128433228, 0
u,0.906683087348938, 0.9930905103683472, 0
u,0.906683087348938, 0.9930905103683472, 0
u,0.8885728716850281, 0.9773706793785095, 0
u,0.8885203003883362, 0.965268075466156, 0
u,0.906683087348938, 0.9930905103683472, 0
u,0.8885203003883362, 0.965268075466156, 0
u,0.8824521899223328, 0.9022017121315002, 0
u,0.8137065172195435, 0.8205432295799255, 0
u,0.7675350904464722, 0.18864980340003967, 0
u,0.831980288028717, 0.8043813109397888, 0
u,0.9067332744598389, 0.1904764026403427, 0
u,0.906683087348938, 0.9930905103683472, 0
u,0.8824521899223328, 0.9022017121315002, 0
u,0.9067332744598389, 0.1904764026403427, 0
u,0.8824521899223328, 0.9022017121315002, 0
u,0.8662638068199158, 0.8355950117111206, 0
u,0.9067332744598389, 0.1904764026403427, 0
u,0.8662638068199158, 0.8355950117111206, 0
u,0.8498631715774536, 0.8123236894607544, 0
u,0.7685371041297913, 0.18262800574302673, 0
u,0.7685371041297913, 0.1808318942785263, 0
u,0.8523306250572205, 0.18025149405002594, 0
u,0.8523306250572205, 0.18025149405002594, 0
u,0.7685371041297913, 0.18022219836711884, 0
u,0.7685371041297913, 0.04566289857029915, 0
u,0.7685371041297913, 0.04566289857029915, 0
u,0.891839325428009, 0.045695699751377106, 0
u,0.8523306250572205, 0.18025149405002594, 0
u,0.891839325428009, 0.045695699751377106, 0
u,0.8918347954750061, 0.18257799744606018, 0
u,0.8523306250572205, 0.18025149405002594, 0
u,0.12698470056056976, 0.11684779822826385, 0
u,0.12698470056056976, 0.12547369301319122, 0
u,0.11184489727020264, 0.12547369301319122, 0
u,0.11184489727020264, 0.07190389931201935, 0
u,0.11184489727020264, 0.12547369301319122, 0
u,0.09127020090818405, 0.12547369301319122, 0
u,0.09127020090818405, 0.024445200338959694, 0
u,0.09127020090818405, 0.12547369301319122, 0
u,0.07605999708175659, 0.12547369301319122, 0
u,0.07605999708175659, 0.007872800342738628, 0
u,0.07605999708175659, 0.12547369301319122, 0
u,0.06038819998502731, 0.12547369301319122, 0
u,0.0440714992582798, 0.01376159954816103, 0
u,0.06038819998502731, 0.0022271000780165195, 0
u,0.06038819998502731, 0.12547369301319122, 0
u,0.027233099564909935, 0.04578569903969765, 0
u,0.0440714992582798, 0.01376159954816103, 0
u,0.0440714992582798, 0.12547369301319122, 0
u,0.008439299650490284, 0.09904620051383972, 0
u,0.027233099564909935, 0.04578569903969765, 0
u,0.027233099564909935, 0.12547369301319122, 0
u,0.17191949486732483, 0.44950929284095764, 0
u,0.17191949486732483, 0.1314031034708023, 0
u,0.2873102128505707, 0.1314031034708023, 0
u,0.0, 0.1314031034708023, 0
u,0.17191949486732483, 0.1314031034708023, 0
u,0.17191949486732483, 0.44950929284095764, 0
u,0.46025219559669495, 0.9977055788040161, 0
u,0.5378708243370056, 0.9977055788040161, 0
u,0.4602065086364746, 0.9985113143920898, 0
u,0.4602065086364746, 0.9985113143920898, 0
u,0.4602065086364746, 0.1314031034708023, 0
u,0.46025219559669495, 0.9977055788040161, 0
u,0.4602065086364746, 0.1314031034708023, 0
u,0.4602065086364746, 0.9985113143920898, 0
u,0.2873102128505707, 0.4506374001502991, 0
u,0.5959274768829346, 0.135857492685318, 0
u,0.709751307964325, 0.135857492685318, 0
u,0.709751307964325, 0.9991859197616577, 0
u,0.7656357884407043, 0.9991859197616577, 0
u,0.709751307964325, 0.9991859197616577, 0
u,0.709751307964325, 0.135857492685318, 0
u,0.9875802993774414, 0.993553102016449, 0
u,0.9994490742683411, 0.9936633706092834, 0
u,0.9994490742683411, 0.9955456852912903, 0
u,0.9203770160675049, 0.9929283857345581, 0
u,0.9875802993774414, 0.993553102016449, 0
u,0.9088175892829895, 0.9955456852912903, 0
u,0.9875802993774414, 0.993553102016449, 0
u,0.9994490742683411, 0.9955456852912903, 0
u,0.9088175892829895, 0.9955456852912903, 0
u,0.9088343977928162, 0.9928209781646729, 0
u,0.9203770160675049, 0.9929283857345581, 0
u,0.9088175892829895, 0.9955456852912903, 0
u,0.9088175892829895, 0.30810078978538513, 0
u,0.9088343977928162, 0.30810078978538513, 0
u,0.9088343977928162, 0.9928209781646729, 0
