s,83.274658203125, 157.2412109375, -1.7623674869537354
b,88.052978515625, 158.3486328125, 1.1655664443969727
v,83.386474609375, 157.333984375, 1.1653928756713867
v,87.00732421875, 157.470703125, 1.1654915809631348
v,87.00732421875, 157.470703125, 0.9434566497802734
v,83.386474609375, 157.333984375, 0.9433579444885254
v,87.348388671875, 158.3310546875, -1.7621850967407227
v,87.34716796875, 158.3271484375, -1.7621855735778809
v,88.052978515625, 158.3486328125, -1.7621653079986572
v,87.785888671875, 157.4248046875, -1.7622430324554443
v,87.078857421875, 157.3984375, -1.762263536453247
v,87.074462890625, 157.3837890625, -1.7622647285461426
v,83.300048828125, 157.2421875, -1.7623674869537354
v,83.274658203125, 158.205078125, -1.7622945308685303
v,87.321044921875, 158.2373046875, -0.3254055976867676
v,87.104736328125, 157.4873046875, -0.3254685401916504
v,87.71826171875, 157.5107421875, -0.3254508972167969
v,87.93359375, 158.255859375, -0.32538843154907227
v,87.93359375, 158.255859375, -0.10335350036621094
v,87.71826171875, 157.5107421875, -0.10341596603393555
v,87.104736328125, 157.4873046875, -0.10343360900878906
v,87.07861328125, 157.3984375, -0.10344123840332031
v,87.78564453125, 157.4248046875, -0.10342073440551758
v,88.052978515625, 158.3486328125, -0.10334300994873047
v,87.346923828125, 158.326171875, -0.103363037109375
v,87.321044921875, 158.2373046875, -0.10337066650390625
v,83.36572265625, 158.119140625, 1.165452480316162
v,87.229248046875, 158.23828125, 1.1655559539794922
v,87.007080078125, 157.470703125, 1.1654915809631348
v,87.074462890625, 157.3837890625, 1.1654868125915527
v,87.348388671875, 158.3310546875, 1.1655664443969727
v,83.274658203125, 158.205078125, 1.1654572486877441
v,83.2998046875, 157.2412109375, 1.1653838157653809
v,83.38623046875, 157.333984375, 1.1653928756713867
v,83.38623046875, 157.333984375, 0.9433579444885254
v,87.007080078125, 157.470703125, 0.9434566497802734
v,87.229248046875, 158.23828125, 0.9435214996337891
v,83.36572265625, 158.119140625, 0.9434175491333008
v,87.007080078125, 157.470703125, 1.1654915809631348
v,83.38623046875, 157.333984375, 1.1653928756713867
v,83.2998046875, 157.2412109375, 1.1653838157653809
v,87.074462890625, 157.3837890625, 1.1654868125915527
v,87.321044921875, 158.2373046875, -0.10337066650390625
v,87.321044921875, 158.2373046875, -0.3254055976867676
v,87.93359375, 158.255859375, -0.32538843154907227
v,87.93359375, 158.255859375, -0.10335350036621094
v,87.71826171875, 157.5107421875, -0.10341596603393555
v,87.93359375, 158.255859375, -0.10335350036621094
v,87.93359375, 158.255859375, -0.32538843154907227
v,87.71826171875, 157.5107421875, -0.3254508972167969
v,87.104736328125, 157.4873046875, -0.3254685401916504
v,87.104736328125, 157.4873046875, -0.10343360900878906
v,87.71826171875, 157.5107421875, -0.10341596603393555
v,87.71826171875, 157.5107421875, -0.3254508972167969
v,87.34716796875, 158.3271484375, -1.7621855735778809
v,87.346923828125, 158.326171875, -0.103363037109375
v,88.052978515625, 158.3486328125, -0.10334300994873047
v,88.052978515625, 158.3486328125, -1.7621653079986572
v,88.052978515625, 158.3486328125, -0.10334300994873047
v,87.78564453125, 157.4248046875, -0.10342073440551758
v,87.785888671875, 157.4248046875, -1.7622430324554443
v,88.052978515625, 158.3486328125, -1.7621653079986572
v,87.07861328125, 157.3984375, -0.10344123840332031
v,87.078857421875, 157.3984375, -1.762263536453247
v,87.785888671875, 157.4248046875, -1.7622430324554443
v,87.78564453125, 157.4248046875, -0.10342073440551758
v,87.348388671875, 158.3310546875, 1.1655664443969727
v,87.074462890625, 157.3837890625, 1.1654868125915527
v,87.074462890625, 157.3837890625, -1.7622647285461426
v,87.078857421875, 157.3984375, -1.762263536453247
v,87.07861328125, 157.3984375, -0.10344123840332031
v,87.104736328125, 157.4873046875, -0.10343360900878906
v,87.104736328125, 157.4873046875, -0.3254685401916504
v,87.321044921875, 158.2373046875, -0.3254055976867676
v,87.321044921875, 158.2373046875, -0.10337066650390625
v,87.346923828125, 158.326171875, -0.103363037109375
v,87.34716796875, 158.3271484375, -1.7621855735778809
v,87.348388671875, 158.3310546875, -1.7621850967407227
v,83.274658203125, 158.205078125, -1.7622945308685303
v,83.274658203125, 158.205078125, 1.1654572486877441
v,87.348388671875, 158.3310546875, 1.1655664443969727
v,87.348388671875, 158.3310546875, -1.7621850967407227
v,87.074462890625, 157.3837890625, 1.1654868125915527
v,83.2998046875, 157.2412109375, 1.1653838157653809
v,83.300048828125, 157.2421875, -1.7623674869537354
v,87.074462890625, 157.3837890625, -1.7622647285461426
v,83.2998046875, 157.2412109375, 1.1653838157653809
v,83.274658203125, 158.205078125, 1.1654572486877441
v,83.274658203125, 158.205078125, -1.7622945308685303
v,83.300048828125, 157.2421875, -1.7623674869537354
v,83.36572265625, 158.119140625, 1.165452480316162
v,83.38623046875, 157.333984375, 1.1653928756713867
v,83.38623046875, 157.333984375, 0.9433579444885254
v,83.36572265625, 158.119140625, 0.9434175491333008
v,87.229248046875, 158.23828125, 1.1655559539794922
v,83.36572265625, 158.119140625, 1.165452480316162
v,83.36572265625, 158.119140625, 0.9434175491333008
v,87.229248046875, 158.23828125, 0.9435214996337891
v,87.007080078125, 157.470703125, 1.1654915809631348
v,87.229248046875, 158.23828125, 1.1655559539794922
v,87.229248046875, 158.23828125, 0.9435214996337891
v,87.007080078125, 157.470703125, 0.9434566497802734
i,0,2,3
i,11,5,8
i,12,14,15
i,16,17,20
i,25,28,29
i,33,35,32
i,37,39,36
i,40,42,43
i,44,46,47
i,49,51,48
i,52,54,55
i,57,59,56
i,61,63,60
i,64,69,72
i,77,79,76
i,80,82,83
i,85,87,84
i,89,91,88
i,93,95,92
i,96,98,99
i,0,1,2
i,11,4,5
i,5,6,7
i,8,9,11
i,9,10,11
i,5,7,8
i,12,13,14
i,17,18,19
i,21,22,16
i,22,23,16
i,17,19,20
i,21,16,20
i,25,26,27
i,29,30,31
i,29,31,24
i,25,27,28
i,29,24,25
i,33,34,35
i,37,38,39
i,40,41,42
i,44,45,46
i,49,50,51
i,52,53,54
i,57,58,59
i,61,62,63
i,65,66,68
i,66,67,68
i,74,75,73
i,75,64,73
i,64,65,69
i,65,68,69
i,69,70,71
i,72,73,64
i,69,71,72
i,77,78,79
i,80,81,82
i,85,86,87
i,89,90,91
i,93,94,95
i,96,97,98
n,-0.1692548543214798, 4.500616073608398, 0.0
n,0.00011017840733984485, 0.00034702609991654754, -4.50379753112793
n,-0.00011691553663695231, -0.000345105305314064, 4.50379753112793
n,-0.00012523554323706776, -0.00034270083415322006, 4.50379753112793
n,-0.00010985025437548757, -0.0003520978207234293, 4.50379753112793
n,-0.00010974323959089816, -0.0003455053083598614, 4.50379753112793
n,-0.00011041104880860075, -0.00032774778082966805, 4.50379753112793
n,0.14022725820541382, -4.501614093780518, 0.0
n,-4.326735496520996, 1.250421404838562, 0.0
n,-0.17175135016441345, 4.500521183013916, 0.0
n,-0.13830026984214783, 4.501673698425293, 0.0
n,4.32650089263916, -1.2512321472167969, 0.0
n,0.1711338609457016, -4.500545024871826, 2.23695496970322e-05
n,4.326995849609375, -1.249520182609558, -7.017305324552581e-05
n,-0.1399269849061966, 4.501623630523682, 0.0
n,0.1685672551393509, -4.500641822814941, 0.0
n,-4.502264022827148, -0.11752080917358398, -0.00036825481220148504
n,4.502247333526611, 0.1181529089808464, 0.0
n,0.13946032524108887, -4.5016374588012695, 0.0
n,-4.326804161071777, 1.2501827478408813, 0.0
n,-0.1692548543214798, 4.500616073608398, 0.0
n,0.00010836804722202942, 0.0004073135496582836, -4.50379753112793
n,0.00011777113104471937, 0.0003448774223215878, -4.50379753112793
n,9.899561700876802e-05, 0.0002942836144939065, -4.50379753112793
n,0.00010988236317643896, 0.00034465064527466893, -4.50379753112793
n,0.00011771476420108229, 0.0003448499774094671, -4.50379753112793
n,-0.00011432417522883043, -0.0003436873375903815, 4.50379753112793
n,-0.00011404143879190087, -0.00035109627060592175, 4.50379753112793
n,-0.00011811419244622812, -0.00036203081253916025, 4.50379753112793
n,-0.00011674461711663753, -0.0003505922795739025, 4.50379753112793
n,-0.00011670257663354278, -0.000335999415256083, 4.50379753112793
n,-0.00013442979252431542, -0.00034106450038962066, 4.50379753112793
n,-0.00012926620547659695, -0.0003424076712690294, 4.50379753112793
n,-9.304133709520102e-05, -0.000344865838997066, 4.50379753112793
n,-9.501370368525386e-05, -0.00034511875128373504, 4.50379753112793
n,-0.0001154468409367837, -0.0003449059440754354, 4.50379753112793
n,-0.00010977602505590767, -0.0003607757680583745, 4.50379753112793
n,-0.0001101741727325134, -0.00034792409860529006, 4.50379753112793
n,-0.00011039849050575867, -0.00032868474954739213, 4.50379753112793
n,0.14022725820541382, -4.501614093780518, 0.0
n,-4.326735496520996, 1.250421404838562, 0.0
n,-0.17175135016441345, 4.500521183013916, 0.0
n,-0.14378266036510468, 4.501501083374023, 0.0023348385002464056
n,4.3267717361450195, -1.250294804573059, 0.0005655686254613101
n,0.1711338758468628, -4.500545024871826, 2.236955515400041e-05
n,4.3376569747924805, -1.2119922637939453, 0.0
n,4.3207879066467285, -1.270819902420044, 0.0005647863727062941
n,4.3138556480407715, -1.294156789779663, -0.000112776062451303
n,4.32364559173584, -1.2610633373260498, 0.0
n,4.326868057250977, -1.2499622106552124, 0.0002482580894138664
n,4.32411527633667, -1.2594510316848755, -0.0005954179796390235
n,4.326995372772217, -1.2495200634002686, 0.0
n,4.3269243240356445, -1.2497669458389282, -5.0248592742718756e-05
n,4.326995372772217, -1.2495200634002686, 0.0
n,-0.1399269849061966, 4.501623630523682, 0.0
n,0.16959021985530853, -4.500603199005127, -0.0013207088923081756
n,-4.502234935760498, -0.11863996833562851, 0.0
n,4.502247333526611, 0.1181529089808464, 0.0
n,0.13946032524108887, -4.5016374588012695, 0.0
n,-4.326804161071777, 1.2501827478408813, 0.0
u,0.3141438066959381, 0.005747099872678518, 0
u,0.5588973760604858, 0.0752146989107132, 0
u,0.3141438066959381, 0.0752146989107132, 0
u,0.0, 0.0, 0
u,0.0, 0.0, 0
u,0.0, 0.0, 0
u,0.9454777836799622, 0.964559018611908, 0
u,0.972099781036377, 0.7215893864631653, 0
u,0.9890456199645996, 0.9645270705223083, 0
u,0.9890456199645996, 0.9645270705223083, 0
u,0.972099781036377, 0.7215893864631653, 0
u,0.9767038822174072, 0.6924877762794495, 0
u,0.9389548897743225, 0.9661468267440796, 0
u,0.9476264715194702, 0.995388388633728, 0
u,0.6579018831253052, 0.995388388633728, 0
u,0.9214723706245422, 0.715315580368042, 0
u,0.6641839742660522, 0.9661468267440796, 0
u,0.6639118790626526, 0.7075933218002319, 0
u,0.6639118790626526, 0.7075933218002319, 0
u,0.9260774254798889, 0.6862115263938904, 0
u,0.9214723706245422, 0.715315580368042, 0
u,0.9461907744407654, 0.6034482717514038, 0
u,0.9060754776000977, 0.6707590818405151, 0
u,0.9060754776000977, 0.6034482717514038, 0
u,0.8553277850151062, 0.6034482717514038, 0
u,0.9060754776000977, 0.6707590818405151, 0
u,0.8553277850151062, 0.6707590818405151, 0
u,0.8151364922523499, 0.6034482717514038, 0
u,0.8553277850151062, 0.6707590818405151, 0
u,0.8151364922523499, 0.6707590818405151, 0
u,0.8130828738212585, 0.16666670143604279, 0
u,0.7668449282646179, 0.6696906089782715, 0
u,0.7668449282646179, 0.16666670143604279, 0
u,0.7038930058479309, 0.6696906089782715, 0
u,0.7668449282646179, 0.16666670143604279, 0
u,0.7668449282646179, 0.6696906089782715, 0
u,0.6575682163238525, 0.16666670143604279, 0
u,0.7038930058479309, 0.6696906089782715, 0
u,0.6575682163238525, 0.6696906089782715, 0
u,0.6558110117912292, 1.0, 0
u,0.5970730185508728, 0.6068217754364014, 0
u,0.6492292284965515, 0.6068217754364014, 0
u,0.2726576030254364, 1.0, 0
u,0.0, 0.09283489733934402, 0
u,0.2726576030254364, 0.09283489733934402, 0
u,0.5898048281669617, 1.0, 0
u,0.33710750937461853, 0.09283489733934402, 0
u,0.5898048281669617, 0.09283489733934402, 0
u,0.2726576030254364, 1.0, 0
u,0.33710750937461853, 0.09283489733934402, 0
u,0.33710750937461853, 1.0, 0
u,0.3141438066959381, 0.005747099872678518, 0
u,0.26110291481018066, 0.0752146989107132, 0
u,0.26110291481018066, 0.005747099872678518, 0
u,0.26110291481018066, 0.005747099872678518, 0
u,0.0, 0.0752146989107132, 0
u,0.0, 0.005747099872678518, 0
u,0.5588973760604858, 0.005747099872678518, 0
u,0.6129686832427979, 0.0752146989107132, 0
u,0.5588973760604858, 0.0752146989107132, 0
u,0.3141438066959381, 0.005747099872678518, 0
u,0.5588973760604858, 0.005747099872678518, 0
u,0.5588973760604858, 0.0752146989107132, 0
u,0.0, 0.0, 0
u,0.0, 0.0, 0
u,0.0, 0.0, 0
u,0.0, 0.0, 0
u,0.0, 0.0, 0
u,0.0, 0.0, 0
u,0.0, 0.0, 0
u,0.0, 0.0, 0
u,0.0, 0.0, 0
u,0.0, 0.0, 0
u,0.0, 0.0, 0
u,0.0, 0.0, 0
u,0.0, 0.0, 0
u,0.0, 0.0, 0
u,0.0, 0.0, 0
u,0.9454777836799622, 0.964559018611908, 0
u,0.9284502863883972, 0.7202563881874084, 0
u,0.972099781036377, 0.7215893864631653, 0
u,0.972099781036377, 0.7215893864631653, 0
u,0.9284502863883972, 0.7202563881874084, 0
u,0.9264078140258789, 0.6909518837928772, 0
u,0.9977188110351562, 0.9937623739242554, 0
u,0.9475157260894775, 0.993799090385437, 0
u,0.9890456199645996, 0.9645270705223083, 0
u,0.9475157260894775, 0.993799090385437, 0
u,0.9454777836799622, 0.964559018611908, 0
u,0.9890456199645996, 0.9645270705223083, 0
u,0.972099781036377, 0.7215893864631653, 0
u,0.9264078140258789, 0.6909518837928772, 0
u,0.9767038822174072, 0.6924877762794495, 0
u,0.9977188110351562, 0.9937623739242554, 0
u,0.9890456199645996, 0.9645270705223083, 0
u,0.9767038822174072, 0.6924877762794495, 0
u,0.9389548897743225, 0.9661468267440796, 0
u,0.9214723706245422, 0.715315580368042, 0
u,0.9260774254798889, 0.6862115263938904, 0
u,0.6579018831253052, 0.995388388633728, 0
u,0.6575682163238525, 0.6781609058380127, 0
u,0.6639118790626526, 0.7075933218002319, 0
u,0.6579018831253052, 0.995388388633728, 0
u,0.6639118790626526, 0.7075933218002319, 0
u,0.6641839742660522, 0.9661468267440796, 0
u,0.9389548897743225, 0.9661468267440796, 0
u,0.9260774254798889, 0.6862115263938904, 0
u,0.9476264715194702, 0.995388388633728, 0
u,0.6579018831253052, 0.995388388633728, 0
u,0.6641839742660522, 0.9661468267440796, 0
u,0.9389548897743225, 0.9661468267440796, 0
u,0.9214723706245422, 0.715315580368042, 0
u,0.9389548897743225, 0.9661468267440796, 0
u,0.6641839742660522, 0.9661468267440796, 0
u,0.6639118790626526, 0.7075933218002319, 0
u,0.6575682163238525, 0.6781609058380127, 0
u,0.9260774254798889, 0.6862115263938904, 0
u,0.9461907744407654, 0.6034482717514038, 0
u,0.9461907744407654, 0.6707590818405151, 0
u,0.9060754776000977, 0.6707590818405151, 0
u,0.8553277850151062, 0.6034482717514038, 0
u,0.9060754776000977, 0.6034482717514038, 0
u,0.9060754776000977, 0.6707590818405151, 0
u,0.8151364922523499, 0.6034482717514038, 0
u,0.8553277850151062, 0.6034482717514038, 0
u,0.8553277850151062, 0.6707590818405151, 0
u,0.8130828738212585, 0.16666670143604279, 0
u,0.8130828738212585, 0.6696906089782715, 0
u,0.7668449282646179, 0.6696906089782715, 0
u,0.7038930058479309, 0.6696906089782715, 0
u,0.7038930058479309, 0.16666670143604279, 0
u,0.7668449282646179, 0.16666670143604279, 0
u,0.6575682163238525, 0.16666670143604279, 0
u,0.7038930058479309, 0.16666670143604279, 0
u,0.7038930058479309, 0.6696906089782715, 0
u,0.5898048281669617, 1.0, 0
u,0.5898048281669617, 0.09283489733934402, 0
u,0.5908167958259583, 0.6068217754364014, 0
u,0.5898048281669617, 0.09283489733934402, 0
u,0.5908167958259583, 0.09283489733934402, 0
u,0.5908167958259583, 0.6068217754364014, 0
u,0.655471682548523, 0.09283489733934402, 0
u,0.6558110117912292, 0.09283489733934402, 0
u,0.655471682548523, 0.6068217754364014, 0
u,0.6558110117912292, 0.09283489733934402, 0
u,0.6558110117912292, 1.0, 0
u,0.655471682548523, 0.6068217754364014, 0
u,0.6558110117912292, 1.0, 0
u,0.5898048281669617, 1.0, 0
u,0.5970730185508728, 0.6068217754364014, 0
u,0.5898048281669617, 1.0, 0
u,0.5908167958259583, 0.6068217754364014, 0
u,0.5970730185508728, 0.6068217754364014, 0
u,0.5970730185508728, 0.6068217754364014, 0
u,0.5970730185508728, 0.5380241870880127, 0
u,0.6492292284965515, 0.5380241870880127, 0
u,0.6492292284965515, 0.6068217754364014, 0
u,0.655471682548523, 0.6068217754364014, 0
u,0.6558110117912292, 1.0, 0
u,0.5970730185508728, 0.6068217754364014, 0
u,0.6492292284965515, 0.5380241870880127, 0
u,0.6492292284965515, 0.6068217754364014, 0
u,0.2726576030254364, 1.0, 0
u,0.0, 1.0, 0
u,0.0, 0.09283489733934402, 0
u,0.5898048281669617, 1.0, 0
u,0.33710750937461853, 1.0, 0
u,0.33710750937461853, 0.09283489733934402, 0
u,0.2726576030254364, 1.0, 0
u,0.2726576030254364, 0.09283489733934402, 0
u,0.33710750937461853, 0.09283489733934402, 0
u,0.3141438066959381, 0.005747099872678518, 0
u,0.3141438066959381, 0.0752146989107132, 0
u,0.26110291481018066, 0.0752146989107132, 0
u,0.26110291481018066, 0.005747099872678518, 0
u,0.26110291481018066, 0.0752146989107132, 0
u,0.0, 0.0752146989107132, 0
u,0.5588973760604858, 0.005747099872678518, 0
u,0.6129686832427979, 0.005747099872678518, 0
u,0.6129686832427979, 0.0752146989107132, 0
