s,199.17333984375, 47.595703125, -0.8541197776794434
b,203.045166015625, 51.1435546875, 5.667878150939941
v,199.833984375, 49.8984375, 5.667779922485352
v,200.434326171875, 50.3154296875, 5.667841911315918
v,200.43505859375, 50.3154296875, -0.8539867401123047
v,199.834716796875, 49.8984375, -0.8540501594543457
v,200.5546875, 50.14453125, -0.8539743423461914
v,200.74462890625, 50.283203125, -0.8539538383483887
v,200.66455078125, 50.3291015625, -0.8539624214172363
v,200.571533203125, 50.5859375, -0.8539724349975586
v,200.6650390625, 50.841796875, -0.8539619445800781
v,200.9013671875, 50.9775390625, -0.8539371490478516
v,201.169921875, 50.9296875, -0.8539085388183594
v,201.338134765625, 50.728515625, -0.8538908958435059
v,201.85400390625, 51.1435546875, -0.8538355827331543
v,203.045166015625, 49.51171875, -0.8537082672119141
v,202.313232421875, 48.9345703125, -0.8537869453430176
v,202.3115234375, 48.935546875, -0.8537869453430176
v,200.476318359375, 47.595703125, -0.853980541229248
v,199.4375, 49.017578125, -0.8540916442871094
v,199.446533203125, 49.0244140625, -0.854090690612793
v,199.173828125, 49.4072265625, -0.8541197776794434
v,199.84423828125, 49.884765625, -0.8540492057800293
v,199.83447265625, 49.8984375, -0.8540501594543457
v,200.434814453125, 50.3154296875, -0.8539867401123047
v,200.1064453125, 49.5068359375, 4.121335983276367
v,199.843505859375, 49.884765625, 4.121307373046875
v,199.17333984375, 49.4072265625, 4.121237754821777
v,199.44580078125, 49.0244140625, 4.1212663650512695
v,202.310791015625, 48.935546875, 4.728835105895996
v,202.002197265625, 49.359375, 4.728801727294922
v,202.31201171875, 48.9365234375, 4.728835105895996
v,202.3232421875, 48.9453125, 4.7288360595703125
v,201.136962890625, 50.5693359375, 4.7287092208862305
v,200.55419921875, 50.14453125, 4.728647232055664
v,200.592041015625, 50.08984375, 4.728652000427246
v,201.122314453125, 50.4765625, 4.728707313537598
v,202.230224609375, 48.958984375, 4.728826522827148
v,200.490234375, 47.6884765625, 4.728642463684082
v,199.52978515625, 49.0029296875, 4.728540420532227
v,200.14453125, 49.4521484375, 4.728604316711426
v,200.1064453125, 49.5068359375, 4.72860050201416
v,199.436767578125, 49.017578125, 4.728529930114746
v,200.4755859375, 47.595703125, 4.728640556335449
v,200.654541015625, 50.134765625, 4.551031112670898
v,201.266357421875, 49.2685546875, 4.551095008850098
v,201.68994140625, 48.6689453125, 4.551140785217285
v,201.738525390625, 48.6005859375, 4.551146507263184
v,202.230224609375, 48.958984375, 4.551198959350586
v,201.122314453125, 50.4765625, 4.551079750061035
v,200.592041015625, 50.08984375, 4.551024436950684
v,200.7763671875, 49.8251953125, 4.551043510437012
v,200.176025390625, 49.4072265625, 4.550980567932129
v,200.14453125, 49.4521484375, 4.550976753234863
v,199.52978515625, 49.0029296875, 4.550911903381348
v,200.490234375, 47.6884765625, 4.5510149002075195
v,201.738525390625, 48.6005859375, 4.551146507263184
v,201.68994140625, 48.6689453125, 4.551140785217285
v,201.418701171875, 48.4775390625, 4.551112174987793
v,200.9951171875, 49.076171875, 4.5510663986206055
v,201.266357421875, 49.2685546875, 4.551095008850098
v,200.654541015625, 50.134765625, 4.551031112670898
v,200.901123046875, 50.9775390625, 3.5807647705078125
v,200.66455078125, 50.841796875, 3.580739974975586
v,200.5712890625, 50.5859375, 3.5807294845581055
v,200.6640625, 50.3291015625, 3.580739974975586
v,200.744140625, 50.283203125, 3.5807485580444336
v,201.136962890625, 50.5693359375, 3.580789566040039
v,201.137939453125, 50.568359375, 3.580789566040039
v,201.337646484375, 50.728515625, 3.580810546875
v,201.16943359375, 50.9296875, 3.5807933807373047
v,202.002197265625, 49.359375, 4.728801727294922
v,202.3125, 48.9345703125, 4.73105525970459
v,203.044921875, 49.51171875, 2.8801355361938477
v,201.853515625, 51.1435546875, 2.870391845703125
v,201.137939453125, 50.568359375, 4.691241264343262
v,202.3232421875, 48.9453125, 4.70073127746582
v,202.31201171875, 48.9365234375, 4.728835105895996
v,201.266357421875, 49.2685546875, 5.387056350708008
v,200.994873046875, 49.076171875, 5.387028694152832
v,201.418701171875, 48.4775390625, 5.387073516845703
v,201.68994140625, 48.6689453125, 5.387102127075195
v,200.43408203125, 50.3154296875, 5.667841911315918
v,199.833740234375, 49.8984375, 5.667779922485352
v,200.17578125, 49.4072265625, 5.667815208435059
v,200.776123046875, 49.8251953125, 5.667878150939941
v,199.44580078125, 49.0244140625, 4.1212663650512695
v,199.17333984375, 49.4072265625, 4.121237754821777
v,199.173828125, 49.4072265625, -0.8541197776794434
v,199.446533203125, 49.0244140625, -0.854090690612793
v,199.843505859375, 49.884765625, 4.121307373046875
v,199.84423828125, 49.884765625, -0.8540492057800293
v,199.173828125, 49.4072265625, -0.8541197776794434
v,199.17333984375, 49.4072265625, 4.121237754821777
v,200.1064453125, 49.5068359375, 4.121335983276367
v,199.44580078125, 49.0244140625, 4.1212663650512695
v,199.446533203125, 49.0244140625, -0.854090690612793
v,199.4375, 49.017578125, -0.8540916442871094
v,199.436767578125, 49.017578125, 4.728529930114746
v,200.1064453125, 49.5068359375, 4.72860050201416
v,202.3115234375, 48.935546875, -0.8537869453430176
v,202.310791015625, 48.935546875, 4.728835105895996
v,200.4755859375, 47.595703125, 4.728640556335449
v,200.476318359375, 47.595703125, -0.853980541229248
v,200.476318359375, 47.595703125, -0.853980541229248
v,200.4755859375, 47.595703125, 4.728640556335449
v,199.436767578125, 49.017578125, 4.728529930114746
v,199.4375, 49.017578125, -0.8540916442871094
v,200.74462890625, 50.283203125, -0.8539538383483887
v,200.5546875, 50.14453125, -0.8539743423461914
v,200.55419921875, 50.14453125, 4.728647232055664
v,201.136962890625, 50.5693359375, 4.7287092208862305
v,201.136962890625, 50.5693359375, 3.580789566040039
v,200.744140625, 50.283203125, 3.5807485580444336
v,202.31201171875, 48.9365234375, 4.728835105895996
v,202.3232421875, 48.9453125, 4.70073127746582
v,202.3232421875, 48.9453125, 4.7288360595703125
v,201.136962890625, 50.5693359375, 4.7287092208862305
v,202.3232421875, 48.9453125, 4.7288360595703125
v,202.3232421875, 48.9453125, 4.70073127746582
v,201.137939453125, 50.568359375, 4.691241264343262
v,201.137939453125, 50.568359375, 3.580789566040039
v,201.136962890625, 50.5693359375, 3.580789566040039
v,202.230224609375, 48.958984375, 4.728826522827148
v,201.122314453125, 50.4765625, 4.728707313537598
v,201.122314453125, 50.4765625, 4.551079750061035
v,202.230224609375, 48.958984375, 4.551198959350586
v,200.490234375, 47.6884765625, 4.5510149002075195
v,200.490234375, 47.6884765625, 4.728642463684082
v,202.230224609375, 48.958984375, 4.728826522827148
v,202.230224609375, 48.958984375, 4.551198959350586
v,201.738525390625, 48.6005859375, 4.551146507263184
v,199.52978515625, 49.0029296875, 4.728540420532227
v,200.490234375, 47.6884765625, 4.728642463684082
v,200.490234375, 47.6884765625, 4.5510149002075195
v,199.52978515625, 49.0029296875, 4.550911903381348
v,200.14453125, 49.4521484375, 4.550976753234863
v,200.14453125, 49.4521484375, 4.728604316711426
v,199.52978515625, 49.0029296875, 4.728540420532227
v,199.52978515625, 49.0029296875, 4.550911903381348
v,200.592041015625, 50.08984375, 4.728652000427246
v,200.592041015625, 50.08984375, 4.551024436950684
v,200.654541015625, 50.134765625, 4.551031112670898
v,201.122314453125, 50.4765625, 4.551079750061035
v,201.122314453125, 50.4765625, 4.728707313537598
v,200.901123046875, 50.9775390625, 3.5807647705078125
v,201.16943359375, 50.9296875, 3.5807933807373047
v,201.169921875, 50.9296875, -0.8539085388183594
v,200.9013671875, 50.9775390625, -0.8539371490478516
v,201.337646484375, 50.728515625, 3.580810546875
v,201.338134765625, 50.728515625, -0.8538908958435059
v,201.169921875, 50.9296875, -0.8539085388183594
v,201.16943359375, 50.9296875, 3.5807933807373047
v,200.74462890625, 50.283203125, -0.8539538383483887
v,200.744140625, 50.283203125, 3.5807485580444336
v,200.6640625, 50.3291015625, 3.580739974975586
v,200.66455078125, 50.3291015625, -0.8539624214172363
v,200.66455078125, 50.3291015625, -0.8539624214172363
v,200.6640625, 50.3291015625, 3.580739974975586
v,200.5712890625, 50.5859375, 3.5807294845581055
v,200.571533203125, 50.5859375, -0.8539724349975586
v,200.5712890625, 50.5859375, 3.5807294845581055
v,200.66455078125, 50.841796875, 3.580739974975586
v,200.6650390625, 50.841796875, -0.8539619445800781
v,200.571533203125, 50.5859375, -0.8539724349975586
v,200.6650390625, 50.841796875, -0.8539619445800781
v,200.66455078125, 50.841796875, 3.580739974975586
v,200.901123046875, 50.9775390625, 3.5807647705078125
v,200.9013671875, 50.9775390625, -0.8539371490478516
v,201.137939453125, 50.568359375, 4.691241264343262
v,201.853515625, 51.1435546875, 2.870391845703125
v,201.85400390625, 51.1435546875, -0.8538355827331543
v,201.338134765625, 50.728515625, -0.8538908958435059
v,201.337646484375, 50.728515625, 3.580810546875
v,201.137939453125, 50.568359375, 3.580789566040039
v,201.853515625, 51.1435546875, 2.870391845703125
v,203.044921875, 49.51171875, 2.8801355361938477
v,203.045166015625, 49.51171875, -0.8537082672119141
v,201.85400390625, 51.1435546875, -0.8538355827331543
v,203.045166015625, 49.51171875, -0.8537082672119141
v,203.044921875, 49.51171875, 2.8801355361938477
v,202.3125, 48.9345703125, 4.73105525970459
v,202.313232421875, 48.9345703125, -0.8537869453430176
v,202.002197265625, 49.359375, 4.728801727294922
v,202.310791015625, 48.935546875, 4.728835105895996
v,202.3115234375, 48.935546875, -0.8537869453430176
v,202.313232421875, 48.9345703125, -0.8537869453430176
v,202.3125, 48.9345703125, 4.73105525970459
v,201.418701171875, 48.4775390625, 4.551112174987793
v,201.68994140625, 48.6689453125, 4.551140785217285
v,201.68994140625, 48.6689453125, 5.387102127075195
v,201.418701171875, 48.4775390625, 5.387073516845703
v,200.994873046875, 49.076171875, 5.387028694152832
v,200.9951171875, 49.076171875, 4.5510663986206055
v,201.418701171875, 48.4775390625, 4.551112174987793
v,201.418701171875, 48.4775390625, 5.387073516845703
v,201.266357421875, 49.2685546875, 5.387056350708008
v,201.266357421875, 49.2685546875, 4.551095008850098
v,200.9951171875, 49.076171875, 4.5510663986206055
v,200.994873046875, 49.076171875, 5.387028694152832
v,201.68994140625, 48.6689453125, 5.387102127075195
v,201.68994140625, 48.6689453125, 4.551140785217285
v,201.266357421875, 49.2685546875, 4.551095008850098
v,201.266357421875, 49.2685546875, 5.387056350708008
v,200.17578125, 49.4072265625, 5.667815208435059
v,199.833740234375, 49.8984375, 5.667779922485352
v,199.83447265625, 49.8984375, -0.8540501594543457
v,199.84423828125, 49.884765625, -0.8540492057800293
v,199.843505859375, 49.884765625, 4.121307373046875
v,200.1064453125, 49.5068359375, 4.121335983276367
v,200.1064453125, 49.5068359375, 4.72860050201416
v,200.14453125, 49.4521484375, 4.728604316711426
v,200.14453125, 49.4521484375, 4.550976753234863
v,200.176025390625, 49.4072265625, 4.550980567932129
v,200.43408203125, 50.3154296875, 5.667841911315918
v,200.776123046875, 49.8251953125, 5.667878150939941
v,200.7763671875, 49.8251953125, 4.551043510437012
v,200.592041015625, 50.08984375, 4.551024436950684
v,200.592041015625, 50.08984375, 4.728652000427246
v,200.55419921875, 50.14453125, 4.728647232055664
v,200.5546875, 50.14453125, -0.8539743423461914
v,200.434814453125, 50.3154296875, -0.8539867401123047
v,200.7763671875, 49.8251953125, 4.551043510437012
v,200.776123046875, 49.8251953125, 5.667878150939941
v,200.17578125, 49.4072265625, 5.667815208435059
v,200.176025390625, 49.4072265625, 4.550980567932129
i,1,3,0
i,4,18,20
i,23,25,26
i,36,41,27
i,43,44,46
i,57,50,53
i,67,68,65
i,70,71,74
i,77,79,76
i,80,82,83
i,85,87,84
i,88,90,91
i,93,95,96
i,98,100,101
i,102,104,105
i,111,107,108
i,112,113,114
i,115,118,120
i,122,124,121
i,127,128,129
i,130,132,133
i,134,136,137
i,140,141,142
i,143,145,146
i,147,149,150
i,152,154,151
i,155,157,158
i,159,161,162
i,164,166,163
i,167,168,171
i,173,175,176
i,178,180,177
i,182,184,185
i,187,189,186
i,190,192,193
i,194,196,197
i,198,200,201
i,208,209,202
i,212,216,217
i,220,222,223
i,1,2,3
i,5,6,7
i,7,8,5
i,8,9,5
i,9,10,5
i,10,11,5
i,11,12,13
i,13,14,15
i,15,16,4
i,16,17,18
i,18,19,20
i,16,18,4
i,11,13,15
i,11,15,5
i,5,15,4
i,20,21,22
i,20,22,4
i,23,24,25
i,28,29,30
i,31,32,34
i,32,33,34
i,28,30,31
i,38,39,37
i,39,40,37
i,28,31,34
i,28,34,35
i,37,40,41
i,36,37,41
i,27,28,35
i,35,36,27
i,47,42,43
i,44,45,46
i,47,43,46
i,59,48,49
i,50,51,52
i,58,59,49
i,50,52,53
i,58,49,57
i,49,50,57
i,53,54,56
i,54,55,56
i,56,57,53
i,68,60,65
i,60,61,65
i,61,62,65
i,62,63,64
i,65,62,64
i,65,66,67
i,75,69,70
i,71,72,73
i,74,75,70
i,71,73,74
i,77,78,79
i,80,81,82
i,85,86,87
i,88,89,90
i,97,92,93
i,93,94,95
i,96,97,93
i,98,99,100
i,102,103,104
i,111,106,107
i,108,109,111
i,109,110,111
i,115,116,118
i,116,117,118
i,118,119,120
i,122,123,124
i,129,125,126
i,126,127,129
i,130,131,132
i,134,135,136
i,142,138,140
i,138,139,140
i,143,144,145
i,147,148,149
i,152,153,154
i,155,156,157
i,159,160,161
i,164,165,166
i,168,169,170
i,171,172,167
i,168,170,171
i,173,174,175
i,178,179,180
i,185,181,182
i,182,183,184
i,187,188,189
i,190,191,192
i,194,195,196
i,198,199,200
i,203,204,206
i,204,205,206
i,206,207,208
i,210,211,209
i,211,202,209
i,202,203,208
i,203,206,208
i,212,213,216
i,213,214,216
i,214,215,216
i,217,218,219
i,217,219,212
i,220,221,222
n,-2.5699234008789062, 3.69860577583313, -0.0002563262823969126
n,0.00047615382936783135, -2.8253750770090846e-06, -4.50379753112793
n,-0.0004742802702821791, 1.1282954801572487e-06, 4.50379753112793
n,-0.000469645339762792, -8.690840331837535e-06, 4.50379753112793
n,-0.00048189086373895407, 3.036505631826003e-06, 4.50379753112793
n,-0.00047316477866843343, 4.50473589808098e-06, 4.50379753112793
n,-0.00047542154788970947, 5.657437895933981e-07, 4.50379753112793
n,3.203481912612915, 2.4319870471954346, 2.026656150817871
n,-0.0004712929076049477, 1.0688133443181869e-05, 4.50379753112793
n,-0.00047755782725289464, 1.4967147308198037e-06, 4.50379753112793
n,-3.6678388118743896, -2.613647222518921, -0.0004795439599547535
n,-2.614748239517212, 3.6670539379119873, -0.0002279065374750644
n,-2.7429609298706055, 3.5721640586853027, -0.00031961259082891047
n,2.6558492183685303, -3.6373965740203857, 0.0003094622807111591
n,-3.636305570602417, -2.6573429107666016, -0.00042370602022856474
n,-2.656141519546509, 3.637183666229248, -0.0003094962448813021
n,2.746013879776001, -3.5698180198669434, 0.0
n,2.813500165939331, 3.5168747901916504, 0.0
n,-3.63718318939209, -2.656141996383667, 0.0
n,-2.655867338180542, 3.6373836994171143, 0.0
n,3.636172294616699, 2.6575257778167725, 0.0
n,2.6575403213500977, -3.6361615657806396, 0.0
n,2.656216621398926, -3.6371288299560547, 0.0
n,0.7880061268806458, 4.434325218200684, 7.70577389630489e-05
n,3.4550254344940186, 2.8891162872314453, 0.0003378609544597566
n,-2.2390573024749756, -3.9077889919281006, -0.00021895351528655738
n,-4.235556125640869, -1.531096339225769, -0.00041418769978918135
n,-4.2304368019104, 1.545184850692749, -0.0004136870556976646
n,-2.248375177383423, 3.902435064315796, -0.00021986474166624248
n,-2.8215689659118652, 3.510404348373413, -0.0001884319499367848
n,3.637317657470703, 2.6559574604034424, 0.0004235417873132974
n,2.7899374961853027, -3.5355963706970215, 0.00016201658581849188
n,-3.1844284534454346, -3.184903383255005, -0.0003709052689373493
n,2.5977256298065186, -3.6791319847106934, 0.0
n,-3.6776132583618164, -2.5998756885528564, 0.0
n,-2.6055519580841064, 3.673593759536743, -0.0006758252857252955
n,3.6800105571746826, 2.5964813232421875, 0.0
n,-3.6992838382720947, -2.5689473152160645, -0.0003795726806856692
n,3.6992833614349365, 2.5689470767974854, 0.0025621133390814066
n,2.5735230445861816, -3.6961023807525635, 0.0004996434436179698
n,-2.5699236392974854, 3.698606014251709, -0.0002563263406045735
n,0.000476210901979357, 1.2662488870773814e-06, -4.50379753112793
n,0.00048016777145676315, 3.5281309465062805e-06, -4.50379753112793
n,0.00047456673928536475, 2.730157120822696e-06, -4.50379753112793
n,0.00047647030442021787, 2.30060436479107e-06, -4.50379753112793
n,0.0004778024449478835, 1.4251711490942398e-06, -4.50379753112793
n,0.0004828826349694282, 1.8624770063979668e-06, -4.50379753112793
n,0.0007544000982306898, -0.0003451598749961704, -4.50379753112793
n,0.0004774931294377893, -3.4807117117452435e-06, -4.50379753112793
n,0.0004411126719787717, -2.9180415367591195e-05, -4.50379753112793
n,0.00047334437840618193, -1.526862092759984e-06, -4.50379753112793
n,0.0004767941718455404, -3.4591814710438484e-06, -4.50379753112793
n,0.0004824780626222491, 1.2949454912813962e-06, -4.50379753112793
n,0.00047922643716447055, -4.7048709461705585e-07, -4.50379753112793
n,0.00048091099597513676, 1.4890400734657305e-06, -4.50379753112793
n,0.0004484338569454849, 4.041506690555252e-05, -4.50379753112793
n,0.00047231515054591, 7.692394319747109e-06, -4.50379753112793
n,-0.00047446839744225144, 2.8884708171972306e-06, 4.50379753112793
n,-0.0006057654973119497, -9.215275349561125e-05, 4.50379753112793
n,-0.000471680163173005, -8.372305273951497e-06, 4.50379753112793
n,-0.00048410421004518867, 1.2883174349553883e-05, 4.50379753112793
n,-0.0005622743046842515, -5.839459481649101e-05, 4.50379753112793
n,-0.00048207404324784875, 1.429299300070852e-05, 4.50379753112793
n,-0.0004886517999693751, 2.182174830522854e-05, 4.50379753112793
n,-0.0004886116366833448, -5.721823072235566e-06, 4.50379753112793
n,-0.0004717963165603578, 7.51958395994734e-06, 4.50379753112793
n,-0.0004935607430525124, -9.147611308435444e-06, 4.50379753112793
n,-0.0004884928348474205, -5.740410415455699e-06, 4.50379753112793
n,-0.00047053740127012134, 8.23778555059107e-06, 4.50379753112793
n,-0.00047372368862852454, -2.737152271947707e-06, 4.50379753112793
n,-0.0004731678927782923, 4.4715733338307473e-07, 4.50379753112793
n,-0.00047835762961767614, -3.5316295452503255e-06, 4.50379753112793
n,-0.00048310335841961205, -7.376729627139866e-07, 4.50379753112793
n,-0.00048445924767293036, -5.862542820977978e-06, 4.50379753112793
n,-0.0004762503376696259, 6.324705736915348e-06, 4.50379753112793
n,-0.00047912250738590956, -3.7622266972903162e-06, 4.50379753112793
n,-0.00047491208533756435, 4.185225407127291e-06, 4.50379753112793
n,-0.0004768790677189827, -1.78478762791201e-06, 4.50379753112793
n,-0.0004755445697810501, -1.3947203569841804e-06, 4.50379753112793
n,-0.00048092269571498036, 9.934186891769059e-06, 4.50379753112793
n,-0.00047629716573283076, -2.077567387459567e-06, 4.50379753112793
n,-0.0004777199064847082, 6.162371391837951e-06, 4.50379753112793
n,-0.00046895910054445267, -1.6810979275305726e-08, 4.50379753112793
n,-0.0004803951596841216, -6.621086413360899e-06, 4.50379753112793
n,-0.00047888231347315013, -3.997659860033309e-06, 4.50379753112793
n,-0.0004708420019596815, 8.103993422992062e-06, 4.50379753112793
n,-0.0004786599602084607, 3.6349940728541696e-06, 4.50379753112793
n,-0.0002382578531978652, -0.00029782229103147984, 4.50379753112793
n,3.3030104637145996, 2.423145294189453, 1.8715448379516602
n,3.2425665855407715, 2.3802425861358643, 2.0259318351745605
n,3.131378412246704, 2.5185556411743164, 2.033602237701416
n,3.2425971031188965, 2.380106210708618, 2.02604341506958
n,-0.00047782709589228034, -4.512667999279074e-07, 4.50379753112793
n,-0.00046963716158643365, -7.555295837846643e-07, 4.50379753112793
n,-3.666856288909912, -2.615025520324707, -0.00031961032073013484
n,-2.614187479019165, 3.6674535274505615, -0.0003417865082155913
n,-2.6552493572235107, 3.6378350257873535, 0.0
n,-2.7294960021972656, 3.582463502883911, -0.00035686229239217937
n,-2.6562821865081787, 3.6370809078216553, 0.0017220198642462492
n,2.6558496952056885, -3.6373965740203857, 0.0003094622807111591
n,-3.636305570602417, -2.6573429107666016, -0.00042370602022856474
n,-2.6568989753723145, 3.6366305351257324, -0.00025981353246606886
n,-2.6535122394561768, 3.6391024589538574, 0.00035801625926978886
n,-2.6528286933898926, 3.6396005153656006, 0.0
n,3.6363844871520996, 2.6568756103515625, 0.043717510998249054
n,3.637038230895996, 2.6563405990600586, 0.0
n,2.813500165939331, 3.5168747901916504, 0.0
n,-3.63718318939209, -2.656141996383667, 0.0
n,-2.6560635566711426, 3.637240409851074, 0.0
n,-2.656008243560791, 3.6372809410095215, 0.0005975367967039347
n,3.636172294616699, 2.6575257778167725, 0.0
n,2.6575403213500977, -3.6361615657806396, 0.0
n,2.6539511680603027, -3.638770818710327, 0.009123444557189941
n,2.6369309425354004, -3.651135206222534, 0.0
n,0.7880061268806458, 4.434325218200684, 7.705774623900652e-05
n,3.4550254344940186, 2.8891162872314453, 0.0003378609544597566
n,-2.2390575408935547, -3.9077889919281006, -0.00021895351528655738
n,-4.235556125640869, -1.531096339225769, -0.0004141876706853509
n,-4.2304368019104, 1.5451850891113281, -0.0004136870848014951
n,-2.248375415802002, 3.902435302734375, -0.00021986472711432725
n,-2.821410894393921, 3.5105316638946533, -0.00032853480661287904
n,-2.8209316730499268, 3.5109164714813232, 0.0
n,-2.8216419219970703, 3.5103461742401123, -0.00027592346305027604
n,3.637086868286133, 2.65627384185791, 0.00021121207100804895
n,2.7894251346588135, -3.5360002517700195, 0.00032489740988239646
n,-3.5866613388061523, -2.6164395809173584, 0.7578237652778625
n,-3.1846656799316406, -3.1846656799316406, -0.0003710804448928684
n,2.5991110801696777, -3.6781537532806396, 0.0006741553079336882
n,-3.6782402992248535, -2.5989882946014404, -0.0009540580795146525
n,-2.6069371700286865, 3.6726107597351074, 0.0
n,3.679384231567383, 2.5973687171936035, 0.000954355695284903
n,-3.703503370285034, -2.5628607273101807, -0.0003693905018735677
n,-3.6842377185821533, -2.590479850769043, -0.0004816879809368402
n,-3.6974072456359863, -2.571648359298706, 0.0
n,-3.694654941558838, -2.5756008625030518, 0.0
n,-3.6959800720214844, -2.5736985206604004, -0.0007175658829510212
n,-3.6977555751800537, -2.5711467266082764, -0.0007257076795212924
n,-3.6972196102142334, -2.5719170570373535, -0.0002484791330061853
n,3.6956262588500977, 2.5742061138153076, 0.0006798419635742903
n,3.695563554763794, 2.574296236038208, 0.0007174849743023515
n,3.6953377723693848, 2.574620485305786, 0.0
n,3.692718505859375, 2.5783753395080566, 0.00043027926585637033
n,3.693664312362671, 2.5770208835601807, 0.00036840917891822755
n,2.5735230445861816, -3.6961021423339844, 0.0004996434436179698
u,0.563226580619812, 0.926393985748291, 0
u,0.0, 0.8618074059486389, 0
u,0.563226580619812, 0.8618074059486389, 0
u,0.0, 0.0, 0
u,0.0, 0.0, 0
u,0.0, 0.0, 0
u,0.6782546043395996, 0.32400891184806824, 0
u,0.7329623103141785, 0.42077741026878357, 0
u,0.6782659292221069, 0.4214217960834503, 0
u,0.48091909289360046, 0.4147796034812927, 0
u,0.4731610119342804, 0.42270898818969727, 0
u,0.4731610119342804, 0.15206429362297058, 0
u,0.5761929750442505, 0.22917239367961884, 0
u,0.49070489406585693, 0.23053880035877228, 0
u,0.48091909289360046, 0.15817829966545105, 0
u,0.5767887830734253, 0.26873499155044556, 0
u,0.6641077995300293, 0.3243385851383209, 0
u,0.48091909289360046, 0.4147796034812927, 0
u,0.7086321115493774, 0.11978519707918167, 0
u,0.7391121983528137, 0.12184459716081619, 0
u,0.7074524164199829, 0.15026900172233582, 0
u,0.9991986751556396, 0.5821393728256226, 0
u,0.7759730815887451, 0.5821393728256226, 0
u,0.9955378174781799, 0.5818971991539001, 0
u,0.5767887830734253, 0.26873499155044556, 0
u,0.49070489406585693, 0.23053880035877228, 0
u,0.5761929750442505, 0.22917239367961884, 0
u,0.73189377784729, 0.23563259840011597, 0
u,0.6641077995300293, 0.3243385851383209, 0
u,0.6621627807617188, 0.23725169897079468, 0
u,0.5666003823280334, 0.9395623803138733, 0
u,0.9822453856468201, 0.9796748161315918, 0
u,0.5666003823280334, 0.9796748161315918, 0
u,0.5666003823280334, 0.8692517280578613, 0
u,0.9822453856468201, 0.9395623803138733, 0
u,0.5666003823280334, 0.9395623803138733, 0
u,0.0511511005461216, 0.07440800219774246, 0
u,0.47023460268974304, 0.07537879794836044, 0
u,0.0, 0.07537879794836044, 0
u,0.47023460268974304, 0.42276421189308167, 0
u,0.0, 0.2270302027463913, 0
u,0.47023460268974304, 0.2270302027463913, 0
u,0.47023460268974304, 0.2270302027463913, 0
u,0.0, 0.07537879794836044, 0
u,0.47023460268974304, 0.07537879794836044, 0
u,0.5747057199478149, 0.7848526239395142, 0
u,0.9439570903778076, 0.8048781156539917, 0
u,0.4791252017021179, 0.8048781156539917, 0
u,0.6181834936141968, 0.9979674816131592, 0
u,0.6163020730018616, 0.9969984889030457, 0
u,0.6181834936141968, 0.9969984889030457, 0
u,0.7487819790840149, 0.4369919002056122, 0
u,0.7461450099945068, 0.43712228536605835, 0
u,0.6679919958114624, 0.4369919002056122, 0
u,0.056683000177145004, 0.9994174838066101, 0
u,0.21884889900684357, 0.9837399125099182, 0
u,0.21884889900684357, 0.9994174838066101, 0
u,0.21884889900684357, 0.9994174838066101, 0
u,0.21884889900684357, 0.9837399125099182, 0
u,0.27142590284347534, 0.9837399125099182, 0
u,0.5454226732254028, 0.9994174838066101, 0
u,0.4048925042152405, 0.9837399125099182, 0
u,0.5454226732254028, 0.9837399125099182, 0
u,0.6111401915550232, 0.9837399125099182, 0
u,0.5454226732254028, 0.9994174838066101, 0
u,0.5454226732254028, 0.9837399125099182, 0
u,0.006657099816948175, 0.9837399125099182, 0
u,0.056683000177145004, 0.9837399125099182, 0
u,0.056683000177145004, 0.9994174838066101, 0
u,0.47713708877563477, 0.6451892852783203, 0
u,0.9376989006996155, 0.6162399053573608, 0
u,0.9376989006996155, 0.6451892852783203, 0
u,0.47713708877563477, 0.5883926749229431, 0
u,0.9376989006996155, 0.6162399053573608, 0
u,0.47713708877563477, 0.6162399053573608, 0
u,0.47713708877563477, 0.7418699264526367, 0
u,0.9376989006996155, 0.7320374846458435, 0
u,0.9376989006996155, 0.7418699264526367, 0
u,0.9376989006996155, 0.7320374846458435, 0
u,0.47713708877563477, 0.703088104724884, 0
u,0.9376989006996155, 0.703088104724884, 0
u,0.47713708877563477, 0.703088104724884, 0
u,0.9376989006996155, 0.6741387248039246, 0
u,0.9376989006996155, 0.703088104724884, 0
u,0.47713708877563477, 0.6741387248039246, 0
u,0.9376989006996155, 0.6451892852783203, 0
u,0.9376989006996155, 0.6741387248039246, 0
u,0.0033716000616550446, 0.8069105744361877, 0
u,0.1580606997013092, 0.7271662950515747, 0
u,0.09770529717206955, 0.7846518754959106, 0
u,0.1580606997013092, 0.7271662950515747, 0
u,0.47443661093711853, 0.5517032742500305, 0
u,0.47443661093711853, 0.7271662950515747, 0
u,0.15724369883537292, 0.5517032742500305, 0
u,0.47443661093711853, 0.4706710875034332, 0
u,0.47443661093711853, 0.5517032742500305, 0
u,0.00018859999545384198, 0.4704301059246063, 0
u,0.47443661093711853, 0.4706710875034332, 0
u,0.0, 0.4706710875034332, 0
u,0.5700321197509766, 0.585365891456604, 0
u,0.5989786982536316, 0.5109155178070068, 0
u,0.5989786982536316, 0.585365891456604, 0
u,0.6629266142845154, 0.5109155178070068, 0
u,0.5989786982536316, 0.585365891456604, 0
u,0.5989786982536316, 0.5109155178070068, 0
u,0.5060840249061584, 0.5109155178070068, 0
u,0.47713708877563477, 0.585365891456604, 0
u,0.47713708877563477, 0.5109155178070068, 0
u,0.5700321197509766, 0.5109155178070068, 0
u,0.5060840249061584, 0.585365891456604, 0
u,0.5060840249061584, 0.5109155178070068, 0
u,0.4821164906024933, 0.8196700811386108, 0
u,0.4821164906024933, 0.8137875199317932, 0
u,0.563226580619812, 0.8089430928230286, 0
u,0.563226580619812, 0.926393985748291, 0
u,0.4821164906024933, 0.9508000016212463, 0
u,0.4821164906024933, 0.9449173808097839, 0
u,0.5666003823280334, 0.8141319751739502, 0
u,0.6438338160514832, 0.8658537268638611, 0
u,0.5666003823280334, 0.8658537268638611, 0
u,0.563226580619812, 0.926393985748291, 0
u,0.0, 0.926393985748291, 0
u,0.0, 0.8618074059486389, 0
u,0.0, 0.0, 0
u,0.0, 0.0, 0
u,0.0, 0.0, 0
u,0.0, 0.0, 0
u,0.0, 0.0, 0
u,0.0, 0.0, 0
u,0.0, 0.0, 0
u,0.0, 0.0, 0
u,0.0, 0.0, 0
u,0.0, 0.0, 0
u,0.0, 0.0, 0
u,0.0, 0.0, 0
u,0.0, 0.0, 0
u,0.0, 0.0, 0
u,0.0, 0.0, 0
u,0.0, 0.0, 0
u,0.0, 0.0, 0
u,0.0, 0.0, 0
u,0.0, 0.0, 0
u,0.0, 0.0, 0
u,0.0, 0.0, 0
u,0.0, 0.0, 0
u,0.0, 0.0, 0
u,0.0, 0.0, 0
u,0.0, 0.0, 0
u,0.0, 0.0, 0
u,0.0, 0.0, 0
u,0.0, 0.0, 0
u,0.0, 0.0, 0
u,0.0, 0.0, 0
u,0.0, 0.0, 0
u,0.0, 0.0, 0
u,0.0, 0.0, 0
u,0.0, 0.0, 0
u,0.0, 0.0, 0
u,0.0, 0.0, 0
u,0.0, 0.0, 0
u,0.0, 0.0, 0
u,0.0, 0.0, 0
u,0.0, 0.0, 0
u,0.0, 0.0, 0
u,0.0, 0.0, 0
u,0.0, 0.0, 0
u,0.0, 0.0, 0
u,0.0, 0.0, 0
u,0.0, 0.0, 0
u,0.0, 0.0, 0
u,0.0, 0.0, 0
u,0.6782546043395996, 0.32400891184806824, 0
u,0.7318577766418457, 0.3227598965167999, 0
u,0.7329623103141785, 0.42077741026878357, 0
u,0.5341417789459229, 0.1520840972661972, 0
u,0.4731610119342804, 0.15193189680576324, 0
u,0.4731610119342804, 0.15024599432945251, 0
u,0.7074524164199829, 0.15026900172233582, 0
u,0.707464873790741, 0.23619979619979858, 0
u,0.6996955275535583, 0.15819969773292542, 0
u,0.707464873790741, 0.23619979619979858, 0
u,0.6997069120407104, 0.23637990653514862, 0
u,0.6996955275535583, 0.15819969773292542, 0
u,0.5341417789459229, 0.1520840972661972, 0
u,0.4731610119342804, 0.15024599432945251, 0
u,0.7074524164199829, 0.15026900172233582, 0
u,0.6704965829849243, 0.324189692735672, 0
u,0.6782546043395996, 0.32400891184806824, 0
u,0.6705070734024048, 0.4148307144641876, 0
u,0.6782546043395996, 0.32400891184806824, 0
u,0.6782659888267517, 0.42276421189308167, 0
u,0.6705070734024048, 0.4148307144641876, 0
u,0.5341417789459229, 0.1520840972661972, 0
u,0.7074524164199829, 0.15026900172233582, 0
u,0.6996955275535583, 0.15819969773292542, 0
u,0.5341417789459229, 0.1520840972661972, 0
u,0.6996955275535583, 0.15819969773292542, 0
u,0.48091909289360046, 0.15817829966545105, 0
u,0.6705070734024048, 0.4148307144641876, 0
u,0.6782659888267517, 0.42276421189308167, 0
u,0.4731610119342804, 0.42270898818969727, 0
u,0.48091909289360046, 0.4147796034812927, 0
u,0.6705070734024048, 0.4148307144641876, 0
u,0.4731610119342804, 0.42270898818969727, 0
u,0.4731610119342804, 0.15206429362297058, 0
u,0.5341417789459229, 0.1520840972661972, 0
u,0.48091909289360046, 0.15817829966545105, 0
u,0.48091909289360046, 0.15817829966545105, 0
u,0.48091909289360046, 0.4147796034812927, 0
u,0.4731610119342804, 0.15206429362297058, 0
u,0.6996955275535583, 0.15819969773292542, 0
u,0.6997056007385254, 0.22719809412956238, 0
u,0.5761929750442505, 0.22917239367961884, 0
u,0.49070489406585693, 0.23053880035877228, 0
u,0.48091909289360046, 0.23069530725479126, 0
u,0.48091909289360046, 0.15817829966545105, 0
u,0.6996955275535583, 0.15819969773292542, 0
u,0.5761929750442505, 0.22917239367961884, 0
u,0.48091909289360046, 0.15817829966545105, 0
u,0.6997056007385254, 0.22719809412956238, 0
u,0.6997069120407104, 0.23637990653514862, 0
u,0.6621627807617188, 0.23725169897079468, 0
u,0.6641077995300293, 0.3243385851383209, 0
u,0.6704965829849243, 0.324189692735672, 0
u,0.6705070734024048, 0.4148307144641876, 0
u,0.5761929750442505, 0.22917239367961884, 0
u,0.6997056007385254, 0.22719809412956238, 0
u,0.6621627807617188, 0.23725169897079468, 0
u,0.6641077995300293, 0.3243385851383209, 0
u,0.6705070734024048, 0.4148307144641876, 0
u,0.48091909289360046, 0.4147796034812927, 0
u,0.5761929750442505, 0.22917239367961884, 0
u,0.6621627807617188, 0.23725169897079468, 0
u,0.5767887830734253, 0.26873499155044556, 0
u,0.6621627807617188, 0.23725169897079468, 0
u,0.6641077995300293, 0.3243385851383209, 0
u,0.5767887830734253, 0.26873499155044556, 0
u,0.48091909289360046, 0.4147796034812927, 0
u,0.48091909289360046, 0.23069530725479126, 0
u,0.4913010001182556, 0.2701011002063751, 0
u,0.48091909289360046, 0.23069530725479126, 0
u,0.49070489406585693, 0.23053880035877228, 0
u,0.4913010001182556, 0.2701011002063751, 0
u,0.4913010001182556, 0.2701011002063751, 0
u,0.5767887830734253, 0.26873499155044556, 0
u,0.48091909289360046, 0.4147796034812927, 0
u,0.7391121983528137, 0.12184459716081619, 0
u,0.7620394825935364, 0.14430789649486542, 0
u,0.7074524164199829, 0.15026900172233582, 0
u,0.7620394825935364, 0.14430789649486542, 0
u,0.7654795050621033, 0.17658260464668274, 0
u,0.7074524164199829, 0.15026900172233582, 0
u,0.7654795050621033, 0.17658260464668274, 0
u,0.7478225827217102, 0.2035669982433319, 0
u,0.7074524164199829, 0.15026900172233582, 0
u,0.7478225827217102, 0.2035669982433319, 0
u,0.7173305749893188, 0.21263499557971954, 0
u,0.7074608206748962, 0.2081885039806366, 0
u,0.7074524164199829, 0.15026900172233582, 0
u,0.7478225827217102, 0.2035669982433319, 0
u,0.7074608206748962, 0.2081885039806366, 0
u,0.7074524164199829, 0.15026900172233582, 0
u,0.7072411775588989, 0.15026900172233582, 0
u,0.7086321115493774, 0.11978519707918167, 0
u,0.9989262819290161, 0.5818386077880859, 0
u,0.9980342984199524, 0.5242003798484802, 0
u,0.9991986751556396, 0.5821393728256226, 0
u,0.7759730815887451, 0.5821393728256226, 0
u,0.7713717222213745, 0.35975611209869385, 0
u,0.9909849166870117, 0.36066770553588867, 0
u,0.9955378174781799, 0.5818971991539001, 0
u,0.9989262819290161, 0.5818386077880859, 0
u,0.9991986751556396, 0.5821393728256226, 0
u,0.7759730815887451, 0.5821393728256226, 0
u,0.9909849166870117, 0.36066770553588867, 0
u,0.9955378174781799, 0.5818971991539001, 0
u,0.5767887830734253, 0.26873499155044556, 0
u,0.4913010001182556, 0.2701011002063751, 0
u,0.49070489406585693, 0.23053880035877228, 0
u,0.73189377784729, 0.23563259840011597, 0
u,0.7338253855705261, 0.32271409034729004, 0
u,0.6641077995300293, 0.3243385851383209, 0
u,0.5666003823280334, 0.9395623803138733, 0
u,0.9822453856468201, 0.9395623803138733, 0
u,0.9822453856468201, 0.9796748161315918, 0
u,0.5666003823280334, 0.8692517280578613, 0
u,0.9822453856468201, 0.8692517280578613, 0
u,0.9822453856468201, 0.9395623803138733, 0
u,0.0, 0.0039575002156198025, 0
u,0.0511511005461216, 0.0039575002156198025, 0
u,0.0511511005461216, 0.07440800219774246, 0
u,0.0511511005461216, 0.07440800219774246, 0
u,0.47023460268974304, 0.07440800219774246, 0
u,0.47023460268974304, 0.07537879794836044, 0
u,0.0, 0.07537879794836044, 0
u,0.0, 0.0039575002156198025, 0
u,0.0511511005461216, 0.07440800219774246, 0
u,0.47023460268974304, 0.42276421189308167, 0
u,0.0, 0.42276421189308167, 0
u,0.0, 0.2270302027463913, 0
u,0.47023460268974304, 0.2270302027463913, 0
u,0.0, 0.2270302027463913, 0
u,0.0, 0.07537879794836044, 0
u,0.5747057199478149, 0.7848526239395142, 0
u,0.9439570903778076, 0.7848526239395142, 0
u,0.9439570903778076, 0.8048781156539917, 0
u,0.4791252017021179, 0.8048781156539917, 0
u,0.4791252017021179, 0.7434455752372742, 0
u,0.5747057199478149, 0.7848526239395142, 0
u,0.4791252017021179, 0.7434455752372742, 0
u,0.5747057199478149, 0.7434455752372742, 0
u,0.5747057199478149, 0.7848526239395142, 0
u,0.7487819790840149, 0.4369919002056122, 0
u,0.7487819790840149, 0.5817341804504395, 0
u,0.7461450099945068, 0.43712228536605835, 0
u,0.7487819790840149, 0.5817341804504395, 0
u,0.746803879737854, 0.5817341804504395, 0
u,0.7461450099945068, 0.43712228536605835, 0
u,0.7461450099945068, 0.43712228536605835, 0
u,0.6679919958114624, 0.43712228536605835, 0
u,0.6679919958114624, 0.4369919002056122, 0
u,0.056683000177145004, 0.9994174838066101, 0
u,0.056683000177145004, 0.9837399125099182, 0
u,0.21884889900684357, 0.9837399125099182, 0
u,0.27142590284347534, 0.9837399125099182, 0
u,0.4048925042152405, 0.9837399125099182, 0
u,0.4048925042152405, 0.9994174838066101, 0
u,0.4048925042152405, 0.9994174838066101, 0
u,0.21884889900684357, 0.9994174838066101, 0
u,0.27142590284347534, 0.9837399125099182, 0
u,0.5454226732254028, 0.9994174838066101, 0
u,0.4048925042152405, 0.9994174838066101, 0
u,0.4048925042152405, 0.9837399125099182, 0
u,0.6111401915550232, 0.9837399125099182, 0
u,0.6111401915550232, 0.9994174838066101, 0
u,0.5454226732254028, 0.9994174838066101, 0
u,0.056683000177145004, 0.9994174838066101, 0
u,0.0, 0.9994174838066101, 0
u,0.006657099816948175, 0.9837399125099182, 0
u,0.0, 0.9994174838066101, 0
u,0.0, 0.9837399125099182, 0
u,0.006657099816948175, 0.9837399125099182, 0
u,0.47713708877563477, 0.6451892852783203, 0
u,0.47713708877563477, 0.6162399053573608, 0
u,0.9376989006996155, 0.6162399053573608, 0
u,0.47713708877563477, 0.5883926749229431, 0
u,0.9376989006996155, 0.5883926749229431, 0
u,0.9376989006996155, 0.6162399053573608, 0
u,0.47713708877563477, 0.7418699264526367, 0
u,0.47713708877563477, 0.7320374846458435, 0
u,0.9376989006996155, 0.7320374846458435, 0
u,0.9376989006996155, 0.7320374846458435, 0
u,0.47713708877563477, 0.7320374846458435, 0
u,0.47713708877563477, 0.703088104724884, 0
u,0.47713708877563477, 0.703088104724884, 0
u,0.47713708877563477, 0.6741387248039246, 0
u,0.9376989006996155, 0.6741387248039246, 0
u,0.47713708877563477, 0.6741387248039246, 0
u,0.47713708877563477, 0.6451892852783203, 0
u,0.9376989006996155, 0.6451892852783203, 0
u,0.1580606997013092, 0.7271662950515747, 0
u,0.47443661093711853, 0.7271662950515747, 0
u,0.47443661093711853, 0.7846518754959106, 0
u,0.09770529717206955, 0.7846518754959106, 0
u,0.09770529717206955, 0.8069105744361877, 0
u,0.0033716000616550446, 0.8069105744361877, 0
u,0.1580606997013092, 0.7271662950515747, 0
u,0.47443661093711853, 0.7846518754959106, 0
u,0.09770529717206955, 0.7846518754959106, 0
u,0.1580606997013092, 0.7271662950515747, 0
u,0.15724369883537292, 0.5517032742500305, 0
u,0.47443661093711853, 0.5517032742500305, 0
u,0.15724369883537292, 0.5517032742500305, 0
u,0.0, 0.4706710875034332, 0
u,0.47443661093711853, 0.4706710875034332, 0
u,0.0, 0.4706710875034332, 0
u,0.00018859999545384198, 0.4249570965766907, 0
u,0.00018859999545384198, 0.4704301059246063, 0
u,0.00018859999545384198, 0.4704301059246063, 0
u,0.47443661093711853, 0.4704301059246063, 0
u,0.47443661093711853, 0.4706710875034332, 0
u,0.5700321197509766, 0.585365891456604, 0
u,0.5700321197509766, 0.5109155178070068, 0
u,0.5989786982536316, 0.5109155178070068, 0
u,0.6629266142845154, 0.5109155178070068, 0
u,0.6629266142845154, 0.585365891456604, 0
u,0.5989786982536316, 0.585365891456604, 0
u,0.5060840249061584, 0.5109155178070068, 0
u,0.5060840249061584, 0.585365891456604, 0
u,0.47713708877563477, 0.585365891456604, 0
u,0.5700321197509766, 0.5109155178070068, 0
u,0.5700321197509766, 0.585365891456604, 0
u,0.5060840249061584, 0.585365891456604, 0
u,0.563226580619812, 0.8618074059486389, 0
u,0.0, 0.8618074059486389, 0
u,0.42967289686203003, 0.8603153824806213, 0
u,0.0, 0.8618074059486389, 0
u,0.0, 0.8603153824806213, 0
u,0.42967289686203003, 0.8603153824806213, 0
u,0.42967289686203003, 0.8603153824806213, 0
u,0.42967289686203003, 0.8196700811386108, 0
u,0.4821164906024933, 0.8196700811386108, 0
u,0.4667764902114868, 0.8137875199317932, 0
u,0.4667764902114868, 0.8089430928230286, 0
u,0.4821164906024933, 0.8137875199317932, 0
u,0.4667764902114868, 0.8089430928230286, 0
u,0.563226580619812, 0.8089430928230286, 0
u,0.4821164906024933, 0.8137875199317932, 0
u,0.563226580619812, 0.8089430928230286, 0
u,0.563226580619812, 0.8618074059486389, 0
u,0.4821164906024933, 0.8196700811386108, 0
u,0.563226580619812, 0.8618074059486389, 0
u,0.42967289686203003, 0.8603153824806213, 0
u,0.4821164906024933, 0.8196700811386108, 0
u,0.563226580619812, 0.926393985748291, 0
u,0.563226580619812, 0.9792683124542236, 0
u,0.4821164906024933, 0.9508000016212463, 0
u,0.563226580619812, 0.9792683124542236, 0
u,0.4667764902114868, 0.9792683124542236, 0
u,0.4821164906024933, 0.9508000016212463, 0
u,0.4667764902114868, 0.9792683124542236, 0
u,0.4667764902114868, 0.9508000016212463, 0
u,0.4821164906024933, 0.9508000016212463, 0
u,0.4821164906024933, 0.9449173808097839, 0
u,0.0, 0.9449173808097839, 0
u,0.0, 0.926393985748291, 0
u,0.4821164906024933, 0.9449173808097839, 0
u,0.0, 0.926393985748291, 0
u,0.563226580619812, 0.926393985748291, 0
u,0.5666003823280334, 0.8141319751739502, 0
u,0.6438338160514832, 0.8141319751739502, 0
u,0.6438338160514832, 0.8658537268638611, 0
