s,156.45947265625, 68.77734375, -0.03115081787109375
b,163.27734375, 73.78515625, 8.724985122680664
v,158.591064453125, 69.734375, 8.72492790222168
v,159.061767578125, 70.275390625, 8.724971771240234
v,159.061767578125, 70.275390625, 8.280902862548828
v,158.591064453125, 69.734375, 8.280858993530273
v,159.71240234375, 68.77734375, -0.030942440032958984
v,158.673828125, 69.66015625, -0.031010150909423828
v,158.602294921875, 69.5771484375, -0.031015872955322266
v,156.460205078125, 71.44140625, -0.03115081787109375
v,157.076171875, 72.1494140625, -0.031093120574951172
v,157.2001953125, 72.041015625, -0.031085491180419922
v,158.582763671875, 73.7431640625, -0.030953407287597656
v,160.16748046875, 73.78515625, -0.030831336975097656
v,163.27734375, 70.3251953125, -0.030641555786132812
v,162.04296875, 68.8642578125, -0.03076028823852539
v,161.11328125, 69.71484375, -0.03082132339477539
v,160.680908203125, 69.1845703125, -0.030861854553222656
v,160.3251953125, 69.513671875, -0.030884742736816406
v,158.304443359375, 71.0810546875, 7.380505561828613
v,159.768310546875, 72.771484375, 7.380644798278809
v,158.697021484375, 73.6796875, 7.380577087402344
v,158.614501953125, 73.6767578125, 7.380571365356445
v,157.250244140625, 71.998046875, 7.380441665649414
v,163.1884765625, 70.32421875, 7.3808746337890625
v,160.13818359375, 73.716796875, 7.380688667297363
v,158.697021484375, 73.6796875, 7.380577087402344
v,159.768310546875, 72.771484375, 7.380644798278809
v,159.966552734375, 73.0009765625, 7.38066291809082
v,160.302734375, 72.7099609375, 7.380684852600098
v,160.107421875, 72.484375, 7.380666732788086
v,160.393310546875, 72.2431640625, 7.380683898925781
v,161.565673828125, 71.2490234375, 7.380760192871094
v,162.966552734375, 70.0615234375, 7.380852699279785
v,159.826904296875, 70.380859375, 7.380612373352051
v,159.02197265625, 69.451171875, 7.380537986755371
v,159.703857421875, 68.8720703125, 7.380581855773926
v,160.318603515625, 69.6103515625, 7.38063907623291
v,160.67333984375, 69.28125, 7.3806610107421875
v,161.10546875, 69.8125, 7.380702018737793
v,162.0361328125, 68.9609375, 7.380764961242676
v,162.966552734375, 70.0615234375, 7.380852699279785
v,161.565673828125, 71.2490234375, 7.380760192871094
v,161.216796875, 70.8369140625, 7.380725860595703
v,160.04443359375, 71.8310546875, 7.380651473999023
v,160.393310546875, 72.2431640625, 7.380683898925781
v,160.107421875, 72.484375, 7.380666732788086
v,158.9462890625, 71.142578125, 7.380556106567383
v,163.276611328125, 70.3251953125, 7.4363908767700195
v,160.167236328125, 73.78515625, 7.436201095581055
v,158.58203125, 73.7431640625, 7.436079025268555
v,157.19970703125, 72.041015625, 7.435946464538574
v,157.250244140625, 71.998046875, 7.43595027923584
v,158.614501953125, 73.6767578125, 7.436079978942871
v,160.13818359375, 73.716796875, 7.436197280883789
v,163.1884765625, 70.32421875, 7.436383247375488
v,162.0361328125, 68.9609375, 7.436273574829102
v,161.10546875, 69.8125, 7.436210632324219
v,160.67333984375, 69.28125, 7.43617057800293
v,160.318603515625, 69.6103515625, 7.436147689819336
v,159.703857421875, 68.8720703125, 7.436090469360352
v,159.02197265625, 69.451171875, 7.436046600341797
v,158.978515625, 69.400390625, 7.436041831970215
v,159.7119140625, 68.77734375, 7.436088562011719
v,160.32470703125, 69.513671875, 7.4361467361450195
v,160.68017578125, 69.1845703125, 7.43617057800293
v,161.112548828125, 69.71484375, 7.436210632324219
v,162.042236328125, 68.8642578125, 7.436271667480469
v,160.393310546875, 72.2431640625, 7.8280839920043945
v,160.044189453125, 71.8310546875, 7.828051567077637
v,161.216796875, 70.8369140625, 7.828125953674316
v,161.565673828125, 71.2490234375, 7.828159332275391
v,159.96630859375, 73.0009765625, 7.821402549743652
v,158.304443359375, 71.0810546875, 7.821245193481445
v,159.21826171875, 70.287109375, 7.82130241394043
v,158.673095703125, 69.66015625, 7.82125186920166
v,158.978515625, 69.400390625, 7.821271896362305
v,159.826904296875, 70.380859375, 7.821352005004883
v,158.9462890625, 71.142578125, 7.821295738220215
v,160.302734375, 72.7099609375, 7.82142448425293
v,157.086669921875, 71.9931640625, 8.724847793579102
v,159.0615234375, 70.275390625, 8.724971771240234
v,158.5908203125, 69.734375, 8.72492790222168
v,158.6015625, 69.5771484375, 8.72492790222168
v,159.218017578125, 70.287109375, 8.724985122680664
v,157.07568359375, 72.1494140625, 8.724849700927734
v,156.45947265625, 71.4404296875, 8.72479248046875
v,156.6162109375, 71.4521484375, 8.724803924560547
v,156.6162109375, 71.4521484375, 8.28073501586914
v,158.5908203125, 69.734375, 8.280858993530273
v,159.0615234375, 70.275390625, 8.280902862548828
v,157.086669921875, 71.9931640625, 8.280778884887695
v,158.5908203125, 69.734375, 8.72492790222168
v,156.6162109375, 71.4521484375, 8.724803924560547
v,156.45947265625, 71.4404296875, 8.72479248046875
v,158.6015625, 69.5771484375, 8.72492790222168
v,157.250244140625, 71.998046875, 7.43595027923584
v,157.250244140625, 71.998046875, 7.380441665649414
v,158.614501953125, 73.6767578125, 7.380571365356445
v,158.614501953125, 73.6767578125, 7.436079978942871
v,160.13818359375, 73.716796875, 7.436197280883789
v,158.614501953125, 73.6767578125, 7.436079978942871
v,158.614501953125, 73.6767578125, 7.380571365356445
v,158.697021484375, 73.6796875, 7.380577087402344
v,160.13818359375, 73.716796875, 7.380688667297363
v,163.1884765625, 70.32421875, 7.436383247375488
v,160.13818359375, 73.716796875, 7.436197280883789
v,160.13818359375, 73.716796875, 7.380688667297363
v,163.1884765625, 70.32421875, 7.3808746337890625
v,162.0361328125, 68.9609375, 7.436273574829102
v,163.1884765625, 70.32421875, 7.436383247375488
v,163.1884765625, 70.32421875, 7.3808746337890625
v,162.966552734375, 70.0615234375, 7.380852699279785
v,162.0361328125, 68.9609375, 7.380764961242676
v,161.10546875, 69.8125, 7.436210632324219
v,162.0361328125, 68.9609375, 7.436273574829102
v,162.0361328125, 68.9609375, 7.380764961242676
v,161.10546875, 69.8125, 7.380702018737793
v,160.67333984375, 69.28125, 7.43617057800293
v,161.10546875, 69.8125, 7.436210632324219
v,161.10546875, 69.8125, 7.380702018737793
v,160.67333984375, 69.28125, 7.3806610107421875
v,160.318603515625, 69.6103515625, 7.436147689819336
v,160.67333984375, 69.28125, 7.43617057800293
v,160.67333984375, 69.28125, 7.3806610107421875
v,160.318603515625, 69.6103515625, 7.38063907623291
v,159.703857421875, 68.8720703125, 7.380581855773926
v,159.703857421875, 68.8720703125, 7.436090469360352
v,160.318603515625, 69.6103515625, 7.436147689819336
v,160.318603515625, 69.6103515625, 7.38063907623291
v,159.02197265625, 69.451171875, 7.380537986755371
v,159.02197265625, 69.451171875, 7.436046600341797
v,159.703857421875, 68.8720703125, 7.436090469360352
v,159.703857421875, 68.8720703125, 7.380581855773926
v,158.58203125, 73.7431640625, 7.436079025268555
v,160.167236328125, 73.78515625, 7.436201095581055
v,160.16748046875, 73.78515625, -0.030831336975097656
v,158.582763671875, 73.7431640625, -0.030953407287597656
v,160.167236328125, 73.78515625, 7.436201095581055
v,163.276611328125, 70.3251953125, 7.4363908767700195
v,163.27734375, 70.3251953125, -0.030641555786132812
v,160.16748046875, 73.78515625, -0.030831336975097656
v,163.276611328125, 70.3251953125, 7.4363908767700195
v,162.042236328125, 68.8642578125, 7.436271667480469
v,162.04296875, 68.8642578125, -0.03076028823852539
v,163.27734375, 70.3251953125, -0.030641555786132812
v,162.042236328125, 68.8642578125, 7.436271667480469
v,161.112548828125, 69.71484375, 7.436210632324219
v,161.11328125, 69.71484375, -0.03082132339477539
v,162.04296875, 68.8642578125, -0.03076028823852539
v,161.112548828125, 69.71484375, 7.436210632324219
v,160.68017578125, 69.1845703125, 7.43617057800293
v,160.680908203125, 69.1845703125, -0.030861854553222656
v,161.11328125, 69.71484375, -0.03082132339477539
v,160.68017578125, 69.1845703125, 7.43617057800293
v,160.32470703125, 69.513671875, 7.4361467361450195
v,160.3251953125, 69.513671875, -0.030884742736816406
v,160.680908203125, 69.1845703125, -0.030861854553222656
v,160.3251953125, 69.513671875, -0.030884742736816406
v,160.32470703125, 69.513671875, 7.4361467361450195
v,159.7119140625, 68.77734375, 7.436088562011719
v,159.71240234375, 68.77734375, -0.030942440032958984
v,158.978515625, 69.400390625, 7.436041831970215
v,158.978515625, 69.400390625, 7.821271896362305
v,158.673095703125, 69.66015625, 7.82125186920166
v,158.673828125, 69.66015625, -0.031010150909423828
v,159.71240234375, 68.77734375, -0.030942440032958984
v,159.7119140625, 68.77734375, 7.436088562011719
v,157.2001953125, 72.041015625, -0.031085491180419922
v,157.19970703125, 72.041015625, 7.435946464538574
v,158.58203125, 73.7431640625, 7.436079025268555
v,158.582763671875, 73.7431640625, -0.030953407287597656
v,161.216796875, 70.8369140625, 7.380725860595703
v,161.565673828125, 71.2490234375, 7.380760192871094
v,161.565673828125, 71.2490234375, 7.828159332275391
v,161.216796875, 70.8369140625, 7.828125953674316
v,160.044189453125, 71.8310546875, 7.828051567077637
v,160.04443359375, 71.8310546875, 7.380651473999023
v,161.216796875, 70.8369140625, 7.380725860595703
v,161.216796875, 70.8369140625, 7.828125953674316
v,160.393310546875, 72.2431640625, 7.8280839920043945
v,160.393310546875, 72.2431640625, 7.380683898925781
v,160.04443359375, 71.8310546875, 7.380651473999023
v,160.044189453125, 71.8310546875, 7.828051567077637
v,161.565673828125, 71.2490234375, 7.828159332275391
v,161.565673828125, 71.2490234375, 7.380760192871094
v,160.393310546875, 72.2431640625, 7.380683898925781
v,160.393310546875, 72.2431640625, 7.8280839920043945
v,158.9462890625, 71.142578125, 7.821295738220215
v,159.826904296875, 70.380859375, 7.821352005004883
v,159.826904296875, 70.380859375, 7.380612373352051
v,158.9462890625, 71.142578125, 7.380556106567383
v,159.826904296875, 70.380859375, 7.380612373352051
v,159.826904296875, 70.380859375, 7.821352005004883
v,158.978515625, 69.400390625, 7.821271896362305
v,158.978515625, 69.400390625, 7.436041831970215
v,159.02197265625, 69.451171875, 7.436046600341797
v,159.02197265625, 69.451171875, 7.380537986755371
v,159.966552734375, 73.0009765625, 7.38066291809082
v,159.768310546875, 72.771484375, 7.380644798278809
v,158.304443359375, 71.0810546875, 7.380505561828613
v,158.304443359375, 71.0810546875, 7.821245193481445
v,159.96630859375, 73.0009765625, 7.821402549743652
v,159.966552734375, 73.0009765625, 7.38066291809082
v,159.96630859375, 73.0009765625, 7.821402549743652
v,160.302734375, 72.7099609375, 7.82142448425293
v,160.302734375, 72.7099609375, 7.380684852600098
v,160.302734375, 72.7099609375, 7.82142448425293
v,158.9462890625, 71.142578125, 7.821295738220215
v,158.9462890625, 71.142578125, 7.380556106567383
v,160.107421875, 72.484375, 7.380666732788086
v,160.302734375, 72.7099609375, 7.380684852600098
v,157.07568359375, 72.1494140625, 8.724849700927734
v,159.218017578125, 70.287109375, 8.724985122680664
v,159.21826171875, 70.287109375, 7.82130241394043
v,158.304443359375, 71.0810546875, 7.821245193481445
v,158.304443359375, 71.0810546875, 7.380505561828613
v,157.250244140625, 71.998046875, 7.380441665649414
v,157.250244140625, 71.998046875, 7.43595027923584
v,157.19970703125, 72.041015625, 7.435946464538574
v,157.2001953125, 72.041015625, -0.031085491180419922
v,157.076171875, 72.1494140625, -0.031093120574951172
v,159.218017578125, 70.287109375, 8.724985122680664
v,158.6015625, 69.5771484375, 8.72492790222168
v,158.602294921875, 69.5771484375, -0.031015872955322266
v,158.673828125, 69.66015625, -0.031010150909423828
v,158.673095703125, 69.66015625, 7.82125186920166
v,159.21826171875, 70.287109375, 7.82130241394043
v,158.602294921875, 69.5771484375, -0.031015872955322266
v,158.6015625, 69.5771484375, 8.72492790222168
v,156.45947265625, 71.4404296875, 8.72479248046875
v,156.460205078125, 71.44140625, -0.03115081787109375
v,156.460205078125, 71.44140625, -0.03115081787109375
v,156.45947265625, 71.4404296875, 8.72479248046875
v,157.07568359375, 72.1494140625, 8.724849700927734
v,157.076171875, 72.1494140625, -0.031093120574951172
v,157.086669921875, 71.9931640625, 8.724847793579102
v,156.6162109375, 71.4521484375, 8.724803924560547
v,156.6162109375, 71.4521484375, 8.28073501586914
v,157.086669921875, 71.9931640625, 8.280778884887695
v,159.0615234375, 70.275390625, 8.724971771240234
v,157.086669921875, 71.9931640625, 8.724847793579102
v,157.086669921875, 71.9931640625, 8.280778884887695
v,159.0615234375, 70.275390625, 8.280902862548828
v,156.6162109375, 71.4521484375, 8.724803924560547
v,158.5908203125, 69.734375, 8.72492790222168
v,158.5908203125, 69.734375, 8.280858993530273
v,156.6162109375, 71.4521484375, 8.28073501586914
i,0,2,3
i,11,14,16
i,18,19,20
i,23,26,27
i,32,37,41
i,54,64,65
i,67,69,66
i,72,75,76
i,78,79,82
i,86,88,89
i,90,92,93
i,94,96,97
i,99,100,101
i,104,106,103
i,108,109,110
i,112,114,115
i,116,118,119
i,120,122,123
i,125,127,124
i,129,131,128
i,132,134,135
i,137,139,136
i,141,143,140
i,144,146,147
i,148,150,151
i,152,154,155
i,157,159,156
i,164,165,160
i,166,168,169
i,171,173,170
i,175,177,174
i,178,180,181
i,183,185,182
i,186,188,189
i,192,193,194
i,197,199,200
i,201,203,204
i,206,207,208
i,210,213,216
i,222,223,224
i,226,228,229
i,230,232,233
i,235,237,234
i,239,241,238
i,242,244,245
i,0,1,2
i,16,4,5
i,5,6,7
i,7,8,9
i,9,10,5
i,10,11,5
i,11,12,14
i,12,13,14
i,14,15,16
i,7,9,5
i,5,11,16
i,21,17,20
i,17,18,20
i,31,22,30
i,22,23,30
i,23,24,26
i,24,25,26
i,27,28,29
i,29,30,27
i,30,23,27
i,32,33,35
i,33,34,35
i,35,36,37
i,44,45,42
i,45,32,42
i,42,43,44
i,39,40,41
i,38,39,37
i,39,41,37
i,41,42,32
i,32,35,37
i,48,49,51
i,49,50,51
i,59,60,58
i,60,61,58
i,58,61,62
i,48,51,52
i,57,58,62
i,56,57,62
i,47,48,52
i,47,52,53
i,56,62,63
i,46,47,53
i,56,63,64
i,46,53,54
i,55,56,64
i,65,46,54
i,54,55,64
i,67,68,69
i,77,70,76
i,70,71,76
i,72,73,74
i,72,74,75
i,76,71,72
i,79,80,81
i,83,84,85
i,83,85,78
i,79,81,82
i,83,78,82
i,86,87,88
i,90,91,92
i,94,95,96
i,102,98,101
i,98,99,101
i,104,105,106
i,111,107,110
i,107,108,110
i,112,113,114
i,116,117,118
i,120,121,122
i,125,126,127
i,129,130,131
i,132,133,134
i,137,138,139
i,141,142,143
i,144,145,146
i,148,149,150
i,152,153,154
i,157,158,159
i,160,161,162
i,162,163,160
i,163,164,160
i,166,167,168
i,171,172,173
i,175,176,177
i,178,179,180
i,183,184,185
i,186,187,188
i,195,190,194
i,190,191,194
i,191,192,194
i,200,196,197
i,197,198,199
i,201,202,203
i,209,205,208
i,205,206,208
i,210,211,213
i,211,212,213
i,213,214,216
i,214,215,216
i,218,219,217
i,219,210,217
i,216,217,210
i,225,220,224
i,220,221,224
i,221,222,224
i,226,227,228
i,230,231,232
i,235,236,237
i,239,240,241
i,242,243,244
n,-3.398209571838379, 2.9557344913482666, 0.0
n,0.0003454642428550869, 6.902462337166071e-05, -4.50379753112793
n,-0.00027733572642318904, 8.929853720474057e-06, 4.50379753112793
n,-0.000358921242877841, -7.381418254226446e-05, 4.50379753112793
n,-0.00034590414725244045, -6.664016109425575e-05, 4.50379753112793
n,-0.0003904577752109617, -0.00010387103247921914, 4.50379753112793
n,-0.00034400742151774466, -6.035815749783069e-05, 4.50379753112793
n,-0.0003517927252687514, -7.617937808390707e-05, 4.50379753112793
n,-0.00033661522320471704, -6.27928675385192e-05, 4.50379753112793
n,-0.00034210048033855855, -6.910088995937258e-05, 4.50379753112793
n,-0.0003031427913811058, -2.093527655233629e-05, 4.50379753112793
n,3.495460271835327, -2.8400614261627197, 0.0
n,0.14178158342838287, -4.501564979553223, 0.0
n,-3.349263906478882, -3.0110840797424316, 0.0
n,-3.4416892528533936, 2.9049901962280273, 0.0
n,3.040276288986206, 3.322786569595337, 0.0
n,-3.4933643341064453, 2.842639446258545, 0.0
n,3.0601978302001953, 3.3044486045837402, 0.0
n,-3.4607462882995605, 2.882260799407959, 0.0
n,2.91408634185791, 3.433990955352783, 0.0
n,-0.11826937645673752, 4.502244472503662, -1.0303072485839948e-05
n,3.349670886993408, 3.0106310844421387, 0.00019453837012406439
n,3.43982195854187, -2.907200813293457, 0.00029966110014356673
n,-3.0405187606811523, -3.3225648403167725, -0.00026487570721656084
n,3.49196720123291, -2.844355344772339, 0.000304203771520406
n,-3.0615224838256836, -3.3032217025756836, -0.00026670543593354523
n,3.4619178771972656, -2.8808536529541016, 0.0002010573516599834
n,-2.915286064147949, -3.4329726696014404, -0.00025396604905836284
n,-3.4955692291259766, 2.8399274349212646, -0.0003045175690203905
n,3.4369707107543945, -2.910571336746216, 0.0
n,-2.912153720855713, -3.4356296062469482, -0.0014113652287051082
n,-3.4360780715942383, 2.9116241931915283, -0.0016652834601700306
n,2.9124672412872314, 3.435364007949829, 0.0
n,2.9475677013397217, 3.4052956104278564, 0.0
n,3.4039549827575684, -2.9491159915924072, 0.0
n,-3.404752016067505, 2.948195219039917, -0.0006645660032518208
n,2.9454879760742188, 3.4070944786071777, 0.0
n,3.40535831451416, -2.9474949836730957, 0.0
n,2.9549078941345215, 3.3989269733428955, 0.002195020904764533
n,3.4005162715911865, -2.95307993888855, 0.000281703716609627
n,-2.956385850906372, -3.3976423740386963, -0.0005561893922276795
n,-3.3989710807800293, 2.9548583030700684, 4.0179842471843585e-05
n,3.39888334274292, -2.954958915710449, 0.0
n,-2.955296039581299, -3.398590564727783, 0.0
n,2.9554808139801025, 3.3984296321868896, 0.0
n,-3.398209571838379, 2.9557344913482666, 0.0
n,0.0003474511904641986, 6.314022175502032e-05, -4.50379753112793
n,0.0003219036152586341, 4.4532953324960545e-05, -4.50379753112793
n,0.00033911061473190784, 7.126927084755152e-05, -4.50379753112793
n,0.0003439583524595946, 7.026288949418813e-05, -4.50379753112793
n,0.00034476566361263394, 7.028089748928323e-05, -4.50379753112793
n,0.00035369524266570807, 7.093720341799781e-05, -4.50379753112793
n,0.00035525456769391894, 6.540230242535472e-05, -4.50379753112793
n,0.00034722473355941474, 6.21306971879676e-05, -4.50379753112793
n,0.00034127384424209595, 6.860194844193757e-05, -4.50379753112793
n,0.00034797858097590506, 6.911742821102962e-05, -4.50379753112793
n,-0.00033942246227525175, -7.407924567814916e-05, 4.50379753112793
n,-0.000342220242600888, -7.374506822088733e-05, 4.50379753112793
n,-0.0003610827261582017, -7.26314538042061e-05, 4.50379753112793
n,-0.0003665111435111612, -8.215924754040316e-05, 4.50379753112793
n,-0.00034744234289973974, -7.656230445718393e-05, 4.50379753112793
n,-0.0003433876554481685, -6.898239371366799e-05, 4.50379753112793
n,-0.0003359307593200356, -8.144943421939388e-05, 4.50379753112793
n,-0.0003669942088890821, -8.747194078750908e-05, 4.50379753112793
n,-0.00034938828321173787, -7.22561453585513e-05, 4.50379753112793
n,-0.0003454640682321042, -6.199108611326665e-05, 4.50379753112793
n,-0.00034522582427598536, -6.39265708741732e-05, 4.50379753112793
n,-0.00034152218722738326, -6.705467239953578e-05, 4.50379753112793
n,-0.0003440589061938226, -7.180110696936026e-05, 4.50379753112793
n,-0.0003457145649008453, -6.915735866641626e-05, 4.50379753112793
n,-0.0003289921151008457, -7.325482874875888e-05, 4.50379753112793
n,-0.0003571189590729773, -6.79547229083255e-05, 4.50379753112793
n,-0.0003569621767383069, -5.869643791811541e-05, 4.50379753112793
n,-0.0003560474142432213, -6.553651473950595e-05, 4.50379753112793
n,-0.0003450449730735272, -6.92577741574496e-05, 4.50379753112793
n,-0.000343194609740749, -6.0542646679095924e-05, 4.50379753112793
n,-0.00035736782592721283, -5.9414094721432775e-05, 4.50379753112793
n,-0.0003557511663530022, -6.0812162701040506e-05, 4.50379753112793
n,-0.0003902022144757211, -0.00011692722182488069, 4.50379753112793
n,-0.0003877865383401513, -0.00011361013457644731, 4.50379753112793
n,-0.0002960517886094749, -0.00010582531103864312, 4.50379753112793
n,-0.0003441143489908427, -5.291814886732027e-05, 4.50379753112793
n,-0.00030306229018606246, -9.904217586154118e-05, 4.50379753112793
n,-0.00037552861613221467, -0.0001037753390846774, 4.50379753112793
n,-0.0003445267502684146, -7.758093852316961e-05, 4.50379753112793
n,-0.00035595777444541454, -7.267145701916888e-05, 4.50379753112793
n,-0.0003211605071555823, -2.222315924882423e-05, 4.50379753112793
n,-0.0003451857774052769, -6.326687434921041e-05, 4.50379753112793
n,-0.00039034150540828705, -2.7010237317881547e-05, 4.50379753112793
n,-0.00034509916440583766, -7.207820453913882e-05, 4.50379753112793
n,-0.0003887371567543596, -2.8634654881898314e-05, 4.50379753112793
n,-0.0003153429424855858, -9.913404937833548e-05, 4.50379753112793
n,-0.0003251721791457385, -2.395241244812496e-05, 4.50379753112793
n,-0.0003494101110845804, -7.448287942679599e-05, 4.50379753112793
n,-0.0003516208962537348, -6.563217175425962e-05, 4.50379753112793
n,-0.0003502443723846227, -6.638808554271236e-05, 4.50379753112793
n,-0.0003508511290419847, -6.000616122037172e-05, 4.50379753112793
n,-0.00035443081287667155, -5.90376766922418e-05, 4.50379753112793
n,-0.0003493785625323653, -7.54119610064663e-05, 4.50379753112793
n,-0.00039039147668518126, -2.6960737159242854e-05, 4.50379753112793
n,-0.000335797289153561, -7.414966239593923e-05, 4.50379753112793
n,-0.00033784558763727546, -7.280006684595719e-05, 4.50379753112793
n,-0.00033664621878415346, -6.236248736968264e-05, 4.50379753112793
n,-0.00034503251663409173, -7.330913649639115e-05, 4.50379753112793
n,-0.00034205400152131915, -6.900426524225622e-05, 4.50379753112793
n,-0.0003366180753801018, -6.275361374719068e-05, 4.50379753112793
n,3.495460271835327, -2.8400614261627197, 0.0
n,0.11652030050754547, -4.50229024887085, 0.0
n,0.11788929998874664, -4.502113342285156, -0.035587407648563385
n,-3.349263906478882, -3.0110840797424316, 0.0
n,-3.4394991397857666, 2.907582998275757, 0.0
n,-3.43989634513855, 2.9070639610290527, -0.016975626349449158
n,3.040276288986206, 3.322786569595337, 0.0
n,-3.4933643341064453, 2.842639446258545, 0.0
n,3.0601978302001953, 3.3044486045837402, 0.0
n,-3.4607462882995605, 2.882260799407959, 0.0
n,2.91408634185791, 3.433990955352783, 0.0
n,-0.1182532086968422, 4.50224494934082, -6.867775482533034e-06
n,3.3495664596557617, 3.010746955871582, 0.00029179846751503646
n,3.43982195854187, -2.907200813293457, 0.00029966110014356673
n,-3.0405187606811523, -3.3225646018981934, -0.00026487570721656084
n,3.49196720123291, -2.844355344772339, 0.000304203771520406
n,-3.0625269412994385, -3.302290439605713, -0.00017786196258384734
n,3.461416482925415, -2.881455898284912, 0.00030154234264045954
n,-2.9157450199127197, -3.4325826168060303, 0.0
n,-2.915921926498413, -3.432432174682617, -0.00024155917344614863
n,-2.9154205322265625, -3.4328577518463135, -0.0002767866535577923
n,-3.4957871437072754, 2.8396589756011963, -0.0002030243631452322
n,3.4369707107543945, -2.910571336746216, 0.0
n,-2.9124670028686523, -3.435364007949829, 0.0
n,-3.4369707107543945, 2.910571336746216, 0.0
n,2.9124670028686523, 3.435364007949829, 0.0
n,2.9475677013397217, 3.4052956104278564, 0.0
n,3.405146837234497, -2.9477391242980957, 0.0
n,3.405147075653076, -2.947739362716675, 0.0
n,3.405085563659668, -2.947810173034668, 0.0002985134196933359
n,-3.4037892818450928, 2.9493062496185303, -0.001674565253779292
n,-3.4046661853790283, 2.9482944011688232, 0.0
n,2.9444007873535156, 3.408034086227417, 0.0014485594583675265
n,3.405630588531494, -2.9471800327301025, 0.0
n,3.405397653579712, -2.9474499225616455, 0.0002410584274912253
n,2.9544780254364014, 3.399301052093506, 0.001168185961432755
n,2.9547369480133057, 3.399076461791992, 0.0007089644786901772
n,2.9553654193878174, 3.3985304832458496, 0.0
n,2.9553654193878174, 3.3985302448272705, 0.0
n,2.9640920162200928, 3.3909215927124023, 0.00017214516992680728
n,2.950935125350952, 3.4023778438568115, 0.0005562535370700061
n,2.9407079219818115, 3.4112210273742676, -0.0011675128480419517
n,3.399045705795288, -2.9547722339630127, 0.0008155726827681065
n,3.399730920791626, -2.953983783721924, -0.00014459864178206772
n,3.401888370513916, -2.9514994621276855, 0.00025273158098571
n,-2.9556026458740234, -3.3983240127563477, -0.00021957632270641625
n,-3.3989710807800293, 2.9548583030700684, 4.0179842471843585e-05
n,3.39888334274292, -2.954958915710449, 0.0
n,-2.955296039581299, -3.398590564727783, 0.0
n,2.9554808139801025, 3.3984296321868896, 0.0
u,0.9438073039054871, 0.6237639784812927, 0
u,0.9698296189308167, 0.5785477757453918, 0
u,0.9698296189308167, 0.6237639784812927, 0
u,0.0, 0.0, 0
u,0.0, 0.0, 0
u,0.0, 0.0, 0
u,0.7328659296035767, 0.3567971885204315, 0
u,0.73162442445755, 0.4609413146972656, 0
u,0.7277750968933105, 0.4654591977596283, 0
u,0.798805296421051, 0.3820917010307312, 0
u,0.7537667155265808, 0.35684728622436523, 0
u,0.7538356781005859, 0.3238506019115448, 0
u,0.6110156774520874, 0.23707279562950134, 0
u,0.639326274394989, 0.13785450160503387, 0
u,0.6977224946022034, 0.18151159584522247, 0
u,0.6371359825134277, 0.04430650174617767, 0
u,0.6346101760864258, 0.1327454000711441, 0
u,0.6324219703674316, 0.039293400943279266, 0
u,0.6963629722595215, 0.29551321268081665, 0
u,0.7349495887756348, 0.1820162981748581, 0
u,0.7335904836654663, 0.2960183918476105, 0
u,0.5785853266716003, 0.2665868103504181, 0
u,0.6110156774520874, 0.23707279562950134, 0
u,0.6108561158180237, 0.3235144019126892, 0
u,0.5708923935890198, 0.46895289421081543, 0
u,0.5709254741668701, 0.2748199999332428, 0
u,0.5785853266716003, 0.2665868103504181, 0
u,0.521419882774353, 0.4689444899559021, 0
u,0.5709254741668701, 0.2748199999332428, 0
u,0.5708923935890198, 0.46895289421081543, 0
u,0.521419882774353, 0.2748120129108429, 0
u,0.5137615203857422, 0.4771777093410492, 0
u,0.5137615203857422, 0.26657629013061523, 0
u,0.9136618971824646, 0.478421688079834, 0
u,0.7755957841873169, 0.4822289049625397, 0
u,0.7755957841873169, 0.478421688079834, 0
u,0.7755957841873169, 0.478421688079834, 0
u,0.7755957841873169, 0.4822289049625397, 0
u,0.7703264951705933, 0.4822289049625397, 0
u,0.6783604025840759, 0.478421688079834, 0
u,0.3872816860675812, 0.4822289049625397, 0
u,0.3872816860675812, 0.478421688079834, 0
u,0.3872816860675812, 0.478421688079834, 0
u,0.3872816860675812, 0.4822289049625397, 0
u,0.36536189913749695, 0.4822289049625397, 0
u,0.19292320311069489, 0.478421688079834, 0
u,0.2734020948410034, 0.4822289049625397, 0
u,0.19292320311069489, 0.4822289049625397, 0
u,0.14925719797611237, 0.478421688079834, 0
u,0.19292320311069489, 0.4822289049625397, 0
u,0.14925719797611237, 0.4822289049625397, 0
u,0.11836870014667511, 0.478421688079834, 0
u,0.14925719797611237, 0.4822289049625397, 0
u,0.11836870014667511, 0.4822289049625397, 0
u,0.05705820024013519, 0.478421688079834, 0
u,0.11836870014667511, 0.4822289049625397, 0
u,0.05705820024013519, 0.4822289049625397, 0
u,0.0, 0.478421688079834, 0
u,0.05705820024013519, 0.4822289049625397, 0
u,0.0, 0.4822289049625397, 0
u,0.7840906977653503, 0.9748265147209167, 0
u,0.6877201199531555, 0.4868811070919037, 0
u,0.7840906977653503, 0.4868811070919037, 0
u,0.4050028920173645, 0.9748265147209167, 0
u,0.6877201199531555, 0.4868811070919037, 0
u,0.6877201199531555, 0.9748265147209167, 0
u,0.288766086101532, 0.9748265147209167, 0
u,0.4050028920173645, 0.4868811070919037, 0
u,0.4050028920173645, 0.9748265147209167, 0
u,0.288766086101532, 0.9748265147209167, 0
u,0.21216970682144165, 0.4868811070919037, 0
u,0.288766086101532, 0.4868811070919037, 0
u,0.21216970682144165, 0.9748265147209167, 0
u,0.17053720355033875, 0.4868811070919037, 0
u,0.21216970682144165, 0.4868811070919037, 0
u,0.17053720355033875, 0.9748265147209167, 0
u,0.14106200635433197, 0.4868811070919037, 0
u,0.17053720355033875, 0.4868811070919037, 0
u,0.14106200635433197, 0.9748265147209167, 0
u,0.08283290266990662, 0.4868811070919037, 0
u,0.14106200635433197, 0.4868811070919037, 0
u,0.08283290266990662, 0.4868811070919037, 0
u,0.08283290266990662, 0.9748265147209167, 0
u,0.024343300610780716, 0.9748265147209167, 0
u,0.9173591136932373, 0.4868811070919037, 0
u,0.7840906977653503, 0.9748265147209167, 0
u,0.7840906977653503, 0.4868811070919037, 0
u,0.9977790713310242, 0.8667588233947754, 0
u,0.9713302254676819, 0.8324543237686157, 0
u,0.9977790713310242, 0.8324543237686157, 0
u,0.9977790713310242, 0.7347515225410461, 0
u,0.9713302254676819, 0.8324543237686157, 0
u,0.9713302254676819, 0.7347515225410461, 0
u,0.9713302254676819, 0.9644621014595032, 0
u,0.9977790713310242, 0.9987670183181763, 0
u,0.9713302254676819, 0.9987670183181763, 0
u,0.9977790713310242, 0.8667588233947754, 0
u,0.9713302254676819, 0.9644621014595032, 0
u,0.9713302254676819, 0.8667588233947754, 0
u,0.9420222043991089, 0.8589081168174744, 0
u,0.918578028678894, 0.9255626201629639, 0
u,0.918578028678894, 0.8589081168174744, 0
u,0.9420222043991089, 0.9996954202651978, 0
u,0.9215307235717773, 0.9996954202651978, 0
u,0.9215307235717773, 0.9958853721618652, 0
u,0.918578028678894, 0.6975926160812378, 0
u,0.9420222043991089, 0.5696671009063721, 0
u,0.9420222043991089, 0.7149211764335632, 0
u,0.918578028678894, 0.7149211764335632, 0
u,0.9420222043991089, 0.7403647899627686, 0
u,0.918578028678894, 0.7403647899627686, 0
u,0.9420222043991089, 0.8589081168174744, 0
u,0.918578028678894, 0.8589081168174744, 0
u,0.918578028678894, 0.7574245929718018, 0
u,0.0, 0.1796237975358963, 0
u,0.0528050996363163, 0.07733199745416641, 0
u,0.07531529664993286, 0.16510699689388275, 0
u,0.5116382837295532, 0.417020708322525, 0
u,0.5116382837295532, 0.42386651039123535, 0
u,0.0528050996363163, 0.42386651039123535, 0
u,0.5116382837295532, 0.417020708322525, 0
u,0.0, 0.2386302947998047, 0
u,0.5116382837295532, 0.2386302947998047, 0
u,0.5116382837295532, 0.2386302947998047, 0
u,0.0, 0.1796237975358963, 0
u,0.5116382837295532, 0.1796237975358963, 0
u,0.9438073039054871, 0.7886723875999451, 0
u,0.9698296189308167, 0.8338583707809448, 0
u,0.9438073039054871, 0.8338583707809448, 0
u,0.9438073039054871, 0.8338583707809448, 0
u,0.9698296189308167, 0.9987670183181763, 0
u,0.9438073039054871, 0.9987670183181763, 0
u,0.9438073039054871, 0.7886723875999451, 0
u,0.9698296189308167, 0.6237639784812927, 0
u,0.9698296189308167, 0.7886723875999451, 0
u,0.9438073039054871, 0.6237639784812927, 0
u,0.9438073039054871, 0.5785477757453918, 0
u,0.9698296189308167, 0.5785477757453918, 0
u,0.0, 0.0, 0
u,0.0, 0.0, 0
u,0.0, 0.0, 0
u,0.0, 0.0, 0
u,0.0, 0.0, 0
u,0.0, 0.0, 0
u,0.0, 0.0, 0
u,0.0, 0.0, 0
u,0.0, 0.0, 0
u,0.0, 0.0, 0
u,0.0, 0.0, 0
u,0.0, 0.0, 0
u,0.0, 0.0, 0
u,0.0, 0.0, 0
u,0.0, 0.0, 0
u,0.0, 0.0, 0
u,0.0, 0.0, 0
u,0.0, 0.0, 0
u,0.0, 0.0, 0
u,0.0, 0.0, 0
u,0.0, 0.0, 0
u,0.0, 0.0, 0
u,0.0, 0.0, 0
u,0.0, 0.0, 0
u,0.0, 0.0, 0
u,0.0, 0.0, 0
u,0.0, 0.0, 0
u,0.0, 0.0, 0
u,0.0, 0.0, 0
u,0.0, 0.0, 0
u,0.5785524249076843, 0.4600506126880646, 0
u,0.5785700082778931, 0.35642650723457336, 0
u,0.7277750968933105, 0.4654591977596283, 0
u,0.5785700082778931, 0.35642650723457336, 0
u,0.7328659296035767, 0.3567971885204315, 0
u,0.7277750968933105, 0.4654591977596283, 0
u,0.7365732789039612, 0.045820899307727814, 0
u,0.7602754235267639, 0.046181898564100266, 0
u,0.7349495887756348, 0.1820162981748581, 0
u,0.7602754235267639, 0.046181898564100266, 0
u,0.798805296421051, 0.3820917010307312, 0
u,0.7349495887756348, 0.1820162981748581, 0
u,0.798805296421051, 0.3820917010307312, 0
u,0.73162442445755, 0.4609413146972656, 0
u,0.7537667155265808, 0.35684728622436523, 0
u,0.73162442445755, 0.4609413146972656, 0
u,0.7328659296035767, 0.3567971885204315, 0
u,0.7537667155265808, 0.35684728622436523, 0
u,0.7538356781005859, 0.3238506019115448, 0
u,0.7332593202590942, 0.3238022029399872, 0
u,0.7335904836654663, 0.2960183918476105, 0
u,0.7335904836654663, 0.2960183918476105, 0
u,0.7349495887756348, 0.1820162981748581, 0
u,0.7538356781005859, 0.3238506019115448, 0
u,0.7349495887756348, 0.1820162981748581, 0
u,0.798805296421051, 0.3820917010307312, 0
u,0.7538356781005859, 0.3238506019115448, 0
u,0.6110156774520874, 0.23707279562950134, 0
u,0.5261965990066528, 0.23688030242919922, 0
u,0.5932052731513977, 0.17209389805793762, 0
u,0.5261965990066528, 0.23688030242919922, 0
u,0.5269187092781067, 0.17053979635238647, 0
u,0.5932052731513977, 0.17209389805793762, 0
u,0.5932052731513977, 0.17209389805793762, 0
u,0.592130184173584, 0.13619659841060638, 0
u,0.639326274394989, 0.13785450160503387, 0
u,0.7332593202590942, 0.3238022029399872, 0
u,0.6108561158180237, 0.3235144019126892, 0
u,0.6963629722595215, 0.29551321268081665, 0
u,0.6108561158180237, 0.3235144019126892, 0
u,0.6110156774520874, 0.23707279562950134, 0
u,0.6963629722595215, 0.29551321268081665, 0
u,0.6963629722595215, 0.29551321268081665, 0
u,0.7335904836654663, 0.2960183918476105, 0
u,0.7332593202590942, 0.3238022029399872, 0
u,0.7365732789039612, 0.045820899307727814, 0
u,0.7349495887756348, 0.1820162981748581, 0
u,0.6977224946022034, 0.18151159584522247, 0
u,0.6371359825134277, 0.04430650174617767, 0
u,0.7365732789039612, 0.045820899307727814, 0
u,0.639326274394989, 0.13785450160503387, 0
u,0.7365732789039612, 0.045820899307727814, 0
u,0.6977224946022034, 0.18151159584522247, 0
u,0.639326274394989, 0.13785450160503387, 0
u,0.6977224946022034, 0.18151159584522247, 0
u,0.6963629722595215, 0.29551321268081665, 0
u,0.6110156774520874, 0.23707279562950134, 0
u,0.6110156774520874, 0.23707279562950134, 0
u,0.5932052731513977, 0.17209389805793762, 0
u,0.639326274394989, 0.13785450160503387, 0
u,0.729734480381012, 0.47047358751296997, 0
u,0.5785514712333679, 0.4649941027164459, 0
u,0.7277750968933105, 0.4654591977596283, 0
u,0.5785514712333679, 0.4649941027164459, 0
u,0.5785524249076843, 0.4600506126880646, 0
u,0.7277750968933105, 0.4654591977596283, 0
u,0.5261965990066528, 0.23688030242919922, 0
u,0.5216013193130493, 0.2368699014186859, 0
u,0.5269187092781067, 0.17053979635238647, 0
u,0.5216013193130493, 0.2368699014186859, 0
u,0.5223783254623413, 0.1654915064573288, 0
u,0.5269187092781067, 0.17053979635238647, 0
u,0.5269187092781067, 0.17053979635238647, 0
u,0.5223783254623413, 0.1654915064573288, 0
u,0.5884565711021423, 0.1670406013727188, 0
u,0.729734480381012, 0.47047358751296997, 0
u,0.7277750968933105, 0.4654591977596283, 0
u,0.798805296421051, 0.3820917010307312, 0
u,0.5932052731513977, 0.17209389805793762, 0
u,0.5269187092781067, 0.17053979635238647, 0
u,0.5884565711021423, 0.1670406013727188, 0
u,0.592130184173584, 0.13619659841060638, 0
u,0.5932052731513977, 0.17209389805793762, 0
u,0.5884565711021423, 0.1670406013727188, 0
u,0.803625226020813, 0.3837487995624542, 0
u,0.729734480381012, 0.47047358751296997, 0
u,0.798805296421051, 0.3820917010307312, 0
u,0.803625226020813, 0.3837487995624542, 0
u,0.798805296421051, 0.3820917010307312, 0
u,0.7602754235267639, 0.046181898564100266, 0
u,0.592130184173584, 0.13619659841060638, 0
u,0.5884565711021423, 0.1670406013727188, 0
u,0.5873795747756958, 0.13108649849891663, 0
u,0.7643457055091858, 0.041302699595689774, 0
u,0.803625226020813, 0.3837487995624542, 0
u,0.7602754235267639, 0.046181898564100266, 0
u,0.592130184173584, 0.13619659841060638, 0
u,0.5873795747756958, 0.13108649849891663, 0
u,0.6346101760864258, 0.1327454000711441, 0
u,0.7643457055091858, 0.041302699595689774, 0
u,0.7602754235267639, 0.046181898564100266, 0
u,0.6371359825134277, 0.04430650174617767, 0
u,0.639326274394989, 0.13785450160503387, 0
u,0.592130184173584, 0.13619659841060638, 0
u,0.6346101760864258, 0.1327454000711441, 0
u,0.6324219703674316, 0.039293400943279266, 0
u,0.7643457055091858, 0.041302699595689774, 0
u,0.6371359825134277, 0.04430650174617767, 0
u,0.6371359825134277, 0.04430650174617767, 0
u,0.639326274394989, 0.13785450160503387, 0
u,0.6346101760864258, 0.1327454000711441, 0
u,0.6963629722595215, 0.29551321268081665, 0
u,0.6977224946022034, 0.18151159584522247, 0
u,0.7349495887756348, 0.1820162981748581, 0
u,0.7538356781005859, 0.3238506019115448, 0
u,0.7537667155265808, 0.35684728622436523, 0
u,0.6108561158180237, 0.3235144019126892, 0
u,0.7537667155265808, 0.35684728622436523, 0
u,0.5785700082778931, 0.35642650723457336, 0
u,0.6108561158180237, 0.3235144019126892, 0
u,0.5785853266716003, 0.2665868103504181, 0
u,0.5212780237197876, 0.26657751202583313, 0
u,0.5216013193130493, 0.2368699014186859, 0
u,0.5785853266716003, 0.2665868103504181, 0
u,0.5216013193130493, 0.2368699014186859, 0
u,0.6110156774520874, 0.23707279562950134, 0
u,0.6108561158180237, 0.3235144019126892, 0
u,0.5785700082778931, 0.35642650723457336, 0
u,0.5785853266716003, 0.2665868103504181, 0
u,0.5709254741668701, 0.2748199999332428, 0
u,0.521419882774353, 0.2748120129108429, 0
u,0.5137615203857422, 0.26657629013061523, 0
u,0.5785493850708008, 0.4771885871887207, 0
u,0.5137615203857422, 0.4771777093410492, 0
u,0.521419882774353, 0.4689444899559021, 0
u,0.5785493850708008, 0.4771885871887207, 0
u,0.521419882774353, 0.4689444899559021, 0
u,0.5708923935890198, 0.46895289421081543, 0
u,0.5709254741668701, 0.2748199999332428, 0
u,0.5137615203857422, 0.26657629013061523, 0
u,0.5785853266716003, 0.2665868103504181, 0
u,0.5785493850708008, 0.4771885871887207, 0
u,0.5708923935890198, 0.46895289421081543, 0
u,0.5785853266716003, 0.2665868103504181, 0
u,0.521419882774353, 0.4689444899559021, 0
u,0.521419882774353, 0.2748120129108429, 0
u,0.5709254741668701, 0.2748199999332428, 0
u,0.521419882774353, 0.2748120129108429, 0
u,0.521419882774353, 0.4689444899559021, 0
u,0.5137615203857422, 0.4771777093410492, 0
u,0.9136618971824646, 0.478421688079834, 0
u,0.9136618971824646, 0.4822289049625397, 0
u,0.7755957841873169, 0.4822289049625397, 0
u,0.6783604025840759, 0.4822289049625397, 0
u,0.6783604025840759, 0.478421688079834, 0
u,0.7703264951705933, 0.4822289049625397, 0
u,0.6783604025840759, 0.478421688079834, 0
u,0.7755957841873169, 0.478421688079834, 0
u,0.7703264951705933, 0.4822289049625397, 0
u,0.6783604025840759, 0.478421688079834, 0
u,0.6783604025840759, 0.4822289049625397, 0
u,0.3872816860675812, 0.4822289049625397, 0
u,0.2734020948410034, 0.4822289049625397, 0
u,0.2734020948410034, 0.478421688079834, 0
u,0.36536189913749695, 0.4822289049625397, 0
u,0.2734020948410034, 0.478421688079834, 0
u,0.3872816860675812, 0.478421688079834, 0
u,0.36536189913749695, 0.4822289049625397, 0
u,0.19292320311069489, 0.478421688079834, 0
u,0.2734020948410034, 0.478421688079834, 0
u,0.2734020948410034, 0.4822289049625397, 0
u,0.14925719797611237, 0.478421688079834, 0
u,0.19292320311069489, 0.478421688079834, 0
u,0.19292320311069489, 0.4822289049625397, 0
u,0.11836870014667511, 0.478421688079834, 0
u,0.14925719797611237, 0.478421688079834, 0
u,0.14925719797611237, 0.4822289049625397, 0
u,0.05705820024013519, 0.478421688079834, 0
u,0.11836870014667511, 0.478421688079834, 0
u,0.11836870014667511, 0.4822289049625397, 0
u,0.0, 0.478421688079834, 0
u,0.05705820024013519, 0.478421688079834, 0
u,0.05705820024013519, 0.4822289049625397, 0
u,0.7840906977653503, 0.9748265147209167, 0
u,0.6877201199531555, 0.9748265147209167, 0
u,0.6877201199531555, 0.4868811070919037, 0
u,0.4050028920173645, 0.9748265147209167, 0
u,0.4050028920173645, 0.4868811070919037, 0
u,0.6877201199531555, 0.4868811070919037, 0
u,0.288766086101532, 0.9748265147209167, 0
u,0.288766086101532, 0.4868811070919037, 0
u,0.4050028920173645, 0.4868811070919037, 0
u,0.288766086101532, 0.9748265147209167, 0
u,0.21216970682144165, 0.9748265147209167, 0
u,0.21216970682144165, 0.4868811070919037, 0
u,0.21216970682144165, 0.9748265147209167, 0
u,0.17053720355033875, 0.9748265147209167, 0
u,0.17053720355033875, 0.4868811070919037, 0
u,0.17053720355033875, 0.9748265147209167, 0
u,0.14106200635433197, 0.9748265147209167, 0
u,0.14106200635433197, 0.4868811070919037, 0
u,0.14106200635433197, 0.9748265147209167, 0
u,0.08283290266990662, 0.9748265147209167, 0
u,0.08283290266990662, 0.4868811070919037, 0
u,0.024343300610780716, 0.9748265147209167, 0
u,0.024343300610780716, 1.0, 0
u,0.0, 1.0, 0
u,0.0, 1.0, 0
u,0.0, 0.4868811070919037, 0
u,0.024343300610780716, 0.9748265147209167, 0
u,0.0, 0.4868811070919037, 0
u,0.08283290266990662, 0.4868811070919037, 0
u,0.024343300610780716, 0.9748265147209167, 0
u,0.9173591136932373, 0.4868811070919037, 0
u,0.9173591136932373, 0.9748265147209167, 0
u,0.7840906977653503, 0.9748265147209167, 0
u,0.9977790713310242, 0.8667588233947754, 0
u,0.9713302254676819, 0.8667588233947754, 0
u,0.9713302254676819, 0.8324543237686157, 0
u,0.9977790713310242, 0.7347515225410461, 0
u,0.9977790713310242, 0.8324543237686157, 0
u,0.9713302254676819, 0.8324543237686157, 0
u,0.9713302254676819, 0.9644621014595032, 0
u,0.9977790713310242, 0.9644621014595032, 0
u,0.9977790713310242, 0.9987670183181763, 0
u,0.9977790713310242, 0.8667588233947754, 0
u,0.9977790713310242, 0.9644621014595032, 0
u,0.9713302254676819, 0.9644621014595032, 0
u,0.9420222043991089, 0.8589081168174744, 0
u,0.9420222043991089, 0.9255626201629639, 0
u,0.918578028678894, 0.9255626201629639, 0
u,0.918578028678894, 0.9958853721618652, 0
u,0.918578028678894, 0.9255626201629639, 0
u,0.9215307235717773, 0.9958853721618652, 0
u,0.918578028678894, 0.9255626201629639, 0
u,0.9420222043991089, 0.9255626201629639, 0
u,0.9215307235717773, 0.9958853721618652, 0
u,0.9420222043991089, 0.9255626201629639, 0
u,0.9420222043991089, 0.9996954202651978, 0
u,0.9215307235717773, 0.9958853721618652, 0
u,0.9420222043991089, 0.7149211764335632, 0
u,0.918578028678894, 0.7149211764335632, 0
u,0.918578028678894, 0.6975926160812378, 0
u,0.918578028678894, 0.6975926160812378, 0
u,0.918578028678894, 0.5696671009063721, 0
u,0.9420222043991089, 0.5696671009063721, 0
u,0.918578028678894, 0.7149211764335632, 0
u,0.9420222043991089, 0.7149211764335632, 0
u,0.9420222043991089, 0.7403647899627686, 0
u,0.918578028678894, 0.7403647899627686, 0
u,0.9420222043991089, 0.7403647899627686, 0
u,0.918578028678894, 0.7574245929718018, 0
u,0.9420222043991089, 0.7403647899627686, 0
u,0.9420222043991089, 0.8589081168174744, 0
u,0.918578028678894, 0.7574245929718018, 0
u,0.0, 0.1796237975358963, 0
u,0.0, 0.0012329999590292573, 0
u,0.0528050996363163, 0.07733199745416641, 0
u,0.0, 0.0012329999590292573, 0
u,0.0528050996363163, 0.0012329999590292573, 0
u,0.0528050996363163, 0.07733199745416641, 0
u,0.0528050996363163, 0.07733199745416641, 0
u,0.07855889946222305, 0.07733199745416641, 0
u,0.07531529664993286, 0.16510699689388275, 0
u,0.07855889946222305, 0.07733199745416641, 0
u,0.07855889946222305, 0.16510699689388275, 0
u,0.07531529664993286, 0.16510699689388275, 0
u,0.5116382837295532, 0.16929440200328827, 0
u,0.5116382837295532, 0.1796237975358963, 0
u,0.07531529664993286, 0.16929440200328827, 0
u,0.5116382837295532, 0.1796237975358963, 0
u,0.0, 0.1796237975358963, 0
u,0.07531529664993286, 0.16929440200328827, 0
u,0.07531529664993286, 0.16510699689388275, 0
u,0.07531529664993286, 0.16929440200328827, 0
u,0.0, 0.1796237975358963, 0
u,0.0528050996363163, 0.47606000304222107, 0
u,0.0, 0.47606000304222107, 0
u,0.0528050996363163, 0.42386651039123535, 0
u,0.0, 0.47606000304222107, 0
u,0.0, 0.417020708322525, 0
u,0.0528050996363163, 0.42386651039123535, 0
u,0.0, 0.417020708322525, 0
u,0.5116382837295532, 0.417020708322525, 0
u,0.0528050996363163, 0.42386651039123535, 0
u,0.5116382837295532, 0.417020708322525, 0
u,0.0, 0.417020708322525, 0
u,0.0, 0.2386302947998047, 0
u,0.5116382837295532, 0.2386302947998047, 0
u,0.0, 0.2386302947998047, 0
u,0.0, 0.1796237975358963, 0
u,0.9438073039054871, 0.7886723875999451, 0
u,0.9698296189308167, 0.7886723875999451, 0
u,0.9698296189308167, 0.8338583707809448, 0
u,0.9438073039054871, 0.8338583707809448, 0
u,0.9698296189308167, 0.8338583707809448, 0
u,0.9698296189308167, 0.9987670183181763, 0
u,0.9438073039054871, 0.7886723875999451, 0
u,0.9438073039054871, 0.6237639784812927, 0
u,0.9698296189308167, 0.6237639784812927, 0
