s,108.724365234375, 71.111328125, -1.6557202339172363
b,109.97802734375, 72.9345703125, -0.4295940399169922
v,109.608642578125, 72.9345703125, -0.4295940399169922
v,109.97802734375, 71.3125, -0.42960405349731445
v,109.97802734375, 71.3125, -1.6556801795959473
v,109.608642578125, 72.9345703125, -1.655670166015625
v,109.6083984375, 72.9345703125, -1.655670166015625
v,109.977783203125, 71.3125, -1.6556801795959473
v,109.093505859375, 71.111328125, -1.6557202339172363
v,108.724365234375, 72.732421875, -1.655710220336914
v,109.093505859375, 71.111328125, -0.4296441078186035
v,109.977783203125, 71.3125, -0.42960405349731445
v,109.6083984375, 72.9345703125, -0.4295940399169922
v,108.724365234375, 72.732421875, -0.42963361740112305
v,108.724365234375, 72.732421875, -0.42963361740112305
v,109.6083984375, 72.9345703125, -0.4295940399169922
v,109.6083984375, 72.9345703125, -1.655670166015625
v,108.724365234375, 72.732421875, -1.655710220336914
v,109.977783203125, 71.3125, -0.42960405349731445
v,109.093505859375, 71.111328125, -0.4296441078186035
v,109.093505859375, 71.111328125, -1.6557202339172363
v,109.977783203125, 71.3125, -1.6556801795959473
v,109.093505859375, 71.111328125, -0.4296441078186035
v,108.724365234375, 72.732421875, -0.42963361740112305
v,108.724365234375, 72.732421875, -1.655710220336914
v,109.093505859375, 71.111328125, -1.6557202339172363
i,1,3,0
i,5,7,4
i,9,11,8
i,12,14,15
i,17,19,16
i,20,22,23
i,1,2,3
i,5,6,7
i,9,10,11
i,12,13,14
i,17,18,19
i,20,21,22
n,4.391420364379883, 0.9998112916946411, 0.0
n,0.00018660338537301868, 7.070870196912438e-05, -4.50379753112793
n,-0.00018666114192456007, -7.075968460412696e-05, 4.50379753112793
n,-1.0034409761428833, 4.390592098236084, 0.0
n,0.9993467926979065, -4.391525745391846, 0.0
n,-4.3913044929504395, -1.0003198385238647, 0.0
n,4.391420364379883, 0.9998112916946411, 0.0
n,0.00018666114192456007, 7.075968460412696e-05, -4.50379753112793
n,-0.00018660338537301868, -7.070870196912438e-05, 4.50379753112793
n,-1.0034409761428833, 4.390592098236084, 0.0
n,0.9993467926979065, -4.391525745391846, 0.0
n,-4.3913044929504395, -1.0003198385238647, 0.0
u,0.5093715786933899, 1.0, 0
u,0.7530053853988647, 0.02080949954688549, 0
u,0.7530053853988647, 1.0, 0
u,0.0, 0.0, 0
u,0.0, 0.0, 0
u,0.0, 0.0, 0
u,0.7588273286819458, 0.27154341340065, 0
u,0.9991813898086548, 0.9863011240959167, 0
u,0.7587940096855164, 0.9863014221191406, 0
u,0.13286900520324707, 1.0, 0
u,0.0, 0.02080949954688549, 0
u,0.13286900520324707, 0.02080949954688549, 0
u,0.37650251388549805, 1.0, 0
u,0.5093715786933899, 0.02080949954688549, 0
u,0.5093715786933899, 1.0, 0
u,0.37650251388549805, 1.0, 0
u,0.13286900520324707, 0.02080949954688549, 0
u,0.37650251388549805, 0.02080949954688549, 0
u,0.5093715786933899, 1.0, 0
u,0.5093715786933899, 0.02080949954688549, 0
u,0.7530053853988647, 0.02080949954688549, 0
u,0.0, 0.0, 0
u,0.0, 0.0, 0
u,0.0, 0.0, 0
u,0.7588273286819458, 0.27154341340065, 0
u,0.9992148876190186, 0.27154341340065, 0
u,0.9991813898086548, 0.9863011240959167, 0
u,0.13286900520324707, 1.0, 0
u,0.0, 1.0, 0
u,0.0, 0.02080949954688549, 0
u,0.37650251388549805, 1.0, 0
u,0.37650251388549805, 0.02080949954688549, 0
u,0.5093715786933899, 0.02080949954688549, 0
u,0.37650251388549805, 1.0, 0
u,0.13286900520324707, 1.0, 0
u,0.13286900520324707, 0.02080949954688549, 0
