s,194.58935546875, 94.5419921875, -0.4796781539916992
b,199.865966796875, 99.0322265625, 4.379294395446777
v,198.362548828125, 96.4384765625, 2.7843313217163086
v,198.526123046875, 96.2265625, 3.0261917114257812
v,198.362548828125, 96.4384765625, 3.026181221008301
v,198.96337890625, 96.890625, -0.47922754287719727
v,199.25146484375, 96.517578125, -0.47920942306518555
v,199.251708984375, 96.517578125, -0.47920942306518555
v,199.5400390625, 96.1376953125, -0.47919178009033203
v,199.789306640625, 95.8447265625, -0.4791750907897949
v,199.7080078125, 95.783203125, -0.4791855812072754
v,199.865966796875, 95.576171875, -0.4791755676269531
v,198.510986328125, 94.5419921875, -0.4793510437011719
v,198.35009765625, 94.751953125, -0.47936105728149414
v,198.28955078125, 94.7060546875, -0.4793686866760254
v,198.0419921875, 95.0, -0.4793848991394043
v,197.628662109375, 95.5439453125, -0.47941017150878906
v,197.365478515625, 95.873046875, -0.4794273376464844
v,197.37548828125, 95.880859375, -0.47942590713500977
v,196.77978515625, 96.6435546875, -0.4794626235961914
v,196.521728515625, 96.44921875, -0.4794955253601074
v,196.535888671875, 96.4306640625, -0.479494571685791
v,195.533203125, 95.6650390625, -0.47962236404418945
v,194.589599609375, 96.8994140625, -0.4796781539916992
v,195.5537109375, 97.6357421875, -0.4795546531677246
v,195.54052734375, 97.654296875, -0.479555606842041
v,197.373046875, 99.0322265625, -0.47931957244873047
v,198.9765625, 96.900390625, -0.47922563552856445
v,199.70751953125, 95.783203125, 2.359086036682129
v,198.349853515625, 94.751953125, 2.35891056060791
v,198.5107421875, 94.5419921875, 2.358920097351074
v,199.86572265625, 95.576171875, 2.359095573425293
v,199.788818359375, 95.8447265625, 2.6326513290405273
v,199.53955078125, 96.1376953125, 3.028426170349121
v,199.274658203125, 95.9365234375, 3.029590606689453
v,198.041748046875, 95.0, 3.0350093841552734
v,198.289306640625, 94.7060546875, 2.639516830444336
v,198.6611328125, 96.0693359375, 3.0295305252075195
v,198.536865234375, 96.2333984375, 3.0295238494873047
v,198.1923828125, 95.9716796875, 3.029478073120117
v,197.62841796875, 95.5439453125, 3.0294055938720703
v,198.041748046875, 95.0, 3.0294313430786133
v,199.274658203125, 95.9365234375, 3.029590606689453
v,199.53955078125, 96.1376953125, 3.0296249389648438
v,199.25146484375, 96.517578125, 3.029606819152832
v,198.5361328125, 96.234375, 3.0261926651000977
v,198.52587890625, 96.2265625, 3.0261917114257812
v,198.3623046875, 96.4384765625, 2.7843313217163086
v,198.330810546875, 96.4150390625, 2.7844018936157227
v,198.24169921875, 96.533203125, 2.650775909423828
v,197.365234375, 95.873046875, 2.6528682708740234
v,197.62841796875, 95.5439453125, 3.0330867767333984
v,198.1923828125, 95.9716796875, 3.029478073120117
v,198.536865234375, 96.2333984375, 3.0272750854492188
v,196.779296875, 96.6435546875, 2.51312255859375
v,197.375244140625, 95.880859375, 2.51315975189209
v,198.24169921875, 96.533203125, 2.5132713317871094
v,197.660400390625, 97.306640625, 2.5132360458374023
v,195.55322265625, 97.6357421875, 3.9240617752075195
v,195.591796875, 97.666015625, 3.9240665435791016
v,196.521240234375, 96.44921875, 3.924121856689453
v,197.66015625, 97.306640625, 3.9242677688598633
v,198.330810546875, 96.4150390625, 3.9243087768554688
v,198.976318359375, 96.900390625, 3.924391746520996
v,197.37255859375, 99.0322265625, 3.924297332763672
v,195.5400390625, 97.6533203125, 3.924060821533203
v,195.591552734375, 97.666015625, 4.379238128662109
v,194.58935546875, 96.8994140625, 4.379110336303711
v,195.53271484375, 95.6650390625, 4.379166603088379
v,196.53515625, 96.4306640625, 4.379294395446777
v,198.52587890625, 96.2265625, 3.0261917114257812
v,198.5361328125, 96.234375, 3.0261926651000977
v,198.536865234375, 96.2333984375, 3.0261926651000977
v,198.6611328125, 96.0693359375, 3.0261993408203125
v,199.251220703125, 96.517578125, 3.0262765884399414
v,198.962890625, 96.890625, 3.026259422302246
v,198.3623046875, 96.4384765625, 3.026181221008301
v,199.86572265625, 95.576171875, 2.359095573425293
v,198.5107421875, 94.5419921875, 2.358920097351074
v,198.510986328125, 94.5419921875, -0.4793510437011719
v,199.865966796875, 95.576171875, -0.4791755676269531
v,198.349853515625, 94.751953125, 2.35891056060791
v,198.35009765625, 94.751953125, -0.47936105728149414
v,198.510986328125, 94.5419921875, -0.4793510437011719
v,198.5107421875, 94.5419921875, 2.358920097351074
v,199.7080078125, 95.783203125, -0.4791855812072754
v,199.70751953125, 95.783203125, 2.359086036682129
v,199.86572265625, 95.576171875, 2.359095573425293
v,199.865966796875, 95.576171875, -0.4791755676269531
v,198.349853515625, 94.751953125, 2.35891056060791
v,199.70751953125, 95.783203125, 2.359086036682129
v,199.7080078125, 95.783203125, -0.4791855812072754
v,199.789306640625, 95.8447265625, -0.4791750907897949
v,199.788818359375, 95.8447265625, 2.6326513290405273
v,198.289306640625, 94.7060546875, 2.639516830444336
v,198.28955078125, 94.7060546875, -0.4793686866760254
v,198.35009765625, 94.751953125, -0.47936105728149414
v,198.289306640625, 94.7060546875, 2.639516830444336
v,198.041748046875, 95.0, 3.0350093841552734
v,198.041748046875, 95.0, 3.0294313430786133
v,198.0419921875, 95.0, -0.4793848991394043
v,198.28955078125, 94.7060546875, -0.4793686866760254
v,199.53955078125, 96.1376953125, 3.028426170349121
v,199.788818359375, 95.8447265625, 2.6326513290405273
v,199.789306640625, 95.8447265625, -0.4791750907897949
v,199.5400390625, 96.1376953125, -0.47919178009033203
v,198.041748046875, 95.0, 3.0350093841552734
v,199.274658203125, 95.9365234375, 3.029590606689453
v,198.041748046875, 95.0, 3.0294313430786133
v,198.6611328125, 96.0693359375, 3.0295305252075195
v,199.25146484375, 96.517578125, 3.029606819152832
v,199.251708984375, 96.517578125, -0.47920942306518555
v,199.25146484375, 96.517578125, -0.47920942306518555
v,199.251220703125, 96.517578125, 3.0262765884399414
v,198.6611328125, 96.0693359375, 3.0261993408203125
v,199.251708984375, 96.517578125, -0.47920942306518555
v,199.25146484375, 96.517578125, 3.029606819152832
v,199.53955078125, 96.1376953125, 3.0296249389648438
v,199.53955078125, 96.1376953125, 3.028426170349121
v,199.5400390625, 96.1376953125, -0.47919178009033203
v,198.041748046875, 95.0, 3.0294313430786133
v,197.62841796875, 95.5439453125, 3.0294055938720703
v,197.628662109375, 95.5439453125, -0.47941017150878906
v,198.0419921875, 95.0, -0.4793848991394043
v,198.536865234375, 96.2333984375, 3.0295238494873047
v,198.536865234375, 96.2333984375, 3.0272750854492188
v,198.1923828125, 95.9716796875, 3.029478073120117
v,198.6611328125, 96.0693359375, 3.0261993408203125
v,198.536865234375, 96.2333984375, 3.0261926651000977
v,198.536865234375, 96.2333984375, 3.0272750854492188
v,198.536865234375, 96.2333984375, 3.0295238494873047
v,198.6611328125, 96.0693359375, 3.0295305252075195
v,199.274658203125, 95.9365234375, 3.029590606689453
v,199.53955078125, 96.1376953125, 3.028426170349121
v,199.53955078125, 96.1376953125, 3.0296249389648438
v,198.24169921875, 96.533203125, 2.5132713317871094
v,197.375244140625, 95.880859375, 2.51315975189209
v,197.37548828125, 95.880859375, -0.47942590713500977
v,197.365478515625, 95.873046875, -0.4794273376464844
v,197.365234375, 95.873046875, 2.6528682708740234
v,198.24169921875, 96.533203125, 2.650775909423828
v,197.62841796875, 95.5439453125, 3.0330867767333984
v,197.365234375, 95.873046875, 2.6528682708740234
v,197.365478515625, 95.873046875, -0.4794273376464844
v,197.628662109375, 95.5439453125, -0.47941017150878906
v,197.62841796875, 95.5439453125, 3.0294055938720703
v,198.536865234375, 96.2333984375, 3.0261926651000977
v,198.5361328125, 96.234375, 3.0261926651000977
v,198.536865234375, 96.2333984375, 3.0272750854492188
v,197.62841796875, 95.5439453125, 3.0294055938720703
v,198.1923828125, 95.9716796875, 3.029478073120117
v,197.62841796875, 95.5439453125, 3.0330867767333984
v,196.77978515625, 96.6435546875, -0.4794626235961914
v,197.37548828125, 95.880859375, -0.47942590713500977
v,197.375244140625, 95.880859375, 2.51315975189209
v,196.779296875, 96.6435546875, 2.51312255859375
v,198.976318359375, 96.900390625, 3.924391746520996
v,198.330810546875, 96.4150390625, 3.9243087768554688
v,198.330810546875, 96.4150390625, 2.7844018936157227
v,198.3623046875, 96.4384765625, 2.7843313217163086
v,198.3623046875, 96.4384765625, 3.026181221008301
v,198.962890625, 96.890625, 3.026259422302246
v,198.96337890625, 96.890625, -0.47922754287719727
v,198.9765625, 96.900390625, -0.47922563552856445
v,197.66015625, 97.306640625, 3.9242677688598633
v,196.521240234375, 96.44921875, 3.924121856689453
v,196.521728515625, 96.44921875, -0.4794955253601074
v,196.77978515625, 96.6435546875, -0.4794626235961914
v,196.779296875, 96.6435546875, 2.51312255859375
v,197.660400390625, 97.306640625, 2.5132360458374023
v,195.5537109375, 97.6357421875, -0.4795546531677246
v,195.55322265625, 97.6357421875, 3.9240617752075195
v,195.5400390625, 97.6533203125, 3.924060821533203
v,195.54052734375, 97.654296875, -0.479555606842041
v,195.54052734375, 97.654296875, -0.479555606842041
v,195.5400390625, 97.6533203125, 3.924060821533203
v,197.37255859375, 99.0322265625, 3.924297332763672
v,197.373046875, 99.0322265625, -0.47931957244873047
v,197.37255859375, 99.0322265625, 3.924297332763672
v,198.976318359375, 96.900390625, 3.924391746520996
v,198.9765625, 96.900390625, -0.47922563552856445
v,197.373046875, 99.0322265625, -0.47931957244873047
v,197.660400390625, 97.306640625, 2.5132360458374023
v,198.24169921875, 96.533203125, 2.5132713317871094
v,198.24169921875, 96.533203125, 2.650775909423828
v,198.330810546875, 96.4150390625, 2.7844018936157227
v,198.330810546875, 96.4150390625, 3.9243087768554688
v,197.66015625, 97.306640625, 3.9242677688598633
v,196.535888671875, 96.4306640625, -0.479494571685791
v,196.53515625, 96.4306640625, 4.379294395446777
v,195.53271484375, 95.6650390625, 4.379166603088379
v,195.533203125, 95.6650390625, -0.47962236404418945
v,195.53271484375, 95.6650390625, 4.379166603088379
v,194.58935546875, 96.8994140625, 4.379110336303711
v,194.589599609375, 96.8994140625, -0.4796781539916992
v,195.533203125, 95.6650390625, -0.47962236404418945
v,195.591796875, 97.666015625, 3.9240665435791016
v,195.55322265625, 97.6357421875, 3.9240617752075195
v,195.5537109375, 97.6357421875, -0.4795546531677246
v,194.589599609375, 96.8994140625, -0.4796781539916992
v,194.58935546875, 96.8994140625, 4.379110336303711
v,195.591552734375, 97.666015625, 4.379238128662109
v,195.591552734375, 97.666015625, 4.379238128662109
v,196.53515625, 96.4306640625, 4.379294395446777
v,196.535888671875, 96.4306640625, -0.479494571685791
v,196.521728515625, 96.44921875, -0.4794955253601074
v,196.521240234375, 96.44921875, 3.924121856689453
v,195.591796875, 97.666015625, 3.9240665435791016
v,199.251220703125, 96.517578125, 3.0262765884399414
v,199.25146484375, 96.517578125, -0.47920942306518555
v,198.96337890625, 96.890625, -0.47922754287719727
v,198.962890625, 96.890625, 3.026259422302246
i,0,1,2
i,17,18,22
i,26,28,29
i,32,33,34
i,35,37,39
i,44,46,50
i,53,55,52
i,57,59,62
i,65,67,64
i,72,73,70
i,76,78,75
i,80,82,79
i,84,86,83
i,88,91,92
i,97,98,95
i,101,103,100
i,104,105,106
i,108,110,111
i,114,115,116
i,119,121,118
i,122,123,124
i,127,128,129
i,130,131,132
i,134,136,137
i,140,142,143
i,144,145,146
i,147,148,149
i,150,152,153
i,158,159,154
i,164,165,166
i,169,171,168
i,172,174,175
i,177,179,176
i,183,184,185
i,186,188,189
i,190,192,193
i,198,199,195
i,202,203,204
i,206,208,209
i,4,5,6
i,6,7,8
i,8,9,10
i,11,12,13
i,8,10,11
i,4,6,13
i,6,8,11
i,13,6,11
i,24,25,3
i,3,4,14
i,3,14,16
i,14,15,16
i,13,14,4
i,24,3,17
i,17,3,16
i,22,23,24
i,20,21,22
i,18,19,20
i,18,20,22
i,22,24,17
i,26,27,28
i,34,30,32
i,30,31,32
i,35,36,37
i,37,38,39
i,39,40,35
i,40,41,42
i,35,40,42
i,51,43,44
i,44,45,46
i,46,47,50
i,47,48,50
i,48,49,50
i,50,51,44
i,53,54,55
i,63,56,57
i,57,58,59
i,59,60,61
i,62,63,57
i,59,61,62
i,65,66,67
i,74,68,69
i,70,71,72
i,74,69,73
i,69,70,73
i,76,77,78
i,80,81,82
i,84,85,86
i,88,89,90
i,92,93,87
i,93,94,87
i,88,90,91
i,92,87,88
i,99,95,98
i,95,96,97
i,101,102,103
i,112,107,111
i,107,108,111
i,108,109,110
i,117,113,116
i,113,114,116
i,119,120,121
i,129,125,127
i,125,126,127
i,138,133,134
i,134,135,136
i,137,138,134
i,143,139,140
i,140,141,142
i,150,151,152
i,155,156,158
i,156,157,158
i,160,161,159
i,161,154,159
i,155,158,154
i,167,162,166
i,162,163,166
i,163,164,166
i,169,170,171
i,172,173,174
i,177,178,179
i,185,180,182
i,180,181,182
i,182,183,185
i,186,187,188
i,190,191,192
i,199,194,195
i,195,196,197
i,197,198,195
i,205,200,204
i,200,201,204
i,201,202,204
i,206,207,208
n,-3.5641086101531982, -2.753419876098633, 0.0
n,0.0004622069245669991, 0.000151896383613348, -4.50379753112793
n,-0.00047459269990213215, -0.00014166235632728785, 4.50379753112793
n,1.9622372388839722, -2.56738543510437, 3.13725209236145
n,-0.000465782533865422, -0.00014765330706723034, 4.50379753112793
n,-1.8128623962402344, 2.4139888286590576, 3.3422117233276367
n,-0.00046953820856288075, -0.0001468147966079414, 4.50379753112793
n,-0.0004639103135559708, -0.0001546937710372731, 4.50379753112793
n,-0.0004612375341821462, -0.00014855519111733884, 4.50379753112793
n,-0.00047396362060680985, -0.0001514218165539205, 4.50379753112793
n,2.733428955078125, -3.579463243484497, 0.0004176428192295134
n,-3.579925537109375, -2.7328238487243652, -0.0002734899171628058
n,3.5813450813293457, 2.7309629917144775, 0.0013817287981510162
n,2.723825454711914, -3.5867648124694824, 0.00915752723813057
n,-3.4451515674591064, -2.900883197784424, -0.00042579337605275214
n,3.4266300201416016, 2.9227380752563477, 0.0004236488603055477
n,-2.722724676132202, 3.5876123905181885, 0.0
n,0.0, 4.50379753112793, 0.0
n,3.588238000869751, 2.7218997478485107, 0.0
n,-3.585808277130127, -2.725100040435791, -0.00044317744323052466
n,-2.725687265396118, 3.585361957550049, 0.0
n,3.59621262550354, 2.711355209350586, 0.0
n,2.7252469062805176, -3.5856969356536865, 0.0
n,-2.7790687084198, 3.5441458225250244, -0.00038475802284665406
n,-3.5153956413269043, -2.8153483867645264, -0.00021723750978708267
n,3.1846656799316406, 3.1846656799316406, 0.0
n,2.7210073471069336, -3.5889148712158203, 0.0
n,-3.548551321029663, -2.7734410762786865, -0.0005142280133441091
n,2.7076799869537354, -3.598979949951172, 0.0018306135898455977
n,2.7090463638305664, -3.597952365875244, 0.0003925735945813358
n,-3.644258737564087, -2.64642596244812, -0.0003588813415262848
n,-2.7071144580841064, 3.5994060039520264, -0.00026659268769435585
n,3.5991687774658203, 2.707430124282837, 0.0003544408828020096
n,-3.5996737480163574, -2.706758499145508, 0.0
n,2.7338781356811523, -3.57912015914917, 0.00024400702386628836
n,-3.579070806503296, -2.7339425086975098, -0.0003194430610165
n,-2.7346246242523193, 3.5785491466522217, -0.002567038871347904
n,3.5619213581085205, 2.756248712539673, 0.0003507728106342256
n,3.5638785362243652, 2.7537176609039307, 0.00044088545837439597
n,0.0, -0.00021087451023049653, -4.50379753112793
n,0.00047634824295528233, 0.0001453570439480245, -4.50379753112793
n,0.00047039054334163666, 0.00014706658839713782, -4.50379753112793
n,0.0004796666617039591, 0.00015710429579485208, -4.50379753112793
n,0.0004681497230194509, 0.00014922641275916249, -4.50379753112793
n,0.00046993038267828524, 0.00014586489123757929, -4.50379753112793
n,0.00047248220653273165, 0.0001435211452189833, -4.50379753112793
n,0.0004702609730884433, 0.00014542941062245518, -4.50379753112793
n,0.0004605170397553593, 0.0001477995829191059, -4.50379753112793
n,0.0004686985048465431, 0.00014735358126927167, -4.50379753112793
n,0.00047135609202086926, 0.00014471830218099058, -4.50379753112793
n,0.0004644749569706619, 0.00013954416499473155, -4.50379753112793
n,0.000469280406832695, 0.00014638315769843757, -4.50379753112793
n,0.00046744983410462737, 0.00015294653712771833, -4.50379753112793
n,0.0004677368560805917, 0.0001504106039647013, -4.50379753112793
n,0.00047684996388852596, 0.00013684392615687102, -4.50379753112793
n,0.000461187883047387, 0.0001499806239735335, -4.50379753112793
n,0.0004616331134457141, 0.00014777611067984253, -4.50379753112793
n,0.0004598736995831132, 0.0001499943609815091, -4.50379753112793
n,0.00046379302511923015, 0.00015385443111881614, -4.50379753112793
n,-0.0004726059560198337, -0.00014357830514200032, 4.50379753112793
n,1.965036153793335, -2.5687248706817627, 3.1344027519226074
n,1.9654784202575684, -2.567913770675659, 3.13478946685791
n,-0.00046249694423750043, -0.0001635092921787873, 4.50379753112793
n,-0.00047027989057824016, -0.0001469556154916063, 4.50379753112793
n,-0.0004724703321699053, -0.00014377606566995382, 4.50379753112793
n,-0.0004763786855619401, -0.00015048807836137712, 4.50379753112793
n,-0.0004739002324640751, -0.00015038822311908007, 4.50379753112793
n,-1.8219434022903442, 2.3782835006713867, 3.3628087043762207
n,-1.7920564413070679, 2.4326212406158447, 3.3399226665496826
n,-1.8171377182006836, 2.414024829864502, 3.3398633003234863
n,-1.810490369796753, 2.4152679443359375, 3.342573642730713
n,-1.8103654384613037, 2.4160118103027344, 3.342103958129883
n,-1.8988769054412842, 2.524775981903076, 3.2099785804748535
n,-0.00046550718252547085, -0.0001476214820286259, 4.50379753112793
n,-0.00048259986215271056, -0.00014807042316533625, 4.50379753112793
n,-0.00046309366007335484, -0.0001499893405707553, 4.50379753112793
n,-0.00046856049448251724, -0.00014696668949909508, 4.50379753112793
n,-0.0004886144306510687, -0.00012250870349816978, 4.50379753112793
n,-0.0004713252419605851, -0.00015592992713209242, 4.50379753112793
n,-0.0004612135817296803, -0.00014845593250356615, 4.50379753112793
n,-0.00033925287425518036, -4.577985964715481e-05, 4.50379753112793
n,-0.0004747018974740058, -0.000149562576552853, 4.50379753112793
n,-0.0004675937816500664, -0.00015514271217398345, 4.50379753112793
n,-0.0002783584641292691, -0.0002783584641292691, 4.50379753112793
n,2.7331526279449463, -3.579674243927002, 0.0002088003238895908
n,-3.579925537109375, -2.732823610305786, -0.0002734898589551449
n,3.5758135318756104, 2.73820161819458, 0.0005463514244183898
n,2.719099998474121, -3.590360403060913, -0.0006816947716288269
n,2.7254035472869873, -3.5855772495269775, 0.00018947527860291302
n,2.724846363067627, -3.586000919342041, 0.00020816577307414263
n,2.7424421310424805, -3.5725626945495605, 0.0003821847785729915
n,2.7225863933563232, -3.5877177715301514, -0.0007685402524657547
n,-3.4461252689361572, -2.899726390838623, -0.00023958124802447855
n,-3.444873571395874, -2.9012136459350586, 0.0
n,3.426347017288208, 2.9230704307556152, 0.0004774932167492807
n,-2.725206136703491, 3.585728168487549, 0.0
n,-2.722475051879883, 3.583420515060425, 0.1772516816854477
n,0.0, 4.50379753112793, 0.0
n,3.58823823928833, 2.72189998626709, 0.0004436291928868741
n,3.5882389545440674, 2.7218992710113525, 0.0004434777074493468
n,-3.5851194858551025, -2.726005792617798, -0.00022154615726321936
n,3.596212863922119, 2.711355209350586, 0.0
n,3.596212863922119, 2.711355447769165, 0.0
n,-2.7081809043884277, 3.5986034870147705, 0.0
n,-2.7757277488708496, 3.5467629432678223, -0.0004022363864351064
n,-2.7089505195617676, 3.5980162620544434, 0.007631066720932722
n,-3.515516996383667, -2.8151965141296387, 0.0
n,-3.516648769378662, -2.8137826919555664, -0.00048687486560083926
n,-3.548551321029663, -2.7734413146972656, -0.0005142278969287872
n,2.6784112453460693, -3.6208155155181885, 0.0
n,2.6784114837646484, -3.6208155155181885, 0.0
n,2.785104990005493, -3.5394041538238525, 0.0003445437760092318
n,2.7736356258392334, -3.5483992099761963, 0.0002731436106842011
n,2.7078840732574463, -3.5988266468048096, 0.0016121934168040752
n,2.709073066711426, -3.5979321002960205, 0.00041629886254668236
n,2.7093958854675293, -3.597688913345337, 0.00010019301407737657
n,2.709977626800537, -3.5972511768341064, 0.0002668746164999902
n,-3.581435441970825, -2.730844259262085, -0.0008905537542887032
n,-2.7082021236419678, 3.5985875129699707, 0.00044206753955222666
n,3.5991687774658203, 2.707430124282837, 0.0003544408828020096
n,-3.600567579269409, -2.7055695056915283, -0.0005532933864742517
n,-3.600614547729492, -2.7055068016052246, 0.0
n,-3.598086357116699, -2.708866834640503, 0.002582892309874296
n,2.7342514991760254, -3.5788352489471436, 0.0003660605289041996
n,-3.579071044921875, -2.733942747116089, -0.0003194431192241609
n,-2.744063138961792, 3.5713179111480713, -0.0013071952853351831
n,-2.7338595390319824, 3.579134225845337, -0.0002692265552468598
n,-2.7339324951171875, 3.5790789127349854, -0.00024401189875788987
n,3.579019784927368, 2.734009027481079, 0.0017049453454092145
n,3.578768014907837, 2.734339714050293, 0.00030648542451672256
n,3.5766868591308594, 2.7370612621307373, 0.000478845409816131
n,3.5638785362243652, 2.7537176609039307, 0.00044088545837439597
u,0.7574772238731384, 0.7350993156433105, 0
u,0.7382813096046448, 0.7591186165809631, 0
u,0.7382813096046448, 0.7350993156433105, 0
u,0.0, 0.0, 0
u,0.0, 0.0, 0
u,0.0, 0.0, 0
u,0.9981790781021118, 0.5287575125694275, 0
u,0.96875, 0.7461369037628174, 0
u,0.9687873721122742, 0.5287578105926514, 0
u,0.9693617224693298, 0.7952215075492859, 0
u,0.9693617224693298, 0.995585024356842, 0
u,0.9062939286231995, 0.9928572773933411, 0
u,0.5800672769546509, 0.2309374064207077, 0
u,0.531205415725708, 0.2572813928127289, 0
u,0.451187402009964, 0.16997790336608887, 0
u,0.32899078726768494, 0.07972130179405212, 0
u,0.3237200081348419, 0.13261529803276062, 0
u,0.27458861470222473, 0.0794702023267746, 0
u,0.3339844048023224, 0.1611035019159317, 0
u,0.44319969415664673, 0.02268899977207184, 0
u,0.44319969415664673, 0.16335539519786835, 0
u,0.45663461089134216, 0.5996577739715576, 0
u,0.619573175907135, 0.4034416973590851, 0
u,0.7112147808074951, 0.6024280786514282, 0
u,0.1784995049238205, 0.16331370174884796, 0
u,0.001966299954801798, 0.0013992999447509646, 0
u,0.17848969995975494, 0.0013992999447509646, 0
u,0.8842474222183228, 0.6203091144561768, 0
u,0.8838183879852295, 0.6805710196495056, 0
u,0.8005111217498779, 0.6466187834739685, 0
u,0.8683922290802002, 0.18548889458179474, 0
u,0.7335041761398315, 0.43929359316825867, 0
u,0.7335041761398315, 0.18548889458179474, 0
u,0.8893765211105347, 0.43929359316825867, 0
u,0.8683922290802002, 0.18548889458179474, 0
u,0.8893765211105347, 0.18548889458179474, 0
u,0.712890625, 0.18548889458179474, 0
u,0.7335041761398315, 0.43929359316825867, 0
u,0.712890625, 0.43929359316825867, 0
u,0.9342660903930664, 0.44925180077552795, 0
u,0.9554141759872437, 0.4403390884399414, 0
u,0.9559599757194519, 0.6048564910888672, 0
u,0.45941048860549927, 0.6666666269302368, 0
u,0.727457582950592, 0.6666666269302368, 0
u,0.4891982972621918, 0.6998130083084106, 0
u,0.9041993021965027, 0.7640849947929382, 0
u,0.8789063096046448, 0.995585024356842, 0
u,0.8789063096046448, 0.7346405982971191, 0
u,0.4570313096046448, 0.6070640087127686, 0
u,0.6173064708709717, 0.6077166795730591, 0
u,0.4570313096046448, 0.6077166795730591, 0
u,0.4589844048023224, 0.6094356775283813, 0
u,0.6894537806510925, 0.6094586253166199, 0
u,0.4592030942440033, 0.6094586253166199, 0
u,0.8738805055618286, 0.9966874718666077, 0
u,0.8365635275840759, 0.9966874718666077, 0
u,0.8365635275840759, 0.9965816140174866, 0
u,0.4589844048023224, 0.704194188117981, 0
u,0.7378054261207581, 0.7655938267707825, 0
u,0.4589844048023224, 0.7655938267707825, 0
u,0.7725893259048462, 0.7634981870651245, 0
u,0.7725893259048462, 0.7636998295783997, 0
u,0.7382813096046448, 0.7634981870651245, 0
u,0.7725893259048462, 0.7636998295783997, 0
u,0.7725893259048462, 0.7634981870651245, 0
u,0.7889291048049927, 0.7634981870651245, 0
u,0.810546875, 0.9966874718666077, 0
u,0.8365635275840759, 0.9965816140174866, 0
u,0.8365635275840759, 0.9966874718666077, 0
u,0.8953465223312378, 0.21562419831752777, 0
u,0.8945313096046448, 0.4368095099925995, 0
u,0.8945313096046448, 0.20529800653457642, 0
u,0.9726563096046448, 0.9779707789421082, 0
u,0.9899163842201233, 0.8328555822372437, 0
u,0.9899163842201233, 0.9954144954681396, 0
u,0.7617825865745544, 0.7571743726730347, 0
u,0.7617188096046448, 0.7571092247962952, 0
u,0.7618346810340881, 0.7571092247962952, 0
u,0.7382813096046448, 0.7660043835639954, 0
u,0.7939453721046448, 0.7660043835639954, 0
u,0.7382813096046448, 0.7663314938545227, 0
u,0.740234375, 0.6101638078689575, 0
u,0.7747225165367126, 0.7306842803955078, 0
u,0.740234375, 0.7306842803955078, 0
u,0.4501813054084778, 0.6899210810661316, 0
u,0.39134418964385986, 0.6899210810661316, 0
u,0.39003169536590576, 0.6104766726493835, 0
u,0.808254599571228, 0.7704194188117981, 0
u,0.808254599571228, 0.7995315194129944, 0
u,0.5695722103118896, 0.7995315194129944, 0
u,0.0, 0.6104766726493835, 0
u,0.0017195000546053052, 1.0, 0
u,0.0, 1.0, 0
u,0.0017195000546053052, 1.0, 0
u,0.18120959401130676, 0.6104766726493835, 0
u,0.18120959401130676, 1.0, 0
u,0.39003169536590576, 0.6104766726493835, 0
u,0.18120959401130676, 1.0, 0
u,0.18120959401130676, 0.6104766726493835, 0
u,0.5479478240013123, 0.9995015859603882, 0
u,0.4570313096046448, 0.9995015859603882, 0
u,0.4570313096046448, 0.8989425897598267, 0
u,0.1232742965221405, 0.6048564910888672, 0
u,0.2233424037694931, 0.16933749616146088, 0
u,0.2233424037694931, 0.6048564910888672, 0
u,0.2233424037694931, 0.16933749616146088, 0
u,0.3466326892375946, 0.6048564910888672, 0
u,0.2233424037694931, 0.6048564910888672, 0
u,0.3466326892375946, 0.16933749616146088, 0
u,0.44667500257492065, 0.16933749616146088, 0
u,0.44285398721694946, 0.2101369947195053, 0
u,0.1232742965221405, 0.6048564910888672, 0
u,0.1214333027601242, 0.6048564910888672, 0
u,0.1214333027601242, 0.2101369947195053, 0
u,0.7949579954147339, 0.6092048287391663, 0
u,0.7773438096046448, 0.7571743726730347, 0
u,0.7773438096046448, 0.6092048287391663, 0
u,0.0, 0.0, 0
u,0.0, 0.0, 0
u,0.0, 0.0, 0
u,0.0, 0.0, 0
u,0.0, 0.0, 0
u,0.0, 0.0, 0
u,0.0, 0.0, 0
u,0.0, 0.0, 0
u,0.0, 0.0, 0
u,0.0, 0.0, 0
u,0.0, 0.0, 0
u,0.0, 0.0, 0
u,0.0, 0.0, 0
u,0.0, 0.0, 0
u,0.0, 0.0, 0
u,0.0, 0.0, 0
u,0.0, 0.0, 0
u,0.0, 0.0, 0
u,0.0, 0.0, 0
u,0.0, 0.0, 0
u,0.0, 0.0, 0
u,0.0, 0.0, 0
u,0.0, 0.0, 0
u,0.0, 0.0, 0
u,0.0, 0.0, 0
u,0.0, 0.0, 0
u,0.0, 0.0, 0
u,0.0, 0.0, 0
u,0.0, 0.0, 0
u,0.0, 0.0, 0
u,0.0, 0.0, 0
u,0.0, 0.0, 0
u,0.0, 0.0, 0
u,0.0, 0.0, 0
u,0.0, 0.0, 0
u,0.0, 0.0, 0
u,0.0, 0.0, 0
u,0.0, 0.0, 0
u,0.0, 0.0, 0
u,0.0, 0.0, 0
u,0.0, 0.0, 0
u,0.0, 0.0, 0
u,0.0, 0.0, 0
u,0.0, 0.0, 0
u,0.0, 0.0, 0
u,0.0, 0.0, 0
u,0.0, 0.0, 0
u,0.0, 0.0, 0
u,0.0, 0.0, 0
u,0.0, 0.0, 0
u,0.0, 0.0, 0
u,0.0, 0.0, 0
u,0.0, 0.0, 0
u,0.0, 0.0, 0
u,0.0, 0.0, 0
u,0.0, 0.0, 0
u,0.0, 0.0, 0
u,0.0, 0.0, 0
u,0.0, 0.0, 0
u,0.0, 0.0, 0
u,0.9981790781021118, 0.5287575125694275, 0
u,0.9986703991889954, 0.7461369037628174, 0
u,0.96875, 0.7461369037628174, 0
u,0.9062939286231995, 0.9928572773933411, 0
u,0.90625, 0.7491788864135742, 0
u,0.9693617224693298, 0.7952215075492859, 0
u,0.90625, 0.7491788864135742, 0
u,0.9693617224693298, 0.752167820930481, 0
u,0.9693617224693298, 0.7952215075492859, 0
u,0.5800672769546509, 0.2309374064207077, 0
u,0.5800840854644775, 0.2572486102581024, 0
u,0.531205415725708, 0.2572813928127289, 0
u,0.531205415725708, 0.2572813928127289, 0
u,0.4511719048023224, 0.2573348879814148, 0
u,0.451187402009964, 0.16997790336608887, 0
u,0.451187402009964, 0.16997790336608887, 0
u,0.6262174248695374, 0.16997790336608887, 0
u,0.5800672769546509, 0.2309374064207077, 0
u,0.6262174248695374, 0.16997790336608887, 0
u,0.6638274788856506, 0.16997790336608887, 0
u,0.6638630032539368, 0.23095010221004486, 0
u,0.5800672769546509, 0.2309374064207077, 0
u,0.6262174248695374, 0.16997790336608887, 0
u,0.6638630032539368, 0.23095010221004486, 0
u,0.3306364119052887, 0.0794702023267746, 0
u,0.3306410014629364, 0.07970680296421051, 0
u,0.32899078726768494, 0.07972130179405212, 0
u,0.32899078726768494, 0.07972130179405212, 0
u,0.3288447856903076, 0.13258659839630127, 0
u,0.3237200081348419, 0.13261529803276062, 0
u,0.3237200081348419, 0.13261529803276062, 0
u,0.323886513710022, 0.1618209034204483, 0
u,0.27458861470222473, 0.0794702023267746, 0
u,0.323886513710022, 0.1618209034204483, 0
u,0.1816405951976776, 0.1625857949256897, 0
u,0.27458861470222473, 0.0794702023267746, 0
u,0.1816405951976776, 0.1625857949256897, 0
u,0.1828165054321289, 0.0794702023267746, 0
u,0.27458861470222473, 0.0794702023267746, 0
u,0.27458861470222473, 0.0794702023267746, 0
u,0.3306364119052887, 0.0794702023267746, 0
u,0.32899078726768494, 0.07972130179405212, 0
u,0.3339844048023224, 0.1611035019159317, 0
u,0.33399879932403564, 0.022730400785803795, 0
u,0.44319969415664673, 0.02268899977207184, 0
u,0.45117270946502686, 0.6024280786514282, 0
u,0.4511719048023224, 0.5996124744415283, 0
u,0.45663461089134216, 0.5996577739715576, 0
u,0.45663461089134216, 0.5996577739715576, 0
u,0.4579175114631653, 0.40343669056892395, 0
u,0.619573175907135, 0.4034416973590851, 0
u,0.619573175907135, 0.4034416973590851, 0
u,0.6195343136787415, 0.26048558950424194, 0
u,0.7111603021621704, 0.26048699021339417, 0
u,0.7112147808074951, 0.6024280786514282, 0
u,0.45117270946502686, 0.6024280786514282, 0
u,0.45663461089134216, 0.5996577739715576, 0
u,0.619573175907135, 0.4034416973590851, 0
u,0.7111603021621704, 0.26048699021339417, 0
u,0.7112147808074951, 0.6024280786514282, 0
u,0.1784995049238205, 0.16331370174884796, 0
u,0.0019530999707058072, 0.16335539519786835, 0
u,0.001966299954801798, 0.0013992999447509646, 0
u,0.798828125, 0.6809927225112915, 0
u,0.799075722694397, 0.6467825174331665, 0
u,0.8005145788192749, 0.646772027015686, 0
u,0.8005111217498779, 0.6466187834739685, 0
u,0.800491213798523, 0.6203091144561768, 0
u,0.8842474222183228, 0.6203091144561768, 0
u,0.798828125, 0.6809927225112915, 0
u,0.8005145788192749, 0.646772027015686, 0
u,0.8838183879852295, 0.6805710196495056, 0
u,0.8005145788192749, 0.646772027015686, 0
u,0.8005111217498779, 0.6466187834739685, 0
u,0.8838183879852295, 0.6805710196495056, 0
u,0.8683922290802002, 0.18548889458179474, 0
u,0.8683922290802002, 0.43929359316825867, 0
u,0.7335041761398315, 0.43929359316825867, 0
u,0.8893765211105347, 0.43929359316825867, 0
u,0.8683922290802002, 0.43929359316825867, 0
u,0.8683922290802002, 0.18548889458179474, 0
u,0.712890625, 0.18548889458179474, 0
u,0.7335041761398315, 0.18548889458179474, 0
u,0.7335041761398315, 0.43929359316825867, 0
u,0.9342660903930664, 0.44925180077552795, 0
u,0.7148438096046448, 0.44925180077552795, 0
u,0.7148438096046448, 0.4403390884399414, 0
u,0.9559599757194519, 0.6048564910888672, 0
u,0.7148438096046448, 0.6048564910888672, 0
u,0.9342660903930664, 0.5982223749160767, 0
u,0.7148438096046448, 0.6048564910888672, 0
u,0.7148438096046448, 0.5982223749160767, 0
u,0.9342660903930664, 0.5982223749160767, 0
u,0.9342660903930664, 0.44925180077552795, 0
u,0.7148438096046448, 0.4403390884399414, 0
u,0.9554141759872437, 0.4403390884399414, 0
u,0.9559599757194519, 0.6048564910888672, 0
u,0.9342660903930664, 0.5982223749160767, 0
u,0.9342660903930664, 0.44925180077552795, 0
u,0.727457582950592, 0.6998130083084106, 0
u,0.4891982972621918, 0.6998130083084106, 0
u,0.727457582950592, 0.6666666269302368, 0
u,0.4891982972621918, 0.6998130083084106, 0
u,0.4589844048023224, 0.6666666269302368, 0
u,0.45941048860549927, 0.6666666269302368, 0
u,0.9041993021965027, 0.7640849947929382, 0
u,0.9041993021965027, 0.995585024356842, 0
u,0.8789063096046448, 0.995585024356842, 0
u,0.4592030942440033, 0.664459228515625, 0
u,0.4589844048023224, 0.664459228515625, 0
u,0.4592030942440033, 0.6094586253166199, 0
u,0.4589844048023224, 0.664459228515625, 0
u,0.4589844048023224, 0.6094356775283813, 0
u,0.4592030942440033, 0.6094586253166199, 0
u,0.4589844048023224, 0.6094356775283813, 0
u,0.6894537806510925, 0.6094356775283813, 0
u,0.6894537806510925, 0.6094586253166199, 0
u,0.8365635275840759, 0.6865342259407043, 0
u,0.8738805055618286, 0.6865342259407043, 0
u,0.8365635275840759, 0.9965816140174866, 0
u,0.8738805055618286, 0.6865342259407043, 0
u,0.8738805055618286, 0.9966874718666077, 0
u,0.8365635275840759, 0.9965816140174866, 0
u,0.4589844048023224, 0.704194188117981, 0
u,0.7378054261207581, 0.704194188117981, 0
u,0.7378054261207581, 0.7655938267707825, 0
u,0.7889291048049927, 0.7634981870651245, 0
u,0.7889291048049927, 0.7637969255447388, 0
u,0.7725893259048462, 0.7636998295783997, 0
u,0.7889291048049927, 0.7637969255447388, 0
u,0.7725893259048462, 0.7637969255447388, 0
u,0.7725893259048462, 0.7636998295783997, 0
u,0.9662861227989197, 0.20546099543571472, 0
u,0.9662861227989197, 0.21562419831752777, 0
u,0.8953465223312378, 0.21562419831752777, 0
u,0.8953465223312378, 0.21562419831752777, 0
u,0.8953465223312378, 0.4368095099925995, 0
u,0.8945313096046448, 0.4368095099925995, 0
u,0.8945313096046448, 0.20529800653457642, 0
u,0.9662861227989197, 0.20546099543571472, 0
u,0.8953465223312378, 0.21562419831752777, 0
u,0.9899163842201233, 0.9954144954681396, 0
u,0.9899163842201233, 0.995585024356842, 0
u,0.9726563096046448, 0.9779707789421082, 0
u,0.9726563096046448, 0.9779707789421082, 0
u,0.9726563096046448, 0.8328555822372437, 0
u,0.9899163842201233, 0.8328555822372437, 0
u,0.740234375, 0.6101638078689575, 0
u,0.7747225165367126, 0.6101638078689575, 0
u,0.7747225165367126, 0.7306842803955078, 0
u,0.453275203704834, 0.6104766726493835, 0
u,0.453275203704834, 0.7113074064254761, 0
u,0.4501813054084778, 0.6899210810661316, 0
u,0.453275203704834, 0.7113074064254761, 0
u,0.4501813054084778, 0.7113140225410461, 0
u,0.4501813054084778, 0.6899210810661316, 0
u,0.39134418964385986, 1.0, 0
u,0.39003169536590576, 1.0, 0
u,0.39134418964385986, 0.6899210810661316, 0
u,0.39003169536590576, 1.0, 0
u,0.39003169536590576, 0.6104766726493835, 0
u,0.39134418964385986, 0.6899210810661316, 0
u,0.453275203704834, 0.6104766726493835, 0
u,0.4501813054084778, 0.6899210810661316, 0
u,0.39003169536590576, 0.6104766726493835, 0
u,0.5695722103118896, 0.8989425897598267, 0
u,0.4570313096046448, 0.8989425897598267, 0
u,0.5695722103118896, 0.7995315194129944, 0
u,0.4570313096046448, 0.8989425897598267, 0
u,0.4570313096046448, 0.7704194188117981, 0
u,0.5695722103118896, 0.7995315194129944, 0
u,0.4570313096046448, 0.7704194188117981, 0
u,0.808254599571228, 0.7704194188117981, 0
u,0.5695722103118896, 0.7995315194129944, 0
u,0.0, 0.6104766726493835, 0
u,0.0017195000546053052, 0.6104766726493835, 0
u,0.0017195000546053052, 1.0, 0
u,0.0017195000546053052, 1.0, 0
u,0.0017195000546053052, 0.6104766726493835, 0
u,0.18120959401130676, 0.6104766726493835, 0
u,0.39003169536590576, 0.6104766726493835, 0
u,0.39003169536590576, 1.0, 0
u,0.18120959401130676, 1.0, 0
u,0.4570313096046448, 0.8989425897598267, 0
u,0.5695722103118896, 0.8989425897598267, 0
u,0.5586050748825073, 0.9861679077148438, 0
u,0.5695722103118896, 0.8989425897598267, 0
u,0.5695722103118896, 0.9861679077148438, 0
u,0.5586050748825073, 0.9861679077148438, 0
u,0.5586050748825073, 0.9861679077148438, 0
u,0.5479478240013123, 0.9995015859603882, 0
u,0.4570313096046448, 0.8989425897598267, 0
u,0.1232742965221405, 0.6048564910888672, 0
u,0.1232742965221405, 0.16933749616146088, 0
u,0.2233424037694931, 0.16933749616146088, 0
u,0.2233424037694931, 0.16933749616146088, 0
u,0.3466326892375946, 0.16933749616146088, 0
u,0.3466326892375946, 0.6048564910888672, 0
u,0.44667500257492065, 0.16933749616146088, 0
u,0.44667500257492065, 0.2101369947195053, 0
u,0.44285398721694946, 0.2101369947195053, 0
u,0.44285398721694946, 0.2101369947195053, 0
u,0.44285398721694946, 0.6048564910888672, 0
u,0.3466326892375946, 0.6048564910888672, 0
u,0.3466326892375946, 0.6048564910888672, 0
u,0.3466326892375946, 0.16933749616146088, 0
u,0.44285398721694946, 0.2101369947195053, 0
u,0.0, 0.2101369947195053, 0
u,0.0, 0.16933749616146088, 0
u,0.1214333027601242, 0.2101369947195053, 0
u,0.0, 0.16933749616146088, 0
u,0.1232742965221405, 0.16933749616146088, 0
u,0.1214333027601242, 0.2101369947195053, 0
u,0.1232742965221405, 0.16933749616146088, 0
u,0.1232742965221405, 0.6048564910888672, 0
u,0.1214333027601242, 0.2101369947195053, 0
u,0.7949579954147339, 0.6092048287391663, 0
u,0.7949579954147339, 0.7571743726730347, 0
u,0.7773438096046448, 0.7571743726730347, 0
