s,53.552978515625, 161.9013671875, -1.5951564311981201
b,61.47021484375, 171.306640625, 6.385935306549072
v,54.444580078125, 166.0986328125, 3.581453800201416
v,54.14697265625, 163.3134765625, 3.5812268257141113
v,54.14697265625, 163.3134765625, 5.487395763397217
v,54.444580078125, 166.0986328125, 5.487623691558838
v,54.480712890625, 171.306640625, -1.5944056510925293
v,61.119140625, 170.59765625, -1.594433069229126
v,61.074462890625, 170.1806640625, -1.5944690704345703
v,61.202392578125, 170.1669921875, -1.5944690704345703
v,60.31884765625, 161.9013671875, -1.5951564311981201
v,53.552978515625, 162.623046875, -1.5951290130615234
v,61.074462890625, 170.1806640625, -0.9965291023254395
v,61.119140625, 170.59765625, -0.996492862701416
v,59.726806640625, 170.74609375, -0.9964900016784668
v,59.766845703125, 171.111328125, -0.9964585304260254
v,61.47021484375, 170.94140625, -0.9964609146118164
v,60.480712890625, 161.9033203125, -0.9972152709960938
v,60.320556640625, 161.9189453125, -0.9972152709960938
v,61.202392578125, 170.1669921875, -0.9965291023254395
v,60.480712890625, 161.9033203125, -0.9639101028442383
v,61.47021484375, 170.94140625, -0.9631557464599609
v,59.766845703125, 171.111328125, -0.9631533622741699
v,59.726806640625, 170.74609375, -0.9631843566894531
v,61.119140625, 170.59765625, -0.9631881713867188
v,61.074462890625, 170.1806640625, -0.963223934173584
v,61.202392578125, 170.1669921875, -0.963223934173584
v,60.320556640625, 161.9189453125, -0.9639096260070801
v,58.610107421875, 170.310546875, 3.581824779510498
v,58.535400390625, 169.6083984375, 3.5817646980285645
v,58.09033203125, 169.65625, 3.581765651702881
v,57.922607421875, 168.0810546875, 3.581632137298584
v,60.798828125, 167.7939453125, 3.581625461578369
v,60.947265625, 167.7783203125, 3.581625461578369
v,61.202392578125, 170.1669921875, 3.58182954788208
v,61.074462890625, 170.1806640625, 3.58182954788208
v,61.119140625, 170.59765625, 3.581864833831787
v,58.223388671875, 170.9072265625, 3.5818734169006348
v,58.1650390625, 170.3583984375, 3.5818257331848145
v,57.734619140625, 170.6171875, 3.581845760345459
v,57.65771484375, 169.8916015625, 3.5817837715148926
v,57.001953125, 169.9609375, 3.581786632537842
v,56.813720703125, 168.1923828125, 3.5816359519958496
v,57.922607421875, 168.0810546875, 3.581632137298584
v,58.09033203125, 169.65625, 3.581765651702881
v,58.1650390625, 170.3583984375, 3.5818257331848145
v,58.223388671875, 170.9072265625, 3.5818734169006348
v,57.114990234375, 171.0244140625, 3.581878185272217
v,57.0791015625, 170.6865234375, 3.581848621368408
v,56.813720703125, 168.1923828125, 3.5816359519958496
v,57.001953125, 169.9609375, 3.581786632537842
v,57.0791015625, 170.6865234375, 3.581848621368408
v,57.114990234375, 171.0244140625, 3.581878185272217
v,54.480712890625, 171.3056640625, 3.581892490386963
v,53.552978515625, 162.623046875, 3.581169605255127
v,54.067138671875, 162.5673828125, 3.5811667442321777
v,54.146728515625, 163.3134765625, 3.5812268257141113
v,54.4443359375, 166.0986328125, 3.581453800201416
v,54.51123046875, 166.7255859375, 3.5815062522888184
v,54.017578125, 166.7744140625, 3.581508159637451
v,54.185546875, 168.455078125, 3.5816493034362793
v,60.798828125, 167.7939453125, 3.581625461578369
v,60.63037109375, 166.1142578125, 3.5814852714538574
v,60.767822265625, 166.1005859375, 3.5814852714538574
v,60.947265625, 167.7783203125, 3.581625461578369
v,54.4443359375, 166.0986328125, 3.581453800201416
v,60.115234375, 165.494140625, 3.5814309120178223
v,59.817626953125, 162.708984375, 3.581202983856201
v,56.983154296875, 163.0107421875, 3.5812125205993652
v,56.907470703125, 162.294921875, 3.5811543464660645
v,55.4453125, 162.4501953125, 3.581160068511963
v,55.521240234375, 163.1669921875, 3.58121919631958
v,54.146728515625, 163.3134765625, 3.5812268257141113
v,54.067138671875, 162.5673828125, 3.5811667442321777
v,60.31884765625, 161.9013671875, 3.581141948699951
v,60.767822265625, 166.1005859375, 3.5814852714538574
v,60.63037109375, 166.1142578125, 3.5814852714538574
v,54.51123046875, 166.7255859375, 3.5815062522888184
v,58.09033203125, 169.65625, 4.177929401397705
v,58.535400390625, 169.6083984375, 4.177928447723389
v,58.610107421875, 170.310546875, 4.177988529205322
v,58.1650390625, 170.3583984375, 4.177990436553955
v,57.0791015625, 170.6865234375, 4.171350955963135
v,57.001953125, 169.9609375, 4.171288967132568
v,57.65771484375, 169.8916015625, 4.171286106109619
v,57.734619140625, 170.6171875, 4.171349048614502
v,56.983154296875, 163.0107421875, 4.439376354217529
v,55.521240234375, 163.1669921875, 4.439383029937744
v,55.4453125, 162.44921875, 4.43932580947876
v,56.907470703125, 162.294921875, 4.439319133758545
v,54.756103515625, 166.701171875, 5.955056667327881
v,54.775146484375, 166.8740234375, 5.955070972442627
v,54.92822265625, 168.255859375, 5.9551873207092285
v,54.941650390625, 168.37890625, 5.955196857452393
v,54.185546875, 168.4541015625, 5.955201625823975
v,54.017578125, 166.7744140625, 5.9550604820251465
v,60.73779296875, 167.6142578125, 5.955163478851318
v,60.584716796875, 166.232421875, 5.955047130584717
v,54.775146484375, 166.8740234375, 5.955070972442627
v,54.756103515625, 166.701171875, 5.955056667327881
v,60.63037109375, 166.1142578125, 5.955037593841553
v,60.798828125, 167.79296875, 5.955178737640381
v,54.941650390625, 168.37890625, 5.955196857452393
v,54.92822265625, 168.255859375, 5.9551873207092285
v,54.775146484375, 166.8740234375, 6.385818958282471
v,60.584716796875, 166.232421875, 6.385794162750244
v,60.73779296875, 167.6142578125, 6.385910511016846
v,54.92822265625, 168.255859375, 6.385935306549072
v,54.146728515625, 163.3134765625, 5.487395763397217
v,59.817626953125, 162.708984375, 5.487372875213623
v,60.115234375, 165.494140625, 5.487599849700928
v,54.4443359375, 166.0986328125, 5.487623691558838
v,60.320556640625, 161.9189453125, -0.9639096260070801
v,60.320556640625, 161.9189453125, -0.9972152709960938
v,60.480712890625, 161.9033203125, -0.9972152709960938
v,60.480712890625, 161.9033203125, -0.9639101028442383
v,59.726806640625, 170.74609375, -0.9964900016784668
v,59.726806640625, 170.74609375, -0.9631843566894531
v,59.766845703125, 171.111328125, -0.9631533622741699
v,59.766845703125, 171.111328125, -0.9964585304260254
v,59.766845703125, 171.111328125, -0.9964585304260254
v,59.766845703125, 171.111328125, -0.9631533622741699
v,61.47021484375, 170.94140625, -0.9631557464599609
v,61.47021484375, 170.94140625, -0.9964609146118164
v,60.480712890625, 161.9033203125, -0.9972152709960938
v,61.47021484375, 170.94140625, -0.9964609146118164
v,61.47021484375, 170.94140625, -0.9631557464599609
v,60.480712890625, 161.9033203125, -0.9639101028442383
v,59.726806640625, 170.74609375, -0.9631843566894531
v,59.726806640625, 170.74609375, -0.9964900016784668
v,61.119140625, 170.59765625, -0.996492862701416
v,61.119140625, 170.59765625, -1.594433069229126
v,54.480712890625, 171.306640625, -1.5944056510925293
v,54.480712890625, 171.3056640625, 3.581892490386963
v,57.114990234375, 171.0244140625, 3.581878185272217
v,58.223388671875, 170.9072265625, 3.5818734169006348
v,61.119140625, 170.59765625, 3.581864833831787
v,61.119140625, 170.59765625, -0.9631881713867188
v,61.119140625, 170.59765625, -0.996492862701416
v,61.074462890625, 170.1806640625, -0.9965291023254395
v,61.074462890625, 170.1806640625, -1.5944690704345703
v,61.119140625, 170.59765625, -1.594433069229126
v,61.074462890625, 170.1806640625, -0.9965291023254395
v,61.202392578125, 170.1669921875, -0.9965291023254395
v,61.202392578125, 170.1669921875, -1.5944690704345703
v,61.074462890625, 170.1806640625, -1.5944690704345703
v,60.31884765625, 161.9013671875, 3.581141948699951
v,60.31884765625, 161.9013671875, -1.5951564311981201
v,61.202392578125, 170.1669921875, -1.5944690704345703
v,61.202392578125, 170.1669921875, -0.9965291023254395
v,60.320556640625, 161.9189453125, -0.9972152709960938
v,60.320556640625, 161.9189453125, -0.9639096260070801
v,61.202392578125, 170.1669921875, -0.963223934173584
v,61.202392578125, 170.1669921875, 3.58182954788208
v,60.947265625, 167.7783203125, 3.581625461578369
v,60.767822265625, 166.1005859375, 3.5814852714538574
v,60.31884765625, 161.9013671875, -1.5951564311981201
v,60.31884765625, 161.9013671875, 3.581141948699951
v,54.067138671875, 162.5673828125, 3.5811667442321777
v,53.552978515625, 162.623046875, 3.581169605255127
v,53.552978515625, 162.623046875, -1.5951290130615234
v,53.552978515625, 162.623046875, -1.5951290130615234
v,53.552978515625, 162.623046875, 3.581169605255127
v,54.480712890625, 171.3056640625, 3.581892490386963
v,54.480712890625, 171.306640625, -1.5944056510925293
v,61.074462890625, 170.1806640625, -0.963223934173584
v,61.119140625, 170.59765625, -0.9631881713867188
v,61.119140625, 170.59765625, 3.581864833831787
v,61.074462890625, 170.1806640625, 3.58182954788208
v,61.202392578125, 170.1669921875, -0.963223934173584
v,61.074462890625, 170.1806640625, -0.963223934173584
v,61.074462890625, 170.1806640625, 3.58182954788208
v,61.202392578125, 170.1669921875, 3.58182954788208
v,58.610107421875, 170.310546875, 3.581824779510498
v,58.1650390625, 170.3583984375, 3.5818257331848145
v,58.1650390625, 170.3583984375, 4.177990436553955
v,58.610107421875, 170.310546875, 4.177988529205322
v,58.535400390625, 169.6083984375, 3.5817646980285645
v,58.610107421875, 170.310546875, 3.581824779510498
v,58.610107421875, 170.310546875, 4.177988529205322
v,58.535400390625, 169.6083984375, 4.177928447723389
v,58.09033203125, 169.65625, 3.581765651702881
v,58.535400390625, 169.6083984375, 3.5817646980285645
v,58.535400390625, 169.6083984375, 4.177928447723389
v,58.09033203125, 169.65625, 4.177929401397705
v,58.1650390625, 170.3583984375, 3.5818257331848145
v,58.09033203125, 169.65625, 3.581765651702881
v,58.09033203125, 169.65625, 4.177929401397705
v,58.1650390625, 170.3583984375, 4.177990436553955
v,57.734619140625, 170.6171875, 3.581845760345459
v,57.0791015625, 170.6865234375, 3.581848621368408
v,57.0791015625, 170.6865234375, 4.171350955963135
v,57.734619140625, 170.6171875, 4.171349048614502
v,57.65771484375, 169.8916015625, 3.5817837715148926
v,57.734619140625, 170.6171875, 3.581845760345459
v,57.734619140625, 170.6171875, 4.171349048614502
v,57.65771484375, 169.8916015625, 4.171286106109619
v,57.001953125, 169.9609375, 3.581786632537842
v,57.65771484375, 169.8916015625, 3.5817837715148926
v,57.65771484375, 169.8916015625, 4.171286106109619
v,57.001953125, 169.9609375, 4.171288967132568
v,57.001953125, 169.9609375, 4.171288967132568
v,57.0791015625, 170.6865234375, 4.171350955963135
v,57.0791015625, 170.6865234375, 3.581848621368408
v,57.001953125, 169.9609375, 3.581786632537842
v,55.521240234375, 163.1669921875, 4.439383029937744
v,55.521240234375, 163.1669921875, 3.58121919631958
v,55.4453125, 162.4501953125, 3.581160068511963
v,55.4453125, 162.44921875, 4.43932580947876
v,56.983154296875, 163.0107421875, 3.5812125205993652
v,56.983154296875, 163.0107421875, 4.439376354217529
v,56.907470703125, 162.294921875, 4.439319133758545
v,56.907470703125, 162.294921875, 3.5811543464660645
v,55.4453125, 162.4501953125, 3.581160068511963
v,56.907470703125, 162.294921875, 3.5811543464660645
v,56.907470703125, 162.294921875, 4.439319133758545
v,55.4453125, 162.44921875, 4.43932580947876
v,60.798828125, 167.7939453125, 3.581625461578369
v,57.922607421875, 168.0810546875, 3.581632137298584
v,56.813720703125, 168.1923828125, 3.5816359519958496
v,54.185546875, 168.455078125, 3.5816493034362793
v,54.185546875, 168.4541015625, 5.955201625823975
v,54.941650390625, 168.37890625, 5.955196857452393
v,60.798828125, 167.79296875, 5.955178737640381
v,60.63037109375, 166.1142578125, 3.5814852714538574
v,60.798828125, 167.7939453125, 3.581625461578369
v,60.798828125, 167.79296875, 5.955178737640381
v,60.63037109375, 166.1142578125, 5.955037593841553
v,54.017578125, 166.7744140625, 3.581508159637451
v,54.51123046875, 166.7255859375, 3.5815062522888184
v,60.63037109375, 166.1142578125, 3.5814852714538574
v,60.63037109375, 166.1142578125, 5.955037593841553
v,54.756103515625, 166.701171875, 5.955056667327881
v,54.017578125, 166.7744140625, 5.9550604820251465
v,54.185546875, 168.455078125, 3.5816493034362793
v,54.017578125, 166.7744140625, 3.581508159637451
v,54.017578125, 166.7744140625, 5.9550604820251465
v,54.185546875, 168.4541015625, 5.955201625823975
v,60.73779296875, 167.6142578125, 5.955163478851318
v,54.92822265625, 168.255859375, 5.9551873207092285
v,54.92822265625, 168.255859375, 6.385935306549072
v,60.73779296875, 167.6142578125, 6.385910511016846
v,60.584716796875, 166.232421875, 5.955047130584717
v,60.73779296875, 167.6142578125, 5.955163478851318
v,60.73779296875, 167.6142578125, 6.385910511016846
v,60.584716796875, 166.232421875, 6.385794162750244
v,54.775146484375, 166.8740234375, 5.955070972442627
v,60.584716796875, 166.232421875, 5.955047130584717
v,60.584716796875, 166.232421875, 6.385794162750244
v,54.775146484375, 166.8740234375, 6.385818958282471
v,54.92822265625, 168.255859375, 5.9551873207092285
v,54.775146484375, 166.8740234375, 5.955070972442627
v,54.775146484375, 166.8740234375, 6.385818958282471
v,54.92822265625, 168.255859375, 6.385935306549072
v,60.115234375, 165.494140625, 3.5814309120178223
v,54.4443359375, 166.0986328125, 3.581453800201416
v,54.4443359375, 166.0986328125, 5.487623691558838
v,60.115234375, 165.494140625, 5.487599849700928
v,59.817626953125, 162.708984375, 3.581202983856201
v,60.115234375, 165.494140625, 3.5814309120178223
v,60.115234375, 165.494140625, 5.487599849700928
v,59.817626953125, 162.708984375, 5.487372875213623
v,55.521240234375, 163.1669921875, 4.439383029937744
v,56.983154296875, 163.0107421875, 4.439376354217529
v,56.983154296875, 163.0107421875, 3.5812125205993652
v,59.817626953125, 162.708984375, 3.581202983856201
v,59.817626953125, 162.708984375, 5.487372875213623
v,54.146728515625, 163.3134765625, 5.487395763397217
v,54.146728515625, 163.3134765625, 3.5812268257141113
v,55.521240234375, 163.1669921875, 3.58121919631958
i,0,2,3
i,6,8,9
i,11,14,17
i,19,22,24
i,34,35,26
i,40,42,38
i,57,58,52
i,59,61,62
i,67,71,72
i,76,78,79
i,80,82,83
i,84,86,87
i,92,93,89
i,94,95,98
i,103,105,102
i,107,109,106
i,111,113,110
i,115,117,114
i,119,121,118
i,123,125,122
i,126,127,130
i,137,139,136
i,141,143,140
i,144,149,153
i,156,157,158
i,159,161,162
i,164,166,163
i,168,170,167
i,172,174,171
i,176,178,175
i,179,181,182
i,183,185,186
i,188,190,187
i,192,194,191
i,195,197,198
i,199,201,202
i,203,205,206
i,207,209,210
i,212,214,211
i,220,221,216
i,222,224,225
i,230,231,227
i,233,235,232
i,237,239,236
i,241,243,240
i,244,246,247
i,248,250,251
i,253,255,252
i,257,259,256
i,260,261,265
i,0,1,2
i,9,4,6
i,4,5,6
i,6,7,8
i,17,10,11
i,11,12,13
i,14,15,17
i,15,16,17
i,11,13,14
i,25,18,24
i,18,19,24
i,19,20,22
i,20,21,22
i,22,23,24
i,27,28,29
i,30,31,33
i,31,32,33
i,27,29,30
i,35,36,26
i,26,27,33
i,27,30,33
i,33,34,26
i,38,39,40
i,40,41,42
i,42,43,38
i,43,44,37
i,38,43,37
i,44,45,37
i,45,46,37
i,58,47,48
i,49,50,51
i,58,48,51
i,48,49,51
i,55,56,57
i,54,55,57
i,58,51,52
i,53,54,52
i,54,57,52
i,59,60,61
i,75,63,64
i,65,66,67
i,74,75,64
i,74,64,73
i,64,65,73
i,72,73,65
i,69,70,68
i,70,71,68
i,67,68,71
i,72,65,67
i,76,77,78
i,80,81,82
i,84,85,86
i,93,88,89
i,89,90,92
i,90,91,92
i,95,96,97
i,99,100,94
i,100,101,94
i,95,97,98
i,99,94,98
i,103,104,105
i,107,108,109
i,111,112,113
i,115,116,117
i,119,120,121
i,123,124,125
i,127,128,129
i,130,131,132
i,133,134,126
i,134,135,126
i,130,132,126
i,132,133,126
i,127,129,130
i,137,138,139
i,141,142,143
i,145,146,148
i,146,147,148
i,150,151,152
i,145,148,149
i,149,150,153
i,150,152,153
i,144,145,149
i,158,154,156
i,154,155,156
i,159,160,161
i,164,165,166
i,168,169,170
i,172,173,174
i,176,177,178
i,179,180,181
i,183,184,185
i,188,189,190
i,192,193,194
i,195,196,197
i,199,200,201
i,203,204,205
i,207,208,209
i,212,213,214
i,221,215,216
i,216,217,220
i,217,218,220
i,218,219,220
i,222,223,224
i,231,226,227
i,227,228,230
i,228,229,230
i,233,234,235
i,237,238,239
i,241,242,243
i,244,245,246
i,248,249,250
i,253,254,255
i,257,258,259
i,261,262,263
i,263,264,261
i,264,265,261
i,265,266,260
i,266,267,260
n,-4.478320121765137, 0.47837552428245544, 0.0
n,2.1345318600651808e-05, 0.00037194424658082426, -4.50379753112793
n,3.780794213525951e-05, 0.0003834099625237286, -4.50379753112793
n,-3.780794213525951e-05, -0.0003834099625237286, 4.50379753112793
n,-2.8383126846165396e-05, -0.0003897375427186489, 4.50379753112793
n,-2.132121881004423e-05, -0.00038006273098289967, 4.50379753112793
n,0.0007914450252428651, -0.0004560920351650566, 4.50379753112793
n,-3.921857933164574e-05, -0.000373121234588325, 4.50379753112793
n,2.8749918783432804e-05, 0.00010375995771028101, 4.50379753112793
n,-2.448851773806382e-05, -0.00038834704901091754, 4.50379753112793
n,-2.3432185116689652e-05, -0.00038636813405901194, 4.50379753112793
n,-1.7214219042216428e-05, -0.0003607010585255921, 4.50379753112793
n,-1.1352618457749486e-05, -0.00037598563358187675, 4.50379753112793
n,-4.48445716756396e-05, -0.0003730512980837375, 4.50379753112793
n,-2.2445321519626305e-05, -0.00037553152651526034, 4.50379753112793
n,-2.0878669602097943e-05, -0.0003662301751319319, 4.50379753112793
n,-0.4373185634613037, -4.482515335083008, 0.0
n,-4.476863861083984, 0.4918169677257538, 0.0
n,0.4472409188747406, 4.481536388397217, 0.0
n,4.477041244506836, -0.49019330739974976, 0.0
n,0.4783003628253937, 4.478327751159668, 0.0
n,4.477955341339111, -0.4817758798599243, 0.0
n,0.4848860502243042, 4.477619647979736, 0.0
n,4.478282928466797, -0.47872570157051086, -0.00011792207806138322
n,-0.48347100615501404, -4.477772235870361, 0.0
n,-4.478307247161865, 0.47849276661872864, 8.017468644538894e-05
n,4.477954864501953, -0.48177582025527954, 0.0
n,0.484886109828949, 4.4776201248168945, 0.0
n,0.48011183738708496, 4.4781341552734375, 0.0
n,4.478625297546387, -0.47550836205482483, 0.0
n,-0.4798806309700012, -4.478158473968506, 0.0
n,-4.478480339050293, 0.4768752157688141, 0.0
n,0.47394609451293945, 4.478790760040283, 0.0
n,4.4786906242370605, -0.4748910367488861, 0.0
n,-0.4737911522388458, -4.47880744934082, 0.0
n,-4.478550434112549, 0.4762137830257416, 0.0
n,-4.4787983894348145, 0.4738752245903015, 0.00047893254668451846
n,4.478820323944092, -0.473669171333313, 0.0
n,-0.47555840015411377, -4.4786176681518555, -0.004526414442807436
n,0.4479474127292633, 4.481465816497803, 0.0008553449879400432
n,4.481297016143799, -0.44963428378105164, 0.0
n,-0.4473629295825958, -4.4815239906311035, 0.000287036964436993
n,-4.481434345245361, 0.4482590854167938, 0.00016379909357056022
n,0.49455544352531433, 4.476562023162842, 0.0
n,4.476439476013184, -0.495665967464447, 0.0
n,-0.49455544352531433, -4.476562023162842, 0.0
n,-4.476439476013184, 0.495665967464447, 0.0
n,0.47739720344543457, 4.478424072265625, 0.0
n,4.478282928466797, -0.4787202477455139, 0.0
n,-0.47825556993484497, -4.47833251953125, -0.0008916528313420713
n,-4.478320121765137, 0.47837552428245544, 0.0
n,2.0293282432248816e-05, 0.0003729912277776748, -4.50379753112793
n,2.2547179469256662e-05, 0.0003861920558847487, -4.50379753112793
n,4.009298936580308e-05, 0.00037023366894572973, -4.50379753112793
n,4.159915988566354e-05, 0.00038414227310568094, -4.50379753112793
n,3.1766798201715574e-05, 0.0003882774035446346, -4.50379753112793
n,8.736980817047879e-05, 0.000366274151019752, -4.50379753112793
n,3.6170378734823316e-05, 0.00037074636202305555, -4.50379753112793
n,3.2124353310791776e-05, 0.00038921914529055357, -4.50379753112793
n,-2.4351742467842996e-05, -0.00037177870399318635, 4.50379753112793
n,-8.73698154464364e-05, -0.00036627420922741294, 4.50379753112793
n,-3.2124353310791776e-05, -0.00038921914529055357, 4.50379753112793
n,-2.986297658935655e-05, -0.0003832629881799221, 4.50379753112793
n,-4.159915988566354e-05, -0.00038414227310568094, 4.50379753112793
n,-2.359837708354462e-05, -0.0003801517596002668, 4.50379753112793
n,-3.999912951258011e-05, -0.00038054725155234337, 4.50379753112793
n,-4.120296216569841e-05, -0.0003804836014751345, 4.50379753112793
n,-2.7189527827431448e-05, -0.00037871053791604936, 4.50379753112793
n,-2.435756141494494e-05, -0.00038712561945430934, 4.50379753112793
n,-2.9476010240614414e-05, -0.0003823951701633632, 4.50379753112793
n,-2.9622520742123015e-05, -0.0003817453689407557, 4.50379753112793
n,-2.9396189347608015e-05, -0.00038088319706730545, 4.50379753112793
n,-2.2685708245262504e-05, -0.00037938481546007097, 4.50379753112793
n,-2.0887910068267956e-05, -0.00038044058601371944, 4.50379753112793
n,-2.2960604837862775e-05, -0.0003830798377748579, 4.50379753112793
n,-2.836634303093888e-05, -0.00038669901550747454, 4.50379753112793
n,-2.491755731170997e-05, -0.0003809558693319559, 4.50379753112793
n,-2.4616752853034995e-05, -0.00039302505319938064, 4.50379753112793
n,-1.7111477063735947e-05, -0.0003816154785454273, 4.50379753112793
n,-1.6233681890298612e-05, -0.0003800714621320367, 4.50379753112793
n,-1.61027601279784e-05, -0.0003817227843683213, 4.50379753112793
n,-1.494636762799928e-05, -0.0003824792802333832, 4.50379753112793
n,-1.7362088328809477e-05, -0.0003870065847877413, 4.50379753112793
n,-1.4432730495173018e-05, -0.0003756236983463168, 4.50379753112793
n,-7.73771262174705e-07, -0.0003670080623123795, 4.50379753112793
n,0.002772086998447776, -0.00067097571445629, 4.503796577453613
n,-9.416519787919242e-06, -0.00036210313555784523, 4.50379753112793
n,-3.5923937957704766e-06, -0.00036711327265948057, 4.50379753112793
n,-3.7668098229914904e-05, -0.00037314961082302034, 4.50379753112793
n,-2.1795356587972492e-05, -0.00037483699270524085, 4.50379753112793
n,-2.3534492356702685e-05, -0.0003600326308514923, 4.50379753112793
n,-2.193516593251843e-05, -0.00037547320243902504, 4.50379753112793
n,-3.6667664971901104e-05, -0.00036323905806057155, 4.50379753112793
n,-3.5324719647178426e-05, -0.0003646843251772225, 4.50379753112793
n,-3.8221707654884085e-05, -0.0003638726193457842, 4.50379753112793
n,-1.4044029740034603e-05, -0.0003659197245724499, 4.50379753112793
n,-1.1368915693310555e-05, -0.0003618942864704877, 4.50379753112793
n,2.380790283496026e-05, 5.2215062169125304e-05, 4.50379753112793
n,-2.422403485979885e-05, -0.00035518233198672533, 4.50379753112793
n,-3.237518831156194e-05, -0.00038208733894862235, 4.50379753112793
n,-2.3423794118571095e-05, -0.0003863620513584465, 4.50379753112793
n,-1.754729964886792e-05, -0.000359788304194808, 4.50379753112793
n,-1.1552797332115006e-05, -0.00037445183261297643, 4.50379753112793
n,-1.2952714314451441e-05, -0.00037658264045603573, 4.50379753112793
n,-1.1998554327874444e-05, -0.0003729992895387113, 4.50379753112793
n,-2.2844751583761536e-05, -0.00037320348201319575, 4.50379753112793
n,-2.329157359781675e-05, -0.0003763692802749574, 4.50379753112793
n,-2.26923239097232e-05, -0.0003718237276189029, 4.50379753112793
n,-2.2126509065856226e-05, -0.0003642815863713622, 4.50379753112793
n,-2.9874956453568302e-05, -0.0003741242690011859, 4.50379753112793
n,-2.2445323338615708e-05, -0.0003755315556190908, 4.50379753112793
n,-2.006825161515735e-05, -0.00036494541564024985, 4.50379753112793
n,-0.4373185634613037, -4.482515335083008, 0.0
n,-4.476863861083984, 0.4918169379234314, 0.0
n,0.4472409188747406, 4.481536388397217, 0.0
n,4.477041244506836, -0.49019330739974976, 0.0
n,0.476996511220932, 4.478466987609863, 0.0
n,0.4777340292930603, 4.47838830947876, 0.000750384118873626
n,0.47751837968826294, 4.4784111976623535, -0.0001617064990568906
n,0.4769965410232544, 4.478466987609863, 0.0
n,0.4782421886920929, 4.478333950042725, 0.0004888314288109541
n,0.4765864610671997, 4.47851037979126, -0.00047345453640446067
n,0.4780268371105194, 4.47835636138916, 0.002426866441965103
n,4.477955341339111, -0.4817758798599243, 0.0
n,0.4848860502243042, 4.477619647979736, 0.0
n,4.478282451629639, -0.4787251353263855, 0.0008970117778517306
n,4.478275775909424, -0.478789359331131, 0.0
n,4.47830867767334, -0.47848302125930786, 0.0
n,4.481445789337158, -0.4481446146965027, 0.0
n,4.478275775909424, -0.478789359331131, -5.872441397514194e-05
n,4.478245735168457, -0.47906821966171265, -0.00031102579669095576
n,4.481446266174316, -0.4481446146965027, 0.0
n,-0.47763460874557495, -4.47839879989624, -0.0005863803089596331
n,-0.47715452313423157, -4.478449821472168, 0.0
n,-4.478302478790283, 0.4785400331020355, 0.0
n,4.477955341339111, -0.4817759096622467, 0.0
n,0.484886109828949, 4.4776201248168945, 0.0
n,0.48011183738708496, 4.4781341552734375, 0.0
n,4.478625297546387, -0.47550836205482483, 0.0
n,-0.4798806607723236, -4.478158473968506, 0.0
n,-4.478479862213135, 0.4768751263618469, 0.0
n,0.47394615411758423, 4.478790760040283, 0.0
n,4.4786906242370605, -0.4748910665512085, 0.0
n,-0.4737911820411682, -4.47880744934082, 0.0
n,-4.478550434112549, 0.47621384263038635, 0.0
n,-4.478738307952881, 0.47444260120391846, 0.0
n,4.478820323944092, -0.473669171333313, 0.0
n,-0.47293123602867126, -4.478898048400879, 0.0
n,0.44730839133262634, 4.481529712677002, 0.0016376025741919875
n,0.4486651122570038, 4.481393337249756, 0.0017656362615525723
n,0.4481446146965027, 4.481446266174316, 0.0013509975979104638
n,0.44725385308265686, 4.481534481048584, 0.0016376050189137459
n,4.481319904327393, -0.44940441846847534, -0.00016421754844486713
n,-0.44872915744781494, -4.481387615203857, 0.0
n,-0.4478301405906677, -4.481477737426758, 0.0003356410306878388
n,-0.44796445965766907, -4.48146390914917, 0.0
n,-4.481411933898926, 0.44848838448524475, 0.0
n,0.49455544352531433, 4.476562023162842, 0.0
n,4.476439476013184, -0.495665967464447, 0.0
n,-0.49455544352531433, -4.476562023162842, 0.0
n,-4.476439476013184, 0.495665967464447, 0.0
n,0.47739720344543457, 4.478424072265625, 0.0
n,4.478282928466797, -0.4787202477455139, 0.0
n,-0.47690021991729736, -4.4784770011901855, 0.0
n,-0.47690027952194214, -4.478477478027344, 0.0
n,-0.4774152636528015, -4.478422164916992, 0.0014086613664403558
n,-0.4775834381580353, -4.478404521942139, 0.0
n,-0.4775834381580353, -4.478404521942139, 0.0
u,0.24621860682964325, 0.8829568028450012, 0
u,0.32731908559799194, 1.0, 0
u,0.24621860682964325, 1.0, 0
u,0.0, 0.0, 0
u,0.0, 0.0, 0
u,0.0, 0.0, 0
u,0.4936997890472412, 0.7936199903488159, 0
u,0.48279258608818054, 0.7746096253395081, 0
u,0.5057591199874878, 0.7857081294059753, 0
u,0.9995502829551697, 0.8670163750648499, 0
u,0.9889281988143921, 0.8855298757553101, 0
u,0.9771842956542969, 0.8778247833251953, 0
u,0.2506060004234314, 0.009753599762916565, 0
u,0.250591903924942, 0.1869816929101944, 0
u,0.23477500677108765, 0.15973620116710663, 0
u,0.16883529722690582, 0.25474169850349426, 0
u,0.21450090408325195, 0.1869554966688156, 0
u,0.21988269686698914, 0.21464769542217255, 0
u,0.11988010257482529, 0.414774090051651, 0
u,0.16831770539283752, 0.4154669940471649, 0
u,0.0, 0.41605839133262634, 0
u,0.16962020099163055, 0.01101639959961176, 0
u,0.12121240049600601, 0.0019406999927014112, 0
u,0.16964949667453766, 0.0019345999462530017, 0
u,0.0008898000232875347, 0.21094219386577606, 0
u,2.900000026784255e-06, 0.38458511233329773, 0
u,3.819999983534217e-05, 0.001955999992787838, 0
u,0.21450090408325195, 0.1869554966688156, 0
u,0.23477500677108765, 0.15973620116710663, 0
u,0.2347692996263504, 0.18697020411491394, 0
u,0.24082359671592712, 0.2548139989376068, 0
u,0.21988269686698914, 0.21464769542217255, 0
u,0.24082960188388824, 0.21468499302864075, 0
u,0.021534599363803864, 0.2109864056110382, 0
u,0.0008407999994233251, 0.30041781067848206, 0
u,0.0008898000232875347, 0.21094219386577606, 0
u,0.16831770539283752, 0.4154669940471649, 0
u,0.11988010257482529, 0.414774090051651, 0
u,0.12502500414848328, 0.3695775866508484, 0
u,0.16432249546051025, 0.013536100275814533, 0
u,0.12442869693040848, 0.013869400136172771, 0
u,0.121185302734375, 0.010354599915444851, 0
u,0.12442869693040848, 0.013869400136172771, 0
u,0.16492779552936554, 0.36925721168518066, 0
u,0.12502500414848328, 0.3695775866508484, 0
u,0.021552899852395058, 0.03751039877533913, 0
u,0.1018896996974945, 0.3845812976360321, 0
u,0.02151620015501976, 0.38458430767059326, 0
u,0.7952988743782043, 0.9728884100914001, 0
u,0.791015088558197, 0.9710050225257874, 0
u,0.7952988743782043, 0.9710050225257874, 0
u,0.49311700463294983, 0.9710050225257874, 0
u,0.5029053092002869, 0.9728884100914001, 0
u,0.49311700463294983, 0.9728884100914001, 0
u,0.5029053092002869, 0.9710050225257874, 0
u,0.5485581755638123, 0.9728884100914001, 0
u,0.5029053092002869, 0.9728884100914001, 0
u,0.5485581755638123, 0.9728884100914001, 0
u,0.791015088558197, 0.9710050225257874, 0
u,0.791015088558197, 0.9728884100914001, 0
u,0.05234700068831444, 0.45582911372184753, 0
u,0.05234700068831444, 0.4537976086139679, 0
u,0.20408989489078522, 0.41732630133628845, 0
u,0.0, 0.4537976086139679, 0
u,0.012072400189936161, 0.41732630133628845, 0
u,0.012072400189936161, 0.4537976086139679, 0
u,0.47090670466423035, 0.6978198289871216, 0
u,0.46734678745269775, 0.7328479290008545, 0
u,0.46734678745269775, 0.6978198289871216, 0
u,0.7005336284637451, 0.42961418628692627, 0
u,0.7000489830970764, 0.6958687901496887, 0
u,0.5838807821273804, 0.42961418628692627, 0
u,0.8742055892944336, 0.42961418628692627, 0
u,0.8884910941123962, 0.42961418628692627, 0
u,0.8884910941123962, 0.7328479290008545, 0
u,0.45525360107421875, 0.41732630133628845, 0
u,0.20408989489078522, 0.7330551743507385, 0
u,0.20408989489078522, 0.41732630133628845, 0
u,0.4557521939277649, 0.6958687901496887, 0
u,0.46734678745269775, 0.42961418628692627, 0
u,0.46734678745269775, 0.6958687901496887, 0
u,0.46734678745269775, 0.6958687901496887, 0
u,0.47090670466423035, 0.42961418628692627, 0
u,0.47090670466423035, 0.6958687901496887, 0
u,0.5247476100921631, 0.8840138912200928, 0
u,0.5124828219413757, 0.9186652898788452, 0
u,0.5124828219413757, 0.8840138912200928, 0
u,0.5124828219413757, 0.8840138912200928, 0
u,0.49311700463294983, 0.9186652898788452, 0
u,0.49311700463294983, 0.8840138912200928, 0
u,0.5441073775291443, 0.8840138912200928, 0
u,0.556376576423645, 0.9186652898788452, 0
u,0.5441073775291443, 0.9186652898788452, 0
u,0.5247476100921631, 0.8840138912200928, 0
u,0.5441073775291443, 0.9186652898788452, 0
u,0.5247476100921631, 0.9186652898788452, 0
u,0.5918015837669373, 0.9355276823043823, 0
u,0.5737463235855103, 0.9697601795196533, 0
u,0.5737463235855103, 0.9355276823043823, 0
u,0.6498504281044006, 0.9355276823043823, 0
u,0.6298609972000122, 0.9697601795196533, 0
u,0.6298609972000122, 0.9355276823043823, 0
u,0.6117984056472778, 0.9355276823043823, 0
u,0.6298609972000122, 0.9697601795196533, 0
u,0.6117984056472778, 0.9697601795196533, 0
u,0.6117984056472778, 0.9697601795196533, 0
u,0.5918015837669373, 0.9355276823043823, 0
u,0.6117984056472778, 0.9355276823043823, 0
u,0.49311700463294983, 0.9697237014770508, 0
u,0.5129278898239136, 0.9197080135345459, 0
u,0.5129278898239136, 0.9697237014770508, 0
u,0.5731058716773987, 0.9197080135345459, 0
u,0.5533329248428345, 0.9697237014770508, 0
u,0.5533329248428345, 0.9197080135345459, 0
u,0.5533329248428345, 0.9197080135345459, 0
u,0.5129278898239136, 0.9697237014770508, 0
u,0.5129278898239136, 0.9197080135345459, 0
u,0.21893499791622162, 0.8800833821296692, 0
u,0.04879330098628998, 0.8800833821296692, 0
u,0.1323440968990326, 0.7345827221870422, 0
u,0.0, 0.7345827221870422, 0
u,0.04879330098628998, 0.8800833821296692, 0
u,0.0, 0.8800833821296692, 0
u,0.31114110350608826, 0.8800833821296692, 0
u,0.2896929979324341, 0.8800833821296692, 0
u,0.30403420329093933, 0.7345827221870422, 0
u,0.2896929979324341, 0.7345827221870422, 0
u,0.24089689552783966, 0.8800833821296692, 0
u,0.24089689552783966, 0.7345827221870422, 0
u,0.6932427883148193, 0.9747334122657776, 0
u,0.5315725207328796, 1.0, 0
u,0.5315725207328796, 0.9747334122657776, 0
u,0.5315725207328796, 0.9747334122657776, 0
u,0.49311700463294983, 1.0, 0
u,0.49311700463294983, 0.9747334122657776, 0
u,0.731706976890564, 0.9747334122657776, 0
u,0.8933715224266052, 1.0, 0
u,0.731706976890564, 1.0, 0
u,0.6932427883148193, 0.9747334122657776, 0
u,0.731706976890564, 1.0, 0
u,0.6932427883148193, 1.0, 0
u,0.24621860682964325, 0.8829568028450012, 0
u,0.08109509944915771, 1.0, 0
u,0.08109509944915771, 0.8829568028450012, 0
u,0.08109509944915771, 0.8829568028450012, 0
u,0.0, 1.0, 0
u,0.0, 0.8829568028450012, 0
u,0.36734500527381897, 0.935650110244751, 0
u,0.4099082946777344, 0.935650110244751, 0
u,0.32731908559799194, 1.0, 0
u,0.24621860682964325, 0.8829568028450012, 0
u,0.32731908559799194, 0.8829568028450012, 0
u,0.32731908559799194, 1.0, 0
u,0.0, 0.0, 0
u,0.0, 0.0, 0
u,0.0, 0.0, 0
u,0.0, 0.0, 0
u,0.0, 0.0, 0
u,0.0, 0.0, 0
u,0.0, 0.0, 0
u,0.0, 0.0, 0
u,0.0, 0.0, 0
u,0.5057591199874878, 0.7857081294059753, 0
u,0.5057721734046936, 0.7935693860054016, 0
u,0.4936997890472412, 0.7936199903488159, 0
u,0.4936997890472412, 0.7936199903488159, 0
u,0.4938102960586548, 0.8790407180786133, 0
u,0.48325300216674805, 0.8790407180786133, 0
u,0.48279258608818054, 0.7746096253395081, 0
u,0.7442991137504578, 0.7746366858482361, 0
u,0.5057591199874878, 0.7857081294059753, 0
u,0.7442991137504578, 0.7746366858482361, 0
u,0.7443428039550781, 0.7844355702400208, 0
u,0.5057591199874878, 0.7857081294059753, 0
u,0.4936997890472412, 0.7936199903488159, 0
u,0.48325300216674805, 0.8790407180786133, 0
u,0.48279258608818054, 0.7746096253395081, 0
u,0.7448378205299377, 0.8765857219696045, 0
u,0.7448803782463074, 0.8670427799224854, 0
u,0.9771842956542969, 0.8778247833251953, 0
u,0.7448803782463074, 0.8670427799224854, 0
u,0.9995502829551697, 0.8670163750648499, 0
u,0.9771842956542969, 0.8778247833251953, 0
u,0.9995502829551697, 0.8670163750648499, 0
u,0.999101996421814, 0.9687173962593079, 0
u,0.9889281988143921, 0.8855298757553101, 0
u,0.999101996421814, 0.9687173962593079, 0
u,0.9888206124305725, 0.9687173962593079, 0
u,0.9889281988143921, 0.8855298757553101, 0
u,0.9889281988143921, 0.8855298757553101, 0
u,0.9771714806556702, 0.8854807019233704, 0
u,0.9771842956542969, 0.8778247833251953, 0
u,0.21450039744377136, 0.1597117930650711, 0
u,0.21450090408325195, 0.1869554966688156, 0
u,0.16905370354652405, 0.18692240118980408, 0
u,0.16962020099163055, 0.01101639959961176, 0
u,0.16964949667453766, 0.0019345999462530017, 0
u,0.23856200277805328, 0.009768799878656864, 0
u,0.16964949667453766, 0.0019345999462530017, 0
u,0.238565593957901, 0.0019258999964222312, 0
u,0.23856200277805328, 0.009768799878656864, 0
u,0.21450039744377136, 0.1597117930650711, 0
u,0.16905370354652405, 0.18692240118980408, 0
u,0.16962020099163055, 0.01101639959961176, 0
u,0.250591903924942, 0.1869816929101944, 0
u,0.2347692996263504, 0.18697020411491394, 0
u,0.23477500677108765, 0.15973620116710663, 0
u,0.23477500677108765, 0.15973620116710663, 0
u,0.21450039744377136, 0.1597117930650711, 0
u,0.23856200277805328, 0.009768799878656864, 0
u,0.21450039744377136, 0.1597117930650711, 0
u,0.16962020099163055, 0.01101639959961176, 0
u,0.23856200277805328, 0.009768799878656864, 0
u,0.23856200277805328, 0.009768799878656864, 0
u,0.2506060004234314, 0.009753599762916565, 0
u,0.23477500677108765, 0.15973620116710663, 0
u,0.21988269686698914, 0.21464769542217255, 0
u,0.21986889839172363, 0.2547928988933563, 0
u,0.16883529722690582, 0.25474169850349426, 0
u,0.16883529722690582, 0.25474169850349426, 0
u,0.16905370354652405, 0.18692240118980408, 0
u,0.21450090408325195, 0.1869554966688156, 0
u,0.21450090408325195, 0.1869554966688156, 0
u,0.2347692996263504, 0.18697020411491394, 0
u,0.21988269686698914, 0.21464769542217255, 0
u,0.2347692996263504, 0.18697020411491394, 0
u,0.250591903924942, 0.1869816929101944, 0
u,0.24082960188388824, 0.21468499302864075, 0
u,0.21988269686698914, 0.21464769542217255, 0
u,0.2347692996263504, 0.18697020411491394, 0
u,0.24082960188388824, 0.21468499302864075, 0
u,0.250591903924942, 0.1869816929101944, 0
u,0.25058650970458984, 0.2548237144947052, 0
u,0.24082960188388824, 0.21468499302864075, 0
u,0.25058650970458984, 0.2548237144947052, 0
u,0.24082359671592712, 0.2548139989376068, 0
u,0.24082960188388824, 0.21468499302864075, 0
u,0.16831770539283752, 0.4154669940471649, 0
u,0.16883529722690582, 0.25474169850349426, 0
u,0.21986889839172363, 0.2547928988933563, 0
u,0.24082359671592712, 0.2548139989376068, 0
u,0.25058650970458984, 0.2548237144947052, 0
u,0.25057360529899597, 0.41605839133262634, 0
u,0.16831770539283752, 0.4154669940471649, 0
u,0.21986889839172363, 0.2547928988933563, 0
u,0.25057360529899597, 0.41605839133262634, 0
u,0.21986889839172363, 0.2547928988933563, 0
u,0.24082359671592712, 0.2548139989376068, 0
u,0.25057360529899597, 0.41605839133262634, 0
u,0.1018896996974945, 0.3845812976360321, 0
u,0.11997749656438828, 0.38458070158958435, 0
u,0.11988010257482529, 0.414774090051651, 0
u,0.02151620015501976, 0.38458430767059326, 0
u,0.1018896996974945, 0.3845812976360321, 0
u,0.11988010257482529, 0.414774090051651, 0
u,0.16831770539283752, 0.4154669940471649, 0
u,0.25057360529899597, 0.41605839133262634, 0
u,0.0, 0.41605839133262634, 0
u,2.900000026784255e-06, 0.38458511233329773, 0
u,0.02151620015501976, 0.38458430767059326, 0
u,0.0, 0.41605839133262634, 0
u,0.02151620015501976, 0.38458430767059326, 0
u,0.11988010257482529, 0.414774090051651, 0
u,0.0, 0.41605839133262634, 0
u,0.16962020099163055, 0.01101639959961176, 0
u,0.121185302734375, 0.010354599915444851, 0
u,0.12121240049600601, 0.0019406999927014112, 0
u,0.11997749656438828, 0.38458070158958435, 0
u,0.1018896996974945, 0.3845812976360321, 0
u,0.10192099958658218, 0.03750089928507805, 0
u,0.021552899852395058, 0.03751039877533913, 0
u,0.021534599363803864, 0.2109864056110382, 0
u,0.0008898000232875347, 0.21094219386577606, 0
u,0.121185302734375, 0.010354599915444851, 0
u,0.11997749656438828, 0.38458070158958435, 0
u,0.10192099958658218, 0.03750089928507805, 0
u,0.121185302734375, 0.010354599915444851, 0
u,0.10192099958658218, 0.03750089928507805, 0
u,0.12121240049600601, 0.0019406999927014112, 0
u,0.10192099958658218, 0.03750089928507805, 0
u,0.021552899852395058, 0.03751039877533913, 0
u,0.12121240049600601, 0.0019406999927014112, 0
u,3.819999983534217e-05, 0.001955999992787838, 0
u,0.12121240049600601, 0.0019406999927014112, 0
u,0.021552899852395058, 0.03751039877533913, 0
u,0.021525099873542786, 0.3004521131515503, 0
u,0.02151620015501976, 0.38458430767059326, 0
u,0.0008407999994233251, 0.30041781067848206, 0
u,0.02151620015501976, 0.38458430767059326, 0
u,2.900000026784255e-06, 0.38458511233329773, 0
u,0.0008407999994233251, 0.30041781067848206, 0
u,0.0008898000232875347, 0.21094219386577606, 0
u,0.0008407999994233251, 0.30041781067848206, 0
u,2.900000026784255e-06, 0.38458511233329773, 0
u,3.819999983534217e-05, 0.001955999992787838, 0
u,0.021552899852395058, 0.03751039877533913, 0
u,0.0008898000232875347, 0.21094219386577606, 0
u,0.21450090408325195, 0.1869554966688156, 0
u,0.21450039744377136, 0.1597117930650711, 0
u,0.23477500677108765, 0.15973620116710663, 0
u,0.24082359671592712, 0.2548139989376068, 0
u,0.21986889839172363, 0.2547928988933563, 0
u,0.21988269686698914, 0.21464769542217255, 0
u,0.021534599363803864, 0.2109864056110382, 0
u,0.021525099873542786, 0.3004521131515503, 0
u,0.0008407999994233251, 0.30041781067848206, 0
u,0.11988010257482529, 0.414774090051651, 0
u,0.12002579867839813, 0.3696177899837494, 0
u,0.12502500414848328, 0.3695775866508484, 0
u,0.12502500414848328, 0.3695775866508484, 0
u,0.16492779552936554, 0.36925721168518066, 0
u,0.16831770539283752, 0.4154669940471649, 0
u,0.16492779552936554, 0.36925721168518066, 0
u,0.16846659779548645, 0.3692288100719452, 0
u,0.16831770539283752, 0.4154669940471649, 0
u,0.12442869693040848, 0.013869400136172771, 0
u,0.12502500414848328, 0.3695775866508484, 0
u,0.12002579867839813, 0.3696177899837494, 0
u,0.16962020099163055, 0.01101639959961176, 0
u,0.16846659779548645, 0.3692288100719452, 0
u,0.16432249546051025, 0.013536100275814533, 0
u,0.16846659779548645, 0.3692288100719452, 0
u,0.16492779552936554, 0.36925721168518066, 0
u,0.16432249546051025, 0.013536100275814533, 0
u,0.12442869693040848, 0.013869400136172771, 0
u,0.12002579867839813, 0.3696177899837494, 0
u,0.121185302734375, 0.010354599915444851, 0
u,0.16962020099163055, 0.01101639959961176, 0
u,0.16432249546051025, 0.013536100275814533, 0
u,0.121185302734375, 0.010354599915444851, 0
u,0.12442869693040848, 0.013869400136172771, 0
u,0.16432249546051025, 0.013536100275814533, 0
u,0.16492779552936554, 0.36925721168518066, 0
u,0.021552899852395058, 0.03751039877533913, 0
u,0.10192099958658218, 0.03750089928507805, 0
u,0.1018896996974945, 0.3845812976360321, 0
u,0.7952988743782043, 0.9728884100914001, 0
u,0.791015088558197, 0.9728884100914001, 0
u,0.791015088558197, 0.9710050225257874, 0
u,0.49311700463294983, 0.9710050225257874, 0
u,0.5029053092002869, 0.9710050225257874, 0
u,0.5029053092002869, 0.9728884100914001, 0
u,0.5029053092002869, 0.9710050225257874, 0
u,0.5485581755638123, 0.9710050225257874, 0
u,0.5485581755638123, 0.9728884100914001, 0
u,0.5485581755638123, 0.9728884100914001, 0
u,0.5485581755638123, 0.9710050225257874, 0
u,0.791015088558197, 0.9710050225257874, 0
u,0.05234700068831444, 0.4537976086139679, 0
u,0.012072400189936161, 0.4537976086139679, 0
u,0.012072400189936161, 0.41732630133628845, 0
u,0.20408989489078522, 0.41732630133628845, 0
u,0.20408989489078522, 0.7330551743507385, 0
u,0.12789130210876465, 0.7330551743507385, 0
u,0.09582939743995667, 0.7330551743507385, 0
u,0.012072400189936161, 0.7330551743507385, 0
u,0.05234700068831444, 0.45582911372184753, 0
u,0.012072400189936161, 0.7330551743507385, 0
u,0.012072400189936161, 0.45582911372184753, 0
u,0.05234700068831444, 0.45582911372184753, 0
u,0.20408989489078522, 0.41732630133628845, 0
u,0.12789130210876465, 0.7330551743507385, 0
u,0.05234700068831444, 0.45582911372184753, 0
u,0.12789130210876465, 0.7330551743507385, 0
u,0.09582939743995667, 0.7330551743507385, 0
u,0.05234700068831444, 0.45582911372184753, 0
u,0.05234700068831444, 0.4537976086139679, 0
u,0.012072400189936161, 0.41732630133628845, 0
u,0.20408989489078522, 0.41732630133628845, 0
u,0.0, 0.4537976086139679, 0
u,0.0, 0.41732630133628845, 0
u,0.012072400189936161, 0.41732630133628845, 0
u,0.47090670466423035, 0.6978198289871216, 0
u,0.47090670466423035, 0.7328479290008545, 0
u,0.46734678745269775, 0.7328479290008545, 0
u,0.7005336284637451, 0.7328479290008545, 0
u,0.47090670466423035, 0.7328479290008545, 0
u,0.7000489830970764, 0.6978198289871216, 0
u,0.47090670466423035, 0.7328479290008545, 0
u,0.47090670466423035, 0.6978198289871216, 0
u,0.7000489830970764, 0.6978198289871216, 0
u,0.47090670466423035, 0.6958687901496887, 0
u,0.47090670466423035, 0.42961418628692627, 0
u,0.5372512936592102, 0.42961418628692627, 0
u,0.7005336284637451, 0.7328479290008545, 0
u,0.7000489830970764, 0.6978198289871216, 0
u,0.7000489830970764, 0.6958687901496887, 0
u,0.7000489830970764, 0.6958687901496887, 0
u,0.47090670466423035, 0.6958687901496887, 0
u,0.5838807821273804, 0.42961418628692627, 0
u,0.47090670466423035, 0.6958687901496887, 0
u,0.5372512936592102, 0.42961418628692627, 0
u,0.5838807821273804, 0.42961418628692627, 0
u,0.7005336284637451, 0.42961418628692627, 0
u,0.7005336284637451, 0.7328479290008545, 0
u,0.7000489830970764, 0.6958687901496887, 0
u,0.8884910941123962, 0.7328479290008545, 0
u,0.7005336284637451, 0.7328479290008545, 0
u,0.8742055892944336, 0.42961418628692627, 0
u,0.7005336284637451, 0.7328479290008545, 0
u,0.7005336284637451, 0.42961418628692627, 0
u,0.8742055892944336, 0.42961418628692627, 0
u,0.45525360107421875, 0.41732630133628845, 0
u,0.45525360107421875, 0.7330551743507385, 0
u,0.20408989489078522, 0.7330551743507385, 0
u,0.4557521939277649, 0.6958687901496887, 0
u,0.4557521939277649, 0.42961418628692627, 0
u,0.46734678745269775, 0.42961418628692627, 0
u,0.46734678745269775, 0.6958687901496887, 0
u,0.46734678745269775, 0.42961418628692627, 0
u,0.47090670466423035, 0.42961418628692627, 0
u,0.5247476100921631, 0.8840138912200928, 0
u,0.5247476100921631, 0.9186652898788452, 0
u,0.5124828219413757, 0.9186652898788452, 0
u,0.5124828219413757, 0.8840138912200928, 0
u,0.5124828219413757, 0.9186652898788452, 0
u,0.49311700463294983, 0.9186652898788452, 0
u,0.5441073775291443, 0.8840138912200928, 0
u,0.556376576423645, 0.8840138912200928, 0
u,0.556376576423645, 0.9186652898788452, 0
u,0.5247476100921631, 0.8840138912200928, 0
u,0.5441073775291443, 0.8840138912200928, 0
u,0.5441073775291443, 0.9186652898788452, 0
u,0.5918015837669373, 0.9355276823043823, 0
u,0.5918015837669373, 0.9697601795196533, 0
u,0.5737463235855103, 0.9697601795196533, 0
u,0.6498504281044006, 0.9355276823043823, 0
u,0.6498504281044006, 0.9697601795196533, 0
u,0.6298609972000122, 0.9697601795196533, 0
u,0.6117984056472778, 0.9355276823043823, 0
u,0.6298609972000122, 0.9355276823043823, 0
u,0.6298609972000122, 0.9697601795196533, 0
u,0.6117984056472778, 0.9697601795196533, 0
u,0.5918015837669373, 0.9697601795196533, 0
u,0.5918015837669373, 0.9355276823043823, 0
u,0.49311700463294983, 0.9697237014770508, 0
u,0.49311700463294983, 0.9197080135345459, 0
u,0.5129278898239136, 0.9197080135345459, 0
u,0.5731058716773987, 0.9197080135345459, 0
u,0.5731058716773987, 0.9697237014770508, 0
u,0.5533329248428345, 0.9697237014770508, 0
u,0.5533329248428345, 0.9197080135345459, 0
u,0.5533329248428345, 0.9697237014770508, 0
u,0.5129278898239136, 0.9697237014770508, 0
u,0.04879330098628998, 0.8800833821296692, 0
u,0.04879330098628998, 0.7345827221870422, 0
u,0.1323440968990326, 0.7345827221870422, 0
u,0.1323440968990326, 0.7345827221870422, 0
u,0.16455650329589844, 0.7345827221870422, 0
u,0.21893499791622162, 0.8800833821296692, 0
u,0.16455650329589844, 0.7345827221870422, 0
u,0.24089689552783966, 0.7345827221870422, 0
u,0.21893499791622162, 0.8800833821296692, 0
u,0.24089689552783966, 0.7345827221870422, 0
u,0.24089689552783966, 0.8800833821296692, 0
u,0.21893499791622162, 0.8800833821296692, 0
u,0.0, 0.7345827221870422, 0
u,0.04879330098628998, 0.7345827221870422, 0
u,0.04879330098628998, 0.8800833821296692, 0
u,0.2896929979324341, 0.8800833821296692, 0
u,0.2896929979324341, 0.7345827221870422, 0
u,0.30403420329093933, 0.7345827221870422, 0
u,0.30403420329093933, 0.7345827221870422, 0
u,0.48178189992904663, 0.7345827221870422, 0
u,0.31114110350608826, 0.8800833821296692, 0
u,0.48178189992904663, 0.7345827221870422, 0
u,0.48178189992904663, 0.8800833821296692, 0
u,0.31114110350608826, 0.8800833821296692, 0
u,0.2896929979324341, 0.7345827221870422, 0
u,0.2896929979324341, 0.8800833821296692, 0
u,0.24089689552783966, 0.8800833821296692, 0
u,0.6932427883148193, 0.9747334122657776, 0
u,0.6932427883148193, 1.0, 0
u,0.5315725207328796, 1.0, 0
u,0.5315725207328796, 0.9747334122657776, 0
u,0.5315725207328796, 1.0, 0
u,0.49311700463294983, 1.0, 0
u,0.731706976890564, 0.9747334122657776, 0
u,0.8933715224266052, 0.9747334122657776, 0
u,0.8933715224266052, 1.0, 0
u,0.6932427883148193, 0.9747334122657776, 0
u,0.731706976890564, 0.9747334122657776, 0
u,0.731706976890564, 1.0, 0
u,0.24621860682964325, 0.8829568028450012, 0
u,0.24621860682964325, 1.0, 0
u,0.08109509944915771, 1.0, 0
u,0.08109509944915771, 0.8829568028450012, 0
u,0.08109509944915771, 1.0, 0
u,0.0, 1.0, 0
u,0.4099082946777344, 0.935650110244751, 0
u,0.4099082946777344, 0.8829568028450012, 0
u,0.4924393892288208, 0.8829568028450012, 0
u,0.4924393892288208, 0.8829568028450012, 0
u,0.4924393892288208, 1.0, 0
u,0.4099082946777344, 0.935650110244751, 0
u,0.4924393892288208, 1.0, 0
u,0.32731908559799194, 1.0, 0
u,0.4099082946777344, 0.935650110244751, 0
u,0.32731908559799194, 1.0, 0
u,0.32731908559799194, 0.8829568028450012, 0
u,0.36734500527381897, 0.935650110244751, 0
u,0.32731908559799194, 0.8829568028450012, 0
u,0.36734500527381897, 0.8829568028450012, 0
u,0.36734500527381897, 0.935650110244751, 0
