s,86.870849609375, 78.5283203125, -1.3561999797821045
b,90.139404296875, 80.4091796875, 4.4690070152282715
v,90.052001953125, 80.4091796875, 4.4690070152282715
v,90.13916015625, 78.642578125, 4.4689717292785645
v,90.139404296875, 78.642578125, -1.3561122417449951
v,90.05224609375, 80.4091796875, -1.3560774326324463
v,86.87109375, 80.2939453125, -1.3561646938323975
v,90.052001953125, 80.4091796875, -1.3560774326324463
v,90.13916015625, 78.642578125, -1.3561122417449951
v,86.956298828125, 78.5283203125, -1.3561999797821045
v,90.069091796875, 78.70703125, 4.413462162017822
v,89.988525390625, 80.3408203125, 4.41349458694458
v,86.940673828125, 80.2294921875, 4.413410663604736
v,87.019775390625, 78.5966796875, 4.4133782386779785
v,86.956298828125, 78.5283203125, 4.468883991241455
v,90.138916015625, 78.642578125, 4.4689717292785645
v,90.0517578125, 80.4091796875, 4.4690070152282715
v,89.988525390625, 80.3408203125, 4.469003200531006
v,90.069091796875, 78.70703125, 4.468970775604248
v,87.019775390625, 78.5966796875, 4.468886852264404
v,86.940673828125, 80.2294921875, 4.468919277191162
v,86.870849609375, 80.2939453125, 4.468919277191162
v,86.940673828125, 80.2294921875, 4.468919277191162
v,89.988525390625, 80.3408203125, 4.469003200531006
v,90.0517578125, 80.4091796875, 4.4690070152282715
v,86.870849609375, 80.2939453125, 4.468919277191162
v,87.019775390625, 78.5966796875, 4.468886852264404
v,90.069091796875, 78.70703125, 4.468970775604248
v,90.069091796875, 78.70703125, 4.413462162017822
v,87.019775390625, 78.5966796875, 4.4133782386779785
v,86.940673828125, 80.2294921875, 4.468919277191162
v,87.019775390625, 78.5966796875, 4.468886852264404
v,87.019775390625, 78.5966796875, 4.4133782386779785
v,86.940673828125, 80.2294921875, 4.413410663604736
v,89.988525390625, 80.3408203125, 4.469003200531006
v,86.940673828125, 80.2294921875, 4.468919277191162
v,86.940673828125, 80.2294921875, 4.413410663604736
v,89.988525390625, 80.3408203125, 4.41349458694458
v,90.069091796875, 78.70703125, 4.468970775604248
v,89.988525390625, 80.3408203125, 4.469003200531006
v,89.988525390625, 80.3408203125, 4.41349458694458
v,90.069091796875, 78.70703125, 4.413462162017822
v,86.956298828125, 78.5283203125, 4.468883991241455
v,86.870849609375, 80.2939453125, 4.468919277191162
v,86.87109375, 80.2939453125, -1.3561646938323975
v,86.956298828125, 78.5283203125, -1.3561999797821045
v,86.870849609375, 80.2939453125, 4.468919277191162
v,90.0517578125, 80.4091796875, 4.4690070152282715
v,90.052001953125, 80.4091796875, -1.3560774326324463
v,86.87109375, 80.2939453125, -1.3561646938323975
v,90.138916015625, 78.642578125, 4.4689717292785645
v,86.956298828125, 78.5283203125, 4.468883991241455
v,86.956298828125, 78.5283203125, -1.3561999797821045
v,90.13916015625, 78.642578125, -1.3561122417449951
i,1,3,0
i,5,7,4
i,9,11,8
i,17,18,12
i,20,22,23
i,24,26,27
i,29,31,28
i,33,35,32
i,36,38,39
i,40,42,43
i,45,47,44
i,49,51,48
i,1,2,3
i,5,6,7
i,9,10,11
i,13,14,16
i,14,15,16
i,18,19,12
i,13,16,12
i,16,17,12
i,20,21,22
i,24,25,26
i,29,30,31
i,33,34,35
i,36,37,38
i,40,41,42
i,45,46,47
i,49,50,51
n,4.498326301574707, 0.22193509340286255, 0.00016744411550462246
n,0.00012006127508357167, 9.54435090534389e-05, -4.50379753112793
n,-0.00012042218440910801, -9.465625043958426e-05, 4.50379753112793
n,-0.00013774145918432623, -9.541560575598851e-05, 4.50379753112793
n,-0.0001188344758702442, -0.0001292726374231279, 4.50379753112793
n,-0.16257379949092865, 4.500862121582031, 0.0
n,4.498547077178955, 0.217401921749115, 0.0
n,0.16394536197185516, -4.500812530517578, 0.0
n,-4.498320579528809, -0.22205084562301636, 0.0
n,-4.498562812805176, -0.2170843631029129, 0.0
n,-0.1632205992937088, 4.500838756561279, -6.075666533433832e-06
n,0.16190680861473083, -4.5008864402771, 6.026763003319502e-06
n,4.498326301574707, 0.22193510830402374, 0.00016744411550462246
n,0.00012064762267982587, 9.447860793443397e-05, -4.50379753112793
n,-0.00012046653137076646, -9.458075510337949e-05, 4.50379753112793
n,-0.00014247643412090838, -9.555558062857017e-05, 4.50379753112793
n,-0.0001376432628603652, -9.550633694743738e-05, 4.50379753112793
n,-8.728571992833167e-05, -9.495270205661654e-05, 4.50379753112793
n,-0.0001220170161104761, -7.32990592950955e-05, 4.50379753112793
n,-0.00011979577539023012, -0.00011199832079000771, 4.50379753112793
n,-0.00011983335571130738, -0.00011196359992027283, 4.50379753112793
n,-0.16257379949092865, 4.500862121582031, 0.0
n,4.498547077178955, 0.217401921749115, 0.0
n,0.16394536197185516, -4.500812530517578, 0.0
n,-4.498320579528809, -0.22205084562301636, 0.0
n,-4.498536109924316, -0.21763545274734497, -0.0001674519298831001
n,-0.1632205992937088, 4.500838756561279, -6.075666533433832e-06
n,0.16189579665660858, -4.500886917114258, 0.0
u,0.41714438796043396, 0.9981182813644409, 0
u,0.5661264061927795, 0.021604999899864197, 0
u,0.5661264061927795, 0.9981182813644409, 0
u,0.0, 0.0, 0
u,0.0, 0.0, 0
u,0.0, 0.0, 0
u,0.991601288318634, 0.4371548891067505, 0
u,0.8433133959770203, 0.9842615723609924, 0
u,0.8432515859603882, 0.43327268958091736, 0
u,0.8433133959770203, 0.9842615723609924, 0
u,0.991601288318634, 0.9878280162811279, 0
u,0.8372737765312195, 0.9961429834365845, 0
u,0.991601288318634, 0.9878280162811279, 0
u,0.9976422190666199, 0.425286203622818, 0
u,0.9976422190666199, 1.0, 0
u,0.6524268984794617, 0.015432099811732769, 0
u,0.39510661363601685, 0.006115000229328871, 0
u,0.6524268984794617, 0.006115000229328871, 0
u,0.6524268984794617, 0.015432099811732769, 0
u,0.7903013229370117, 0.006115000229328871, 0
u,0.7903013229370117, 0.015432099811732769, 0
u,0.0, 0.015432099811732769, 0
u,0.2571727931499481, 0.006115000229328871, 0
u,0.2571727931499481, 0.015432099811732769, 0
u,0.39510661363601685, 0.015432099811732769, 0
u,0.2571727931499481, 0.006115000229328871, 0
u,0.39510661363601685, 0.006115000229328871, 0
u,0.14892010390758514, 0.9981182813644409, 0
u,0.0, 0.021604999899864197, 0
u,0.14892010390758514, 0.021604999899864197, 0
u,0.5661264061927795, 0.9981182813644409, 0
u,0.8341912031173706, 0.021604999899864197, 0
u,0.8341912031173706, 0.9981182813644409, 0
u,0.14892010390758514, 0.9981182813644409, 0
u,0.41714438796043396, 0.021604999899864197, 0
u,0.41714438796043396, 0.9981182813644409, 0
u,0.41714438796043396, 0.9981182813644409, 0
u,0.41714438796043396, 0.021604999899864197, 0
u,0.5661264061927795, 0.021604999899864197, 0
u,0.0, 0.0, 0
u,0.0, 0.0, 0
u,0.0, 0.0, 0
u,0.991601288318634, 0.4371548891067505, 0
u,0.991601288318634, 0.9878280162811279, 0
u,0.8433133959770203, 0.9842615723609924, 0
u,0.8372092843055725, 0.42108771204948425, 0
u,0.9976422190666199, 0.425286203622818, 0
u,0.8432515859603882, 0.43327268958091736, 0
u,0.9976422190666199, 0.425286203622818, 0
u,0.991601288318634, 0.4371548891067505, 0
u,0.8432515859603882, 0.43327268958091736, 0
u,0.991601288318634, 0.9878280162811279, 0
u,0.9976422190666199, 1.0, 0
u,0.8372737765312195, 0.9961429834365845, 0
u,0.8372092843055725, 0.42108771204948425, 0
u,0.8432515859603882, 0.43327268958091736, 0
u,0.8372737765312195, 0.9961429834365845, 0
u,0.8432515859603882, 0.43327268958091736, 0
u,0.8433133959770203, 0.9842615723609924, 0
u,0.8372737765312195, 0.9961429834365845, 0
u,0.991601288318634, 0.9878280162811279, 0
u,0.991601288318634, 0.4371548891067505, 0
u,0.9976422190666199, 0.425286203622818, 0
u,0.6524268984794617, 0.015432099811732769, 0
u,0.39510661363601685, 0.015432099811732769, 0
u,0.39510661363601685, 0.006115000229328871, 0
u,0.6524268984794617, 0.015432099811732769, 0
u,0.6524268984794617, 0.006115000229328871, 0
u,0.7903013229370117, 0.006115000229328871, 0
u,0.0, 0.015432099811732769, 0
u,0.0, 0.006115000229328871, 0
u,0.2571727931499481, 0.006115000229328871, 0
u,0.39510661363601685, 0.015432099811732769, 0
u,0.2571727931499481, 0.015432099811732769, 0
u,0.2571727931499481, 0.006115000229328871, 0
u,0.14892010390758514, 0.9981182813644409, 0
u,0.0, 0.9981182813644409, 0
u,0.0, 0.021604999899864197, 0
u,0.5661264061927795, 0.9981182813644409, 0
u,0.5661264061927795, 0.021604999899864197, 0
u,0.8341912031173706, 0.021604999899864197, 0
u,0.14892010390758514, 0.9981182813644409, 0
u,0.14892010390758514, 0.021604999899864197, 0
u,0.41714438796043396, 0.021604999899864197, 0
