s,138.177490234375, 86.138671875, -0.4922184944152832
b,140.061279296875, 89.1865234375, 2.942749500274658
v,138.177978515625, 88.8623046875, -0.4922008514404297
v,139.060791015625, 86.138671875, -0.4922184944152832
v,139.060546875, 86.138671875, 1.9198765754699707
v,138.8310546875, 86.8466796875, 2.8970189094543457
v,138.8310546875, 86.8466796875, 2.942664623260498
v,138.177734375, 88.8623046875, 2.9426779747009277
v,140.061279296875, 86.4638671875, -0.49214744567871094
v,139.060546875, 86.138671875, -0.4922184944152832
v,138.177734375, 88.8623046875, -0.4922008514404297
v,139.177734375, 89.1865234375, -0.4921298027038574
v,139.83154296875, 87.171875, 2.8984408378601074
v,138.830810546875, 86.8466796875, 2.8970189094543457
v,139.060302734375, 86.138671875, 1.9198765754699707
v,140.06103515625, 86.462890625, 1.9214653968811035
v,139.83154296875, 87.171875, 2.9427361488342285
v,139.177490234375, 89.1865234375, 2.942749500274658
v,138.177490234375, 88.8623046875, 2.9426779747009277
v,138.830810546875, 86.8466796875, 2.942664623260498
v,140.06103515625, 86.462890625, 1.9214653968811035
v,139.060302734375, 86.138671875, 1.9198765754699707
v,139.060546875, 86.138671875, -0.4922184944152832
v,140.061279296875, 86.4638671875, -0.49214744567871094
v,139.83154296875, 87.171875, 2.8984408378601074
v,140.06103515625, 86.462890625, 1.9214653968811035
v,140.061279296875, 86.4638671875, -0.49214744567871094
v,139.177734375, 89.1865234375, -0.4921298027038574
v,139.177490234375, 89.1865234375, 2.942749500274658
v,139.83154296875, 87.171875, 2.9427361488342285
v,138.177490234375, 88.8623046875, 2.9426779747009277
v,139.177490234375, 89.1865234375, 2.942749500274658
v,139.177734375, 89.1865234375, -0.4921298027038574
v,138.177734375, 88.8623046875, -0.4922008514404297
v,138.830810546875, 86.8466796875, 2.8970189094543457
v,139.83154296875, 87.171875, 2.8984408378601074
v,139.83154296875, 87.171875, 2.9427361488342285
v,138.830810546875, 86.8466796875, 2.942664623260498
i,3,4,5
i,6,8,9
i,11,13,10
i,14,16,17
i,19,21,18
i,26,27,22
i,28,30,31
i,33,35,32
i,5,0,2
i,0,1,2
i,5,2,3
i,6,7,8
i,11,12,13
i,14,15,16
i,19,20,21
i,22,23,26
i,23,24,25
i,25,26,23
i,28,29,30
i,33,34,35
n,-4.284374713897705, -1.388642430305481, 0.0
n,0.00028127196128480136, 0.00012071005039615557, -4.50379753112793
n,1.1035815477371216, -3.407285213470459, 2.7306971549987793
n,-0.0002807955606840551, -0.00012129134847782552, 4.50379753112793
n,1.388809084892273, -4.28432035446167, -0.001414789934642613
n,4.283792972564697, 1.390434741973877, 0.0
n,-1.3896243572235107, 4.284056186676025, -8.772173168836161e-05
n,1.392166018486023, -4.283230781555176, 0.0
n,-4.284296035766602, -1.3888837099075317, -0.0002704513899516314
n,-4.284266948699951, -1.3889756202697754, -0.0003851263609249145
n,-4.284380912780762, -1.3886209726333618, -0.0010431030532345176
n,0.0002810429723467678, 0.00012053018872393295, -4.50379753112793
n,1.1010172367095947, -3.409885883331299, 2.728485345840454
n,-0.00028101407224312425, -0.00012150514521636069, 4.50379753112793
n,1.392166018486023, -4.283230781555176, 0.00012514622358139604
n,4.283782005310059, 1.3904677629470825, -0.001669877558015287
n,4.283836841583252, 1.390302300453186, 0.0008844458498060703
n,4.283996105194092, 1.3898097276687622, 0.0002704324433580041
n,-1.3896243572235107, 4.284056186676025, -8.7721724412404e-05
n,1.3921661376953125, -4.283230781555176, 0.0
u,0.6663913130760193, 0.9818363785743713, 0
u,0.6663913130760193, 0.994988203048706, 0
u,0.4323888123035431, 0.994988203048706, 0
u,0.0, 0.0, 0
u,0.0, 0.0, 0
u,0.0, 0.0, 0
u,0.924156129360199, 0.3279995024204254, 0
u,0.7871500253677368, 0.021636400371789932, 0
u,0.9242641925811768, 0.021636400371789932, 0
u,0.9122800827026367, 0.33333340287208557, 0
u,0.7870264053344727, 0.9912822246551514, 0
u,0.7870181798934937, 0.33333340287208557, 0
u,0.9148073196411133, 0.9840173125267029, 0
u,0.9997298717498779, 0.4761905074119568, 0
u,0.9997298717498779, 0.9843369722366333, 0
u,0.3162280023097992, 0.994988203048706, 0
u,0.08221139758825302, 0.994988203048706, 0
u,0.08221139758825302, 0.9822252988815308, 0
u,0.4323888123035431, 0.994988203048706, 0
u,0.3162280023097992, 0.005291000008583069, 0
u,0.4323888123035431, 0.005291000008583069, 0
u,0.7825983166694641, 0.9822252988815308, 0
u,0.6663913130760193, 0.994988203048706, 0
u,0.6663913130760193, 0.9818363785743713, 0
u,0.4323888123035431, 0.994988203048706, 0
u,0.4323888123035431, 0.005291000008583069, 0
u,0.7486168146133423, 0.7002918124198914, 0
u,0.4323888123035431, 0.005291000008583069, 0
u,0.7486168146133423, 0.005291000008583069, 0
u,0.7486168146133423, 0.7002918124198914, 0
u,0.4323888123035431, 0.994988203048706, 0
u,0.7486168146133423, 0.7002918124198914, 0
u,0.6663913130760193, 0.9818363785743713, 0
u,0.0, 0.0, 0
u,0.0, 0.0, 0
u,0.0, 0.0, 0
u,0.924156129360199, 0.3279995024204254, 0
u,0.7870181798934937, 0.32804229855537415, 0
u,0.7871500253677368, 0.021636400371789932, 0
u,0.9122800827026367, 0.33333340287208557, 0
u,0.9122384786605835, 0.9913219213485718, 0
u,0.7870264053344727, 0.9912822246551514, 0
u,0.9148073196411133, 0.9840173125267029, 0
u,0.9148073196411133, 0.4761905074119568, 0
u,0.9997298717498779, 0.4761905074119568, 0
u,0.08221139758825302, 0.9822252988815308, 0
u,0.0, 0.7007293105125427, 0
u,0.3162280023097992, 0.994988203048706, 0
u,0.0, 0.7007293105125427, 0
u,0.0, 0.005291000008583069, 0
u,0.3162280023097992, 0.005291000008583069, 0
u,0.3162280023097992, 0.005291000008583069, 0
u,0.3162280023097992, 0.994988203048706, 0
u,0.0, 0.7007293105125427, 0
u,0.4323888123035431, 0.994988203048706, 0
u,0.3162280023097992, 0.994988203048706, 0
u,0.3162280023097992, 0.005291000008583069, 0
u,0.7825983166694641, 0.9822252988815308, 0
u,0.7825983166694641, 0.994988203048706, 0
u,0.6663913130760193, 0.994988203048706, 0
