s,182.427001953125, 54.3154296875, 0.05191516876220703
b,184.58544921875, 56.5068359375, 7.995412826538086
v,183.604736328125, 56.5068359375, 7.99532413482666
v,184.5849609375, 55.1962890625, 7.995412826538086
v,184.58544921875, 55.1962890625, 0.05211591720581055
v,183.605712890625, 56.5068359375, 0.052028656005859375
v,183.40771484375, 54.3154296875, 0.0520014762878418
v,182.427734375, 55.626953125, 0.05191516876220703
v,183.60546875, 56.5068359375, 0.052028656005859375
v,184.58544921875, 55.1962890625, 0.05211591720581055
v,183.604736328125, 56.5068359375, 7.99532413482666
v,182.427001953125, 55.626953125, 7.995210647583008
v,183.406982421875, 54.3154296875, 7.995297431945801
v,184.584716796875, 55.1962890625, 7.995412826538086
v,184.584716796875, 55.1962890625, 7.995412826538086
v,183.406982421875, 54.3154296875, 7.995297431945801
v,183.40771484375, 54.3154296875, 0.0520014762878418
v,184.58544921875, 55.1962890625, 0.05211591720581055
v,183.406982421875, 54.3154296875, 7.995297431945801
v,182.427001953125, 55.626953125, 7.995210647583008
v,182.427734375, 55.626953125, 0.05191516876220703
v,183.40771484375, 54.3154296875, 0.0520014762878418
v,182.427001953125, 55.626953125, 7.995210647583008
v,183.604736328125, 56.5068359375, 7.99532413482666
v,183.60546875, 56.5068359375, 0.052028656005859375
v,182.427734375, 55.626953125, 0.05191516876220703
i,1,3,0
i,5,7,4
i,9,11,8
i,13,15,12
i,16,18,19
i,21,23,20
i,1,2,3
i,5,6,7
i,9,10,11
i,13,14,15
i,16,17,18
i,21,22,23
n,3.6067581176757812, 2.6973109245300293, 0.00039381967508234084
n,0.00042285784729756415, 1.9318053091410547e-05, -4.50379753112793
n,-0.00042357450001873076, -1.4045170246390626e-05, 4.50379753112793
n,2.6983463764190674, -3.6059839725494385, 0.0002209730737376958
n,-3.6076138019561768, -2.696166515350342, -0.00029543484561145306
n,-2.6966426372528076, 3.607257843017578, -0.00022083356452640146
n,3.6070444583892822, 2.6969282627105713, 0.0002953881921712309
n,0.00042216244037263095, 1.583011180628091e-05, -4.50379753112793
n,-0.00042493536602705717, -2.0870698790531605e-05, 4.50379753112793
n,2.6983463764190674, -3.6059839725494385, 0.00022097308828961104
n,-3.6076138019561768, -2.6961662769317627, -0.00029543484561145306
n,-2.696324110031128, 3.6074960231781006, -0.0002944100124295801
u,0.7809172868728638, 0.7631112933158875, 0
u,0.0, 0.50108802318573, 0
u,0.7809172868728638, 0.50108802318573, 0
u,0.0, 0.0, 0
u,0.0, 0.0, 0
u,0.0, 0.0, 0
u,0.9991710186004639, 0.9964284896850586, 0
u,0.7873132228851318, 0.6863728165626526, 0
u,0.9991605877876282, 0.6864222884178162, 0
u,0.7809172868728638, 0.9985889792442322, 0
u,0.0, 0.7631112933158875, 0
u,0.7809172868728638, 0.7631112933158875, 0
u,0.7809172868728638, 0.0035715000703930855, 0
u,0.0, 0.2656477987766266, 0
u,0.0, 0.0035715000703930855, 0
u,0.7809172868728638, 0.50108802318573, 0
u,0.0, 0.2656477987766266, 0
u,0.7809172868728638, 0.2656477987766266, 0
u,0.7809172868728638, 0.7631112933158875, 0
u,0.0, 0.7631112933158875, 0
u,0.0, 0.50108802318573, 0
u,0.0, 0.0, 0
u,0.0, 0.0, 0
u,0.0, 0.0, 0
u,0.9991710186004639, 0.9964284896850586, 0
u,0.7872806787490845, 0.9964284896850586, 0
u,0.7873132228851318, 0.6863728165626526, 0
u,0.7809172868728638, 0.9985889792442322, 0
u,0.0, 0.9985889792442322, 0
u,0.0, 0.7631112933158875, 0
u,0.7809172868728638, 0.0035715000703930855, 0
u,0.7809172868728638, 0.2656477987766266, 0
u,0.0, 0.2656477987766266, 0
u,0.7809172868728638, 0.50108802318573, 0
u,0.0, 0.50108802318573, 0
u,0.0, 0.2656477987766266, 0
