s,186.396240234375, 93.380859375, -0.25269412994384766
b,190.0048828125, 97.3017578125, 6.827488899230957
v,188.61474609375, 94.6796875, 6.827488899230957
v,188.61474609375, 94.6796875, 6.486664772033691
v,187.228271484375, 96.5400390625, 6.486590385437012
v,187.228271484375, 96.5400390625, 6.827414512634277
v,190.0048828125, 94.06640625, -0.25241994857788086
v,189.09228515625, 93.380859375, -0.252530574798584
v,188.296875, 94.439453125, -0.2525753974914551
v,188.076904296875, 94.2734375, -0.25260210037231445
v,186.8837890625, 95.8671875, -0.2526664733886719
v,186.8408203125, 95.8349609375, -0.2526712417602539
v,186.39697265625, 96.419921875, -0.25269412994384766
v,187.568603515625, 97.3017578125, -0.25255250930786133
v,186.696044921875, 96.134765625, 6.4865264892578125
v,187.22802734375, 96.5400390625, 6.486590385437012
v,188.614501953125, 94.6796875, 6.486664772033691
v,188.349365234375, 94.4794921875, 6.48663330078125
v,189.10498046875, 93.474609375, 6.4866743087768555
v,189.910888671875, 94.0791015625, 6.486772537231445
v,187.5546875, 97.2080078125, 6.486644744873047
v,186.48974609375, 96.4072265625, 6.486515045166016
v,190.004150390625, 94.06640625, 6.542289733886719
v,187.56787109375, 97.30078125, 6.542158126831055
v,186.396240234375, 96.419921875, 6.542015075683594
v,186.840087890625, 95.8349609375, 6.542038917541504
v,186.883056640625, 95.8671875, 6.542044639587402
v,186.68701171875, 96.1279296875, 6.542034149169922
v,186.696044921875, 96.134765625, 6.542035102844238
v,186.48974609375, 96.4072265625, 6.542023658752441
v,187.5546875, 97.2080078125, 6.542153358459473
v,189.910888671875, 94.0791015625, 6.542281150817871
v,189.10498046875, 93.474609375, 6.542182922363281
v,188.349365234375, 94.4794921875, 6.542141914367676
v,188.296142578125, 94.439453125, 6.542135238647461
v,189.091796875, 93.380859375, 6.542180061340332
v,187.22802734375, 96.5400390625, 6.827414512634277
v,186.68701171875, 96.1279296875, 6.827347755432129
v,188.076416015625, 94.2734375, 6.827422142028809
v,188.614501953125, 94.6796875, 6.827488899230957
v,187.5546875, 97.2080078125, 6.542153358459473
v,186.48974609375, 96.4072265625, 6.542023658752441
v,186.48974609375, 96.4072265625, 6.486515045166016
v,187.5546875, 97.2080078125, 6.486644744873047
v,189.910888671875, 94.0791015625, 6.542281150817871
v,187.5546875, 97.2080078125, 6.542153358459473
v,187.5546875, 97.2080078125, 6.486644744873047
v,189.910888671875, 94.0791015625, 6.486772537231445
v,189.10498046875, 93.474609375, 6.542182922363281
v,189.910888671875, 94.0791015625, 6.542281150817871
v,189.910888671875, 94.0791015625, 6.486772537231445
v,189.10498046875, 93.474609375, 6.4866743087768555
v,188.349365234375, 94.4794921875, 6.48663330078125
v,188.349365234375, 94.4794921875, 6.542141914367676
v,189.10498046875, 93.474609375, 6.542182922363281
v,189.10498046875, 93.474609375, 6.4866743087768555
v,186.696044921875, 96.134765625, 6.542035102844238
v,186.696044921875, 96.134765625, 6.4865264892578125
v,186.48974609375, 96.4072265625, 6.486515045166016
v,186.48974609375, 96.4072265625, 6.542023658752441
v,187.56787109375, 97.30078125, 6.542158126831055
v,190.004150390625, 94.06640625, 6.542289733886719
v,190.0048828125, 94.06640625, -0.25241994857788086
v,187.568603515625, 97.3017578125, -0.25255250930786133
v,190.004150390625, 94.06640625, 6.542289733886719
v,189.091796875, 93.380859375, 6.542180061340332
v,189.09228515625, 93.380859375, -0.252530574798584
v,190.0048828125, 94.06640625, -0.25241994857788086
v,188.296142578125, 94.439453125, 6.542135238647461
v,188.296875, 94.439453125, -0.2525753974914551
v,189.09228515625, 93.380859375, -0.252530574798584
v,189.091796875, 93.380859375, 6.542180061340332
v,186.396240234375, 96.419921875, 6.542015075683594
v,187.56787109375, 97.30078125, 6.542158126831055
v,187.568603515625, 97.3017578125, -0.25255250930786133
v,186.39697265625, 96.419921875, -0.25269412994384766
v,186.8837890625, 95.8671875, -0.2526664733886719
v,186.883056640625, 95.8671875, 6.542044639587402
v,186.840087890625, 95.8349609375, 6.542038917541504
v,186.8408203125, 95.8349609375, -0.2526712417602539
v,186.8408203125, 95.8349609375, -0.2526712417602539
v,186.840087890625, 95.8349609375, 6.542038917541504
v,186.396240234375, 96.419921875, 6.542015075683594
v,186.39697265625, 96.419921875, -0.25269412994384766
v,188.614501953125, 94.6796875, 6.827488899230957
v,188.076416015625, 94.2734375, 6.827422142028809
v,188.076904296875, 94.2734375, -0.25260210037231445
v,188.296875, 94.439453125, -0.2525753974914551
v,188.296142578125, 94.439453125, 6.542135238647461
v,188.349365234375, 94.4794921875, 6.542141914367676
v,188.349365234375, 94.4794921875, 6.48663330078125
v,188.614501953125, 94.6796875, 6.486664772033691
v,186.68701171875, 96.1279296875, 6.542034149169922
v,186.883056640625, 95.8671875, 6.542044639587402
v,186.8837890625, 95.8671875, -0.2526664733886719
v,188.076904296875, 94.2734375, -0.25260210037231445
v,188.076416015625, 94.2734375, 6.827422142028809
v,186.68701171875, 96.1279296875, 6.827347755432129
v,187.22802734375, 96.5400390625, 6.486590385437012
v,186.696044921875, 96.134765625, 6.4865264892578125
v,186.696044921875, 96.134765625, 6.542035102844238
v,186.68701171875, 96.1279296875, 6.542034149169922
v,186.68701171875, 96.1279296875, 6.827347755432129
v,187.22802734375, 96.5400390625, 6.827414512634277
i,1,3,0
i,11,6,8
i,14,17,18
i,29,20,21
i,35,37,34
i,39,41,38
i,43,45,42
i,46,48,49
i,51,53,50
i,55,57,54
i,58,60,61
i,63,65,62
i,66,68,69
i,71,73,70
i,75,77,74
i,79,81,78
i,83,86,87
i,91,93,94
i,98,100,101
i,1,2,3
i,11,4,6
i,4,5,6
i,6,7,8
i,9,10,8
i,10,11,8
i,19,12,13
i,14,15,16
i,18,19,13
i,14,16,17
i,18,13,14
i,22,23,25
i,23,24,25
i,25,26,27
i,31,32,30
i,32,33,30
i,22,25,27
i,22,27,21
i,27,28,21
i,30,33,29
i,33,20,29
i,28,29,21
i,35,36,37
i,39,40,41
i,43,44,45
i,46,47,48
i,51,52,53
i,55,56,57
i,58,59,60
i,63,64,65
i,66,67,68
i,71,72,73
i,75,76,77
i,79,80,81
i,89,82,87
i,82,83,87
i,83,84,86
i,84,85,86
i,87,88,89
i,95,90,91
i,91,92,93
i,94,95,91
i,101,96,98
i,96,97,98
i,98,99,100
n,3.6113040447235107, 2.6912214756011963, 0.0
n,0.0004377454170025885, 0.00014737853780388832, -4.50379753112793
n,-0.0004428798274602741, -0.00014944815484341234, 4.50379753112793
n,-0.0004285044560674578, -0.00013878884783480316, 4.50379753112793
n,-0.00043853820534422994, -0.00014636744162999094, 4.50379753112793
n,2.7063817977905273, -3.599956750869751, 0.0
n,-3.5975253582000732, -2.709613561630249, 0.0
n,-2.7024338245391846, 3.602921724319458, 0.0
n,3.5989315509796143, 2.707745313644409, 0.0
n,3.5906503200531006, 2.718717098236084, 0.0
n,3.5977067947387695, 2.709372043609619, 0.0006903315079398453
n,2.7044689655303955, -3.6013941764831543, 0.0002589127980172634
n,-3.599848985671997, -2.7065258026123047, -0.000344632106134668
n,-2.705582618713379, 3.600557565689087, -0.0002590194344520569
n,2.6964447498321533, -3.6074059009552, 0.00025814457330852747
n,-3.5889525413513184, -2.7209579944610596, -0.0003435889957472682
n,2.704627513885498, -3.601269006729126, -0.006747174542397261
n,-3.6048927307128906, -2.6998040676116943, -0.0003312074113637209
n,-2.728630304336548, 3.5831222534179688, 0.0021173404529690742
n,3.61130428314209, 2.6912214756011963, 0.0
n,0.0004434549482539296, 0.00014883144467603415, -4.50379753112793
n,0.000441758573288098, 0.00014106255548540503, -4.50379753112793
n,0.00043148105032742023, 0.00014117792306933552, -4.50379753112793
n,0.00042421926627866924, 0.00014569147606380284, -4.50379753112793
n,0.0004302202432882041, 0.0001509705325588584, -4.50379753112793
n,-0.00043356954120099545, -0.0001461912179365754, 4.50379753112793
n,-0.0004381708276923746, -0.00014356010069604963, 4.50379753112793
n,-0.0004321156593505293, -0.00015428026381414384, 4.50379753112793
n,-0.0004406144726090133, -0.00014455495693255216, 4.50379753112793
n,-0.0004424050566740334, -0.00014924912829883397, 4.50379753112793
n,-0.0004423240025062114, -0.00015290161536540836, 4.50379753112793
n,-0.00042542567825876176, -0.00014407749404199421, 4.50379753112793
n,-0.00035903998650610447, -8.975999662652612e-05, 4.50379753112793
n,-0.00045636616414412856, -0.00015724980039522052, 4.50379753112793
n,-0.00039636041037738323, -0.00010693021613406017, 4.50379753112793
n,-0.0004274094244465232, -0.00013806448259856552, 4.50379753112793
n,-0.0004298910207580775, -0.00015589063696097583, 4.50379753112793
n,-0.0004408232925925404, -0.00014269760868046433, 4.50379753112793
n,-0.0004774208937305957, -9.548417438054457e-05, 4.50379753112793
n,-0.00043019375880248845, -0.00015089537191670388, 4.50379753112793
n,-0.0004350148083176464, -0.00014352485595736653, 4.50379753112793
n,-0.0004405086219776422, -0.0001489895221311599, 4.50379753112793
n,2.7063817977905273, -3.599956750869751, 0.0
n,-3.5975253582000732, -2.709613561630249, 0.0
n,-2.7024338245391846, 3.602921724319458, 0.0
n,3.5989315509796143, 2.707745313644409, 0.0
n,3.5906503200531006, 2.718717098236084, 0.0
n,3.597357749938965, 2.7098357677459717, 0.00034439368755556643
n,2.7044689655303955, -3.6013941764831543, 0.00025891276891343296
n,-3.599848985671997, -2.7065258026123047, -0.000344632106134668
n,-2.7072854042053223, 3.5992774963378906, 0.00020025412959512323
n,2.6964447498321533, -3.6074059009552, 0.00025814457330852747
n,-3.5889525413513184, -2.7209577560424805, -0.0003435889957472682
n,2.7149550914764404, -3.5934958457946777, 0.0
n,2.7120022773742676, -3.59572172164917, 0.004307057708501816
n,2.7104241847991943, -3.596914052963257, 0.0002490261394996196
n,2.7102181911468506, -3.59706974029541, 0.00025946315145120025
n,2.7149550914764404, -3.5934956073760986, 0.0
n,-3.6016016006469727, -2.704192638397217, 0.0
n,-3.6049208641052246, -2.699765920639038, -0.00034511767444200814
n,-3.6044509410858154, -2.700388193130493, -0.005438847467303276
n,-2.7279114723205566, 3.583669900894165, 0.0
n,-2.727911949157715, 3.583669900894165, 0.0
n,-2.7710554599761963, 3.550414800643921, 0.0
u,0.8552908897399902, 0.9875956773757935, 0
u,0.8740593791007996, 0.6473432183265686, 0
u,0.8740593791007996, 0.9875956773757935, 0
u,0.0, 0.0, 0
u,0.0, 0.0, 0
u,0.0, 0.0, 0
u,0.952049970626831, 0.5389310121536255, 0
u,0.9938358068466187, 0.33122938871383667, 0
u,0.9938358068466187, 0.9772611856460571, 0
u,0.9938358068466187, 0.33122938871383667, 0
u,0.9979615807533264, 0.32022470235824585, 0
u,0.9979615807533264, 0.9882376194000244, 0
u,0.9106770753860474, 0.9211174845695496, 0
u,0.952049970626831, 0.5389310121536255, 0
u,0.9527720212936401, 0.9216368794441223, 0
u,0.9039633870124817, 0.9917424917221069, 0
u,0.8295332789421082, 1.0, 0
u,0.8295332789421082, 0.9917424917221069, 0
u,0.8295332789421082, 0.9917424917221069, 0
u,0.6107280850410461, 1.0, 0
u,0.6107280850410461, 0.9917424917221069, 0
u,0.5544258952140808, 0.9917424917221069, 0
u,0.6107280850410461, 1.0, 0
u,0.5544258952140808, 1.0, 0
u,0.48417720198631287, 0.9917424917221069, 0
u,0.5544258952140808, 1.0, 0
u,0.48417720198631287, 1.0, 0
u,0.9230461716651917, 1.0, 0
u,0.9039633870124817, 0.9917424917221069, 0
u,0.9230461716651917, 0.9917424917221069, 0
u,0.12415669858455658, 0.0028089999686926603, 0
u,0.347214013338089, 0.9993314743041992, 0
u,0.12415669858455658, 0.9993314743041992, 0
u,0.4100619852542877, 0.0028089999686926603, 0
u,0.347214013338089, 0.9993314743041992, 0
u,0.347214013338089, 0.0028089999686926603, 0
u,0.48298078775405884, 0.0028089999686926603, 0
u,0.4100619852542877, 0.9993314743041992, 0
u,0.4100619852542877, 0.0028089999686926603, 0
u,0.12415669858455658, 0.0028089999686926603, 0
u,0.04342919960618019, 0.9993314743041992, 0
u,0.04342919960618019, 0.0028089999686926603, 0
u,0.0, 0.0028089999686926603, 0
u,0.002951999893411994, 0.9993314743041992, 0
u,0.0, 0.9993314743041992, 0
u,0.002951999893411994, 0.0028089999686926603, 0
u,0.04342919960618019, 0.9993314743041992, 0
u,0.002951999893411994, 0.9993314743041992, 0
u,0.8765823245048523, 0.9846997857093811, 0
u,0.8887081146240234, 0.9512438178062439, 0
u,0.8916413187980652, 0.9512438178062439, 0
u,0.8583477139472961, 0.4997732937335968, 0
u,0.48417720198631287, 0.20786519348621368, 0
u,0.8740593791007996, 0.20786519348621368, 0
u,0.8583477139472961, 0.5493255257606506, 0
u,0.8740593791007996, 0.547682523727417, 0
u,0.8740593791007996, 0.6473432183265686, 0
u,0.8552908897399902, 0.9875956773757935, 0
u,0.8552908897399902, 0.6473432183265686, 0
u,0.8740593791007996, 0.6473432183265686, 0
u,0.0, 0.0, 0
u,0.0, 0.0, 0
u,0.0, 0.0, 0
u,0.0, 0.0, 0
u,0.0, 0.0, 0
u,0.0, 0.0, 0
u,0.0, 0.0, 0
u,0.0, 0.0, 0
u,0.0, 0.0, 0
u,0.0, 0.0, 0
u,0.0, 0.0, 0
u,0.0, 0.0, 0
u,0.0, 0.0, 0
u,0.0, 0.0, 0
u,0.0, 0.0, 0
u,0.911310613155365, 0.9774683713912964, 0
u,0.911371111869812, 0.9211260080337524, 0
u,0.9527720212936401, 0.9216368794441223, 0
u,0.952049970626831, 0.5389310121536255, 0
u,0.9314752817153931, 0.5389145016670227, 0
u,0.9314101934432983, 0.3315022885799408, 0
u,0.9938358068466187, 0.9772611856460571, 0
u,0.911310613155365, 0.9774683713912964, 0
u,0.9527720212936401, 0.9216368794441223, 0
u,0.952049970626831, 0.5389310121536255, 0
u,0.9314101934432983, 0.3315022885799408, 0
u,0.9938358068466187, 0.33122938871383667, 0
u,0.9938358068466187, 0.9772611856460571, 0
u,0.9527720212936401, 0.9216368794441223, 0
u,0.952049970626831, 0.5389310121536255, 0
u,0.9071729779243469, 0.9884654879570007, 0
u,0.907302975654602, 0.8672447800636292, 0
u,0.9106770753860474, 0.9211174845695496, 0
u,0.907302975654602, 0.8672447800636292, 0
u,0.9106228947639465, 0.8672301769256592, 0
u,0.9106770753860474, 0.9211174845695496, 0
u,0.9106770753860474, 0.9211174845695496, 0
u,0.911371111869812, 0.9211260080337524, 0
u,0.911310613155365, 0.9774683713912964, 0
u,0.9314752817153931, 0.5389145016670227, 0
u,0.9273495078086853, 0.5389112234115601, 0
u,0.9314101934432983, 0.3315022885799408, 0
u,0.9273495078086853, 0.5389112234115601, 0
u,0.9272810220718384, 0.3205336034297943, 0
u,0.9314101934432983, 0.3315022885799408, 0
u,0.9071729779243469, 0.9884654879570007, 0
u,0.9106770753860474, 0.9211174845695496, 0
u,0.911310613155365, 0.9774683713912964, 0
u,0.9071729779243469, 0.9884654879570007, 0
u,0.911310613155365, 0.9774683713912964, 0
u,0.9979615807533264, 0.9882376194000244, 0
u,0.911310613155365, 0.9774683713912964, 0
u,0.9938358068466187, 0.9772611856460571, 0
u,0.9979615807533264, 0.9882376194000244, 0
u,0.9314101934432983, 0.3315022885799408, 0
u,0.9272810220718384, 0.3205336034297943, 0
u,0.9938358068466187, 0.33122938871383667, 0
u,0.9272810220718384, 0.3205336034297943, 0
u,0.9979615807533264, 0.32022470235824585, 0
u,0.9938358068466187, 0.33122938871383667, 0
u,0.9938358068466187, 0.9772611856460571, 0
u,0.9938358068466187, 0.33122938871383667, 0
u,0.9979615807533264, 0.9882376194000244, 0
u,0.9106770753860474, 0.9211174845695496, 0
u,0.9102929830551147, 0.5388975739479065, 0
u,0.952049970626831, 0.5389310121536255, 0
u,0.9039633870124817, 0.9917424917221069, 0
u,0.9039633870124817, 1.0, 0
u,0.8295332789421082, 1.0, 0
u,0.8295332789421082, 0.9917424917221069, 0
u,0.8295332789421082, 1.0, 0
u,0.6107280850410461, 1.0, 0
u,0.5544258952140808, 0.9917424917221069, 0
u,0.6107280850410461, 0.9917424917221069, 0
u,0.6107280850410461, 1.0, 0
u,0.48417720198631287, 0.9917424917221069, 0
u,0.5544258952140808, 0.9917424917221069, 0
u,0.5544258952140808, 1.0, 0
u,0.9230461716651917, 1.0, 0
u,0.9039633870124817, 1.0, 0
u,0.9039633870124817, 0.9917424917221069, 0
u,0.12415669858455658, 0.0028089999686926603, 0
u,0.347214013338089, 0.0028089999686926603, 0
u,0.347214013338089, 0.9993314743041992, 0
u,0.4100619852542877, 0.0028089999686926603, 0
u,0.4100619852542877, 0.9993314743041992, 0
u,0.347214013338089, 0.9993314743041992, 0
u,0.48298078775405884, 0.0028089999686926603, 0
u,0.48298078775405884, 0.9993314743041992, 0
u,0.4100619852542877, 0.9993314743041992, 0
u,0.12415669858455658, 0.0028089999686926603, 0
u,0.12415669858455658, 0.9993314743041992, 0
u,0.04342919960618019, 0.9993314743041992, 0
u,0.0, 0.0028089999686926603, 0
u,0.002951999893411994, 0.0028089999686926603, 0
u,0.002951999893411994, 0.9993314743041992, 0
u,0.002951999893411994, 0.0028089999686926603, 0
u,0.04342919960618019, 0.0028089999686926603, 0
u,0.04342919960618019, 0.9993314743041992, 0
u,0.9062684178352356, 0.9447348117828369, 0
u,0.9062684178352356, 0.9846997857093811, 0
u,0.8916413187980652, 0.9512438178062439, 0
u,0.9062684178352356, 0.9846997857093811, 0
u,0.8765823245048523, 0.9846997857093811, 0
u,0.8916413187980652, 0.9512438178062439, 0
u,0.8765823245048523, 0.9846997857093811, 0
u,0.8765823245048523, 0.1544943004846573, 0
u,0.8887081146240234, 0.9512438178062439, 0
u,0.8765823245048523, 0.1544943004846573, 0
u,0.8887081146240234, 0.1544943004846573, 0
u,0.8887081146240234, 0.9512438178062439, 0
u,0.8916413187980652, 0.9512438178062439, 0
u,0.8916413187980652, 0.9447348117828369, 0
u,0.9062684178352356, 0.9447348117828369, 0
u,0.8740593791007996, 0.547682523727417, 0
u,0.8583477139472961, 0.547682523727417, 0
u,0.8583477139472961, 0.4997732937335968, 0
u,0.8583477139472961, 0.4997732937335968, 0
u,0.48417720198631287, 0.4997732937335968, 0
u,0.48417720198631287, 0.20786519348621368, 0
u,0.8740593791007996, 0.20786519348621368, 0
u,0.8740593791007996, 0.547682523727417, 0
u,0.8583477139472961, 0.4997732937335968, 0
u,0.8740593791007996, 0.6473432183265686, 0
u,0.8552908897399902, 0.6473432183265686, 0
u,0.8583477139472961, 0.5493255257606506, 0
u,0.8552908897399902, 0.6473432183265686, 0
u,0.8552908897399902, 0.5493255257606506, 0
u,0.8583477139472961, 0.5493255257606506, 0
u,0.8583477139472961, 0.5493255257606506, 0
u,0.8583477139472961, 0.547682523727417, 0
u,0.8740593791007996, 0.547682523727417, 0
