s,197.44580078125, 95.9375, -0.47153568267822266
b,202.1435546875, 100.8779296875, 4.486441612243652
v,201.197021484375, 98.88671875, 3.6893367767333984
v,200.392333984375, 99.943359375, 3.6892881393432617
v,200.392333984375, 99.943359375, 4.486392974853516
v,201.197021484375, 98.88671875, 4.486441612243652
v,202.1435546875, 97.6357421875, -0.47109460830688477
v,199.89208984375, 95.9375, -0.4713902473449707
v,197.4462890625, 99.1787109375, -0.47153568267822266
v,199.697509765625, 100.8779296875, -0.4712400436401367
v,199.6865234375, 100.869140625, 3.6892471313476562
v,200.39208984375, 99.943359375, 3.6892881393432617
v,201.19677734375, 98.88671875, 3.6893367767333984
v,201.47216796875, 98.525390625, 3.6893529891967773
v,199.697265625, 100.8779296875, 3.6892480850219727
v,198.576171875, 100.0322265625, 3.689101219177246
v,199.17138671875, 99.2666015625, 3.6891355514526367
v,199.47900390625, 98.87109375, 3.689154624938965
v,201.070068359375, 96.8271484375, 3.6892528533935547
v,202.14306640625, 97.6357421875, 3.689393997192383
v,201.47216796875, 98.525390625, 3.6893529891967773
v,201.19677734375, 98.88671875, 3.6893367767333984
v,200.4150390625, 98.2763671875, 3.6892318725585938
v,199.597900390625, 99.3232421875, 3.6891822814941406
v,200.39208984375, 99.943359375, 3.6892881393432617
v,199.6865234375, 100.869140625, 3.6892471313476562
v,198.876220703125, 98.40234375, 3.6890745162963867
v,198.568359375, 98.7978515625, 3.689056396484375
v,199.17138671875, 99.2666015625, 3.6891355514526367
v,198.576171875, 100.0322265625, 3.689101219177246
v,197.44580078125, 99.1787109375, 3.6889524459838867
v,199.8916015625, 95.9375, 3.689098358154297
v,201.070068359375, 96.8271484375, 3.6892528533935547
v,199.47900390625, 98.87109375, 3.689154624938965
v,199.171142578125, 99.2666015625, 4.2353410720825195
v,198.568359375, 98.7978515625, 4.235262870788574
v,198.876220703125, 98.40234375, 4.235280990600586
v,199.47900390625, 98.87109375, 4.235360145568848
v,200.39208984375, 99.943359375, 4.486392974853516
v,199.597900390625, 99.3232421875, 4.4862871170043945
v,200.4150390625, 98.2763671875, 4.486337661743164
v,201.19677734375, 98.88671875, 4.486441612243652
v,202.14306640625, 97.6357421875, 3.689393997192383
v,201.070068359375, 96.8271484375, 3.6892528533935547
v,199.8916015625, 95.9375, 3.689098358154297
v,199.89208984375, 95.9375, -0.4713902473449707
v,202.1435546875, 97.6357421875, -0.47109460830688477
v,199.8916015625, 95.9375, 3.689098358154297
v,197.44580078125, 99.1787109375, 3.6889524459838867
v,197.4462890625, 99.1787109375, -0.47153568267822266
v,199.89208984375, 95.9375, -0.4713902473449707
v,197.44580078125, 99.1787109375, 3.6889524459838867
v,198.576171875, 100.0322265625, 3.689101219177246
v,199.6865234375, 100.869140625, 3.6892471313476562
v,199.697265625, 100.8779296875, 3.6892480850219727
v,199.697509765625, 100.8779296875, -0.4712400436401367
v,197.4462890625, 99.1787109375, -0.47153568267822266
v,199.697509765625, 100.8779296875, -0.4712400436401367
v,199.697265625, 100.8779296875, 3.6892480850219727
v,201.47216796875, 98.525390625, 3.6893529891967773
v,202.14306640625, 97.6357421875, 3.689393997192383
v,202.1435546875, 97.6357421875, -0.47109460830688477
v,198.876220703125, 98.40234375, 3.6890745162963867
v,199.47900390625, 98.87109375, 3.689154624938965
v,199.47900390625, 98.87109375, 4.235360145568848
v,198.876220703125, 98.40234375, 4.235280990600586
v,198.568359375, 98.7978515625, 3.689056396484375
v,198.876220703125, 98.40234375, 3.6890745162963867
v,198.876220703125, 98.40234375, 4.235280990600586
v,198.568359375, 98.7978515625, 4.235262870788574
v,199.17138671875, 99.2666015625, 3.6891355514526367
v,198.568359375, 98.7978515625, 3.689056396484375
v,198.568359375, 98.7978515625, 4.235262870788574
v,199.171142578125, 99.2666015625, 4.2353410720825195
v,199.47900390625, 98.87109375, 3.689154624938965
v,199.17138671875, 99.2666015625, 3.6891355514526367
v,199.171142578125, 99.2666015625, 4.2353410720825195
v,199.47900390625, 98.87109375, 4.235360145568848
v,200.4150390625, 98.2763671875, 3.6892318725585938
v,201.19677734375, 98.88671875, 3.6893367767333984
v,201.19677734375, 98.88671875, 4.486441612243652
v,200.4150390625, 98.2763671875, 4.486337661743164
v,199.597900390625, 99.3232421875, 3.6891822814941406
v,200.4150390625, 98.2763671875, 3.6892318725585938
v,200.4150390625, 98.2763671875, 4.486337661743164
v,199.597900390625, 99.3232421875, 4.4862871170043945
v,200.39208984375, 99.943359375, 3.6892881393432617
v,199.597900390625, 99.3232421875, 3.6891822814941406
v,199.597900390625, 99.3232421875, 4.4862871170043945
v,200.39208984375, 99.943359375, 4.486392974853516
i,0,2,3
i,4,6,7
i,9,10,12
i,16,18,20
i,24,25,28
i,32,34,35
i,37,39,36
i,41,43,44
i,45,47,48
i,53,54,50
i,57,58,59
i,61,63,60
i,65,67,64
i,68,70,71
i,72,74,75
i,77,79,76
i,81,83,80
i,84,86,87
i,0,1,2
i,4,5,6
i,12,8,9
i,10,11,12
i,23,13,21
i,13,14,21
i,14,15,21
i,15,16,20
i,21,15,20
i,16,17,18
i,18,19,20
i,21,22,23
i,25,26,27
i,28,29,24
i,29,30,24
i,30,31,24
i,25,27,28
i,32,33,34
i,37,38,39
i,44,40,41
i,41,42,43
i,45,46,47
i,54,49,50
i,50,51,53
i,51,52,53
i,59,55,57
i,55,56,57
i,61,62,63
i,65,66,67
i,68,69,70
i,72,73,74
i,77,78,79
i,81,82,83
i,84,85,86
n,3.582817792892456, 2.7290303707122803, 0.0
n,0.0004740943550132215, 0.00015528326912317425, -4.50379753112793
n,-0.0007635832880623639, -0.000375792064005509, 4.50379753112793
n,-0.00047986218123696744, -0.00015371522749774158, 4.50379753112793
n,-0.00046555217704735696, -0.00015024066669866443, 4.50379753112793
n,-0.00046931265387684107, -0.0001531682355562225, 4.50379753112793
n,-0.0004772420506924391, -0.00015768608136568218, 4.50379753112793
n,2.713068962097168, -3.5949201583862305, 0.0007009180262684822
n,-3.5950567722320557, -2.7128872871398926, -0.0003746246511582285
n,-2.7139506340026855, 3.5942542552948, -0.00023900835367385298
n,3.5950257778167725, 2.7129290103912354, 0.00037472168332897127
n,2.7664802074432373, -3.553981065750122, 0.0
n,-3.5538229942321777, -2.7666823863983154, 0.0
n,-2.766479969024658, 3.553980588912964, -0.0010982282692566514
n,3.5538229942321777, 2.7666826248168945, 0.0
n,2.7724878787994385, -3.5492963790893555, 0.0
n,-3.5501277446746826, -2.771423101425171, 0.0
n,-2.7717018127441406, 3.549910545349121, 0.0
n,3.582817792892456, 2.7290303707122803, 0.0
n,0.00047411248669959605, 0.00015533852274529636, -4.50379753112793
n,-0.0003208820126019418, -4.674347655964084e-05, 4.50379753112793
n,-0.0014053219929337502, -0.0008590526413172483, 4.5037970542907715
n,-0.0004714139795396477, -0.00016290655185002834, 4.50379753112793
n,-0.00047055387403815985, -0.00016166640853043646, 4.50379753112793
n,-0.0004714875540230423, -0.00015460292343050241, 4.50379753112793
n,-0.00046971580013632774, -0.00014912933693267405, 4.50379753112793
n,-0.00047295045806095004, -0.00015421824355144054, 4.50379753112793
n,-0.0004774021217599511, -0.0001542975805932656, 4.50379753112793
n,-0.00047972225002013147, -0.00015430939674843103, 4.50379753112793
n,-0.00047324816114269197, -0.00016280135605484247, 4.50379753112793
n,-0.0004694970848504454, -0.0001608441525604576, 4.50379753112793
n,-0.0004643005959223956, -0.00014793426089454442, 4.50379753112793
n,-0.00047430989798158407, -0.0001520575606264174, 4.50379753112793
n,-0.00047536336933262646, -0.00015352494665421546, 4.50379753112793
n,-0.00046914955601096153, -0.00016084634989965707, 4.50379753112793
n,-0.00046931265387684107, -0.0001531682355562225, 4.50379753112793
n,-0.00047720130532979965, -0.00015753667685203254, 4.50379753112793
n,2.7120354175567627, -3.5956997871398926, 0.00028268463211134076
n,2.7140090465545654, -3.594210147857666, 0.00028289033798500896
n,-3.5950567722320557, -2.7128872871398926, -0.0003747249429579824
n,-2.713848114013672, 3.594331741333008, -0.0002828735741786659
n,-2.7127137184143066, 3.5951881408691406, 0.0002845115668606013
n,-2.8480958938598633, 3.488917350769043, -0.00029686663765460253
n,3.5954058170318604, 2.7124252319335938, 0.0005437950021587312
n,3.5955491065979004, 2.7122342586517334, 0.00037477625301107764
n,2.7664802074432373, -3.553981065750122, 0.0
n,-3.5538229942321777, -2.7666823863983154, 0.0
n,-2.7658605575561523, 3.5544631481170654, 0.0
n,3.554767608642578, 2.7654690742492676, 0.001411160221323371
n,2.7724878787994385, -3.5492963790893555, 0.0
n,-3.5501277446746826, -2.771423101425171, 0.0
n,-2.7717018127441406, 3.549910545349121, 0.0
u,0.8515815138816833, 1.0, 0
u,0.7813109159469604, 0.8092036247253418, 0
u,0.8515815138816833, 0.8092036247253418, 0
u,0.0, 0.0, 0
u,0.0, 0.0, 0
u,0.0, 0.0, 0
u,0.8964756727218628, 0.06066270172595978, 0
u,0.8192241787910461, 0.05911419913172722, 0
u,0.964199423789978, 0.05856719985604286, 0
u,0.7280107736587524, 0.4123398959636688, 0
u,0.7927911281585693, 0.05858439952135086, 0
u,0.8182746171951294, 0.32010048627853394, 0
u,0.8780236840248108, 0.6234092116355896, 0
u,0.907154381275177, 0.6254565119743347, 0
u,0.9641730785369873, 0.8009049892425537, 0
u,0.9078279137611389, 0.42440739274024963, 0
u,0.8780236840248108, 0.6234092116355896, 0
u,0.8786845207214355, 0.42245158553123474, 0
u,0.8955020904541016, 0.32581809163093567, 0
u,0.8192241787910461, 0.05911419913172722, 0
u,0.8964756727218628, 0.06066270172595978, 0
u,0.6486186981201172, 0.006264800205826759, 0
u,0.7265639901161194, 1.0, 0
u,0.5776572823524475, 1.0, 0
u,0.0, 0.006264800205826759, 0
u,0.21437039971351624, 1.0, 0
u,0.0, 1.0, 0
u,0.36328190565109253, 1.0, 0
u,0.21437039971351624, 1.0, 0
u,0.2891364097595215, 0.006264800205826759, 0
u,0.5188663005828857, 0.006264800205826759, 0
u,0.5776572823524475, 0.006264800205826759, 0
u,0.5776572823524475, 1.0, 0
u,0.9760000705718994, 0.7537106275558472, 0
u,0.9986932873725891, 0.8972957730293274, 0
u,0.9760000705718994, 0.8972957730293274, 0
u,0.9760000705718994, 0.8972957730293274, 0
u,0.9986932873725891, 0.9914780259132385, 0
u,0.9760000705718994, 0.9914780259132385, 0
u,0.9760000705718994, 0.659488320350647, 0
u,0.9986932873725891, 0.5158370733261108, 0
u,0.9986932873725891, 0.659488320350647, 0
u,0.9760000705718994, 0.7537106275558472, 0
u,0.9986932873725891, 0.659488320350647, 0
u,0.9986932873725891, 0.7537106275558472, 0
u,0.8515815138816833, 1.0, 0
u,0.9040539860725403, 0.8092036247253418, 0
u,0.9040539860725403, 1.0, 0
u,0.9040539860725403, 1.0, 0
u,0.9743115901947021, 0.8092036247253418, 0
u,0.9743115901947021, 1.0, 0
u,0.7813109159469604, 1.0, 0
u,0.7279999852180481, 0.8092036247253418, 0
u,0.7813109159469604, 0.8092036247253418, 0
u,0.8515815138816833, 1.0, 0
u,0.7813109159469604, 1.0, 0
u,0.7813109159469604, 0.8092036247253418, 0
u,0.0, 0.0, 0
u,0.0, 0.0, 0
u,0.0, 0.0, 0
u,0.964199423789978, 0.05856719985604286, 0
u,0.9641991853713989, 0.0620202012360096, 0
u,0.8964756727218628, 0.06066270172595978, 0
u,0.8192241787910461, 0.05911419913172722, 0
u,0.7927911281585693, 0.05858439952135086, 0
u,0.964199423789978, 0.05856719985604286, 0
u,0.9641991853713989, 0.0620202012360096, 0
u,0.9641863107681274, 0.42818960547447205, 0
u,0.8955020904541016, 0.32581809163093567, 0
u,0.9641863107681274, 0.42818960547447205, 0
u,0.9078279137611389, 0.42440739274024963, 0
u,0.8955020904541016, 0.32581809163093567, 0
u,0.9078279137611389, 0.42440739274024963, 0
u,0.8786845207214355, 0.42245158553123474, 0
u,0.8955020904541016, 0.32581809163093567, 0
u,0.8786845207214355, 0.42245158553123474, 0
u,0.7280107736587524, 0.4123398959636688, 0
u,0.8182746171951294, 0.32010048627853394, 0
u,0.8955020904541016, 0.32581809163093567, 0
u,0.8786845207214355, 0.42245158553123474, 0
u,0.8182746171951294, 0.32010048627853394, 0
u,0.7280107736587524, 0.4123398959636688, 0
u,0.7280207276344299, 0.05859090015292168, 0
u,0.7927911281585693, 0.05858439952135086, 0
u,0.7927911281585693, 0.05858439952135086, 0
u,0.8192241787910461, 0.05911419913172722, 0
u,0.8182746171951294, 0.32010048627853394, 0
u,0.8955020904541016, 0.32581809163093567, 0
u,0.8964756727218628, 0.06066270172595978, 0
u,0.9641991853713989, 0.0620202012360096, 0
u,0.907154381275177, 0.6254565119743347, 0
u,0.9078279137611389, 0.42440739274024963, 0
u,0.9641863107681274, 0.42818960547447205, 0
u,0.9641730785369873, 0.8009049892425537, 0
u,0.7279999852180481, 0.8009049892425537, 0
u,0.8780236840248108, 0.6234092116355896, 0
u,0.7279999852180481, 0.8009049892425537, 0
u,0.7280107736587524, 0.4123398959636688, 0
u,0.8780236840248108, 0.6234092116355896, 0
u,0.7280107736587524, 0.4123398959636688, 0
u,0.8786845207214355, 0.42245158553123474, 0
u,0.8780236840248108, 0.6234092116355896, 0
u,0.907154381275177, 0.6254565119743347, 0
u,0.9641863107681274, 0.42818960547447205, 0
u,0.9641730785369873, 0.8009049892425537, 0
u,0.9078279137611389, 0.42440739274024963, 0
u,0.907154381275177, 0.6254565119743347, 0
u,0.8780236840248108, 0.6234092116355896, 0
u,0.8955020904541016, 0.32581809163093567, 0
u,0.8182746171951294, 0.32010048627853394, 0
u,0.8192241787910461, 0.05911419913172722, 0
u,0.5776572823524475, 1.0, 0
u,0.5776572823524475, 0.006264800205826759, 0
u,0.6486186981201172, 0.006264800205826759, 0
u,0.6486186981201172, 0.006264800205826759, 0
u,0.7265639901161194, 0.006264800205826759, 0
u,0.7265639901161194, 1.0, 0
u,0.0, 0.006264800205826759, 0
u,0.21437039971351624, 0.006264800205826759, 0
u,0.21437039971351624, 1.0, 0
u,0.21437039971351624, 1.0, 0
u,0.21437039971351624, 0.006264800205826759, 0
u,0.2891364097595215, 0.006264800205826759, 0
u,0.2891364097595215, 0.006264800205826759, 0
u,0.3625892102718353, 0.006264800205826759, 0
u,0.36328190565109253, 1.0, 0
u,0.3625892102718353, 0.006264800205826759, 0
u,0.36328190565109253, 0.006264800205826759, 0
u,0.36328190565109253, 1.0, 0
u,0.5776572823524475, 1.0, 0
u,0.36328190565109253, 1.0, 0
u,0.5188663005828857, 0.006264800205826759, 0
u,0.36328190565109253, 1.0, 0
u,0.36328190565109253, 0.006264800205826759, 0
u,0.5188663005828857, 0.006264800205826759, 0
u,0.9760000705718994, 0.7537106275558472, 0
u,0.9986932873725891, 0.7537106275558472, 0
u,0.9986932873725891, 0.8972957730293274, 0
u,0.9760000705718994, 0.8972957730293274, 0
u,0.9986932873725891, 0.8972957730293274, 0
u,0.9986932873725891, 0.9914780259132385, 0
u,0.9760000705718994, 0.659488320350647, 0
u,0.9760000705718994, 0.5158370733261108, 0
u,0.9986932873725891, 0.5158370733261108, 0
u,0.9760000705718994, 0.7537106275558472, 0
u,0.9760000705718994, 0.659488320350647, 0
u,0.9986932873725891, 0.659488320350647, 0
u,0.8515815138816833, 1.0, 0
u,0.8515815138816833, 0.8092036247253418, 0
u,0.9040539860725403, 0.8092036247253418, 0
u,0.9040539860725403, 1.0, 0
u,0.9040539860725403, 0.8092036247253418, 0
u,0.9743115901947021, 0.8092036247253418, 0
u,0.7813109159469604, 1.0, 0
u,0.7279999852180481, 1.0, 0
u,0.7279999852180481, 0.8092036247253418, 0
