s,84.104736328125, 131.1240234375, -1.8421971797943115
b,87.423095703125, 135.6396484375, 7.955875873565674
v,84.36083984375, 134.97265625, -1.8420186042785645
v,84.36083984375, 134.97265625, -0.2182774543762207
v,84.32080078125, 134.9921875, -0.2182774543762207
v,84.32080078125, 134.9921875, -1.8420183658599854
v,84.360595703125, 134.97265625, -1.8420186042785645
v,84.320556640625, 134.9921875, -1.8420183658599854
v,84.356689453125, 135.0703125, -1.842012882232666
v,84.356201171875, 135.0869140625, -1.8420119285583496
v,84.3671875, 135.0927734375, -1.8420112133026123
v,84.619873046875, 135.6396484375, -1.8419721126556396
v,85.67822265625, 135.1474609375, -1.8419761657714844
v,85.6533203125, 135.09375, -1.84197998046875
v,87.38134765625, 134.3046875, -1.8419837951660156
v,87.2177734375, 133.8037109375, -1.8420178890228271
v,87.423095703125, 133.7021484375, -1.8420186042785645
v,87.1708984375, 131.5009765625, -1.8421542644500732
v,86.564453125, 131.798828125, -1.8421523571014404
v,86.343994140625, 131.1240234375, -1.8421971797943115
v,84.483642578125, 131.9619140625, -1.8421940803527832
v,84.360595703125, 134.97265625, -0.2182774543762207
v,84.483642578125, 131.9619140625, -0.21845340728759766
v,84.488037109375, 131.9609375, -0.21845340728759766
v,84.277099609375, 131.9521484375, -0.2184591293334961
v,84.104736328125, 135.1201171875, -0.2182750701904297
v,84.385009765625, 135.1318359375, -0.21826744079589844
v,84.3671875, 135.0927734375, -0.21827030181884766
v,84.35595703125, 135.0869140625, -0.21827077865600586
v,84.356689453125, 135.0703125, -0.21827220916748047
v,84.320556640625, 134.9921875, -0.2182774543762207
v,87.2177734375, 133.802734375, 2.3195815086364746
v,86.564208984375, 131.798828125, 2.3194470405578613
v,87.1708984375, 131.5009765625, 2.3194451332092285
v,87.4228515625, 133.7021484375, 2.319580554962158
v,84.356689453125, 135.0703125, 5.183835506439209
v,84.366943359375, 135.0927734375, 5.183837413787842
v,84.35595703125, 135.0869140625, 5.183836460113525
v,84.649169921875, 133.779296875, 5.183764934539795
v,84.739990234375, 133.84375, 5.18377161026001
v,86.1767578125, 134.853515625, 5.18386697769165
v,85.6533203125, 135.09375, 5.183868885040283
v,85.378662109375, 134.4990234375, 5.183825969696045
v,84.3603515625, 134.97265625, 5.1838297843933105
v,84.416015625, 133.615234375, 5.183749675750732
v,84.739990234375, 133.84375, 5.18377161026001
v,86.172119140625, 131.806640625, 5.18368673324585
v,86.08154296875, 131.7431640625, 5.183680057525635
v,84.649169921875, 133.779296875, 5.183764934539795
v,84.416015625, 133.615234375, 5.183749675750732
v,84.4833984375, 131.9619140625, 5.183654308319092
v,86.34375, 131.1240234375, 5.183651447296143
v,87.381103515625, 134.3037109375, 5.183864116668701
v,86.1767578125, 134.853515625, 5.18386697769165
v,84.3203125, 134.9912109375, 6.191868305206299
v,85.378662109375, 134.4990234375, 6.191863536834717
v,85.677978515625, 135.146484375, 6.191910266876221
v,84.61962890625, 135.638671875, 6.191914081573486
v,84.104736328125, 135.1201171875, 2.2241082191467285
v,84.27685546875, 131.9521484375, 2.223924160003662
v,84.488037109375, 131.9609375, 2.2239294052124023
v,84.4833984375, 131.9619140625, 2.2239294052124023
v,84.360595703125, 134.97265625, 2.2241053581237793
v,84.320556640625, 134.9921875, 2.2241053581237793
v,84.356689453125, 135.0703125, 2.224111557006836
v,84.35595703125, 135.0869140625, 2.2241125106811523
v,84.366943359375, 135.0927734375, 2.2241125106811523
v,84.385009765625, 135.1318359375, 2.2241158485412598
v,84.649169921875, 133.779296875, 7.955870151519775
v,86.081298828125, 131.7431640625, 7.955785274505615
v,86.172119140625, 131.806640625, 7.95579195022583
v,84.739990234375, 133.8427734375, 7.955875873565674
v,87.2177734375, 133.8037109375, -1.8420178890228271
v,87.2177734375, 133.802734375, 2.3195815086364746
v,87.4228515625, 133.7021484375, 2.319580554962158
v,87.423095703125, 133.7021484375, -1.8420186042785645
v,87.4228515625, 133.7021484375, 2.319580554962158
v,87.1708984375, 131.5009765625, 2.3194451332092285
v,87.1708984375, 131.5009765625, -1.8421542644500732
v,87.423095703125, 133.7021484375, -1.8420186042785645
v,86.564208984375, 131.798828125, 2.3194470405578613
v,86.564453125, 131.798828125, -1.8421523571014404
v,87.1708984375, 131.5009765625, -1.8421542644500732
v,87.1708984375, 131.5009765625, 2.3194451332092285
v,87.381103515625, 134.3037109375, 5.183864116668701
v,86.34375, 131.1240234375, 5.183651447296143
v,86.343994140625, 131.1240234375, -1.8421971797943115
v,86.564453125, 131.798828125, -1.8421523571014404
v,86.564208984375, 131.798828125, 2.3194470405578613
v,87.2177734375, 133.802734375, 2.3195815086364746
v,87.2177734375, 133.8037109375, -1.8420178890228271
v,87.38134765625, 134.3046875, -1.8419837951660156
v,84.35595703125, 135.0869140625, -0.21827077865600586
v,84.3671875, 135.0927734375, -0.21827030181884766
v,84.3671875, 135.0927734375, -1.8420112133026123
v,84.356201171875, 135.0869140625, -1.8420119285583496
v,87.38134765625, 134.3046875, -1.8419837951660156
v,85.6533203125, 135.09375, -1.84197998046875
v,85.6533203125, 135.09375, 5.183868885040283
v,86.1767578125, 134.853515625, 5.18386697769165
v,87.381103515625, 134.3037109375, 5.183864116668701
v,84.488037109375, 131.9609375, 2.2239294052124023
v,84.488037109375, 131.9609375, -0.21845340728759766
v,84.483642578125, 131.9619140625, -0.21845340728759766
v,84.483642578125, 131.9619140625, -1.8421940803527832
v,86.343994140625, 131.1240234375, -1.8421971797943115
v,86.34375, 131.1240234375, 5.183651447296143
v,84.4833984375, 131.9619140625, 5.183654308319092
v,84.4833984375, 131.9619140625, 2.2239294052124023
v,84.360595703125, 134.97265625, -0.2182774543762207
v,84.360595703125, 134.97265625, -1.8420186042785645
v,84.483642578125, 131.9619140625, -1.8421940803527832
v,84.483642578125, 131.9619140625, -0.21845340728759766
v,84.356689453125, 135.0703125, -0.21827220916748047
v,84.35595703125, 135.0869140625, -0.21827077865600586
v,84.356201171875, 135.0869140625, -1.8420119285583496
v,84.356689453125, 135.0703125, -1.842012882232666
v,84.366943359375, 135.0927734375, 2.2241125106811523
v,84.35595703125, 135.0869140625, 2.2241125106811523
v,84.35595703125, 135.0869140625, 5.183836460113525
v,84.366943359375, 135.0927734375, 5.183837413787842
v,84.35595703125, 135.0869140625, 2.2241125106811523
v,84.356689453125, 135.0703125, 2.224111557006836
v,84.356689453125, 135.0703125, 5.183835506439209
v,84.35595703125, 135.0869140625, 5.183836460113525
v,84.360595703125, 134.97265625, 2.2241053581237793
v,84.4833984375, 131.9619140625, 2.2239294052124023
v,84.4833984375, 131.9619140625, 5.183654308319092
v,84.416015625, 133.615234375, 5.183749675750732
v,84.3603515625, 134.97265625, 5.1838297843933105
v,84.320556640625, 134.9921875, 2.2241053581237793
v,84.3203125, 134.9912109375, 6.191868305206299
v,84.61962890625, 135.638671875, 6.191914081573486
v,84.619873046875, 135.6396484375, -1.8419721126556396
v,84.3671875, 135.0927734375, -1.8420112133026123
v,84.3671875, 135.0927734375, -0.21827030181884766
v,84.385009765625, 135.1318359375, -0.21826744079589844
v,84.385009765625, 135.1318359375, 2.2241158485412598
v,84.366943359375, 135.0927734375, 2.2241125106811523
v,84.366943359375, 135.0927734375, 5.183837413787842
v,84.356689453125, 135.0703125, 5.183835506439209
v,84.356689453125, 135.0703125, 2.224111557006836
v,84.619873046875, 135.6396484375, -1.8419721126556396
v,84.61962890625, 135.638671875, 6.191914081573486
v,85.677978515625, 135.146484375, 6.191910266876221
v,85.67822265625, 135.1474609375, -1.8419761657714844
v,85.378662109375, 134.4990234375, 5.183825969696045
v,85.6533203125, 135.09375, 5.183868885040283
v,85.6533203125, 135.09375, -1.84197998046875
v,85.67822265625, 135.1474609375, -1.8419761657714844
v,85.677978515625, 135.146484375, 6.191910266876221
v,85.378662109375, 134.4990234375, 6.191863536834717
v,84.360595703125, 134.97265625, 2.2241053581237793
v,84.3603515625, 134.97265625, 5.1838297843933105
v,85.378662109375, 134.4990234375, 5.183825969696045
v,85.378662109375, 134.4990234375, 6.191863536834717
v,84.3203125, 134.9912109375, 6.191868305206299
v,84.320556640625, 134.9921875, 2.2241053581237793
v,84.356689453125, 135.0703125, -0.21827220916748047
v,84.356689453125, 135.0703125, -1.842012882232666
v,84.320556640625, 134.9921875, -1.8420183658599854
v,84.320556640625, 134.9921875, -0.2182774543762207
v,84.277099609375, 131.9521484375, -0.2184591293334961
v,84.27685546875, 131.9521484375, 2.223924160003662
v,84.104736328125, 135.1201171875, 2.2241082191467285
v,84.104736328125, 135.1201171875, -0.2182750701904297
v,84.104736328125, 135.1201171875, 2.2241082191467285
v,84.385009765625, 135.1318359375, 2.2241158485412598
v,84.385009765625, 135.1318359375, -0.21826744079589844
v,84.104736328125, 135.1201171875, -0.2182750701904297
v,84.488037109375, 131.9609375, -0.21845340728759766
v,84.488037109375, 131.9609375, 2.2239294052124023
v,84.27685546875, 131.9521484375, 2.223924160003662
v,84.277099609375, 131.9521484375, -0.2184591293334961
v,86.172119140625, 131.806640625, 7.95579195022583
v,86.172119140625, 131.806640625, 5.18368673324585
v,84.739990234375, 133.84375, 5.18377161026001
v,84.739990234375, 133.8427734375, 7.955875873565674
v,86.08154296875, 131.7431640625, 5.183680057525635
v,86.172119140625, 131.806640625, 5.18368673324585
v,86.172119140625, 131.806640625, 7.95579195022583
v,86.081298828125, 131.7431640625, 7.955785274505615
v,84.649169921875, 133.779296875, 7.955870151519775
v,84.649169921875, 133.779296875, 5.183764934539795
v,86.08154296875, 131.7431640625, 5.183680057525635
v,86.081298828125, 131.7431640625, 7.955785274505615
v,84.739990234375, 133.84375, 5.18377161026001
v,84.649169921875, 133.779296875, 5.183764934539795
v,84.649169921875, 133.779296875, 7.955870151519775
v,84.739990234375, 133.8427734375, 7.955875873565674
i,1,3,0
i,13,14,16
i,23,26,28
i,30,32,29
i,33,34,35
i,37,38,40
i,44,45,49
i,52,54,55
i,56,61,63
i,67,69,66
i,70,72,73
i,75,77,74
i,79,81,78
i,86,87,82
i,91,93,90
i,95,96,97
i,105,106,99
i,108,110,107
i,111,113,114
i,115,117,118
i,119,121,122
i,124,125,126
i,129,130,137
i,141,143,140
i,145,147,148
i,151,153,154
i,157,159,156
i,161,163,160
i,164,166,167
i,169,171,168
i,173,175,172
i,177,179,176
i,181,183,180
i,185,187,184
i,1,2,3
i,4,5,6
i,6,7,8
i,8,9,11
i,9,10,11
i,11,12,13
i,4,6,8
i,17,18,16
i,18,4,11
i,16,18,13
i,14,15,16
i,13,18,11
i,4,8,11
i,28,19,22
i,19,20,22
i,20,21,22
i,23,24,26
i,24,25,26
i,26,27,28
i,22,23,28
i,30,31,32
i,42,36,41
i,36,37,41
i,38,39,40
i,40,41,37
i,51,43,44
i,45,46,48
i,46,47,48
i,50,51,44
i,49,50,44
i,45,48,49
i,52,53,54
i,57,58,59
i,59,60,57
i,60,61,57
i,61,62,63
i,63,64,65
i,56,57,61
i,63,65,56
i,67,68,69
i,70,71,72
i,75,76,77
i,79,80,81
i,83,84,86
i,84,85,86
i,88,89,87
i,89,82,87
i,83,86,82
i,91,92,93
i,98,94,97
i,94,95,97
i,100,101,102
i,102,103,100
i,103,104,99
i,100,103,99
i,104,105,99
i,108,109,110
i,111,112,113
i,115,116,117
i,119,120,121
i,127,123,126
i,123,124,126
i,139,128,138
i,128,129,138
i,130,131,135
i,131,132,134
i,132,133,134
i,135,136,137
i,131,134,135
i,130,135,137
i,137,138,129
i,141,142,143
i,149,144,145
i,145,146,147
i,148,149,145
i,155,150,151
i,151,152,153
i,154,155,151
i,157,158,159
i,161,162,163
i,164,165,166
i,169,170,171
i,173,174,175
i,177,178,179
i,181,182,183
i,185,186,187
n,-1.934626817703247, -4.067113399505615, 0.0
n,0.00011669650848489255, 0.0002640803868416697, -4.50379753112793
n,0.00011247987276874483, 0.0002782033116091043, -4.50379753112793
n,-0.00011207246279809624, -0.00026616689865477383, 4.50379753112793
n,-0.00023728460655547678, -0.00022881015320308506, 4.50379753112793
n,-0.00010818309237947688, -0.00027276287437416613, 4.50379753112793
n,-0.00011254284618189558, -0.0002571209624875337, 4.50379753112793
n,-0.00010923254012595862, -0.000273384153842926, 4.50379753112793
n,-0.00011247987276874483, -0.0002782033116091043, 4.50379753112793
n,-0.00010963969543809071, -0.000264423550106585, 4.50379753112793
n,1.9970723390579224, 4.0368170738220215, 0.00010405304055893794
n,4.474581718444824, -0.5121615529060364, 0.0002331381692783907
n,-1.9875380992889404, -4.041520118713379, -0.00010355627455282956
n,4.281627178192139, -1.3970894813537598, 0.0004546238633338362
n,-1.8873531818389893, 4.089264869689941, -0.00025203311815857887
n,1.873139500617981, 4.095795631408691, 0.0
n,-1.6033307313919067, -4.208743572235107, 0.0
n,-4.500046730041504, -0.18377457559108734, 0.0
n,-4.50063419342041, -0.16877377033233643, 0.0
n,-1.9177038669586182, 4.075120449066162, 0.0
n,-4.50063419342041, -0.16877377033233643, 0.0
n,-4.500055313110352, -0.18356730043888092, 0.0
n,-4.088784217834473, 1.8883942365646362, 0.0010066626127809286
n,1.9006052017211914, 4.083122730255127, 0.0004921028739772737
n,4.087491989135742, -1.8911898136138916, -9.384984150528908e-05
n,-1.8978537321090698, -4.084402561187744, -0.0017236457206308842
n,-4.085603713989258, 1.8952661752700806, 0.0
n,-4.497162818908691, -0.24437086284160614, -0.00039925097371451557
n,-0.18112075328826904, 4.5001540184021, 0.0
n,0.18499474227428436, -4.499996662139893, 0.0
n,3.6834876537323, 2.591546058654785, 0.0
n,2.602785110473633, -3.6755547523498535, 0.00020358688198029995
n,-3.684007167816162, -2.5908074378967285, 0.0
n,-2.598642587661743, 3.6784842014312744, 0.0011509072501212358
n,-1.9346266984939575, -4.067113399505615, 0.0
n,0.00010430778638692573, 0.00026926342980004847, -4.50379753112793
n,0.0001271167566301301, 0.0002796568442136049, -4.50379753112793
n,0.00010880860645556822, 0.00027215227601118386, -4.50379753112793
n,0.00010755738185252994, 0.00026978537789545953, -4.50379753112793
n,0.0001142327455454506, 0.0002709270629566163, -4.50379753112793
n,0.0001460059138480574, 0.00027093879180029035, -4.50379753112793
n,0.00011080146941822022, 0.00026169908232986927, -4.50379753112793
n,0.00010935639875242487, 0.00026708049699664116, -4.50379753112793
n,0.00011113030632259324, 0.0002658952435012907, -4.50379753112793
n,0.00011593296949286014, 0.00026442488888278604, -4.50379753112793
n,0.00011066011938964948, 0.00026659341529011726, -4.50379753112793
n,0.00010880806075874716, 0.00027296043117530644, -4.50379753112793
n,0.00012687145499512553, 0.00026671841624192894, -4.50379753112793
n,0.0001065316901076585, 0.0002672819246072322, -4.50379753112793
n,0.00010657431266736239, 0.0002664357889443636, -4.50379753112793
n,0.00011161861766595393, 0.00027164185303263366, -4.50379753112793
n,1.427999904990429e-05, 0.00033557997085154057, -4.50379753112793
n,-2.3774269720888697e-05, 0.00032867927802726626, -4.50379753112793
n,0.0001058261696016416, 0.0002670201356522739, -4.50379753112793
n,-0.00011718551104422659, -0.0002638597215991467, 4.50379753112793
n,-0.00010575541818980128, -0.00026850024005398154, 4.50379753112793
n,-0.0001044572054524906, -0.00026818629703484476, 4.50379753112793
n,-0.00010916110477410257, -0.00027056236285716295, 4.50379753112793
n,-0.0001107205098378472, -0.000270290911430493, 4.50379753112793
n,-0.00011258879385422915, -0.0002664975472725928, 4.50379753112793
n,-0.00011038248339900747, -0.00026495769270695746, 4.50379753112793
n,-0.00010810043750097975, -0.0002651657268870622, 4.50379753112793
n,-0.00011218229337828234, -0.00026649818755686283, 4.50379753112793
n,-0.00012505552149377763, -0.0002602649910841137, 4.50379753112793
n,-0.0001091064841602929, -0.00025566507247276604, 4.50379753112793
n,-0.00010918828775174916, -0.0002737710892688483, 4.50379753112793
n,-9.782924462342635e-05, -0.00025680175167508423, 4.50379753112793
n,-9.72888374235481e-05, -0.0002675310242921114, 4.50379753112793
n,-0.0001268671767320484, -0.0002667094231583178, 4.50379753112793
n,-0.00024502730229869485, -0.00022910050756763667, 4.50379753112793
n,0.00023496439098380506, -0.0004992993199266493, 4.50379753112793
n,-0.00010582171671558172, -0.00026701262686401606, 4.50379753112793
n,-0.00011161861766595393, -0.00027164185303263366, 4.50379753112793
n,-0.00010790029773488641, -0.0002633124531712383, 4.50379753112793
n,1.9850163459777832, 4.042759418487549, 0.0008425559499301016
n,4.474532127380371, -0.512596607208252, 0.0
n,-1.9881104230880737, -4.041238784790039, 0.0
n,4.282094955444336, -1.3956555128097534, 0.0001321534946328029
n,4.281929969787598, -1.3961620330810547, 0.00022310047643259168
n,4.2818474769592285, -1.3964154720306396, -0.0002910284965764731
n,4.2824602127075195, -1.394534707069397, -3.998708416474983e-05
n,4.2818121910095215, -1.3965222835540771, -9.405211312696338e-05
n,-1.9177035093307495, 4.075119972229004, 0.0
n,1.8706845045089722, 4.096917152404785, 0.0005634871777147055
n,1.8695323467254639, 4.097443103790283, 0.00032485666451975703
n,-1.6726683378219604, -4.181670665740967, 0.0
n,-1.8509846925735474, -4.105855464935303, 0.0005572336376644671
n,-1.8514938354492188, -4.105625629425049, -5.714057988370769e-05
n,-1.85139000415802, -4.105672836303711, 0.0
n,-1.8509845733642578, -4.105855464935303, -0.0004413091519381851
n,-4.500046730041504, -0.18377457559108734, 0.0
n,-4.498178482055664, -0.22490888833999634, -0.0006006771582178771
n,-1.917703628540039, 4.075120449066162, 0.0
n,-4.50063419342041, -0.16877377033233643, 0.0
n,-4.500036716461182, -0.18402701616287231, -0.00032967497827485204
n,-4.500060081481934, -0.18345101177692413, -6.506152567453682e-05
n,-4.089930057525635, 1.885912299156189, 0.0
n,-4.092626571655273, 1.8800532817840576, 0.0001873113214969635
n,-4.088213920593262, 1.8896297216415405, 9.366193262394518e-05
n,-4.089217662811279, 1.8874558210372925, -0.0005910660838708282
n,-4.098545074462891, 1.8671149015426636, 0.0
n,-4.089930057525635, 1.885912299156189, 0.0
n,-4.088499069213867, 1.8890122175216675, 0.0
n,-4.08812141418457, 1.8898296356201172, 6.26538967480883e-05
n,-4.089264869689941, 1.8873531818389893, 0.0008796083857305348
n,1.900605320930481, 4.083122730255127, 0.0004921028739772737
n,4.0879106521606445, -1.890285611152649, 0.0
n,4.092158317565918, -1.881072759628296, 0.0
n,4.087820529937744, -1.8904799222946167, -0.00013908467371948063
n,-1.9346266984939575, -4.067112922668457, -0.00014173175441101193
n,-1.899256944656372, -4.083750247955322, 0.0
n,-1.8827672004699707, -4.091378688812256, -0.0009972348343580961
n,-4.085603713989258, 1.8952661752700806, 0.0
n,-4.4971795082092285, -0.24406401813030243, 0.0
n,-0.18112075328826904, 4.5001540184021, 0.0
n,0.18480511009693146, -4.500004291534424, 1.640670234337449e-05
n,3.684007167816162, 2.590808153152466, 0.0008106001187115908
n,2.5986430644989014, -3.6784846782684326, 0.0
n,-3.6838223934173584, -2.5910704135894775, -0.0002881443942897022
n,-2.5750584602355957, 3.6950325965881348, 0.0
u,0.7218204736709595, 0.3228006958961487, 0
u,0.6408730745315552, 0.32677608728408813, 0
u,0.6408730745315552, 0.3228006958961487, 0
u,0.0, 0.0, 0
u,0.0, 0.0, 0
u,0.0, 0.0, 0
u,0.5545635223388672, 0.3810375928878784, 0
u,0.5568280220031738, 0.35736820101737976, 0
u,0.5617731809616089, 0.3610737919807434, 0
u,0.4305556118488312, 0.10382620245218277, 0
u,0.4667631983757019, 0.3077751100063324, 0
u,0.4545220136642456, 0.31566140055656433, 0
u,0.7375470995903015, 0.40966010093688965, 0
u,0.7375470995903015, 0.41219401359558105, 0
u,0.7371032238006592, 0.411222904920578, 0
u,0.4682539999485016, 0.2754918038845062, 0
u,0.4682539999485016, 0.09299170225858688, 0
u,0.47797250747680664, 0.1820210963487625, 0
u,0.8320130705833435, 0.41583260893821716, 0
u,0.8268920183181763, 0.4227440059185028, 0
u,0.797619104385376, 0.37684738636016846, 0
u,0.23524050414562225, 0.003577800001949072, 0
u,0.3025346100330353, 0.07785149663686752, 0
u,0.23511910438537598, 0.07789269834756851, 0
u,0.7354006171226501, 0.41323789954185486, 0
u,0.727583110332489, 0.3915911912918091, 0
u,0.7329453229904175, 0.3875733017921448, 0
u,0.5545635223388672, 0.3470483124256134, 0
u,0.6992303133010864, 0.33541589975357056, 0
u,0.6992303133010864, 0.3470483124256134, 0
u,0.0, 0.0024214000441133976, 0
u,0.2323790043592453, 0.025434600189328194, 0
u,0.0, 0.025434600189328194, 0
u,0.2323790043592453, 0.2485681027173996, 0
u,0.0, 0.025434600189328194, 0
u,0.2323790043592453, 0.025434600189328194, 0
u,0.0, 0.3166368901729584, 0
u,0.2323790043592453, 0.2485681027173996, 0
u,0.2323790043592453, 0.3166368901729584, 0
u,0.3091947138309479, 0.7229923009872437, 0
u,0.422256201505661, 0.7229923009872437, 0
u,0.4505392909049988, 1.0, 0
u,0.5535715222358704, 0.3309481143951416, 0
u,0.6389201879501343, 0.33212119340896606, 0
u,0.5535715222358704, 0.33212119340896606, 0
u,0.5524231791496277, 0.3205151855945587, 0
u,0.5524231791496277, 1.0, 0
u,0.5215526819229126, 1.0, 0
u,0.16161620616912842, 1.0, 0
u,0.16161620616912842, 0.7137587070465088, 0
u,0.16188059747219086, 0.7137587070465088, 0
u,0.0, 0.3205151855945587, 0
u,0.16161620616912842, 0.47755059599876404, 0
u,0.0, 0.47755059599876404, 0
u,0.5535715222358704, 0.33375778794288635, 0
u,0.6389201879501343, 0.33212119340896606, 0
u,0.6389201879501343, 0.33375778794288635, 0
u,0.7118604183197021, 0.3506261110305786, 0
u,0.5535715222358704, 0.35181960463523865, 0
u,0.5535715222358704, 0.3506261110305786, 0
u,0.7118604183197021, 0.35181960463523865, 0
u,0.5535715222358704, 0.3534848988056183, 0
u,0.5535715222358704, 0.35181960463523865, 0
u,0.16161620616912842, 0.7137587070465088, 0
u,0.16161620616912842, 1.0, 0
u,0.07287109643220901, 1.0, 0
u,0.9652736783027649, 0.7602164149284363, 0
u,0.9652736783027649, 0.826177179813385, 0
u,0.9136161208152771, 0.770485520362854, 0
u,0.9652736783027649, 0.826177179813385, 0
u,0.5535715222358704, 0.9340758919715881, 0
u,0.5535715222358704, 0.826177179813385, 0
u,0.9136161208152771, 0.9395080208778381, 0
u,0.5535715222358704, 0.9340758919715881, 0
u,0.9652736783027649, 0.9340758919715881, 0
u,0.9136161208152771, 0.7561299204826355, 0
u,0.9652736783027649, 0.6523345112800598, 0
u,0.9652736783027649, 0.7602164149284363, 0
u,0.6408730745315552, 0.3345259130001068, 0
u,0.7218204736709595, 0.32677608728408813, 0
u,0.7218204736709595, 0.3345259130001068, 0
u,0.41727718710899353, 0.31583550572395325, 0
u,0.24900169670581818, 0.08228980004787445, 0
u,0.41727718710899353, 0.08228980004787445, 0
u,0.24900169670581818, 0.31583550572395325, 0
u,0.2341269999742508, 0.08228980004787445, 0
u,0.24900169670581818, 0.08228980004787445, 0
u,0.42848220467567444, 0.31583550572395325, 0
u,0.41727718710899353, 0.08228980004787445, 0
u,0.42848220467567444, 0.08228980004787445, 0
u,0.7901486754417419, 0.6491349935531616, 0
u,0.6744399070739746, 0.41681578755378723, 0
u,0.7901486754417419, 0.41681578755378723, 0
u,0.7901486754417419, 0.6491349935531616, 0
u,0.7953084111213684, 0.41681578755378723, 0
u,0.7953084111213684, 0.6491349935531616, 0
u,0.6692801713943481, 0.6491349935531616, 0
u,0.5535715222358704, 0.41681578755378723, 0
u,0.6692801713943481, 0.41681578755378723, 0
u,0.6692801713943481, 0.6491349935531616, 0
u,0.6744399070739746, 0.41681578755378723, 0
u,0.6744399070739746, 0.6491349935531616, 0
u,0.7218204736709595, 0.3228006958961487, 0
u,0.7218204736709595, 0.32677608728408813, 0
u,0.6408730745315552, 0.32677608728408813, 0
u,0.0, 0.0, 0
u,0.0, 0.0, 0
u,0.0, 0.0, 0
u,0.0, 0.0, 0
u,0.0, 0.0, 0
u,0.0, 0.0, 0
u,0.0, 0.0, 0
u,0.0, 0.0, 0
u,0.0, 0.0, 0
u,0.0, 0.0, 0
u,0.0, 0.0, 0
u,0.0, 0.0, 0
u,0.0, 0.0, 0
u,0.0, 0.0, 0
u,0.0, 0.0, 0
u,0.0, 0.0, 0
u,0.0, 0.0, 0
u,0.0, 0.0, 0
u,0.0, 0.0, 0
u,0.0, 0.0, 0
u,0.0, 0.0, 0
u,0.0, 0.0, 0
u,0.0, 0.0, 0
u,0.0, 0.0, 0
u,0.0, 0.0, 0
u,0.0, 0.0, 0
u,0.0, 0.0, 0
u,0.0, 0.0, 0
u,0.0, 0.0, 0
u,0.0, 0.0, 0
u,0.0, 0.0, 0
u,0.0, 0.0, 0
u,0.0, 0.0, 0
u,0.0, 0.0, 0
u,0.0, 0.0, 0
u,0.0, 0.0, 0
u,0.5617731809616089, 0.3610737919807434, 0
u,0.5628345012664795, 0.35734450817108154, 0
u,0.7213414907455444, 0.37632858753204346, 0
u,0.5628345012664795, 0.35734450817108154, 0
u,0.7212259769439697, 0.35671940445899963, 0
u,0.7213414907455444, 0.37632858753204346, 0
u,0.7212259769439697, 0.35671940445899963, 0
u,0.721341609954834, 0.3563010096549988, 0
u,0.7213414907455444, 0.37632858753204346, 0
u,0.5545635223388672, 0.3810375928878784, 0
u,0.5545635223388672, 0.35445070266723633, 0
u,0.5568280220031738, 0.35736820101737976, 0
u,0.5545635223388672, 0.35445070266723633, 0
u,0.5565685033798218, 0.3562924861907959, 0
u,0.5568280220031738, 0.35736820101737976, 0
u,0.5568280220031738, 0.35736820101737976, 0
u,0.5577356219291687, 0.35736459493637085, 0
u,0.5617731809616089, 0.3610737919807434, 0
u,0.7213414907455444, 0.37632858753204346, 0
u,0.5545635223388672, 0.3810375928878784, 0
u,0.5617731809616089, 0.3610737919807434, 0
u,0.4305556118488312, 0.10382620245218277, 0
u,0.4667631983757019, 0.08050090074539185, 0
u,0.4667631983757019, 0.3077751100063324, 0
u,0.4682539999485016, 0.3166368901729584, 0
u,0.4682539999485016, 0.28702259063720703, 0
u,0.5340465903282166, 0.24021649360656738, 0
u,0.4682539999485016, 0.28702259063720703, 0
u,0.4682539999485016, 0.2754918038845062, 0
u,0.5340465903282166, 0.24021649360656738, 0
u,0.4682539999485016, 0.09299170225858688, 0
u,0.496869295835495, 0.12318339943885803, 0
u,0.47797250747680664, 0.1820210963487625, 0
u,0.47797250747680664, 0.1820210963487625, 0
u,0.5340465903282166, 0.24021649360656738, 0
u,0.4682539999485016, 0.2754918038845062, 0
u,0.9990196228027344, 0.5135353207588196, 0
u,0.9179672002792358, 0.6229230761528015, 0
u,0.8320130705833435, 0.41583260893821716, 0
u,0.8268920183181763, 0.4227440059185028, 0
u,0.9128460884094238, 0.6298345923423767, 0
u,0.8103348016738892, 0.587659478187561, 0
u,0.9128460884094238, 0.6298345923423767, 0
u,0.8996937274932861, 0.6475849747657776, 0
u,0.8103348016738892, 0.587659478187561, 0
u,0.990409791469574, 0.37684738636016846, 0
u,0.9990196228027344, 0.5135353207588196, 0
u,0.8320130705833435, 0.41583260893821716, 0
u,0.797619104385376, 0.37684738636016846, 0
u,0.990409791469574, 0.37684738636016846, 0
u,0.8320130705833435, 0.41583260893821716, 0
u,0.8268920183181763, 0.4227440059185028, 0
u,0.8103348016738892, 0.587659478187561, 0
u,0.797619104385376, 0.37684738636016846, 0
u,0.23524050414562225, 0.003577800001949072, 0
u,0.30264559388160706, 0.003577800001949072, 0
u,0.3025346100330353, 0.07785149663686752, 0
u,0.554563581943512, 0.40813198685646057, 0
u,0.5545635223388672, 0.38641610741615295, 0
u,0.5546888709068298, 0.38686978816986084, 0
u,0.5546888709068298, 0.38686978816986084, 0
u,0.7264323830604553, 0.3875476121902466, 0
u,0.554563581943512, 0.40813198685646057, 0
u,0.7264323830604553, 0.3875476121902466, 0
u,0.727583110332489, 0.3915911912918091, 0
u,0.554563581943512, 0.40813198685646057, 0
u,0.727583110332489, 0.3915911912918091, 0
u,0.7319610714912415, 0.387569397687912, 0
u,0.7329453229904175, 0.3875733017921448, 0
u,0.7329453229904175, 0.3875733017921448, 0
u,0.7332265973091125, 0.38640689849853516, 0
u,0.7354006171226501, 0.3844097852706909, 0
u,0.7354006171226501, 0.41323789954185486, 0
u,0.554563581943512, 0.40813198685646057, 0
u,0.727583110332489, 0.3915911912918091, 0
u,0.7329453229904175, 0.3875733017921448, 0
u,0.7354006171226501, 0.3844097852706909, 0
u,0.7354006171226501, 0.41323789954185486, 0
u,0.5545635223388672, 0.3470483124256134, 0
u,0.5545635223388672, 0.33541589975357056, 0
u,0.6992303133010864, 0.33541589975357056, 0
u,0.0, 0.0024214000441133976, 0
u,0.2323790043592453, 0.0024214000441133976, 0
u,0.2323790043592453, 0.025434600189328194, 0
u,0.2323790043592453, 0.2485681027173996, 0
u,0.0, 0.2485681027173996, 0
u,0.0, 0.025434600189328194, 0
u,0.0, 0.3166368901729584, 0
u,0.0, 0.2485681027173996, 0
u,0.2323790043592453, 0.2485681027173996, 0
u,0.27108150720596313, 1.0, 0
u,0.27108150720596313, 0.3205151855945587, 0
u,0.3091947138309479, 0.7229923009872437, 0
u,0.27108150720596313, 0.3205151855945587, 0
u,0.3091947138309479, 0.3205151855945587, 0
u,0.3091947138309479, 0.7229923009872437, 0
u,0.422256201505661, 0.3205151855945587, 0
u,0.4505392909049988, 0.3205151855945587, 0
u,0.422256201505661, 0.7229923009872437, 0
u,0.4505392909049988, 0.3205151855945587, 0
u,0.4505392909049988, 1.0, 0
u,0.422256201505661, 0.7229923009872437, 0
u,0.27108150720596313, 1.0, 0
u,0.3091947138309479, 0.7229923009872437, 0
u,0.4505392909049988, 1.0, 0
u,0.5535715222358704, 0.3309481143951416, 0
u,0.6389201879501343, 0.3309481143951416, 0
u,0.6389201879501343, 0.33212119340896606, 0
u,0.4505392909049988, 1.0, 0
u,0.4505392909049988, 0.3205151855945587, 0
u,0.5215526819229126, 1.0, 0
u,0.4505392909049988, 0.3205151855945587, 0
u,0.5524231791496277, 0.3205151855945587, 0
u,0.5215526819229126, 1.0, 0
u,0.16188059747219086, 0.47755059599876404, 0
u,0.16161620616912842, 0.47755059599876404, 0
u,0.16161620616912842, 0.3205151855945587, 0
u,0.16161620616912842, 0.3205151855945587, 0
u,0.27108150720596313, 0.3205151855945587, 0
u,0.16188059747219086, 0.47755059599876404, 0
u,0.27108150720596313, 0.3205151855945587, 0
u,0.27108150720596313, 1.0, 0
u,0.16188059747219086, 0.7137587070465088, 0
u,0.16188059747219086, 0.47755059599876404, 0
u,0.27108150720596313, 0.3205151855945587, 0
u,0.16188059747219086, 0.7137587070465088, 0
u,0.27108150720596313, 1.0, 0
u,0.16161620616912842, 1.0, 0
u,0.16188059747219086, 0.7137587070465088, 0
u,0.0, 0.3205151855945587, 0
u,0.16161620616912842, 0.3205151855945587, 0
u,0.16161620616912842, 0.47755059599876404, 0
u,0.5535715222358704, 0.33375778794288635, 0
u,0.5535715222358704, 0.33212119340896606, 0
u,0.6389201879501343, 0.33212119340896606, 0
u,0.7118604183197021, 0.3506261110305786, 0
u,0.7118604183197021, 0.35181960463523865, 0
u,0.5535715222358704, 0.35181960463523865, 0
u,0.7118604183197021, 0.35181960463523865, 0
u,0.7118604183197021, 0.3534848988056183, 0
u,0.5535715222358704, 0.3534848988056183, 0
u,0.0, 1.0, 0
u,0.0, 0.7137587070465088, 0
u,0.07287109643220901, 1.0, 0
u,0.0, 0.7137587070465088, 0
u,0.16161620616912842, 0.7137587070465088, 0
u,0.07287109643220901, 1.0, 0
u,0.7619429230690002, 0.7681828141212463, 0
u,0.7619429230690002, 0.7602164149284363, 0
u,0.9136161208152771, 0.7681828141212463, 0
u,0.7619429230690002, 0.7602164149284363, 0
u,0.9652736783027649, 0.7602164149284363, 0
u,0.9136161208152771, 0.7681828141212463, 0
u,0.9652736783027649, 0.826177179813385, 0
u,0.5535715222358704, 0.826177179813385, 0
u,0.7619429230690002, 0.7744411826133728, 0
u,0.5535715222358704, 0.826177179813385, 0
u,0.5535715222358704, 0.770485520362854, 0
u,0.6367812156677246, 0.7744411826133728, 0
u,0.5535715222358704, 0.770485520362854, 0
u,0.6367812156677246, 0.770485520362854, 0
u,0.6367812156677246, 0.7744411826133728, 0
u,0.7619429230690002, 0.7744411826133728, 0
u,0.7619429230690002, 0.770485520362854, 0
u,0.9136161208152771, 0.770485520362854, 0
u,0.5535715222358704, 0.826177179813385, 0
u,0.6367812156677246, 0.7744411826133728, 0
u,0.7619429230690002, 0.7744411826133728, 0
u,0.9652736783027649, 0.826177179813385, 0
u,0.7619429230690002, 0.7744411826133728, 0
u,0.9136161208152771, 0.770485520362854, 0
u,0.9136161208152771, 0.770485520362854, 0
u,0.9136161208152771, 0.7681828141212463, 0
u,0.9652736783027649, 0.7602164149284363, 0
u,0.9652736783027649, 0.826177179813385, 0
u,0.9652736783027649, 0.9340758919715881, 0
u,0.5535715222358704, 0.9340758919715881, 0
u,0.9652736783027649, 1.0, 0
u,0.9136161208152771, 1.0, 0
u,0.9136161208152771, 0.9395080208778381, 0
u,0.9136161208152771, 0.9395080208778381, 0
u,0.5535715222358704, 0.9395080208778381, 0
u,0.5535715222358704, 0.9340758919715881, 0
u,0.9652736783027649, 0.9340758919715881, 0
u,0.9652736783027649, 1.0, 0
u,0.9136161208152771, 0.9395080208778381, 0
u,0.7619429230690002, 0.7602164149284363, 0
u,0.7619429230690002, 0.7561299204826355, 0
u,0.9136161208152771, 0.7561299204826355, 0
u,0.9136161208152771, 0.7561299204826355, 0
u,0.9136161208152771, 0.6523345112800598, 0
u,0.9652736783027649, 0.6523345112800598, 0
u,0.9652736783027649, 0.7602164149284363, 0
u,0.7619429230690002, 0.7602164149284363, 0
u,0.9136161208152771, 0.7561299204826355, 0
u,0.6408730745315552, 0.3345259130001068, 0
u,0.6408730745315552, 0.32677608728408813, 0
u,0.7218204736709595, 0.32677608728408813, 0
u,0.41727718710899353, 0.31583550572395325, 0
u,0.24900169670581818, 0.31583550572395325, 0
u,0.24900169670581818, 0.08228980004787445, 0
u,0.24900169670581818, 0.31583550572395325, 0
u,0.2341269999742508, 0.31583550572395325, 0
u,0.2341269999742508, 0.08228980004787445, 0
u,0.42848220467567444, 0.31583550572395325, 0
u,0.41727718710899353, 0.31583550572395325, 0
u,0.41727718710899353, 0.08228980004787445, 0
u,0.7901486754417419, 0.6491349935531616, 0
u,0.6744399070739746, 0.6491349935531616, 0
u,0.6744399070739746, 0.41681578755378723, 0
u,0.7901486754417419, 0.6491349935531616, 0
u,0.7901486754417419, 0.41681578755378723, 0
u,0.7953084111213684, 0.41681578755378723, 0
u,0.6692801713943481, 0.6491349935531616, 0
u,0.5535715222358704, 0.6491349935531616, 0
u,0.5535715222358704, 0.41681578755378723, 0
u,0.6692801713943481, 0.6491349935531616, 0
u,0.6692801713943481, 0.41681578755378723, 0
u,0.6744399070739746, 0.41681578755378723, 0
