s,140.70849609375, 111.5625, 0.72998046875
b,142.096923828125, 113.0126953125, 1.860215663909912
v,141.391845703125, 111.5634765625, 0.7299866676330566
v,141.391845703125, 111.5625, 1.8601441383361816
v,140.799072265625, 112.2880859375, 1.860137939453125
v,140.79931640625, 112.2880859375, 0.72998046875
v,140.799072265625, 112.2880859375, 0.72998046875
v,140.911376953125, 112.380859375, 0.7299914360046387
v,140.70849609375, 112.62890625, 0.7299900054931641
v,141.173828125, 113.0126953125, 0.730036735534668
v,141.3759765625, 112.7646484375, 0.7300386428833008
v,141.521728515625, 112.8857421875, 0.7300529479980469
v,142.096923828125, 112.1748046875, 0.7300586700439453
v,141.3916015625, 111.5634765625, 0.7299866676330566
v,140.911376953125, 112.380859375, 1.8590383529663086
v,141.3759765625, 112.7646484375, 1.859086036682129
v,141.173828125, 113.0126953125, 1.859083652496338
v,140.70849609375, 112.62890625, 1.859036922454834
v,141.3916015625, 111.5625, 1.8601441383361816
v,142.096923828125, 112.1748046875, 1.860215663909912
v,141.521728515625, 112.8857421875, 1.86021089553833
v,140.799072265625, 112.2880859375, 1.860137939453125
v,140.911376953125, 112.380859375, 0.7299914360046387
v,140.911376953125, 112.380859375, 1.8590383529663086
v,140.70849609375, 112.62890625, 1.859036922454834
v,140.70849609375, 112.62890625, 0.7299900054931641
v,140.70849609375, 112.62890625, 1.859036922454834
v,141.173828125, 113.0126953125, 1.859083652496338
v,141.173828125, 113.0126953125, 0.730036735534668
v,140.70849609375, 112.62890625, 0.7299900054931641
v,141.3759765625, 112.7646484375, 1.859086036682129
v,141.3759765625, 112.7646484375, 0.7300386428833008
v,141.173828125, 113.0126953125, 0.730036735534668
v,141.173828125, 113.0126953125, 1.859083652496338
v,140.799072265625, 112.2880859375, 1.860137939453125
v,141.521728515625, 112.8857421875, 1.86021089553833
v,141.521728515625, 112.8857421875, 0.7300529479980469
v,141.3759765625, 112.7646484375, 0.7300386428833008
v,141.3759765625, 112.7646484375, 1.859086036682129
v,140.911376953125, 112.380859375, 1.8590383529663086
v,140.911376953125, 112.380859375, 0.7299914360046387
v,140.799072265625, 112.2880859375, 0.72998046875
v,141.521728515625, 112.8857421875, 0.7300529479980469
v,141.521728515625, 112.8857421875, 1.86021089553833
v,142.096923828125, 112.1748046875, 1.860215663909912
v,142.096923828125, 112.1748046875, 0.7300586700439453
v,142.096923828125, 112.1748046875, 1.860215663909912
v,141.3916015625, 111.5625, 1.8601441383361816
v,141.3916015625, 111.5634765625, 0.7299866676330566
v,142.096923828125, 112.1748046875, 0.7300586700439453
i,0,2,3
i,11,5,8
i,13,15,12
i,17,19,16
i,20,22,23
i,24,26,27
i,29,31,28
i,36,37,32
i,41,43,40
i,44,46,47
i,0,1,2
i,11,4,5
i,5,6,8
i,6,7,8
i,8,9,10
i,10,11,8
i,13,14,15
i,17,18,19
i,20,21,22
i,24,25,26
i,29,30,31
i,33,34,36
i,34,35,36
i,38,39,37
i,39,32,37
i,33,36,32
i,41,42,43
i,44,45,46
n,-3.4861185550689697, -2.85152006149292, -0.000668843393214047
n,0.0002911443298216909, 0.00019908472313545644, -4.50379753112793
n,-0.00028946538805030286, -0.00020607837359420955, 4.50379753112793
n,-0.0002876098733395338, -0.00019823179172817618, 4.50379753112793
n,-3.4857470989227295, -2.8519747257232666, 0.0
n,-2.8676321506500244, 3.472877025604248, 0.0
n,3.491722822189331, 2.8446555137634277, 0.0
n,-2.8133437633514404, 3.400890588760376, -0.896232008934021
n,3.500030994415283, 2.8344266414642334, 0.0
n,2.9501125812530518, -3.4030909538269043, 0.0
n,-3.4872794151306152, -2.850099802017212, -0.002187269739806652
n,0.0002816411142703146, 0.00019350086222402751, -4.50379753112793
n,0.00028701635892502964, 0.00020407461852300912, -4.50379753112793
n,0.00028853712137788534, 0.0001966208074009046, -4.50379753112793
n,0.0002837907522916794, 0.00019491533748805523, -4.50379753112793
n,0.0002871591132134199, 0.00019903293286915869, -4.50379753112793
n,-0.000292332872049883, -0.00019202391558792442, 4.50379753112793
n,-0.00028783991001546383, -0.00020087958546355367, 4.50379753112793
n,-3.4857470989227295, -2.8519747257232666, 0.0
n,-2.8676319122314453, 3.472877025604248, 0.0
n,3.491722822189331, 2.8446555137634277, 0.0
n,-2.8710532188415527, 3.4700498580932617, 0.0
n,-2.8710529804229736, 3.4700496196746826, 0.0
n,-2.8687314987182617, 3.4719696044921875, 0.0
n,-2.865445852279663, 3.4746816158294678, -0.000549761694855988
n,-2.8663744926452637, 3.46651029586792, -0.2267102152109146
n,3.500030755996704, 2.8344268798828125, 0.0
n,2.9524991512298584, -3.4010190963745117, -0.0026100652758032084
u,0.1761016994714737, 0.4375, 0
u,0.0, 0.993334174156189, 0
u,0.0, 0.4375, 0
u,0.0, 0.0, 0
u,0.0, 0.0, 0
u,0.0, 0.0, 0
u,0.9219964742660522, 0.5486509799957275, 0
u,0.9951028823852539, 0.9123414158821106, 0
u,0.9212644100189209, 0.9120752215385437, 0
u,0.7115023136138916, 0.43711909651756287, 0
u,0.9210873246192932, 1.0, 0
u,0.7051792740821838, 1.0, 0
u,0.0, 0.41666659712791443, 0
u,0.043205101042985916, 0.01830659992992878, 0
u,0.043205101042985916, 0.41666659712791443, 0
u,0.043205101042985916, 0.01830659992992878, 0
u,0.12471900135278702, 0.41666659712791443, 0
u,0.043205101042985916, 0.41666659712791443, 0
u,0.1679500937461853, 0.41666659712791443, 0
u,0.12471900135278702, 0.01830659992992878, 0
u,0.1679500937461853, 0.01830659992992878, 0
u,0.5592061281204224, 0.9927881956100464, 0
u,0.672579824924469, 0.9927881956100464, 0
u,0.7000088095664978, 0.993334174156189, 0
u,0.5236461758613586, 0.993334174156189, 0
u,0.3517710864543915, 0.4375, 0
u,0.5236461758613586, 0.4375, 0
u,0.3517710864543915, 0.993334174156189, 0
u,0.1761016994714737, 0.4375, 0
u,0.3517710864543915, 0.4375, 0
u,0.1761016994714737, 0.4375, 0
u,0.1761016994714737, 0.993334174156189, 0
u,0.0, 0.993334174156189, 0
u,0.0, 0.0, 0
u,0.0, 0.0, 0
u,0.0, 0.0, 0
u,0.0, 0.0, 0
u,0.0, 0.0, 0
u,0.0, 0.0, 0
u,0.0, 0.0, 0
u,0.0, 0.0, 0
u,0.0, 0.0, 0
u,0.0, 0.0, 0
u,0.0, 0.0, 0
u,0.0, 0.0, 0
u,0.0, 0.0, 0
u,0.0, 0.0, 0
u,0.0, 0.0, 0
u,0.9219964742660522, 0.5486509799957275, 0
u,0.9958791732788086, 0.5481117963790894, 0
u,0.9951028823852539, 0.9123414158821106, 0
u,0.7115023136138916, 0.43711909651756287, 0
u,0.9222260117530823, 0.43466201424598694, 0
u,0.9210873246192932, 1.0, 0
u,0.0, 0.41666659712791443, 0
u,0.0, 0.01830659992992878, 0
u,0.043205101042985916, 0.01830659992992878, 0
u,0.043205101042985916, 0.01830659992992878, 0
u,0.12471900135278702, 0.01830659992992878, 0
u,0.12471900135278702, 0.41666659712791443, 0
u,0.1679500937461853, 0.41666659712791443, 0
u,0.12471900135278702, 0.41666659712791443, 0
u,0.12471900135278702, 0.01830659992992878, 0
u,0.5236461758613586, 0.993334174156189, 0
u,0.5236461758613586, 0.4375, 0
u,0.5592061281204224, 0.9927881956100464, 0
u,0.5236461758613586, 0.4375, 0
u,0.5592061281204224, 0.4375, 0
u,0.5592061281204224, 0.9927881956100464, 0
u,0.672579824924469, 0.4375, 0
u,0.7000088095664978, 0.4375, 0
u,0.672579824924469, 0.9927881956100464, 0
u,0.7000088095664978, 0.4375, 0
u,0.7000088095664978, 0.993334174156189, 0
u,0.672579824924469, 0.9927881956100464, 0
u,0.5236461758613586, 0.993334174156189, 0
u,0.5592061281204224, 0.9927881956100464, 0
u,0.7000088095664978, 0.993334174156189, 0
u,0.5236461758613586, 0.993334174156189, 0
u,0.3517710864543915, 0.993334174156189, 0
u,0.3517710864543915, 0.4375, 0
u,0.3517710864543915, 0.993334174156189, 0
u,0.1761016994714737, 0.993334174156189, 0
u,0.1761016994714737, 0.4375, 0
