s,180.921630859375, 81.9638671875, -0.17321443557739258
b,182.964599609375, 83.6259765625, 1.4378242492675781
v,181.9921875, 83.6259765625, 1.437765121459961
v,182.964599609375, 82.2861328125, 1.4378242492675781
v,182.964599609375, 82.2861328125, -0.17303848266601562
v,181.9921875, 83.6259765625, -0.1730976104736328
v,182.518310546875, 81.9638671875, -0.17308759689331055
v,181.51123046875, 82.0380859375, -0.17317914962768555
v,180.921875, 82.8515625, -0.17321443557739258
v,181.991943359375, 83.6259765625, -0.1730976104736328
v,182.96435546875, 82.2861328125, -0.17303848266601562
v,181.991943359375, 83.6259765625, 1.437765121459961
v,180.921630859375, 82.8515625, 1.4376487731933594
v,181.510986328125, 82.0380859375, 1.4376840591430664
v,182.51806640625, 81.9638671875, 1.4377756118774414
v,182.96435546875, 82.2861328125, 1.4378242492675781
v,182.96435546875, 82.2861328125, 1.4378242492675781
v,182.51806640625, 81.9638671875, 1.4377756118774414
v,182.518310546875, 81.9638671875, -0.17308759689331055
v,182.96435546875, 82.2861328125, -0.17303848266601562
v,182.51806640625, 81.9638671875, 1.4377756118774414
v,181.510986328125, 82.0380859375, 1.4376840591430664
v,181.51123046875, 82.0380859375, -0.17317914962768555
v,182.518310546875, 81.9638671875, -0.17308759689331055
v,181.510986328125, 82.0380859375, 1.4376840591430664
v,180.921630859375, 82.8515625, 1.4376487731933594
v,180.921875, 82.8515625, -0.17321443557739258
v,181.51123046875, 82.0380859375, -0.17317914962768555
v,180.921630859375, 82.8515625, 1.4376487731933594
v,181.991943359375, 83.6259765625, 1.437765121459961
v,181.991943359375, 83.6259765625, -0.1730976104736328
v,180.921875, 82.8515625, -0.17321443557739258
i,0,2,3
i,5,6,7
i,12,9,11
i,15,17,14
i,18,20,21
i,22,24,25
i,26,28,29
i,0,1,2
i,8,4,7
i,4,5,7
i,13,9,12
i,9,10,11
i,15,16,17
i,18,19,20
i,22,23,24
i,26,27,28
n,3.6453402042388916, 2.6449360847473145, 0.0
n,0.0004161946417298168, 0.00010456095333211124, -4.50379753112793
n,-0.00041677680565044284, -0.0001043277297867462, 4.50379753112793
n,2.638873338699341, -3.6497321128845215, 0.0
n,-0.3326318562030792, -4.491497039794922, -4.4774053094442934e-05
n,-3.6473376750946045, -2.642181396484375, -0.0004909514682367444
n,-2.6403844356536865, 3.6486384868621826, -0.0003554100403562188
n,3.6453402042388916, 2.6449360847473145, 0.0
n,0.0004198469396214932, 0.00010535380715737119, -4.50379753112793
n,0.0004167809383943677, 0.00010438339086249471, -4.50379753112793
n,-0.00041971312020905316, -0.00010525671677896753, 4.50379753112793
n,-0.00041613931534811854, -0.00010452088463352993, 4.50379753112793
n,2.6397154331207275, -3.649122476577759, 0.0003553199931047857
n,-0.3326318860054016, -4.491497039794922, -4.4774053094442934e-05
n,-3.6473376750946045, -2.642181396484375, -0.0004909514682367444
n,-2.64003324508667, 3.648892641067505, 0.0
u,0.31111541390419006, 0.02287760004401207, 0
u,0.5325369834899902, 1.0, 0
u,0.31111541390419006, 1.0, 0
u,0.0, 0.0, 0
u,0.0, 0.0, 0
u,0.0, 0.0, 0
u,0.7487866282463074, 0.4610593020915985, 0
u,0.9979416131973267, 0.08637580275535583, 0
u,0.8467779159545898, 0.9883720874786377, 0
u,0.6061788201332092, 0.02287760004401207, 0
u,0.5325369834899902, 1.0, 0
u,0.5325369834899902, 0.02287760004401207, 0
u,0.6061788201332092, 0.02287760004401207, 0
u,0.7412784099578857, 1.0, 0
u,0.6061788201332092, 1.0, 0
u,0.0, 0.02287760004401207, 0
u,0.1344020962715149, 1.0, 0
u,0.0, 1.0, 0
u,0.1344020962715149, 0.02287760004401207, 0
u,0.31111541390419006, 1.0, 0
u,0.1344020962715149, 1.0, 0
u,0.31111541390419006, 0.02287760004401207, 0
u,0.5325369834899902, 0.02287760004401207, 0
u,0.5325369834899902, 1.0, 0
u,0.0, 0.0, 0
u,0.0, 0.0, 0
u,0.0, 0.0, 0
u,0.0, 0.0, 0
u,0.0, 0.0, 0
u,0.0, 0.0, 0
u,0.7487180233001709, 0.0851702019572258, 0
u,0.9979416131973267, 0.08637580275535583, 0
u,0.7487866282463074, 0.4610593020915985, 0
u,0.9979416131973267, 0.08637580275535583, 0
u,0.9980558156967163, 0.9883720874786377, 0
u,0.8467779159545898, 0.9883720874786377, 0
u,0.6061788201332092, 0.02287760004401207, 0
u,0.6061788201332092, 1.0, 0
u,0.5325369834899902, 1.0, 0
u,0.6061788201332092, 0.02287760004401207, 0
u,0.7412784099578857, 0.02287760004401207, 0
u,0.7412784099578857, 1.0, 0
u,0.0, 0.02287760004401207, 0
u,0.1344020962715149, 0.02287760004401207, 0
u,0.1344020962715149, 1.0, 0
u,0.1344020962715149, 0.02287760004401207, 0
u,0.31111541390419006, 0.02287760004401207, 0
u,0.31111541390419006, 1.0, 0
