s,135.904052734375, 140.6328125, -1.4897575378417969
b,140.501220703125, 146.974609375, 4.011528015136719
v,138.982666015625, 145.8154296875, 1.9865646362304688
v,138.330810546875, 144.97265625, 1.986466407775879
v,138.33056640625, 144.9716796875, 4.0114240646362305
v,138.982421875, 145.8154296875, 4.011521339416504
v,137.060791015625, 142.4052734375, -1.4897379875183105
v,137.047607421875, 142.388671875, -1.4897394180297852
v,136.3935546875, 142.880859375, -1.4897470474243164
v,136.33935546875, 142.810546875, -1.4897546768188477
v,135.904296875, 143.1669921875, -1.4897575378417969
v,136.4453125, 143.8681640625, -1.4896783828735352
v,136.798583984375, 143.578125, -1.4896759986877441
v,137.86474609375, 144.931640625, -1.48952054977417
v,137.730712890625, 145.0400390625, -1.4895215034484863
v,137.8046875, 145.1318359375, -1.4895105361938477
v,137.94580078125, 145.61328125, -1.4894695281982422
v,139.042724609375, 146.974609375, -1.4893083572387695
v,139.5927734375, 146.53125, -1.4893040657043457
v,139.67431640625, 146.63671875, -1.4892916679382324
v,140.13525390625, 146.2900390625, -1.4892868995666504
v,139.4775390625, 145.443359375, -1.4893856048583984
v,139.486083984375, 145.4365234375, -1.4893856048583984
v,138.833984375, 144.59375, -1.48948335647583
v,138.814208984375, 144.6083984375, -1.48948335647583
v,138.28759765625, 143.927734375, -1.4895615577697754
v,140.501220703125, 142.1884765625, -1.4895381927490234
v,139.3310546875, 140.6337890625, -1.4897122383117676
v,138.59130859375, 142.474609375, 3.129796028137207
v,138.73388671875, 142.3447265625, 3.1297969818115234
v,139.01953125, 142.7080078125, 3.129837989807129
v,138.876953125, 142.837890625, 3.1298370361328125
v,139.01953125, 142.7080078125, 2.915574073791504
v,138.73388671875, 142.3447265625, 2.9155330657958984
v,138.59130859375, 142.474609375, 2.915532112121582
v,137.974609375, 141.69140625, 2.9154434204101562
v,139.33056640625, 140.6328125, 2.9154586791992188
v,140.5009765625, 142.1884765625, 2.915633201599121
v,139.181884765625, 143.224609375, 2.915618896484375
v,138.876953125, 142.837890625, 2.915574073791504
v,137.974609375, 141.69140625, 2.9154434204101562
v,138.59130859375, 142.474609375, 2.915532112121582
v,138.876953125, 142.837890625, 2.915574073791504
v,139.181884765625, 143.224609375, 2.915618896484375
v,138.4609375, 143.791015625, 2.9156112670898438
v,138.16357421875, 143.412109375, 2.915567398071289
v,138.482666015625, 143.166015625, 2.9155712127685547
v,138.18212890625, 142.783203125, 2.91552734375
v,137.863525390625, 143.0283203125, 2.9155235290527344
v,137.255615234375, 142.251953125, 2.915435791015625
v,138.81396484375, 144.6083984375, 2.9156875610351562
v,138.392578125, 144.92578125, 2.915682792663574
v,137.67431640625, 143.9970703125, 2.9155759811401367
v,137.791748046875, 143.72265625, 2.9155654907226562
v,136.896484375, 142.533203125, 2.9154319763183594
v,137.255615234375, 142.251953125, 2.915435791015625
v,137.863525390625, 143.0283203125, 2.9155235290527344
v,138.16357421875, 143.412109375, 2.915567398071289
v,138.4609375, 143.791015625, 2.9156112670898438
v,138.287109375, 143.927734375, 2.915609359741211
v,137.863525390625, 143.0283203125, 3.370695114135742
v,138.18212890625, 142.783203125, 3.3706979751586914
v,138.482666015625, 143.1650390625, 3.3707427978515625
v,138.16357421875, 143.412109375, 3.370738983154297
v,136.4453125, 143.8671875, 1.4001054763793945
v,135.904052734375, 143.166015625, 1.4000253677368164
v,136.339111328125, 142.8095703125, 1.400029182434082
v,136.3935546875, 142.8798828125, 1.4000368118286133
v,136.302490234375, 142.9482421875, 1.4000358581542969
v,136.79833984375, 143.578125, 1.400106430053711
v,137.864501953125, 144.931640625, 1.9842147827148438
v,136.30224609375, 142.9482421875, 1.9839868545532227
v,137.04736328125, 142.388671875, 1.9839954376220703
v,137.060546875, 142.4052734375, 1.9839973449707031
v,136.896484375, 142.533203125, 1.9839963912963867
v,137.791748046875, 143.72265625, 1.9841289520263672
v,137.674560546875, 143.9970703125, 1.984140396118164
v,138.192626953125, 144.6669921875, 1.9842166900634766
v,138.392578125, 144.92578125, 1.9864673614501953
v,138.33056640625, 144.97265625, 1.986466407775879
v,138.982421875, 145.8154296875, 1.9865646362304688
v,139.01611328125, 145.7900390625, 1.9865646362304688
v,139.592529296875, 146.53125, 1.9866514205932617
v,139.04248046875, 146.974609375, 1.986647605895996
v,137.945556640625, 145.6123046875, 1.9864864349365234
v,137.804443359375, 145.1318359375, 1.9864444732666016
v,137.73046875, 145.0390625, 1.986433982849121
v,138.192626953125, 144.6669921875, 1.9864368438720703
v,138.330322265625, 144.9716796875, 4.0114240646362305
v,138.833740234375, 144.59375, 4.011429786682129
v,139.485595703125, 145.4365234375, 4.011528015136719
v,138.982177734375, 145.8154296875, 4.011521339416504
v,140.135009765625, 146.2900390625, 3.1789960861206055
v,139.674072265625, 146.63671875, 3.1789913177490234
v,139.01611328125, 145.7900390625, 3.178892135620117
v,139.477294921875, 145.443359375, 3.178896903991699
v,139.01953125, 142.7080078125, 2.915574073791504
v,138.876953125, 142.837890625, 2.915574073791504
v,138.876953125, 142.837890625, 3.1298370361328125
v,139.01953125, 142.7080078125, 3.129837989807129
v,138.73388671875, 142.3447265625, 2.9155330657958984
v,139.01953125, 142.7080078125, 2.915574073791504
v,139.01953125, 142.7080078125, 3.129837989807129
v,138.73388671875, 142.3447265625, 3.1297969818115234
v,138.59130859375, 142.474609375, 2.915532112121582
v,138.73388671875, 142.3447265625, 2.9155330657958984
v,138.73388671875, 142.3447265625, 3.1297969818115234
v,138.59130859375, 142.474609375, 3.129796028137207
v,138.876953125, 142.837890625, 2.915574073791504
v,138.59130859375, 142.474609375, 2.915532112121582
v,138.59130859375, 142.474609375, 3.129796028137207
v,138.876953125, 142.837890625, 3.1298370361328125
v,138.28759765625, 143.927734375, -1.4895615577697754
v,138.814208984375, 144.6083984375, -1.48948335647583
v,138.81396484375, 144.6083984375, 2.9156875610351562
v,138.287109375, 143.927734375, 2.915609359741211
v,138.287109375, 143.927734375, 2.915609359741211
v,138.4609375, 143.791015625, 2.9156112670898438
v,139.181884765625, 143.224609375, 2.915618896484375
v,140.5009765625, 142.1884765625, 2.915633201599121
v,140.501220703125, 142.1884765625, -1.4895381927490234
v,138.28759765625, 143.927734375, -1.4895615577697754
v,140.5009765625, 142.1884765625, 2.915633201599121
v,139.33056640625, 140.6328125, 2.9154586791992188
v,139.3310546875, 140.6337890625, -1.4897122383117676
v,140.501220703125, 142.1884765625, -1.4895381927490234
v,137.060791015625, 142.4052734375, -1.4897379875183105
v,139.3310546875, 140.6337890625, -1.4897122383117676
v,139.33056640625, 140.6328125, 2.9154586791992188
v,137.974609375, 141.69140625, 2.9154434204101562
v,137.255615234375, 142.251953125, 2.915435791015625
v,136.896484375, 142.533203125, 2.9154319763183594
v,136.896484375, 142.533203125, 1.9839963912963867
v,137.060546875, 142.4052734375, 1.9839973449707031
v,137.674560546875, 143.9970703125, 1.984140396118164
v,137.791748046875, 143.72265625, 1.9841289520263672
v,137.791748046875, 143.72265625, 2.9155654907226562
v,137.67431640625, 143.9970703125, 2.9155759811401367
v,137.67431640625, 143.9970703125, 2.9155759811401367
v,138.392578125, 144.92578125, 2.915682792663574
v,138.392578125, 144.92578125, 1.9864673614501953
v,138.192626953125, 144.6669921875, 1.9864368438720703
v,138.192626953125, 144.6669921875, 1.9842166900634766
v,137.674560546875, 143.9970703125, 1.984140396118164
v,137.791748046875, 143.72265625, 1.9841289520263672
v,136.896484375, 142.533203125, 1.9839963912963867
v,136.896484375, 142.533203125, 2.9154319763183594
v,137.791748046875, 143.72265625, 2.9155654907226562
v,138.482666015625, 143.166015625, 2.9155712127685547
v,138.16357421875, 143.412109375, 2.915567398071289
v,138.16357421875, 143.412109375, 3.370738983154297
v,138.482666015625, 143.1650390625, 3.3707427978515625
v,138.18212890625, 142.783203125, 2.91552734375
v,138.482666015625, 143.166015625, 2.9155712127685547
v,138.482666015625, 143.1650390625, 3.3707427978515625
v,138.18212890625, 142.783203125, 3.3706979751586914
v,137.863525390625, 143.0283203125, 2.9155235290527344
v,138.18212890625, 142.783203125, 2.91552734375
v,138.18212890625, 142.783203125, 3.3706979751586914
v,137.863525390625, 143.0283203125, 3.370695114135742
v,138.16357421875, 143.412109375, 2.915567398071289
v,137.863525390625, 143.0283203125, 2.9155235290527344
v,137.863525390625, 143.0283203125, 3.370695114135742
v,138.16357421875, 143.412109375, 3.370738983154297
v,136.79833984375, 143.578125, 1.400106430053711
v,136.798583984375, 143.578125, -1.4896759986877441
v,136.4453125, 143.8681640625, -1.4896783828735352
v,136.4453125, 143.8671875, 1.4001054763793945
v,136.3935546875, 142.880859375, -1.4897470474243164
v,136.3935546875, 142.8798828125, 1.4000368118286133
v,136.339111328125, 142.8095703125, 1.400029182434082
v,136.33935546875, 142.810546875, -1.4897546768188477
v,136.339111328125, 142.8095703125, 1.400029182434082
v,135.904052734375, 143.166015625, 1.4000253677368164
v,135.904296875, 143.1669921875, -1.4897575378417969
v,136.33935546875, 142.810546875, -1.4897546768188477
v,135.904296875, 143.1669921875, -1.4897575378417969
v,135.904052734375, 143.166015625, 1.4000253677368164
v,136.4453125, 143.8671875, 1.4001054763793945
v,136.4453125, 143.8681640625, -1.4896783828735352
v,136.302490234375, 142.9482421875, 1.4000358581542969
v,136.3935546875, 142.8798828125, 1.4000368118286133
v,136.3935546875, 142.880859375, -1.4897470474243164
v,137.047607421875, 142.388671875, -1.4897394180297852
v,137.04736328125, 142.388671875, 1.9839954376220703
v,136.30224609375, 142.9482421875, 1.9839868545532227
v,137.060791015625, 142.4052734375, -1.4897379875183105
v,137.060546875, 142.4052734375, 1.9839973449707031
v,137.04736328125, 142.388671875, 1.9839954376220703
v,137.047607421875, 142.388671875, -1.4897394180297852
v,136.30224609375, 142.9482421875, 1.9839868545532227
v,137.864501953125, 144.931640625, 1.9842147827148438
v,137.86474609375, 144.931640625, -1.48952054977417
v,136.798583984375, 143.578125, -1.4896759986877441
v,136.79833984375, 143.578125, 1.400106430053711
v,136.302490234375, 142.9482421875, 1.4000358581542969
v,137.8046875, 145.1318359375, -1.4895105361938477
v,137.804443359375, 145.1318359375, 1.9864444732666016
v,137.945556640625, 145.6123046875, 1.9864864349365234
v,137.94580078125, 145.61328125, -1.4894695281982422
v,137.94580078125, 145.61328125, -1.4894695281982422
v,137.945556640625, 145.6123046875, 1.9864864349365234
v,139.04248046875, 146.974609375, 1.986647605895996
v,139.042724609375, 146.974609375, -1.4893083572387695
v,139.592529296875, 146.53125, 1.9866514205932617
v,139.5927734375, 146.53125, -1.4893040657043457
v,139.042724609375, 146.974609375, -1.4893083572387695
v,139.04248046875, 146.974609375, 1.986647605895996
v,138.192626953125, 144.6669921875, 1.9864368438720703
v,137.73046875, 145.0390625, 1.986433982849121
v,137.730712890625, 145.0400390625, -1.4895215034484863
v,137.86474609375, 144.931640625, -1.48952054977417
v,137.864501953125, 144.931640625, 1.9842147827148438
v,138.192626953125, 144.6669921875, 1.9842166900634766
v,137.73046875, 145.0390625, 1.986433982849121
v,137.804443359375, 145.1318359375, 1.9864444732666016
v,137.8046875, 145.1318359375, -1.4895105361938477
v,137.730712890625, 145.0400390625, -1.4895215034484863
v,138.982177734375, 145.8154296875, 4.011521339416504
v,139.485595703125, 145.4365234375, 4.011528015136719
v,139.486083984375, 145.4365234375, -1.4893856048583984
v,139.4775390625, 145.443359375, -1.4893856048583984
v,139.477294921875, 145.443359375, 3.178896903991699
v,139.01611328125, 145.7900390625, 3.178892135620117
v,139.01611328125, 145.7900390625, 1.9865646362304688
v,138.982421875, 145.8154296875, 1.9865646362304688
v,139.486083984375, 145.4365234375, -1.4893856048583984
v,139.485595703125, 145.4365234375, 4.011528015136719
v,138.833740234375, 144.59375, 4.011429786682129
v,138.833984375, 144.59375, -1.48948335647583
v,138.392578125, 144.92578125, 1.9864673614501953
v,138.392578125, 144.92578125, 2.915682792663574
v,138.81396484375, 144.6083984375, 2.9156875610351562
v,138.814208984375, 144.6083984375, -1.48948335647583
v,138.833984375, 144.59375, -1.48948335647583
v,138.833740234375, 144.59375, 4.011429786682129
v,138.330322265625, 144.9716796875, 4.0114240646362305
v,138.33056640625, 144.97265625, 1.986466407775879
v,139.67431640625, 146.63671875, -1.4892916679382324
v,139.674072265625, 146.63671875, 3.1789913177490234
v,140.135009765625, 146.2900390625, 3.1789960861206055
v,140.13525390625, 146.2900390625, -1.4892868995666504
v,139.477294921875, 145.443359375, 3.178896903991699
v,139.4775390625, 145.443359375, -1.4893856048583984
v,140.13525390625, 146.2900390625, -1.4892868995666504
v,140.135009765625, 146.2900390625, 3.1789960861206055
v,139.01611328125, 145.7900390625, 3.178892135620117
v,139.674072265625, 146.63671875, 3.1789913177490234
v,139.67431640625, 146.63671875, -1.4892916679382324
v,139.5927734375, 146.53125, -1.4893040657043457
v,139.592529296875, 146.53125, 1.9866514205932617
v,139.01611328125, 145.7900390625, 1.9865646362304688
i,1,3,0
i,16,18,19
i,26,28,29
i,30,31,35
i,40,44,45
i,51,55,57
i,59,61,58
i,64,65,66
i,73,74,69
i,81,82,78
i,87,89,86
i,91,93,90
i,94,96,97
i,99,101,98
i,103,105,102
i,106,108,109
i,110,112,113
i,116,118,119
i,120,122,123
i,127,128,131
i,132,134,135
i,139,140,141
i,142,144,145
i,146,148,149
i,150,152,153
i,154,156,157
i,158,160,161
i,163,165,162
i,167,169,166
i,171,173,170
i,174,176,177
i,182,183,179
i,184,186,187
i,190,191,192
i,194,196,197
i,198,200,201
i,202,204,205
i,208,209,210
i,213,215,212
i,216,217,221
i,224,226,227
i,229,230,233
i,237,239,236
i,241,243,240
i,246,247,248
i,1,2,3
i,4,5,6
i,6,7,8
i,8,9,10
i,11,12,13
i,6,8,10
i,11,13,14
i,6,10,4
i,10,11,23
i,4,10,23
i,24,25,4
i,11,14,22
i,14,15,16
i,16,17,18
i,14,16,19
i,23,24,4
i,20,21,19
i,21,22,19
i,22,23,11
i,14,19,22
i,26,27,28
i,31,32,33
i,33,34,31
i,34,35,31
i,35,36,30
i,36,37,30
i,47,38,45
i,38,39,45
i,40,41,44
i,41,42,44
i,39,40,45
i,45,46,47
i,42,43,44
i,57,48,49
i,49,50,57
i,50,51,57
i,51,52,54
i,52,53,54
i,54,55,51
i,55,56,57
i,59,60,61
i,67,62,66
i,62,63,66
i,63,64,66
i,75,68,74
i,68,69,74
i,69,70,72
i,70,71,72
i,72,73,69
i,85,76,77
i,78,79,80
i,84,85,83
i,85,77,83
i,78,80,81
i,77,78,82
i,83,77,82
i,87,88,89
i,91,92,93
i,94,95,96
i,99,100,101
i,103,104,105
i,106,107,108
i,110,111,112
i,119,114,115
i,116,117,118
i,119,115,116
i,120,121,122
i,131,124,125
i,125,126,127
i,128,129,131
i,129,130,131
i,125,127,131
i,132,133,134
i,141,136,139
i,136,137,139
i,137,138,139
i,142,143,144
i,146,147,148
i,150,151,152
i,154,155,156
i,158,159,160
i,163,164,165
i,167,168,169
i,171,172,173
i,174,175,176
i,183,178,179
i,179,180,181
i,181,182,179
i,184,185,186
i,193,188,192
i,188,189,192
i,189,190,192
i,194,195,196
i,198,199,200
i,202,203,204
i,211,206,210
i,206,207,210
i,207,208,210
i,213,214,215
i,217,218,220
i,218,219,220
i,222,223,221
i,223,216,221
i,217,220,221
i,224,225,226
i,235,228,229
i,230,231,232
i,234,235,229
i,230,232,233
i,234,229,233
i,237,238,239
i,241,242,243
i,249,244,248
i,244,245,248
i,245,246,248
n,-3.5616888999938965, 2.756549596786499, -0.000381382938940078
n,0.00028048906824551523, 0.0003067697980441153, -4.50379753112793
n,-0.00028815335826948285, -0.00028861063765361905, 4.50379753112793
n,-0.0002807961718644947, -0.00029353555873967707, 4.50379753112793
n,-0.0002784741227515042, -0.0002991339424625039, 4.50379753112793
n,-0.00027768337167799473, -0.00029570399783551693, 4.50379753112793
n,-0.0002785885881166905, -0.00029935932252556086, 4.50379753112793
n,-0.00025875362916849554, -0.0002882390981540084, 4.50379753112793
n,-0.0002756226167548448, -0.00029774816357530653, 4.50379753112793
n,-0.00027824516291730106, -0.0003079723392147571, 4.50379753112793
n,-0.0002808088029269129, -0.00030326106934808195, 4.50379753112793
n,-0.0002817290951497853, -0.00030837394297122955, 4.50379753112793
n,3.02351713180542, 3.3380441665649414, 0.0
n,3.540245532989502, -2.7840359210968018, 0.0
n,-3.037132740020752, -3.325660467147827, 0.0
n,-3.5380382537841797, 2.7868399620056152, 0.0
n,3.561790704727173, -2.756417751312256, 0.0003506362554617226
n,2.782252073287964, 3.541647434234619, 0.0007430695695802569
n,3.5986979007720947, -2.708055257797241, -0.0003560477925930172
n,-2.7715096473693848, -3.5500597953796387, -0.0011368021368980408
n,-4.142510414123535, -1.7674274444580078, -0.0009643433149904013
n,-3.562213659286499, 2.7558705806732178, 0.0
n,-3.5979928970336914, 2.7089920043945312, 0.0
n,2.7516262531280518, 3.5654873847961426, 0.006793995387852192
n,3.540442943572998, -2.7837836742401123, 0.0016865682555362582
n,-2.7490642070770264, -3.567469358444214, 0.0
n,-3.546424388885498, 2.776160478591919, 0.0
n,2.8509256839752197, 3.486604928970337, 0.0002139152929885313
n,3.5657224655151367, -2.7513294219970703, -0.000825768627692014
n,-2.853959321975708, -3.484121799468994, -0.0012598478933796287
n,-3.564563512802124, 2.752830982208252, 0.000558757281396538
n,-2.7069694995880127, -3.5995147228240967, -0.0008122054859995842
n,3.512361764907837, -2.8191323280334473, 0.00021924200700595975
n,-3.537519931793213, 2.7874977588653564, -0.0002654329582583159
n,-4.321809768676758, 1.2673414945602417, 4.663273284677416e-05
n,-3.5075924396514893, 2.825063943862915, -0.00021880441636312753
n,2.8256213665008545, 3.50714373588562, 0.0001762628962751478
n,-2.832803249359131, -3.501345157623291, -0.00017682388715911657
n,-3.522488594055176, 2.8064687252044678, 0.00048053901991806924
n,2.7087202072143555, 3.5981969833374023, 0.002051621675491333
n,3.5626182556152344, -2.7553482055664062, 0.00014042863040231168
n,-2.7093799114227295, -3.597701072692871, 0.0003779387043323368
n,2.703904867172241, 3.601818084716797, 0.00012559010065160692
n,3.556602954864502, -2.763108730316162, 0.0001651959610171616
n,-3.5566649436950684, 2.763028860092163, -0.00022186555725056678
n,-3.5630617141723633, 2.754774570465088, 0.0007983866962604225
n,0.0002500652044545859, 0.0002622623578645289, -4.50379753112793
n,0.0002640763996168971, 0.0002849306329153478, -4.50379753112793
n,0.00027538815629668534, 0.0002962787402793765, -4.50379753112793
n,0.00028162921080365777, 0.00031290776678361, -4.50379753112793
n,0.00027333092293702066, 0.0003007544728461653, -4.50379753112793
n,0.00026283919578418136, 0.00030727486591786146, -4.50379753112793
n,0.00027630390832200646, 0.00029902762616984546, -4.50379753112793
n,0.0002753496519289911, 0.00030038683325983584, -4.50379753112793
n,0.0002757003530859947, 0.0002988927881233394, -4.50379753112793
n,0.00028015743009746075, 0.0002944979933090508, -4.50379753112793
n,0.00028047358500771224, 0.00030517714913003147, -4.50379753112793
n,0.0002811025478877127, 0.0003058671427424997, -4.50379753112793
n,0.0002812791499309242, 0.0003085474018007517, -4.50379753112793
n,0.0002806059783324599, 0.0003067574289161712, -4.50379753112793
n,0.00028020550962537527, 0.0002952637441921979, -4.50379753112793
n,0.0002412590110907331, 0.00033603934571146965, -4.50379753112793
n,0.00024754577316343784, 0.00033127449569292367, -4.50379753112793
n,0.0002794300380628556, 0.0003021061129402369, -4.50379753112793
n,0.0002804260584525764, 0.00030513605452142656, -4.50379753112793
n,-0.0002889737952500582, -0.0002871047181542963, 4.50379753112793
n,-0.0002870573662221432, -0.00028500621556304395, 4.50379753112793
n,-0.0002796957560349256, -0.00029355406877584755, 4.50379753112793
n,-0.00028083304641768336, -0.00029395046294666827, 4.50379753112793
n,-0.0002816181513480842, -0.00029587539029307663, 4.50379753112793
n,-0.00029182733851484954, -0.00029266680940054357, 4.50379753112793
n,-0.000276677223155275, -0.00029321806505322456, 4.50379753112793
n,-0.00027660190244205296, -0.0002932323841378093, 4.50379753112793
n,-0.00028051540721207857, -0.00030158189474605024, 4.50379753112793
n,-0.00028089978150092065, -0.00029695831472054124, 4.50379753112793
n,-0.00027871716883964837, -0.00029604334849864244, 4.50379753112793
n,-0.0002753942972049117, -0.000295457401080057, 4.50379753112793
n,-0.0002760433708317578, -0.00029678799910470843, 4.50379753112793
n,-0.000282225024420768, -0.00030265553505159914, 4.50379753112793
n,-0.00027712227893061936, -0.00030319418874569237, 4.50379753112793
n,-0.00027657629107125103, -0.00029837244073860347, 4.50379753112793
n,-0.000273568817647174, -0.0002976894611492753, 4.50379753112793
n,-0.0002742550568655133, -0.000296349375275895, 4.50379753112793
n,-0.0002798869099933654, -0.00029834298766218126, 4.50379753112793
n,-0.0002773121523205191, -0.0002957928809337318, 4.50379753112793
n,-0.0002788399579003453, -0.0002993666857946664, 4.50379753112793
n,-0.00026625272585079074, -0.0002992040535900742, 4.50379753112793
n,-0.0002773582236841321, -0.0002974789822474122, 4.50379753112793
n,-0.00027459615375846624, -0.00029242251184768975, 4.50379753112793
n,-0.0002789282298181206, -0.0003026553604286164, 4.50379753112793
n,-0.00027057513943873346, -0.0003043539181817323, 4.50379753112793
n,-0.0003280724922660738, -0.00036816083593294024, 4.50379753112793
n,-0.00023671700910199434, -0.0002729760599322617, 4.50379753112793
n,-0.0002769918064586818, -0.0002951122005470097, 4.50379753112793
n,-0.0002916513185482472, -0.0003047190548386425, 4.50379753112793
n,-0.0002496895904187113, -0.0003357894311193377, 4.50379753112793
n,-0.0002822442620526999, -0.00030949339270591736, 4.50379753112793
n,-0.00028182633104734123, -0.0003091444668825716, 4.50379753112793
n,-0.0002826162672135979, -0.00030774594051763415, 4.50379753112793
n,-0.0002788023557513952, -0.0003051262756343931, 4.50379753112793
n,-0.0002810161095112562, -0.0003064591728616506, 4.50379753112793
n,-0.00028128744452260435, -0.00030320294899865985, 4.50379753112793
n,-0.00028161125374026597, -0.0003083933552261442, 4.50379753112793
n,3.02351713180542, 3.3380441665649414, 0.0
n,3.540245532989502, -2.7840359210968018, 0.0
n,-3.037132740020752, -3.325660467147827, 0.0
n,-3.5380382537841797, 2.786839723587036, 0.0
n,3.5623397827148438, -2.7557079792022705, 0.00017534512153360993
n,2.789750576019287, 3.5357439517974854, 0.000274633668595925
n,2.782440423965454, 3.541499137878418, 0.0008342343498952687
n,2.7822139263153076, 3.541677474975586, 0.000755614077206701
n,3.598457098007202, -2.708375930786133, -0.00017899983504321426
n,-2.7702739238739014, -3.5510244369506836, -0.00017292080156039447
n,-2.7706422805786133, -3.550736665725708, -0.0009718486689962447
n,-2.774688243865967, -3.5475761890411377, -6.37950433883816e-05
n,-2.7744638919830322, -3.5477519035339355, 0.0
n,-2.7713818550109863, -3.550159454345703, -0.0013383184559643269
n,-4.143689155578613, -1.7646623849868774, 0.0
n,-3.5622127056121826, 2.7558724880218506, -0.0008292547427117825
n,-3.5631282329559326, 2.754687547683716, -0.0021939093712717295
n,-3.5669331550598145, 2.7497599124908447, 0.0
n,-3.5979928970336914, 2.7089920043945312, 0.0
n,2.745544910430908, 3.570178508758545, 0.0
n,3.5444753170013428, -2.7786433696746826, -0.005294673144817352
n,-2.7478902339935303, -3.568373203277588, -0.0013090182328596711
n,-3.546424388885498, 2.776160478591919, 0.0
n,2.8560471534729004, 3.4824111461639404, 0.0012594909640029073
n,3.560401439666748, -2.7582123279571533, -0.0005606847116723657
n,-2.853959321975708, -3.4841220378875732, -0.0012598481262102723
n,-3.564563512802124, 2.752830982208252, 0.0005587573978118598
n,-2.707759141921997, -3.5989205837249756, -0.0010054368758574128
n,-2.7099058628082275, -3.597304344177246, -0.001079675043001771
n,-2.707336187362671, -3.5992391109466553, -0.0001689922355581075
n,3.512361764907837, -2.8191323280334473, 0.00021924200700595975
n,-3.53828763961792, 2.7865233421325684, -0.0013138260692358017
n,-3.5375759601593018, 2.7874271869659424, 0.00026546992012299597
n,-3.5374739170074463, 2.7875566482543945, -0.00022080946655478328
n,-4.321191787719727, 1.2694475650787354, -0.00026955694193020463
n,-3.5084707736968994, 2.8239729404449463, 0.0004857810854446143
n,2.8256213665008545, 3.50714373588562, 0.0001762628962751478
n,-2.8270435333251953, -3.5059974193573, 0.0
n,-2.802785634994507, -3.4806203842163086, -0.5602400302886963
n,-2.819051742553711, -3.512425661087036, -0.0010522769298404455
n,-3.5095953941345215, 2.822575569152832, -0.00021892937365919352
n,2.8550219535827637, 3.4832515716552734, 0.0007742751622572541
n,2.626645565032959, 3.658541679382324, 0.00012200158380437642
n,2.6874284744262695, 3.6141278743743896, 0.0
n,2.680907964706421, 3.6189675331115723, 0.00028706956072710454
n,2.7074193954467773, 3.5991756916046143, 0.0032009598799049854
n,3.5616891384124756, -2.75654935836792, -0.0001538384094601497
n,-2.714327096939087, -3.59397029876709, 0.0
n,-2.6959307193756104, -3.6077897548675537, -0.00013269884220790118
n,-2.6967973709106445, -3.6071414947509766, -0.001833770889788866
n,-2.692148208618164, -3.6106135845184326, -0.0001061170914908871
n,-2.704758882522583, -3.601175546646118, -0.0025362102314829826
n,2.708233118057251, 3.598564624786377, 0.0007943710079416633
n,3.5579731464385986, -2.7613439559936523, -0.00034777249675244093
n,-3.5560901165008545, 2.763768434524536, 0.0
n,-3.5561611652374268, 2.763676643371582, -9.144004434347153e-05
n,-3.555755376815796, 2.7641990184783936, -0.00016515658353455365
u,0.8514335751533508, 0.6332424283027649, 0
u,0.7648838758468628, 0.5270587801933289, 0
u,0.8514335751533508, 0.5270587801933289, 0
u,0.0, 0.0, 0
u,0.0, 0.0, 0
u,0.0, 0.0, 0
u,0.843375027179718, 0.6870588064193726, 0
u,0.8695849776268005, 0.6608706116676331, 0
u,0.8703768253326416, 0.6870588064193726, 0
u,0.5595747232437134, 0.3835535943508148, 0
u,0.5594565868377686, 0.32035261392593384, 0
u,0.6468911170959473, 0.4521887004375458, 0
u,0.7046151161193848, 0.3952842056751251, 0
u,0.674517810344696, 0.3972755968570709, 0
u,0.6745343208312988, 0.3306654989719391, 0
u,0.7039849162101746, 0.703098475933075, 0
u,0.7029216289520264, 0.6368386149406433, 0
u,0.7312982082366943, 0.6666498184204102, 0
u,0.7660784721374512, 0.46748000383377075, 0
u,0.794366180896759, 0.5223528742790222, 0
u,0.7658929824829102, 0.5223528742790222, 0
u,0.534330427646637, 0.004705899860709906, 0
u,0.5343325138092041, 0.016796300187706947, 0
u,0.5276811122894287, 0.01660740002989769, 0
u,0.7059739828109741, 0.5387120246887207, 0
u,0.7143805027008057, 0.5745022892951965, 0
u,0.616549015045166, 0.6329411864280701, 0
u,0.5052031874656677, 0.45310840010643005, 0
u,0.5015136003494263, 0.21486960351467133, 0
u,0.542969286441803, 0.321581095457077, 0
u,0.39504170417785645, 0.007996399886906147, 0
u,0.45701009035110474, 0.09411290287971497, 0
u,0.3945508897304535, 0.09411770105361938, 0
u,0.5479484796524048, 0.1814883053302765, 0
u,0.5816646814346313, 0.03650650009512901, 0
u,0.5816646814346313, 0.18268999457359314, 0
u,0.8026453852653503, 0.6671208739280701, 0
u,0.8112378716468811, 0.6894118189811707, 0
u,0.8026453852653503, 0.6894118189811707, 0
u,0.8026453852653503, 0.6671208739280701, 0
u,0.7820382714271545, 0.6894118189811707, 0
u,0.7820382714271545, 0.6671208739280701, 0
u,0.8404375910758972, 0.6671208739280701, 0
u,0.8318449854850769, 0.6894118189811707, 0
u,0.8318449854850769, 0.6671208739280701, 0
u,0.8112378716468811, 0.6671208739280701, 0
u,0.8318449854850769, 0.6894118189811707, 0
u,0.8112378716468811, 0.6894118189811707, 0
u,0.5690122246742249, 0.4594036042690277, 0
u,0.6143324971199036, 1.0, 0
u,0.5690122246742249, 1.0, 0
u,0.5091338157653809, 1.0, 0
u,0.4208318889141083, 0.4594036042690277, 0
u,0.5690122246742249, 0.4594036042690277, 0
u,0.4208318889141083, 1.0, 0
u,0.31839218735694885, 0.4594036042690277, 0
u,0.4208318889141083, 0.4594036042690277, 0
u,0.22785219550132751, 1.0, 0
u,0.1798546016216278, 1.0, 0
u,0.16682560741901398, 0.8856955170631409, 0
u,0.06176479905843735, 0.8856955170631409, 0
u,0.07751599699258804, 1.0, 0
u,0.06176479905843735, 1.0, 0
u,0.017207300290465355, 0.885968029499054, 0
u,0.017207300290465355, 0.8856955170631409, 0
u,0.06176479905843735, 0.8856955170631409, 0
u,0.07751599699258804, 0.8856955170631409, 0
u,0.15587149560451508, 1.0, 0
u,0.07751599699258804, 1.0, 0
u,0.804487407207489, 0.6922441124916077, 0
u,0.8230506181716919, 0.7411764860153198, 0
u,0.804487407207489, 0.7411764860153198, 0
u,0.7820382714271545, 0.6922441124916077, 0
u,0.804487407207489, 0.7411764860153198, 0
u,0.7820382714271545, 0.7411764860153198, 0
u,0.8454877734184265, 0.6922441124916077, 0
u,0.864032506942749, 0.7411764860153198, 0
u,0.8454877734184265, 0.7411764860153198, 0
u,0.8230506181716919, 0.6922441124916077, 0
u,0.8454877734184265, 0.7411764860153198, 0
u,0.8230506181716919, 0.7411764860153198, 0
u,0.3935419023036957, 0.09957119822502136, 0
u,0.4177229106426239, 0.4564706087112427, 0
u,0.3935419023036957, 0.4564706087112427, 0
u,0.4991315007209778, 0.4564706087112427, 0
u,0.4944249987602234, 0.09957119822502136, 0
u,0.4991315007209778, 0.09957119822502136, 0
u,0.46462470293045044, 0.4564706087112427, 0
u,0.4944249987602234, 0.09957119822502136, 0
u,0.4944249987602234, 0.4564706087112427, 0
u,0.46462470293045044, 0.09957119822502136, 0
u,0.4177229106426239, 0.4564706087112427, 0
u,0.4177229106426239, 0.09957119822502136, 0
u,0.20484359562397003, 0.44951578974723816, 0
u,0.20484359562397003, 0.33204329013824463, 0
u,0.23638670146465302, 0.34640181064605713, 0
u,0.3924832046031952, 0.4522011876106262, 0
u,0.20484359562397003, 0.44951578974723816, 0
u,0.3924832046031952, 0.44951578974723816, 0
u,0.3924832046031952, 0.014117700047791004, 0
u,0.3924832046031952, 0.23110869526863098, 0
u,0.23638670146465302, 0.23110869526863098, 0
u,0.16418859362602234, 0.004040699917823076, 0
u,0.13634179532527924, 0.45411768555641174, 0
u,0.13634179532527924, 0.004040699917823076, 0
u,0.13634179532527924, 0.004040699917823076, 0
u,0.03923090174794197, 0.45411768555641174, 0
u,0.03923090174794197, 0.004040699917823076, 0
u,0.0, 0.45411768555641174, 0
u,0.03923090174794197, 0.004040699917823076, 0
u,0.03923090174794197, 0.45411768555641174, 0
u,0.1707541048526764, 0.004040699917823076, 0
u,0.18031950294971466, 0.004040699917823076, 0
u,0.18031950294971466, 0.45383021235466003, 0
u,0.16418859362602234, 0.45411768555641174, 0
u,0.1707541048526764, 0.004040699917823076, 0
u,0.1707541048526764, 0.45411768555641174, 0
u,0.8735902905464172, 0.7456012964248657, 0
u,0.8735902905464172, 0.8145179152488708, 0
u,0.8345311284065247, 0.7502428889274597, 0
u,0.6155397891998291, 0.8145179152488708, 0
u,0.8735902905464172, 0.9310799837112427, 0
u,0.6155397891998291, 0.9310799837112427, 0
u,0.8221884965896606, 0.991493284702301, 0
u,0.8221884965896606, 0.9337753057479858, 0
u,0.8735902905464172, 0.9310799837112427, 0
u,0.949766218662262, 0.9976469874382019, 0
u,0.9235727190971375, 0.5033512711524963, 0
u,0.949766218662262, 0.5033512711524963, 0
u,0.8748738765716553, 0.5033512711524963, 0
u,0.9235727190971375, 0.9976469874382019, 0
u,0.8748738765716553, 0.9976469874382019, 0
u,0.949766218662262, 0.5033512711524963, 0
u,0.9558076858520508, 0.5033512711524963, 0
u,0.9558076858520508, 0.87139892578125, 0
u,0.8514335751533508, 0.6332424283027649, 0
u,0.7648838758468628, 0.6332424283027649, 0
u,0.7648838758468628, 0.5270587801933289, 0
u,0.0, 0.0, 0
u,0.0, 0.0, 0
u,0.0, 0.0, 0
u,0.0, 0.0, 0
u,0.0, 0.0, 0
u,0.0, 0.0, 0
u,0.0, 0.0, 0
u,0.0, 0.0, 0
u,0.0, 0.0, 0
u,0.0, 0.0, 0
u,0.0, 0.0, 0
u,0.0, 0.0, 0
u,0.0, 0.0, 0
u,0.0, 0.0, 0
u,0.0, 0.0, 0
u,0.0, 0.0, 0
u,0.0, 0.0, 0
u,0.0, 0.0, 0
u,0.0, 0.0, 0
u,0.0, 0.0, 0
u,0.0, 0.0, 0
u,0.0, 0.0, 0
u,0.0, 0.0, 0
u,0.0, 0.0, 0
u,0.0, 0.0, 0
u,0.0, 0.0, 0
u,0.0, 0.0, 0
u,0.0, 0.0, 0
u,0.0, 0.0, 0
u,0.0, 0.0, 0
u,0.0, 0.0, 0
u,0.0, 0.0, 0
u,0.0, 0.0, 0
u,0.0, 0.0, 0
u,0.0, 0.0, 0
u,0.0, 0.0, 0
u,0.0, 0.0, 0
u,0.0, 0.0, 0
u,0.0, 0.0, 0
u,0.0, 0.0, 0
u,0.0, 0.0, 0
u,0.0, 0.0, 0
u,0.0, 0.0, 0
u,0.0, 0.0, 0
u,0.0, 0.0, 0
u,0.0, 0.0, 0
u,0.0, 0.0, 0
u,0.0, 0.0, 0
u,0.0, 0.0, 0
u,0.0, 0.0, 0
u,0.0, 0.0, 0
u,0.0, 0.0, 0
u,0.0, 0.0, 0
u,0.0, 0.0, 0
u,0.0, 0.0, 0
u,0.0, 0.0, 0
u,0.0, 0.0, 0
u,0.843375027179718, 0.6870588064193726, 0
u,0.842583179473877, 0.6608706116676331, 0
u,0.8695849776268005, 0.6608706116676331, 0
u,0.5594565868377686, 0.32035261392593384, 0
u,0.5481864213943481, 0.3223203122615814, 0
u,0.5479313731193542, 0.18588240444660187, 0
u,0.5479313731193542, 0.18588240444660187, 0
u,0.6488881707191467, 0.18588240444660187, 0
u,0.5594565868377686, 0.32035261392593384, 0
u,0.6488881707191467, 0.18588240444660187, 0
u,0.6468911170959473, 0.4521887004375458, 0
u,0.5594565868377686, 0.32035261392593384, 0
u,0.6468911170959473, 0.4521887004375458, 0
u,0.5484305024147034, 0.4529392123222351, 0
u,0.5595747232437134, 0.3835535943508148, 0
u,0.5484305024147034, 0.4529392123222351, 0
u,0.5483044981956482, 0.3855212926864624, 0
u,0.5595747232437134, 0.3835535943508148, 0
u,0.6510180830955505, 0.1952940970659256, 0
u,0.704521894454956, 0.19570200145244598, 0
u,0.6745343208312988, 0.3306654989719391, 0
u,0.704521894454956, 0.19570200145244598, 0
u,0.704585611820221, 0.3321009874343872, 0
u,0.6745343208312988, 0.3306654989719391, 0
u,0.7046151161193848, 0.3952842056751251, 0
u,0.7046465873718262, 0.46268290281295776, 0
u,0.674517810344696, 0.3972755968570709, 0
u,0.7046465873718262, 0.46268290281295776, 0
u,0.65085768699646, 0.46268290281295776, 0
u,0.674517810344696, 0.3972755968570709, 0
u,0.704585611820221, 0.3321009874343872, 0
u,0.7046151161193848, 0.3952842056751251, 0
u,0.6745343208312988, 0.3306654989719391, 0
u,0.6745343208312988, 0.3306654989719391, 0
u,0.6509370803833008, 0.3301548957824707, 0
u,0.6510180830955505, 0.1952940970659256, 0
u,0.65085768699646, 0.46268290281295776, 0
u,0.6508973240852356, 0.39672958850860596, 0
u,0.674517810344696, 0.3972755968570709, 0
u,0.7312982082366943, 0.6666498184204102, 0
u,0.7818102240562439, 0.6666582822799683, 0
u,0.781396210193634, 0.7388234734535217, 0
u,0.781396210193634, 0.7388234734535217, 0
u,0.7125561237335205, 0.7388234734535217, 0
u,0.7312982082366943, 0.6666498184204102, 0
u,0.7125561237335205, 0.7388234734535217, 0
u,0.7039849162101746, 0.703098475933075, 0
u,0.7312982082366943, 0.6666498184204102, 0
u,0.7039849162101746, 0.703098475933075, 0
u,0.6166613101959229, 0.7003906965255737, 0
u,0.6743752956390381, 0.6372429728507996, 0
u,0.6166613101959229, 0.7003906965255737, 0
u,0.616549015045166, 0.6380621790885925, 0
u,0.6743752956390381, 0.6372429728507996, 0
u,0.6743752956390381, 0.6372429728507996, 0
u,0.7029216289520264, 0.6368386149406433, 0
u,0.7039849162101746, 0.703098475933075, 0
u,0.7029216289520264, 0.6368386149406433, 0
u,0.7312014102935791, 0.6364378929138184, 0
u,0.7312982082366943, 0.6666498184204102, 0
u,0.7660784721374512, 0.46748000383377075, 0
u,0.794566810131073, 0.46742528676986694, 0
u,0.794366180896759, 0.5223528742790222, 0
u,0.5281428098678589, 0.12563690543174744, 0
u,0.5015136003494263, 0.12739810347557068, 0
u,0.5276811122894287, 0.01660740002989769, 0
u,0.5015136003494263, 0.12739810347557068, 0
u,0.5015136003494263, 0.006913399789482355, 0
u,0.5276811122894287, 0.01660740002989769, 0
u,0.5015136003494263, 0.006913399789482355, 0
u,0.534330427646637, 0.004705899860709906, 0
u,0.5276811122894287, 0.01660740002989769, 0
u,0.7638837099075317, 0.5755410194396973, 0
u,0.7641432285308838, 0.6329411864280701, 0
u,0.7143805027008057, 0.5745022892951965, 0
u,0.7641432285308838, 0.6329411864280701, 0
u,0.616549015045166, 0.6329411864280701, 0
u,0.7143805027008057, 0.5745022892951965, 0
u,0.616549015045166, 0.6329411864280701, 0
u,0.6177511215209961, 0.5058079957962036, 0
u,0.6189395189285278, 0.5341864228248596, 0
u,0.6177511215209961, 0.5058079957962036, 0
u,0.6189978122711182, 0.5058081150054932, 0
u,0.6189395189285278, 0.5341864228248596, 0
u,0.6189395189285278, 0.5341864228248596, 0
u,0.7059739828109741, 0.5387120246887207, 0
u,0.616549015045166, 0.6329411864280701, 0
u,0.5461583137512207, 0.13176479935646057, 0
u,0.5464779138565063, 0.1763285994529724, 0
u,0.5419315099716187, 0.17636409401893616, 0
u,0.542969286441803, 0.321581095457077, 0
u,0.54544997215271, 0.32156360149383545, 0
u,0.5464779138565063, 0.4496088922023773, 0
u,0.5114976167678833, 0.13469639420509338, 0
u,0.5461583137512207, 0.13176479935646057, 0
u,0.5117406249046326, 0.15080370008945465, 0
u,0.5461583137512207, 0.13176479935646057, 0
u,0.5419315099716187, 0.17636409401893616, 0
u,0.5117406249046326, 0.15080370008945465, 0
u,0.542969286441803, 0.321581095457077, 0
u,0.5464779138565063, 0.4496088922023773, 0
u,0.5052031874656677, 0.45310840010643005, 0
u,0.5419315099716187, 0.17636409401893616, 0
u,0.542969286441803, 0.321581095457077, 0
u,0.5015136003494263, 0.21486960351467133, 0
u,0.5117406249046326, 0.15080370008945465, 0
u,0.5419315099716187, 0.17636409401893616, 0
u,0.5015136003494263, 0.21486960351467133, 0
u,0.39504170417785645, 0.007996399886906147, 0
u,0.45751240849494934, 0.007996399886906147, 0
u,0.45701009035110474, 0.09411290287971497, 0
u,0.5479484796524048, 0.1814883053302765, 0
u,0.5479313731193542, 0.03529420122504234, 0
u,0.5816646814346313, 0.03650650009512901, 0
u,0.8026453852653503, 0.6671208739280701, 0
u,0.8112378716468811, 0.6671208739280701, 0
u,0.8112378716468811, 0.6894118189811707, 0
u,0.8026453852653503, 0.6671208739280701, 0
u,0.8026453852653503, 0.6894118189811707, 0
u,0.7820382714271545, 0.6894118189811707, 0
u,0.8404375910758972, 0.6671208739280701, 0
u,0.8404375910758972, 0.6894118189811707, 0
u,0.8318449854850769, 0.6894118189811707, 0
u,0.8112378716468811, 0.6671208739280701, 0
u,0.8318449854850769, 0.6671208739280701, 0
u,0.8318449854850769, 0.6894118189811707, 0
u,0.5690122246742249, 0.4594036042690277, 0
u,0.6143324971199036, 0.4594036042690277, 0
u,0.6143324971199036, 1.0, 0
u,0.5690122246742249, 0.4594036042690277, 0
u,0.5690122246742249, 1.0, 0
u,0.5573868155479431, 1.0, 0
u,0.5091338157653809, 1.0, 0
u,0.4208318889141083, 1.0, 0
u,0.4208318889141083, 0.4594036042690277, 0
u,0.5690122246742249, 0.4594036042690277, 0
u,0.5573868155479431, 1.0, 0
u,0.5091338157653809, 1.0, 0
u,0.4208318889141083, 1.0, 0
u,0.31839218735694885, 1.0, 0
u,0.31839218735694885, 0.4594036042690277, 0
u,0.16682560741901398, 0.8856955170631409, 0
u,0.16682560741901398, 0.4594036042690277, 0
u,0.31839218735694885, 0.4594036042690277, 0
u,0.31839218735694885, 0.4594036042690277, 0
u,0.31839218735694885, 1.0, 0
u,0.22785219550132751, 1.0, 0
u,0.1798546016216278, 1.0, 0
u,0.15587149560451508, 1.0, 0
u,0.16682560741901398, 0.8856955170631409, 0
u,0.15587149560451508, 1.0, 0
u,0.15587149560451508, 0.8856955170631409, 0
u,0.16682560741901398, 0.8856955170631409, 0
u,0.31839218735694885, 0.4594036042690277, 0
u,0.22785219550132751, 1.0, 0
u,0.16682560741901398, 0.8856955170631409, 0
u,0.06176479905843735, 0.8856955170631409, 0
u,0.07751599699258804, 0.8856955170631409, 0
u,0.07751599699258804, 1.0, 0
u,0.06176479905843735, 0.8856955170631409, 0
u,0.06176479905843735, 1.0, 0
u,0.017207300290465355, 0.885968029499054, 0
u,0.06176479905843735, 1.0, 0
u,0.0, 1.0, 0
u,0.017207300290465355, 0.885968029499054, 0
u,0.0, 1.0, 0
u,0.0, 0.885968029499054, 0
u,0.017207300290465355, 0.885968029499054, 0
u,0.07751599699258804, 0.8856955170631409, 0
u,0.15587149560451508, 0.8856955170631409, 0
u,0.15587149560451508, 1.0, 0
u,0.804487407207489, 0.6922441124916077, 0
u,0.8230506181716919, 0.6922441124916077, 0
u,0.8230506181716919, 0.7411764860153198, 0
u,0.7820382714271545, 0.6922441124916077, 0
u,0.804487407207489, 0.6922441124916077, 0
u,0.804487407207489, 0.7411764860153198, 0
u,0.8454877734184265, 0.6922441124916077, 0
u,0.864032506942749, 0.6922441124916077, 0
u,0.864032506942749, 0.7411764860153198, 0
u,0.8230506181716919, 0.6922441124916077, 0
u,0.8454877734184265, 0.6922441124916077, 0
u,0.8454877734184265, 0.7411764860153198, 0
u,0.3935419023036957, 0.09957119822502136, 0
u,0.4177229106426239, 0.09957119822502136, 0
u,0.4177229106426239, 0.4564706087112427, 0
u,0.4991315007209778, 0.4564706087112427, 0
u,0.4944249987602234, 0.4564706087112427, 0
u,0.4944249987602234, 0.09957119822502136, 0
u,0.46462470293045044, 0.4564706087112427, 0
u,0.46462470293045044, 0.09957119822502136, 0
u,0.4944249987602234, 0.09957119822502136, 0
u,0.46462470293045044, 0.09957119822502136, 0
u,0.46462470293045044, 0.4564706087112427, 0
u,0.4177229106426239, 0.4564706087112427, 0
u,0.20484359562397003, 0.33204329013824463, 0
u,0.23638670146465302, 0.33204329013824463, 0
u,0.23638670146465302, 0.34640181064605713, 0
u,0.23638670146465302, 0.34640181064605713, 0
u,0.3924832046031952, 0.34640181064605713, 0
u,0.3924832046031952, 0.44951578974723816, 0
u,0.3924832046031952, 0.44951578974723816, 0
u,0.20484359562397003, 0.44951578974723816, 0
u,0.23638670146465302, 0.34640181064605713, 0
u,0.3924832046031952, 0.4522011876106262, 0
u,0.20484359562397003, 0.4522011876106262, 0
u,0.20484359562397003, 0.44951578974723816, 0
u,0.23638670146465302, 0.33204329013824463, 0
u,0.20484359562397003, 0.33204329013824463, 0
u,0.23638670146465302, 0.23110869526863098, 0
u,0.20484359562397003, 0.33204329013824463, 0
u,0.20484359562397003, 0.014117700047791004, 0
u,0.23638670146465302, 0.23110869526863098, 0
u,0.20484359562397003, 0.014117700047791004, 0
u,0.3924832046031952, 0.014117700047791004, 0
u,0.23638670146465302, 0.23110869526863098, 0
u,0.16418859362602234, 0.004040699917823076, 0
u,0.16418859362602234, 0.45411768555641174, 0
u,0.13634179532527924, 0.45411768555641174, 0
u,0.13634179532527924, 0.004040699917823076, 0
u,0.13634179532527924, 0.45411768555641174, 0
u,0.03923090174794197, 0.45411768555641174, 0
u,0.0, 0.45411768555641174, 0
u,0.0, 0.004040699917823076, 0
u,0.03923090174794197, 0.004040699917823076, 0
u,0.20369839668273926, 0.45383021235466003, 0
u,0.20369839668273926, 0.45411768555641174, 0
u,0.18031950294971466, 0.45383021235466003, 0
u,0.20369839668273926, 0.45411768555641174, 0
u,0.1707541048526764, 0.45411768555641174, 0
u,0.18031950294971466, 0.45383021235466003, 0
u,0.1707541048526764, 0.45411768555641174, 0
u,0.1707541048526764, 0.004040699917823076, 0
u,0.18031950294971466, 0.45383021235466003, 0
u,0.16418859362602234, 0.45411768555641174, 0
u,0.16418859362602234, 0.004040699917823076, 0
u,0.1707541048526764, 0.004040699917823076, 0
u,0.8735902905464172, 0.8145179152488708, 0
u,0.6155397891998291, 0.8145179152488708, 0
u,0.8345311284065247, 0.8133714199066162, 0
u,0.6155397891998291, 0.8145179152488708, 0
u,0.6155397891998291, 0.8133714199066162, 0
u,0.8345311284065247, 0.8133714199066162, 0
u,0.7785984873771667, 0.7502428889274597, 0
u,0.7785984873771667, 0.7456012964248657, 0
u,0.8345311284065247, 0.7502428889274597, 0
u,0.7785984873771667, 0.7456012964248657, 0
u,0.8735902905464172, 0.7456012964248657, 0
u,0.8345311284065247, 0.7502428889274597, 0
u,0.8735902905464172, 0.8145179152488708, 0
u,0.8345311284065247, 0.8133714199066162, 0
u,0.8345311284065247, 0.7502428889274597, 0
u,0.6155397891998291, 0.8145179152488708, 0
u,0.8735902905464172, 0.8145179152488708, 0
u,0.8735902905464172, 0.9310799837112427, 0
u,0.7785984873771667, 1.0, 0
u,0.7785984873771667, 0.991493284702301, 0
u,0.8221884965896606, 0.991493284702301, 0
u,0.8221884965896606, 0.9337753057479858, 0
u,0.6155397891998291, 0.9337753057479858, 0
u,0.6155397891998291, 0.9310799837112427, 0
u,0.8735902905464172, 1.0, 0
u,0.7785984873771667, 1.0, 0
u,0.8221884965896606, 0.991493284702301, 0
u,0.8221884965896606, 0.9337753057479858, 0
u,0.6155397891998291, 0.9310799837112427, 0
u,0.8735902905464172, 0.9310799837112427, 0
u,0.8735902905464172, 1.0, 0
u,0.8221884965896606, 0.991493284702301, 0
u,0.8735902905464172, 0.9310799837112427, 0
u,0.949766218662262, 0.9976469874382019, 0
u,0.9235727190971375, 0.9976469874382019, 0
u,0.9235727190971375, 0.5033512711524963, 0
u,0.8748738765716553, 0.5033512711524963, 0
u,0.9235727190971375, 0.5033512711524963, 0
u,0.9235727190971375, 0.9976469874382019, 0
u,0.9984685778617859, 0.87139892578125, 0
u,0.9984685778617859, 0.9976469874382019, 0
u,0.9558076858520508, 0.87139892578125, 0
u,0.9984685778617859, 0.9976469874382019, 0
u,0.949766218662262, 0.9976469874382019, 0
u,0.9558076858520508, 0.87139892578125, 0
u,0.949766218662262, 0.9976469874382019, 0
u,0.949766218662262, 0.5033512711524963, 0
u,0.9558076858520508, 0.87139892578125, 0
