s,90.257568359375, 74.4560546875, -1.3486299514770508
b,97.397216796875, 80.890625, 8.041606903076172
v,94.766357421875, 75.2060546875, 8.041582107543945
v,94.766357421875, 75.2060546875, 7.37103796005249
v,95.25048828125, 75.224609375, 7.371053218841553
v,95.25048828125, 75.224609375, 8.041597366333008
v,95.7783203125, 80.794921875, -1.3483490943908691
v,96.251953125, 80.8154296875, -1.3483333587646484
v,96.251953125, 80.8154296875, -1.3483333587646484
v,97.148193359375, 80.8681640625, -1.3483033180236816
v,97.397216796875, 74.87109375, -1.348414421081543
v,96.508056640625, 74.818359375, -1.3484444618225098
v,96.508056640625, 74.8173828125, -1.3484444618225098
v,96.02587890625, 74.7978515625, -1.3484599590301514
v,96.0302734375, 74.6865234375, -1.3484621047973633
v,90.587158203125, 74.4560546875, -1.3486299514770508
v,90.350830078125, 80.1748046875, -1.348524808883667
v,90.27734375, 80.1728515625, -1.348526954650879
v,90.2578125, 80.640625, -1.348517656326294
v,90.33154296875, 80.6435546875, -1.348515510559082
v,90.330810546875, 80.6611328125, -1.3485150337219238
v,95.7744140625, 80.890625, -1.3483469486236572
v,95.861083984375, 78.7861328125, 5.660362720489502
v,95.900634765625, 77.826171875, 5.66034460067749
v,96.287109375, 77.8408203125, 5.6603569984436035
v,96.2509765625, 78.80078125, 5.660376071929932
v,96.2587890625, 80.8154296875, 3.1947216987609863
v,95.778076171875, 80.794921875, 3.1947054862976074
v,95.861083984375, 78.7861328125, 3.1946663856506348
v,96.2509765625, 78.80078125, 3.194678783416748
v,96.287353515625, 77.8408203125, 3.19465970993042
v,95.900634765625, 77.826171875, 3.1946473121643066
v,96.025634765625, 74.7978515625, 3.1945948600769043
v,96.508056640625, 74.8173828125, 3.194610118865967
v,96.508056640625, 74.818359375, 3.194611072540283
v,96.50048828125, 74.818359375, 3.194610118865967
v,96.308349609375, 79.4501953125, 3.1946940422058105
v,96.421142578125, 76.9111328125, 3.1946463584899902
v,96.251708984375, 80.814453125, 3.1894888877868652
v,96.2587890625, 80.8154296875, 3.1800923347473145
v,96.421142578125, 76.9111328125, 3.1946463584899902
v,96.308349609375, 79.4501953125, 3.1946940422058105
v,96.50048828125, 74.818359375, 3.2123732566833496
v,97.397216796875, 74.87109375, 2.029599666595459
v,97.148193359375, 80.8681640625, 2.007314682006836
v,96.251708984375, 80.8154296875, 3.1894869804382324
v,90.5966796875, 80.60546875, 5.666903972625732
v,90.608642578125, 80.1826171875, 5.666895389556885
v,90.417236328125, 80.1767578125, 5.666889667510986
v,90.431396484375, 79.8369140625, 5.6668829917907715
v,92.31298828125, 79.9052734375, 5.666938304901123
v,94.628662109375, 79.9892578125, 5.6670098304748535
v,95.742919921875, 80.029296875, 5.667046070098877
v,95.710205078125, 80.8212890625, 5.667062282562256
v,94.63671875, 79.7666015625, 5.667006015777588
v,92.32080078125, 79.68359375, 5.666933536529541
v,92.31298828125, 79.9052734375, 5.666938304901123
v,90.431396484375, 79.8369140625, 5.6668829917907715
v,90.451416015625, 79.3525390625, 5.666872501373291
v,92.33544921875, 79.4208984375, 5.666928768157959
v,94.6513671875, 79.5048828125, 5.667001247406006
v,95.762939453125, 79.5458984375, 5.667036533355713
v,95.742919921875, 80.029296875, 5.667046070098877
v,94.628662109375, 79.9892578125, 5.6670098304748535
v,94.6591796875, 79.283203125, 5.666996479034424
v,92.34326171875, 79.1982421875, 5.666924953460693
v,92.33544921875, 79.4208984375, 5.666928768157959
v,90.451416015625, 79.3525390625, 5.666872501373291
v,90.470703125, 78.8837890625, 5.666863918304443
v,92.308837890625, 78.9501953125, 5.6669182777404785
v,94.624755859375, 79.0341796875, 5.666989803314209
v,95.7822265625, 79.076171875, 5.667026996612549
v,95.762939453125, 79.5458984375, 5.667036533355713
v,94.6513671875, 79.5048828125, 5.667001247406006
v,90.489013671875, 78.4423828125, 5.666855335235596
v,92.493408203125, 78.515625, 5.666914463043213
v,94.80908203125, 78.599609375, 5.666985988616943
v,95.800537109375, 78.634765625, 5.667018413543701
v,95.7822265625, 79.076171875, 5.667026996612549
v,94.624755859375, 79.0341796875, 5.666989803314209
v,94.632568359375, 78.8115234375, 5.666985988616943
v,92.317138671875, 78.7275390625, 5.6669135093688965
v,92.308837890625, 78.9501953125, 5.6669182777404785
v,90.470703125, 78.8837890625, 5.666863918304443
v,94.817138671875, 78.376953125, 5.666982173919678
v,92.501220703125, 78.29296875, 5.666910648345947
v,92.493408203125, 78.515625, 5.666914463043213
v,90.489013671875, 78.4423828125, 5.666855335235596
v,90.510986328125, 77.90625, 5.666844844818115
v,92.38232421875, 77.9736328125, 5.666901111602783
v,94.6982421875, 78.0576171875, 5.666971683502197
v,95.822509765625, 78.0986328125, 5.667008876800537
v,95.800537109375, 78.634765625, 5.667018413543701
v,94.80908203125, 78.599609375, 5.666985988616943
v,90.5302734375, 77.4453125, 5.666836261749268
v,92.552734375, 77.5185546875, 5.666896343231201
v,94.86865234375, 77.6025390625, 5.666968822479248
v,95.841552734375, 77.6376953125, 5.6670002937316895
v,95.822509765625, 78.0986328125, 5.667008876800537
v,94.6982421875, 78.0576171875, 5.666971683502197
v,94.7060546875, 77.8359375, 5.666967868804932
v,92.390380859375, 77.751953125, 5.666896343231201
v,92.38232421875, 77.9736328125, 5.666901111602783
v,90.510986328125, 77.90625, 5.666844844818115
v,94.87646484375, 77.3798828125, 5.666964054107666
v,92.56103515625, 77.2958984375, 5.6668925285339355
v,92.552734375, 77.5185546875, 5.666896343231201
v,90.5302734375, 77.4453125, 5.666836261749268
v,90.65087890625, 74.525390625, 5.666785717010498
v,91.178955078125, 74.5478515625, 5.666801929473877
v,91.128173828125, 75.7431640625, 5.666821002960205
v,95.851318359375, 75.9462890625, 5.666967868804932
v,95.90234375, 74.7470703125, 5.666947841644287
v,95.9609375, 74.75, 5.66694974899292
v,95.841552734375, 77.6376953125, 5.6670002937316895
v,94.86865234375, 77.6025390625, 5.666968822479248
v,96.030029296875, 74.6865234375, 5.722459316253662
v,95.774169921875, 80.890625, 5.722574710845947
v,90.330810546875, 80.66015625, 5.722405910491943
v,90.331298828125, 80.6435546875, 5.722405910491943
v,90.595458984375, 80.650390625, 5.722413539886475
v,90.5966796875, 80.60546875, 5.722412586212158
v,95.710205078125, 80.8212890625, 5.722570896148682
v,95.9609375, 74.75, 5.722458362579346
v,95.90234375, 74.7470703125, 5.722456455230713
v,95.903076171875, 74.73046875, 5.722456455230713
v,91.1796875, 74.52734375, 5.722309589385986
v,91.178955078125, 74.5478515625, 5.722310543060303
v,90.65087890625, 74.525390625, 5.722294330596924
v,90.417236328125, 80.1767578125, 5.722398281097412
v,90.3505859375, 80.1748046875, 5.722397327423096
v,90.587158203125, 74.4560546875, 5.722291469573975
v,90.257568359375, 80.640625, 7.475368976593018
v,90.27685546875, 80.1728515625, 7.4753594398498535
v,90.608642578125, 80.1826171875, 7.475368976593018
v,90.595458984375, 80.650390625, 7.475379467010498
v,94.628662109375, 79.9892578125, 6.077774524688721
v,92.31298828125, 79.9052734375, 6.07770299911499
v,92.32080078125, 79.68359375, 6.077698230743408
v,94.63671875, 79.7666015625, 6.077769756317139
v,92.308837890625, 78.9501953125, 6.077682971954346
v,92.317138671875, 78.7275390625, 6.077678203582764
v,94.632568359375, 78.8115234375, 6.077749729156494
v,94.624755859375, 79.0341796875, 6.077754497528076
v,94.6513671875, 79.5048828125, 6.077764987945557
v,92.33544921875, 79.4208984375, 6.07769250869751
v,92.34326171875, 79.1982421875, 6.077688694000244
v,94.6591796875, 79.283203125, 6.077761173248291
v,94.6982421875, 78.0576171875, 6.077737331390381
v,92.38232421875, 77.9736328125, 6.077664852142334
v,92.390380859375, 77.751953125, 6.077661037445068
v,94.7060546875, 77.8359375, 6.077732563018799
v,94.80908203125, 78.599609375, 6.076640605926514
v,92.493408203125, 78.515625, 6.076569080352783
v,92.501220703125, 78.29296875, 6.076564311981201
v,94.817138671875, 78.376953125, 6.076636791229248
v,94.86865234375, 77.6025390625, 6.076623439788818
v,92.552734375, 77.5185546875, 6.0765509605407715
v,92.56103515625, 77.2958984375, 6.076547145843506
v,94.87646484375, 77.3798828125, 6.076618671417236
v,94.090576171875, 75.6357421875, 8.041568756103516
v,94.108154296875, 75.162109375, 8.041561126708984
v,94.592041015625, 75.1806640625, 8.041576385498047
v,94.574462890625, 75.654296875, 8.041584014892578
v,94.124267578125, 74.720703125, 7.371008396148682
v,94.108154296875, 75.162109375, 7.371016025543213
v,94.090576171875, 75.6357421875, 7.3710246086120605
v,94.08447265625, 75.8037109375, 7.37102746963501
v,91.197509765625, 75.6796875, 7.3709397315979
v,91.243408203125, 74.5966796875, 7.370921611785889
v,94.574462890625, 75.654296875, 7.371039867401123
v,94.592041015625, 75.1806640625, 7.371031284332275
v,94.108154296875, 75.162109375, 7.371016025543213
v,94.124267578125, 74.720703125, 7.371008396148682
v,94.783203125, 74.748046875, 7.371030330657959
v,94.76611328125, 75.2060546875, 7.37103796005249
v,94.748779296875, 75.6796875, 7.371046543121338
v,94.7431640625, 75.83203125, 7.371048450469971
v,94.08447265625, 75.8037109375, 7.37102746963501
v,94.090576171875, 75.6357421875, 7.3710246086120605
v,95.232666015625, 75.6982421875, 7.371060848236084
v,95.25048828125, 75.224609375, 7.371053218841553
v,94.76611328125, 75.2060546875, 7.37103796005249
v,94.783203125, 74.748046875, 7.371030330657959
v,95.833740234375, 74.7939453125, 7.371063709259033
v,95.787353515625, 75.876953125, 7.371081829071045
v,94.7431640625, 75.83203125, 7.371048450469971
v,94.748779296875, 75.6796875, 7.371046543121338
v,91.197509765625, 75.6796875, 7.426448345184326
v,95.787353515625, 75.876953125, 7.426590442657471
v,95.851318359375, 75.9462890625, 7.42659330368042
v,91.128173828125, 75.7431640625, 7.42644739151001
v,91.1796875, 74.52734375, 7.426426410675049
v,95.903076171875, 74.73046875, 7.426573276519775
v,95.851318359375, 75.9462890625, 7.42659330368042
v,95.787353515625, 75.876953125, 7.426590442657471
v,95.833740234375, 74.7939453125, 7.426572322845459
v,91.243408203125, 74.5966796875, 7.4264302253723145
v,91.197509765625, 75.6796875, 7.426448345184326
v,91.128173828125, 75.7431640625, 7.42644739151001
v,94.76611328125, 75.2060546875, 8.041582107543945
v,95.25048828125, 75.224609375, 8.041597366333008
v,95.232666015625, 75.6982421875, 8.041606903076172
v,94.748779296875, 75.6796875, 8.041589736938477
v,95.861083984375, 78.7861328125, 3.1946663856506348
v,95.861083984375, 78.7861328125, 5.660362720489502
v,96.2509765625, 78.80078125, 5.660376071929932
v,96.2509765625, 78.80078125, 3.194678783416748
v,96.287353515625, 77.8408203125, 3.19465970993042
v,96.2509765625, 78.80078125, 3.194678783416748
v,96.2509765625, 78.80078125, 5.660376071929932
v,96.287109375, 77.8408203125, 5.6603569984436035
v,95.900634765625, 77.826171875, 5.66034460067749
v,95.900634765625, 77.826171875, 3.1946473121643066
v,96.287353515625, 77.8408203125, 3.19465970993042
v,96.287109375, 77.8408203125, 5.6603569984436035
v,96.508056640625, 74.8173828125, 3.194610118865967
v,96.025634765625, 74.7978515625, 3.1945948600769043
v,96.02587890625, 74.7978515625, -1.3484599590301514
v,96.508056640625, 74.8173828125, -1.3484444618225098
v,96.251953125, 80.8154296875, -1.3483333587646484
v,95.7783203125, 80.794921875, -1.3483490943908691
v,95.778076171875, 80.794921875, 3.1947054862976074
v,96.2587890625, 80.8154296875, 3.1947216987609863
v,96.2587890625, 80.8154296875, 3.1800923347473145
v,96.251708984375, 80.814453125, 3.1894888877868652
v,96.508056640625, 74.818359375, -1.3484444618225098
v,96.508056640625, 74.818359375, 3.194611072540283
v,96.508056640625, 74.8173828125, 3.194610118865967
v,96.508056640625, 74.8173828125, -1.3484444618225098
v,96.421142578125, 76.9111328125, 3.1946463584899902
v,96.2587890625, 80.8154296875, 3.1800923347473145
v,96.2587890625, 80.8154296875, 3.1947216987609863
v,96.50048828125, 74.818359375, 3.194610118865967
v,96.508056640625, 74.818359375, 3.194611072540283
v,96.508056640625, 74.818359375, -1.3484444618225098
v,97.397216796875, 74.87109375, -1.348414421081543
v,97.397216796875, 74.87109375, 2.029599666595459
v,96.50048828125, 74.818359375, 3.2123732566833496
v,96.251953125, 80.8154296875, -1.3483333587646484
v,96.251708984375, 80.814453125, 3.1894888877868652
v,96.251708984375, 80.8154296875, 3.1894869804382324
v,96.251953125, 80.8154296875, -1.3483333587646484
v,96.251953125, 80.8154296875, -1.3483333587646484
v,96.251708984375, 80.8154296875, 3.1894869804382324
v,97.148193359375, 80.8681640625, 2.007314682006836
v,97.148193359375, 80.8681640625, -1.3483033180236816
v,97.148193359375, 80.8681640625, 2.007314682006836
v,97.397216796875, 74.87109375, 2.029599666595459
v,97.397216796875, 74.87109375, -1.348414421081543
v,97.148193359375, 80.8681640625, -1.3483033180236816
v,96.50048828125, 74.818359375, 3.2123732566833496
v,96.308349609375, 79.4501953125, 3.1946940422058105
v,96.50048828125, 74.818359375, 3.194610118865967
v,95.861083984375, 78.7861328125, 3.1946663856506348
v,95.778076171875, 80.794921875, 3.1947054862976074
v,95.7783203125, 80.794921875, -1.3483490943908691
v,95.7744140625, 80.890625, -1.3483469486236572
v,95.774169921875, 80.890625, 5.722574710845947
v,96.030029296875, 74.6865234375, 5.722459316253662
v,96.0302734375, 74.6865234375, -1.3484621047973633
v,96.02587890625, 74.7978515625, -1.3484599590301514
v,96.025634765625, 74.7978515625, 3.1945948600769043
v,95.900634765625, 77.826171875, 3.1946473121643066
v,95.900634765625, 77.826171875, 5.66034460067749
v,95.861083984375, 78.7861328125, 5.660362720489502
v,96.0302734375, 74.6865234375, -1.3484621047973633
v,96.030029296875, 74.6865234375, 5.722459316253662
v,90.587158203125, 74.4560546875, 5.722291469573975
v,90.587158203125, 74.4560546875, -1.3486299514770508
v,90.3505859375, 80.1748046875, 5.722397327423096
v,90.350830078125, 80.1748046875, -1.348524808883667
v,90.587158203125, 74.4560546875, -1.3486299514770508
v,90.587158203125, 74.4560546875, 5.722291469573975
v,90.33154296875, 80.6435546875, -1.348515510559082
v,90.331298828125, 80.6435546875, 5.722405910491943
v,90.330810546875, 80.66015625, 5.722405910491943
v,90.330810546875, 80.6611328125, -1.3485150337219238
v,90.330810546875, 80.66015625, 5.722405910491943
v,95.774169921875, 80.890625, 5.722574710845947
v,95.7744140625, 80.890625, -1.3483469486236572
v,90.330810546875, 80.6611328125, -1.3485150337219238
v,90.5966796875, 80.60546875, 5.722412586212158
v,90.5966796875, 80.60546875, 5.666903972625732
v,95.710205078125, 80.8212890625, 5.667062282562256
v,95.710205078125, 80.8212890625, 5.722570896148682
v,95.9609375, 74.75, 5.722458362579346
v,95.710205078125, 80.8212890625, 5.722570896148682
v,95.710205078125, 80.8212890625, 5.667062282562256
v,95.742919921875, 80.029296875, 5.667046070098877
v,95.762939453125, 79.5458984375, 5.667036533355713
v,95.7822265625, 79.076171875, 5.667026996612549
v,95.800537109375, 78.634765625, 5.667018413543701
v,95.822509765625, 78.0986328125, 5.667008876800537
v,95.841552734375, 77.6376953125, 5.6670002937316895
v,95.9609375, 74.75, 5.66694974899292
v,91.178955078125, 74.5478515625, 5.722310543060303
v,91.178955078125, 74.5478515625, 5.666801929473877
v,90.65087890625, 74.525390625, 5.666785717010498
v,90.65087890625, 74.525390625, 5.722294330596924
v,95.90234375, 74.7470703125, 5.666947841644287
v,95.90234375, 74.7470703125, 5.722456455230713
v,95.9609375, 74.75, 5.722458362579346
v,95.9609375, 74.75, 5.66694974899292
v,90.417236328125, 80.1767578125, 5.666889667510986
v,90.417236328125, 80.1767578125, 5.722398281097412
v,90.65087890625, 74.525390625, 5.722294330596924
v,90.65087890625, 74.525390625, 5.666785717010498
v,90.5302734375, 77.4453125, 5.666836261749268
v,90.510986328125, 77.90625, 5.666844844818115
v,90.489013671875, 78.4423828125, 5.666855335235596
v,90.470703125, 78.8837890625, 5.666863918304443
v,90.451416015625, 79.3525390625, 5.666872501373291
v,90.431396484375, 79.8369140625, 5.6668829917907715
v,90.257568359375, 80.640625, 7.475368976593018
v,90.595458984375, 80.650390625, 7.475379467010498
v,90.595458984375, 80.650390625, 5.722413539886475
v,90.331298828125, 80.6435546875, 5.722405910491943
v,90.33154296875, 80.6435546875, -1.348515510559082
v,90.2578125, 80.640625, -1.348517656326294
v,90.350830078125, 80.1748046875, -1.348524808883667
v,90.3505859375, 80.1748046875, 5.722397327423096
v,90.417236328125, 80.1767578125, 5.722398281097412
v,90.417236328125, 80.1767578125, 5.666889667510986
v,90.608642578125, 80.1826171875, 5.666895389556885
v,90.608642578125, 80.1826171875, 7.475368976593018
v,90.27685546875, 80.1728515625, 7.4753594398498535
v,90.27734375, 80.1728515625, -1.348526954650879
v,90.27685546875, 80.1728515625, 7.4753594398498535
v,90.257568359375, 80.640625, 7.475368976593018
v,90.2578125, 80.640625, -1.348517656326294
v,90.27734375, 80.1728515625, -1.348526954650879
v,90.608642578125, 80.1826171875, 7.475368976593018
v,90.608642578125, 80.1826171875, 5.666895389556885
v,90.5966796875, 80.60546875, 5.666903972625732
v,90.5966796875, 80.60546875, 5.722412586212158
v,90.595458984375, 80.650390625, 5.722413539886475
v,90.595458984375, 80.650390625, 7.475379467010498
v,94.628662109375, 79.9892578125, 5.6670098304748535
v,94.628662109375, 79.9892578125, 6.077774524688721
v,94.63671875, 79.7666015625, 6.077769756317139
v,94.63671875, 79.7666015625, 5.667006015777588
v,94.63671875, 79.7666015625, 5.667006015777588
v,94.63671875, 79.7666015625, 6.077769756317139
v,92.32080078125, 79.68359375, 6.077698230743408
v,92.32080078125, 79.68359375, 5.666933536529541
v,92.32080078125, 79.68359375, 5.666933536529541
v,92.32080078125, 79.68359375, 6.077698230743408
v,92.31298828125, 79.9052734375, 6.07770299911499
v,92.31298828125, 79.9052734375, 5.666938304901123
v,92.31298828125, 79.9052734375, 5.666938304901123
v,92.31298828125, 79.9052734375, 6.07770299911499
v,94.628662109375, 79.9892578125, 6.077774524688721
v,94.628662109375, 79.9892578125, 5.6670098304748535
v,94.624755859375, 79.0341796875, 5.666989803314209
v,94.624755859375, 79.0341796875, 6.077754497528076
v,94.632568359375, 78.8115234375, 6.077749729156494
v,94.632568359375, 78.8115234375, 5.666985988616943
v,94.632568359375, 78.8115234375, 5.666985988616943
v,94.632568359375, 78.8115234375, 6.077749729156494
v,92.317138671875, 78.7275390625, 6.077678203582764
v,92.317138671875, 78.7275390625, 5.6669135093688965
v,92.317138671875, 78.7275390625, 5.6669135093688965
v,92.317138671875, 78.7275390625, 6.077678203582764
v,92.308837890625, 78.9501953125, 6.077682971954346
v,92.308837890625, 78.9501953125, 5.6669182777404785
v,92.308837890625, 78.9501953125, 5.6669182777404785
v,92.308837890625, 78.9501953125, 6.077682971954346
v,94.624755859375, 79.0341796875, 6.077754497528076
v,94.624755859375, 79.0341796875, 5.666989803314209
v,94.6513671875, 79.5048828125, 5.667001247406006
v,94.6513671875, 79.5048828125, 6.077764987945557
v,94.6591796875, 79.283203125, 6.077761173248291
v,94.6591796875, 79.283203125, 5.666996479034424
v,94.6591796875, 79.283203125, 5.666996479034424
v,94.6591796875, 79.283203125, 6.077761173248291
v,92.34326171875, 79.1982421875, 6.077688694000244
v,92.34326171875, 79.1982421875, 5.666924953460693
v,92.34326171875, 79.1982421875, 5.666924953460693
v,92.34326171875, 79.1982421875, 6.077688694000244
v,92.33544921875, 79.4208984375, 6.07769250869751
v,92.33544921875, 79.4208984375, 5.666928768157959
v,92.33544921875, 79.4208984375, 5.666928768157959
v,92.33544921875, 79.4208984375, 6.07769250869751
v,94.6513671875, 79.5048828125, 6.077764987945557
v,94.6513671875, 79.5048828125, 5.667001247406006
v,94.6982421875, 78.0576171875, 5.666971683502197
v,94.6982421875, 78.0576171875, 6.077737331390381
v,94.7060546875, 77.8359375, 6.077732563018799
v,94.7060546875, 77.8359375, 5.666967868804932
v,94.7060546875, 77.8359375, 5.666967868804932
v,94.7060546875, 77.8359375, 6.077732563018799
v,92.390380859375, 77.751953125, 6.077661037445068
v,92.390380859375, 77.751953125, 5.666896343231201
v,92.390380859375, 77.751953125, 5.666896343231201
v,92.390380859375, 77.751953125, 6.077661037445068
v,92.38232421875, 77.9736328125, 6.077664852142334
v,92.38232421875, 77.9736328125, 5.666901111602783
v,92.38232421875, 77.9736328125, 5.666901111602783
v,92.38232421875, 77.9736328125, 6.077664852142334
v,94.6982421875, 78.0576171875, 6.077737331390381
v,94.6982421875, 78.0576171875, 5.666971683502197
v,94.80908203125, 78.599609375, 5.666985988616943
v,94.80908203125, 78.599609375, 6.076640605926514
v,94.817138671875, 78.376953125, 6.076636791229248
v,94.817138671875, 78.376953125, 5.666982173919678
v,94.817138671875, 78.376953125, 5.666982173919678
v,94.817138671875, 78.376953125, 6.076636791229248
v,92.501220703125, 78.29296875, 6.076564311981201
v,92.501220703125, 78.29296875, 5.666910648345947
v,92.501220703125, 78.29296875, 5.666910648345947
v,92.501220703125, 78.29296875, 6.076564311981201
v,92.493408203125, 78.515625, 6.076569080352783
v,92.493408203125, 78.515625, 5.666914463043213
v,92.493408203125, 78.515625, 5.666914463043213
v,92.493408203125, 78.515625, 6.076569080352783
v,94.80908203125, 78.599609375, 6.076640605926514
v,94.80908203125, 78.599609375, 5.666985988616943
v,94.86865234375, 77.6025390625, 5.666968822479248
v,94.86865234375, 77.6025390625, 6.076623439788818
v,94.87646484375, 77.3798828125, 6.076618671417236
v,94.87646484375, 77.3798828125, 5.666964054107666
v,94.87646484375, 77.3798828125, 5.666964054107666
v,94.87646484375, 77.3798828125, 6.076618671417236
v,92.56103515625, 77.2958984375, 6.076547145843506
v,92.56103515625, 77.2958984375, 5.6668925285339355
v,92.56103515625, 77.2958984375, 5.6668925285339355
v,92.56103515625, 77.2958984375, 6.076547145843506
v,92.552734375, 77.5185546875, 6.0765509605407715
v,92.552734375, 77.5185546875, 5.666896343231201
v,92.552734375, 77.5185546875, 5.666896343231201
v,92.552734375, 77.5185546875, 6.0765509605407715
v,94.86865234375, 77.6025390625, 6.076623439788818
v,94.86865234375, 77.6025390625, 5.666968822479248
v,94.090576171875, 75.6357421875, 7.3710246086120605
v,94.090576171875, 75.6357421875, 8.041568756103516
v,94.574462890625, 75.654296875, 8.041584014892578
v,94.574462890625, 75.654296875, 7.371039867401123
v,94.574462890625, 75.654296875, 7.371039867401123
v,94.574462890625, 75.654296875, 8.041584014892578
v,94.592041015625, 75.1806640625, 8.041576385498047
v,94.592041015625, 75.1806640625, 7.371031284332275
v,94.592041015625, 75.1806640625, 7.371031284332275
v,94.592041015625, 75.1806640625, 8.041576385498047
v,94.108154296875, 75.162109375, 8.041561126708984
v,94.108154296875, 75.162109375, 7.371016025543213
v,94.108154296875, 75.162109375, 7.371016025543213
v,94.108154296875, 75.162109375, 8.041561126708984
v,94.090576171875, 75.6357421875, 8.041568756103516
v,94.090576171875, 75.6357421875, 7.3710246086120605
v,91.197509765625, 75.6796875, 7.426448345184326
v,91.243408203125, 74.5966796875, 7.4264302253723145
v,91.243408203125, 74.5966796875, 7.370921611785889
v,91.197509765625, 75.6796875, 7.3709397315979
v,95.787353515625, 75.876953125, 7.426590442657471
v,91.197509765625, 75.6796875, 7.426448345184326
v,91.197509765625, 75.6796875, 7.3709397315979
v,94.08447265625, 75.8037109375, 7.37102746963501
v,94.7431640625, 75.83203125, 7.371048450469971
v,95.787353515625, 75.876953125, 7.371081829071045
v,95.833740234375, 74.7939453125, 7.426572322845459
v,95.787353515625, 75.876953125, 7.426590442657471
v,95.787353515625, 75.876953125, 7.371081829071045
v,95.833740234375, 74.7939453125, 7.371063709259033
v,91.243408203125, 74.5966796875, 7.4264302253723145
v,95.833740234375, 74.7939453125, 7.426572322845459
v,95.833740234375, 74.7939453125, 7.371063709259033
v,94.783203125, 74.748046875, 7.371030330657959
v,94.124267578125, 74.720703125, 7.371008396148682
v,91.243408203125, 74.5966796875, 7.370921611785889
v,95.851318359375, 75.9462890625, 5.666967868804932
v,91.128173828125, 75.7431640625, 5.666821002960205
v,91.128173828125, 75.7431640625, 7.42644739151001
v,95.851318359375, 75.9462890625, 7.42659330368042
v,95.851318359375, 75.9462890625, 5.666967868804932
v,95.851318359375, 75.9462890625, 7.42659330368042
v,95.903076171875, 74.73046875, 7.426573276519775
v,95.903076171875, 74.73046875, 5.722456455230713
v,95.90234375, 74.7470703125, 5.722456455230713
v,95.90234375, 74.7470703125, 5.666947841644287
v,91.1796875, 74.52734375, 5.722309589385986
v,95.903076171875, 74.73046875, 5.722456455230713
v,95.903076171875, 74.73046875, 7.426573276519775
v,91.1796875, 74.52734375, 7.426426410675049
v,91.178955078125, 74.5478515625, 5.666801929473877
v,91.178955078125, 74.5478515625, 5.722310543060303
v,91.1796875, 74.52734375, 5.722309589385986
v,91.1796875, 74.52734375, 7.426426410675049
v,91.128173828125, 75.7431640625, 7.42644739151001
v,91.128173828125, 75.7431640625, 5.666821002960205
v,95.232666015625, 75.6982421875, 7.371060848236084
v,94.748779296875, 75.6796875, 7.371046543121338
v,94.748779296875, 75.6796875, 8.041589736938477
v,95.232666015625, 75.6982421875, 8.041606903076172
v,95.25048828125, 75.224609375, 8.041597366333008
v,95.25048828125, 75.224609375, 7.371053218841553
v,95.232666015625, 75.6982421875, 7.371060848236084
v,95.232666015625, 75.6982421875, 8.041606903076172
v,94.748779296875, 75.6796875, 8.041589736938477
v,94.748779296875, 75.6796875, 7.371046543121338
v,94.76611328125, 75.2060546875, 7.37103796005249
v,94.76611328125, 75.2060546875, 8.041582107543945
i,0,2,3
i,5,6,7
i,21,23,20
i,28,30,33
i,38,41,42
i,49,51,48
i,52,53,57
i,63,65,67
i,73,74,78
i,82,83,88
i,93,94,98
i,102,109,112
i,114,121,123
i,131,133,130
i,135,137,134
i,138,140,141
i,143,145,142
i,147,149,146
i,151,153,150
i,155,157,154
i,158,160,161
i,163,164,166
i,168,169,173
i,179,182,183
i,186,188,189
i,194,195,190
i,199,201,198
i,203,205,202
i,207,209,206
i,210,212,213
i,215,217,214
i,220,221,223
i,224,226,227
i,228,229,230
i,235,236,232
i,237,239,240
i,241,243,244
i,245,247,248
i,249,250,251
i,256,257,262
i,264,266,267
i,269,271,268
i,272,274,275
i,276,278,279
i,280,282,283
i,291,292,285
i,295,297,294
i,299,301,298
i,310,311,303
i,312,315,317
i,320,323,324
i,326,328,329
i,333,334,335
i,336,338,339
i,340,342,343
i,345,347,344
i,349,351,348
i,352,354,355
i,356,358,359
i,361,363,360
i,365,367,364
i,368,370,371
i,372,374,375
i,377,379,376
i,381,383,380
i,384,386,387
i,388,390,391
i,393,395,392
i,397,399,396
i,400,402,403
i,404,406,407
i,409,411,408
i,413,415,412
i,416,418,419
i,420,422,423
i,425,427,424
i,429,431,428
i,433,435,432
i,436,438,439
i,440,442,443
i,445,447,444
i,449,451,448
i,455,456,452
i,458,460,461
i,463,465,466
i,468,470,471
i,474,475,476
i,479,481,478
i,486,487,483
i,488,490,491
i,492,494,495
i,497,499,496
i,0,1,2
i,7,8,5
i,8,9,5
i,9,10,11
i,11,12,13
i,14,15,17
i,15,16,17
i,11,13,14
i,9,11,4
i,5,9,4
i,11,14,4
i,17,18,19
i,17,19,4
i,14,17,4
i,21,22,23
i,24,25,34
i,25,26,34
i,26,27,34
i,34,35,24
i,31,32,33
i,30,31,33
i,33,34,28
i,34,27,28
i,28,29,30
i,43,36,37
i,38,39,40
i,42,43,37
i,38,40,41
i,42,37,38
i,51,44,48
i,44,45,48
i,45,46,47
i,45,47,48
i,50,51,49
i,53,54,55
i,55,56,53
i,56,57,53
i,57,58,52
i,58,59,52
i,59,60,52
i,60,61,52
i,63,64,65
i,65,66,67
i,67,68,63
i,68,69,62
i,63,68,62
i,69,70,62
i,70,71,62
i,81,72,79
i,72,73,79
i,74,75,76
i,79,80,81
i,76,77,74
i,77,78,74
i,78,79,73
i,83,84,87
i,84,85,87
i,85,86,87
i,88,89,82
i,89,90,82
i,87,88,83
i,90,91,82
i,101,92,99
i,92,93,99
i,94,95,96
i,99,100,101
i,96,97,94
i,97,98,94
i,98,99,93
i,103,104,105
i,105,106,108
i,106,107,108
i,103,105,108
i,109,110,111
i,103,108,109
i,112,113,102
i,102,103,109
i,109,111,112
i,115,116,118
i,116,117,118
i,118,119,120
i,127,128,126
i,128,129,126
i,124,125,126
i,115,118,120
i,121,122,123
i,115,120,114
i,120,121,114
i,124,126,129
i,123,124,114
i,124,129,114
i,131,132,133
i,135,136,137
i,138,139,140
i,143,144,145
i,147,148,149
i,151,152,153
i,155,156,157
i,158,159,160
i,167,162,163
i,164,165,166
i,167,163,166
i,169,170,171
i,171,172,169
i,172,173,169
i,173,174,168
i,174,175,168
i,175,176,168
i,176,177,168
i,179,180,181
i,183,184,178
i,184,185,178
i,179,181,182
i,183,178,179
i,186,187,188
i,191,192,193
i,191,193,194
i,196,197,195
i,197,190,195
i,191,194,190
i,199,200,201
i,203,204,205
i,207,208,209
i,210,211,212
i,215,216,217
i,223,218,219
i,221,222,223
i,223,219,220
i,224,225,226
i,236,231,232
i,232,233,235
i,233,234,235
i,237,238,239
i,241,242,243
i,245,246,247
i,263,252,253
i,253,254,255
i,257,258,260
i,258,259,260
i,260,261,262
i,253,255,256
i,263,253,256
i,257,260,262
i,262,263,256
i,264,265,266
i,269,270,271
i,272,273,274
i,276,277,278
i,280,281,282
i,293,284,292
i,284,285,292
i,285,286,287
i,288,289,285
i,289,290,285
i,285,287,288
i,290,291,285
i,295,296,297
i,299,300,301
i,311,302,303
i,303,304,306
i,304,305,306
i,303,306,307
i,307,308,303
i,308,309,303
i,309,310,303
i,312,313,315
i,313,314,315
i,315,316,317
i,325,318,319
i,320,321,322
i,324,325,319
i,320,322,323
i,324,319,320
i,326,327,328
i,335,330,333
i,330,331,333
i,331,332,333
i,336,337,338
i,340,341,342
i,345,346,347
i,349,350,351
i,352,353,354
i,356,357,358
i,361,362,363
i,365,366,367
i,368,369,370
i,372,373,374
i,377,378,379
i,381,382,383
i,384,385,386
i,388,389,390
i,393,394,395
i,397,398,399
i,400,401,402
i,404,405,406
i,409,410,411
i,413,414,415
i,416,417,418
i,420,421,422
i,425,426,427
i,429,430,431
i,433,434,435
i,436,437,438
i,440,441,442
i,445,446,447
i,449,450,451
i,457,452,456
i,452,453,455
i,453,454,455
i,458,459,460
i,467,462,466
i,462,463,466
i,463,464,465
i,468,469,470
i,477,472,476
i,472,473,476
i,473,474,476
i,479,480,481
i,487,482,483
i,483,484,485
i,485,486,483
i,488,489,490
i,492,493,494
i,497,498,499
n,0.16930212080478668, -4.500614643096924, 0.0
n,0.0, 0.0, 4.50379753112793
n,-0.0001431587152183056, -9.340939141111448e-05, 4.50379753112793
n,-0.00014089902106206864, -8.442080434178934e-05, 4.50379753112793
n,3.5832269191741943, 0.15896886587142944, 2.72385835647583
n,-0.000136293689138256, -0.00010253847722196952, 4.50379753112793
n,-0.0001365990610793233, -9.475783008383587e-05, 4.50379753112793
n,-0.0001314996334258467, -0.00010475108138052747, 4.50379753112793
n,-0.0001365505304420367, -9.546854562358931e-05, 4.50379753112793
n,-0.0001366437500109896, -9.255077020497993e-05, 4.50379753112793
n,-0.0001371276011923328, -7.923116208985448e-05, 4.50379753112793
n,-0.00014291706611402333, -8.65154797793366e-05, 4.50379753112793
n,-0.00015869598428253084, -0.00011312007700325921, 4.50379753112793
n,-0.00013281937572173774, -9.506642527412623e-05, 4.50379753112793
n,-0.00013508627307601273, -9.043091995408759e-05, 4.50379753112793
n,-0.00013612766633741558, -0.00010786948405439034, 4.50379753112793
n,-0.00013671857595909387, -9.084314660867676e-05, 4.50379753112793
n,-0.0001367106451652944, -9.070935630006716e-05, 4.50379753112793
n,-0.00013671857595909387, -9.084314660867676e-05, 4.50379753112793
n,-0.00013672343629878014, -9.03568507055752e-05, 4.50379753112793
n,-0.00013895632582716644, -7.765205373289064e-05, 4.50379753112793
n,-0.00013448802928905934, -8.55417238199152e-05, 4.50379753112793
n,-0.0001405463699484244, -8.57664126669988e-05, 4.50379753112793
n,-0.00014421694504562765, -8.009814337128773e-05, 4.50379753112793
n,-0.00013591763854492456, -8.870096644386649e-05, 4.50379753112793
n,-0.0001355027052341029, -9.584231884218752e-05, 4.50379753112793
n,-0.00013889656111132354, -7.758624269627035e-05, 4.50379753112793
n,-0.1701165735721588, 4.500583648681641, 0.0
n,4.5005974769592285, 0.16973797976970673, 0.000395778042729944
n,0.16164831817150116, -4.5008955001831055, 1.4215190276445355e-05
n,0.1860654503107071, -4.499952793121338, 0.0
n,-0.1856219470500946, 4.4734787940979, -0.4875720739364624
n,4.50379753112793, 0.0, 0.0
n,4.499915599822998, 0.18695496022701263, 0.0
n,0.5925535559654236, -4.457462787628174, 0.25317245721817017
n,0.0, 0.0, 4.50379753112793
n,-0.2653646469116211, 4.495973110198975, -1.7147140169981867e-05
n,4.4999237060546875, 0.1867647022008896, 0.0002907728194259107
n,-4.499927997589111, -0.18665432929992676, 0.0
n,4.499971389770508, 0.18558523058891296, 0.0027622475754469633
n,0.19072391092777252, -4.499757289886475, 0.0
n,-4.4999494552612305, -0.18613301217556, -0.00013799163571093231
n,-4.50063419342041, -0.16877377033233643, -0.000158714537974447
n,-0.18999305367469788, 4.4997878074646, 0.0005461206310428679
n,0.1900431215763092, -4.499785900115967, 0.0
n,-4.499899387359619, -0.18608646094799042, 0.021673474460840225
n,-0.19218410551548004, 4.499695301055908, 0.0
n,-0.19997137784957886, 4.499355792999268, 0.0
n,4.499905586242676, 0.18716073036193848, -0.00380486948415637
n,-0.15895141661167145, 4.5009918212890625, -3.9059405025909655e-06
n,0.12946748733520508, -4.501936435699463, -0.0007759666768833995
n,-4.4998931884765625, -0.18749552965164185, -0.00022115329920779914
n,4.501924991607666, 0.1298632174730301, 0.0
n,4.500883102416992, 0.1619967520236969, 0.0
n,0.1618145853281021, -4.500889778137207, 0.0
n,-4.501017093658447, -0.15823888778686523, 0.0
n,-0.16351322829723358, 4.500828266143799, 0.0
n,4.501017093658447, 0.15823888778686523, 0.0
n,0.16352853178977966, -4.500827789306641, 0.0
n,-4.500723838806152, -0.16636915504932404, 0.0
n,-0.1618145853281021, 4.500889778137207, 0.0
n,4.500860214233398, 0.16262874007225037, 0.0
n,0.1634979546070099, -4.500828742980957, 0.0
n,-4.501017093658447, -0.15823888778686523, 0.0
n,-0.1635132133960724, 4.500828266143799, 0.0
n,4.501017093658447, 0.15823888778686523, 0.0
n,0.16351322829723358, -4.500828266143799, 0.0
n,-4.500860214233398, -0.16262871026992798, 0.0
n,-0.1634979397058487, 4.500828742980957, 0.0
n,4.500860214233398, 0.16262875497341156, 0.0
n,0.1634979546070099, -4.500828742980957, 0.0
n,-4.501016616821289, -0.15823887288570404, 0.0
n,-0.16351325809955597, 4.500828266143799, 0.0
n,4.501038551330566, 0.15762391686439514, 0.0
n,0.16352853178977966, -4.500827789306641, 0.0
n,-4.500723361968994, -0.16636915504932404, 0.0
n,-0.1634979546070099, 4.500828742980957, 0.0
n,-0.16937783360481262, 4.500611305236816, 0.0
n,4.50070333480835, 0.1669216752052307, 0.0
n,0.16937784850597382, -4.500611305236816, 0.0
n,-4.50070333480835, -0.1669216752052307, 0.0
n,4.499786376953125, 0.19004301726818085, 0.0
n,0.1895499974489212, -4.498918533325195, 0.08940909802913666
n,-4.4997100830078125, -0.19184111058712006, 0.0
n,-0.1895664483308792, 4.499292850494385, -0.06794096529483795
n,-0.19335544109344482, 4.499645233154297, 0.0
n,4.50063419342041, 0.16877377033233643, 0.0
n,0.1933465600013733, -4.499645233154297, 0.0
n,-4.499744892120361, -0.19102689623832703, 0.0
n,-0.1694536656141281, 4.500608444213867, 0.0
n,4.500626564025879, 0.16897957026958466, 0.0
n,-4.500779151916504, -0.1648636907339096, 0.0
n,0.16930212080478668, -4.500614643096924, 0.0
n,0.00014580140123143792, 8.937301026890054e-05, -4.50379753112793
n,0.00014704777277074754, 8.961314597399905e-05, -4.50379753112793
n,0.00014634430408477783, 0.0, -4.50379753112793
n,0.00013488899276126176, 9.143567876890302e-05, -4.50379753112793
n,0.0001263857848243788, 9.480133303441107e-05, -4.50379753112793
n,0.0001260125427506864, 9.484429756412283e-05, -4.50379753112793
n,0.0001350865641143173, 8.829130092635751e-05, -4.50379753112793
n,0.00014249395462684333, 8.919968240661547e-05, -4.50379753112793
n,0.00014525292499456555, 8.953650103649125e-05, -4.50379753112793
n,0.0001356810244033113, 8.891864854376763e-05, -4.50379753112793
n,0.00013424866483546793, 0.00011499031825223938, -4.50379753112793
n,0.00013468103134073317, 0.00010546966950641945, -4.50379753112793
n,0.00013496846077032387, 9.515497367829084e-05, -4.50379753112793
n,-0.00014475472562480718, -9.283522376790643e-05, 4.50379753112793
n,-0.00014672704855911434, -9.752564074005932e-05, 4.50379753112793
n,-0.00014032170292921364, -9.500129090156406e-05, 4.50379753112793
n,-0.00014317106979433447, -9.308281732955948e-05, 4.50379753112793
n,-0.0009833496296778321, -0.00012782264093402773, 4.50379753112793
n,-0.0005026556900702417, -0.004398237448185682, 4.503795146942139
n,-0.00010451263369759545, -0.0009144854848273098, 4.50379753112793
n,-0.00024290433793794364, -9.161592606687918e-05, 4.50379753112793
n,-0.00014535350783262402, -9.289049921790138e-05, 4.50379753112793
n,-0.00014498821110464633, -8.406906272284687e-05, 4.50379753112793
n,3.5828168392181396, 0.005330130457878113, 2.7290267944335938
n,3.5747926235198975, 0.158720001578331, 2.7349328994750977
n,3.5760958194732666, 0.27578526735305786, 2.723907470703125
n,3.5832087993621826, 0.15894557535648346, 2.723884105682373
n,3.583134651184082, 0.15902139246463776, 2.7239768505096436
n,-0.0001340787421213463, -0.00011075430666096509, 4.50379753112793
n,-0.00013084588863421232, -0.00010282739822287112, 4.50379753112793
n,-0.00011697297304635867, -9.460900037083775e-05, 4.50379753112793
n,-0.00012854632223024964, -8.86623965925537e-05, 4.50379753112793
n,-0.00014029878366272897, -9.73305941442959e-05, 4.50379753112793
n,-0.00012848232290707529, -9.042007877724245e-05, 4.50379753112793
n,-0.00012924378097523004, -9.97921233647503e-05, 4.50379753112793
n,-0.00013019971083849669, -9.439879795536399e-05, 4.50379753112793
n,-0.00013656912778969854, -9.495685662841424e-05, 4.50379753112793
n,-0.00014062999980524182, -9.51820911723189e-05, 4.50379753112793
n,-0.0001400990440743044, -9.247833804693073e-05, 4.50379753112793
n,-0.00014053880295250565, -9.062717435881495e-05, 4.50379753112793
n,-0.0001303420285694301, -9.04854605323635e-05, 4.50379753112793
n,-0.00012937509745825082, -9.492450772086158e-05, 4.50379753112793
n,-0.00013626359577756375, -0.00010408895468572155, 4.50379753112793
n,-0.0001412316778441891, -0.00010303818999091163, 4.50379753112793
n,-0.00013623764971271157, -0.00010372987162554637, 4.50379753112793
n,-0.00013978670176584274, -9.517724538454786e-05, 4.50379753112793
n,-0.0001407837262377143, -9.09900336409919e-05, 4.50379753112793
n,-0.0001296595437452197, -9.175884042633697e-05, 4.50379753112793
n,-0.0001299561554333195, -8.985856402432546e-05, 4.50379753112793
n,-0.00014291214756667614, -9.230560681317002e-05, 4.50379753112793
n,-0.0001295410329475999, -9.035734547069296e-05, 4.50379753112793
n,-0.00014152159565128386, -9.514231351204216e-05, 4.50379753112793
n,-0.00013056048192083836, -9.049313666764647e-05, 4.50379753112793
n,-0.00013656786177307367, -9.534358832752332e-05, 4.50379753112793
n,-0.00011183519382029772, -8.983482257463038e-05, 4.50379753112793
n,-0.00013009314716327935, -8.608960342826322e-05, 4.50379753112793
n,-0.00013126301928423345, -9.08189031179063e-05, 4.50379753112793
n,-0.00014262611512094736, -9.032364323502406e-05, 4.50379753112793
n,-0.0001428961695637554, -9.129891259362921e-05, 4.50379753112793
n,-0.00013541414227802306, -8.105679444270208e-05, 4.50379753112793
n,-0.00014295651635620743, -9.106854122364894e-05, 4.50379753112793
n,-0.0001310595398535952, -8.80934385349974e-05, 4.50379753112793
n,-0.00013059517368674278, -9.090685489354655e-05, 4.50379753112793
n,-0.00014191502123139799, -8.854234329191968e-05, 4.50379753112793
n,-0.00013126926205586642, -9.064625191967934e-05, 4.50379753112793
n,-0.00014274883142206818, -8.693923882674426e-05, 4.50379753112793
n,-0.0001544918050058186, -9.133447747444734e-05, 4.50379753112793
n,-0.00013495863822754472, -9.394424705533311e-05, 4.50379753112793
n,-0.0001306137564824894, -9.039699943969026e-05, 4.50379753112793
n,-0.00012271649029571563, -8.347672701347619e-05, 4.50379753112793
n,-0.00013389748346526176, -7.909470878075808e-05, 4.50379753112793
n,-0.00013030121044721454, -8.614220132585615e-05, 4.50379753112793
n,-0.00019171886378899217, -8.456523937638849e-05, 4.50379753112793
n,-0.00013626406143885106, -8.063905261224136e-05, 4.50379753112793
n,-0.00014184393512550741, -9.053615940501913e-05, 4.50379753112793
n,-0.0001370339305140078, -8.251598046626896e-05, 4.50379753112793
n,-0.0002175694826291874, -8.693660493008792e-05, 4.50379753112793
n,-0.0001341704628430307, -0.00012467049236875027, 4.50379753112793
n,-0.00012986255751457065, -5.126153610035544e-06, 4.50379753112793
n,-0.0001350196253042668, -8.84763358044438e-05, 4.50379753112793
n,-0.00011232755787204951, -8.766970131546259e-05, 4.50379753112793
n,-8.564114250475541e-05, -8.6251187894959e-05, 4.50379753112793
n,-0.0001292185770580545, -0.00018864410230889916, 4.50379753112793
n,-0.00013288467016536742, -0.00015238692867569625, 4.50379753112793
n,-0.0001951520680449903, -7.318202278838726e-06, 4.50379753112793
n,-0.00019859097665175796, -9.181391942547634e-05, 4.50379753112793
n,-0.0001362165348837152, -8.856203203322366e-05, 4.50379753112793
n,-0.00012968716328032315, -4.57839087175671e-05, 4.50379753112793
n,-0.00013752725499216467, -5.109569610795006e-05, 4.50379753112793
n,-0.00014072928752284497, 4.622263440978713e-05, 4.50379753112793
n,-0.00012357418017927557, -0.00010122848470928147, 4.50379753112793
n,-0.00013612766633741558, -0.00010786948405439034, 4.50379753112793
n,-0.00013509413111023605, -9.05626147869043e-05, 4.50379753112793
n,-0.0001367106451652944, -9.070935630006716e-05, 4.50379753112793
n,-0.00013671857595909387, -9.084314660867676e-05, 4.50379753112793
n,-0.0001367106451652944, -9.070935630006716e-05, 4.50379753112793
n,-0.00013673935609403998, -9.062343451660126e-05, 4.50379753112793
n,-0.00013895632582716644, -7.765205373289064e-05, 4.50379753112793
n,-0.0001328209909843281, -8.266120130429044e-05, 4.50379753112793
n,-0.00013429412501864135, -7.28596787666902e-05, 4.50379753112793
n,-0.0001334282715106383, -7.95847736299038e-05, 4.50379753112793
n,-0.0001387595693813637, -8.287996024591848e-05, 4.50379753112793
n,-0.00014139518316369504, -8.019834058359265e-05, 4.50379753112793
n,-0.00014137951075099409, -8.019139932002872e-05, 4.50379753112793
n,-0.0001403820642735809, -8.569603960495442e-05, 4.50379753112793
n,-0.00014113662473391742, -8.064060966717079e-05, 4.50379753112793
n,-0.00014138655387796462, -8.040348620852455e-05, 4.50379753112793
n,-0.00013913011935073882, -7.303417805815116e-05, 4.50379753112793
n,-0.00013880213373340666, -8.009621524251997e-05, 4.50379753112793
n,-0.0001389778044540435, -8.080925908870995e-05, 4.50379753112793
n,-0.00013890919217374176, -8.055788202909753e-05, 4.50379753112793
n,-0.00014193989045452327, -7.701702998019755e-05, 4.50379753112793
n,-0.0001373989216517657, -8.571259240852669e-05, 4.50379753112793
n,-0.00013553493772633374, -9.538925951346755e-05, 4.50379753112793
n,-0.0001504327228758484, -8.170193177647889e-05, 4.50379753112793
n,-0.00012741386308334768, -7.938176713651046e-05, 4.50379753112793
n,-0.0001273654488613829, -7.932871085358784e-05, 4.50379753112793
n,-0.0001509513967903331, -8.169712236849591e-05, 4.50379753112793
n,-0.00013591167225968093, -8.869443990988657e-05, 4.50379753112793
n,-0.0001465878012822941, -8.605759649071842e-05, 4.50379753112793
n,-0.17011654376983643, 4.500583648681641, 0.0
n,4.500636100769043, 0.16872301697731018, 0.0
n,0.16155777871608734, -4.500898838043213, 0.0
n,0.18614895641803741, -4.499948978424072, 8.88451722858008e-06
n,-0.18955232203006744, 4.499806880950928, 0.0008510002517141402
n,-0.541948139667511, 4.471071720123291, 0.0
n,-0.18132464587688446, 4.50014591217041, -8.65426136442693e-06
n,4.50379753112793, 0.0, 0.0
n,0.0, -4.50379753112793, 0.0
n,0.26312243938446045, -4.496104717254639, 0.0
n,0.26312243938446045, -4.496104717254639, 0.0
n,-4.50379753112793, -4.2032266378555505e-07, -0.00021520520385820419
n,-0.2653813064098358, 4.495972156524658, -1.2680729014391545e-05
n,4.499917030334473, 0.18692713975906372, 0.0
n,4.499976634979248, 0.18547594547271729, 0.0
n,4.500033855438232, 0.18409228324890137, 0.0002147775812773034
n,4.499884128570557, 0.1877075731754303, 0.00013798964209854603
n,4.500014305114746, 0.18457089364528656, 0.00021477664995472878
n,4.499973297119141, 0.18556588888168335, 0.0
n,4.500181198120117, 0.18044191598892212, 0.00013799875159747899
n,4.499979496002197, 0.18541471660137177, -4.999444354325533e-05
n,4.499974250793457, 0.18553155660629272, 4.226117380312644e-05
n,4.499881744384766, 0.18613934516906738, -0.02470463514328003
n,0.1907314658164978, -4.499757289886475, 5.848809905728558e-06
n,-4.4999566078186035, -0.1859627217054367, 0.0
n,-4.5002923011779785, -0.17764312028884888, -0.00013800215674564242
n,-0.190708726644516, 4.499758243560791, -5.848112778039649e-06
n,0.1900431215763092, -4.499785900115967, 0.0
n,-4.499960899353027, -0.18586501479148865, 0.0
n,-4.499961853027344, -0.1857842057943344, 0.0042084273882210255
n,-4.499952793121338, -0.18606047332286835, 0.0
n,-4.499958515167236, -0.1850718855857849, -0.01767541468143463
n,-4.499969005584717, -0.18565689027309418, 0.0006906722555868328
n,-4.499969005584717, -0.185482457280159, -0.00825334619730711
n,-4.499968528747559, -0.18567833304405212, 0.0015358937671408057
n,-0.19218410551548004, 4.499695301055908, 0.0
n,-0.19997137784957886, 4.499355792999268, 0.0
n,4.499932765960693, 0.18654057383537292, 0.0
n,4.4999494552612305, 0.18611674010753632, -0.002330649411305785
n,4.499948501586914, 0.18616096675395966, 0.0
n,4.499951362609863, 0.18608823418617249, -0.0009251009905710816
n,4.499940395355225, 0.18567685782909393, 0.015870777890086174
n,4.49993896484375, 0.18565531075000763, 0.016541430726647377
n,4.499925136566162, 0.18541312217712402, 0.02216738648712635
n,-0.12714259326457977, 4.502002239227295, 0.001335343811661005
n,-0.11828555166721344, 4.502243995666504, 0.0
n,-0.15885864198207855, 4.50099515914917, -4.871425062447088e-06
n,0.1593266874551773, -4.500978469848633, 4.885776888841065e-06
n,0.12236833572387695, -4.502134799957275, 0.0
n,0.1590442806482315, -4.500988483428955, 7.81644575909013e-06
n,0.12236832082271576, -4.502134799957275, 0.0
n,0.11732300370931625, -4.5022687911987305, -0.0017487111035734415
n,-4.499979496002197, -0.1854158192873001, -0.00011057878145948052
n,4.502002716064453, 0.1271398961544037, 7.012434798525646e-05
n,4.502010822296143, 0.1268496960401535, 0.0
n,4.502010822296143, 0.1268496960401535, 0.0
n,4.500883102416992, 0.1619967520236969, 0.0
n,0.1618145853281021, -4.500889778137207, 0.0
n,-4.501017093658447, -0.15823888778686523, 0.0
n,-0.16351322829723358, 4.500828266143799, 0.0
n,4.501017093658447, 0.15823888778686523, 0.0
n,0.16352854669094086, -4.500827789306641, 0.0
n,-4.500723838806152, -0.16636915504932404, 0.0
n,-0.1618145853281021, 4.500889778137207, 0.0
n,4.500860214233398, 0.16262874007225037, 0.0
n,0.1634979546070099, -4.500828742980957, 0.0
n,-4.501017093658447, -0.15823888778686523, 0.0
n,-0.16351322829723358, 4.500828266143799, 0.0
n,4.501017093658447, 0.15823888778686523, 0.0
n,0.16351325809955597, -4.500828266143799, 0.0
n,-4.500860214233398, -0.16262874007225037, 0.0
n,-0.1634979546070099, 4.500828742980957, 0.0
n,4.500860214233398, 0.16262875497341156, 0.0
n,0.1634979546070099, -4.500828742980957, 0.0
n,-4.501016616821289, -0.15823887288570404, 0.0
n,-0.16351325809955597, 4.500828266143799, 0.0
n,4.501038551330566, 0.15762391686439514, 0.0
n,0.16352853178977966, -4.500827789306641, 0.0
n,-4.500723361968994, -0.16636915504932404, 0.0
n,-0.1634979546070099, 4.500828742980957, 0.0
n,-0.16937784850597382, 4.500611305236816, 0.0
n,4.50070333480835, 0.1669216752052307, 0.0
n,0.16937784850597382, -4.500611305236816, 0.0
n,-4.50070333480835, -0.1669216752052307, 0.0
n,4.499786376953125, 0.19004301726818085, 0.0
n,0.1943349987268448, -4.499602794647217, 0.0
n,0.19301190972328186, -4.499632358551025, -0.015762818977236748
n,0.19331516325473785, -4.4996466636657715, 0.0
n,-4.4997100830078125, -0.19184111058712006, 0.0
n,-0.19370725750923157, 4.499629974365234, 0.0
n,-0.1929890215396881, 4.499508380889893, 0.037063904106616974
n,-0.19317395985126495, 4.499652862548828, 0.0
n,-0.19335544109344482, 4.499645233154297, 0.0
n,4.499699115753174, 0.19210003316402435, 0.0
n,4.499698638916016, 0.19210001826286316, 0.0
n,4.499712944030762, 0.1917673647403717, 0.00023440686345566064
n,0.1933465600013733, -4.499645233154297, 0.0
n,-4.499744415283203, -0.19102688133716583, 0.0
n,-4.4998931884765625, -0.18749555945396423, 0.0
n,-4.499746799468994, -0.1909664273262024, -4.247127071721479e-05
n,-0.1694536656141281, 4.500608444213867, 0.0
n,4.500626564025879, 0.16897957026958466, 0.0
n,-4.500779151916504, -0.1648636907339096, 0.0
u,0.5558453798294067, 0.0937177985906601, 0
u,0.581858217716217, 0.05585930123925209, 0
u,0.581858217716217, 0.0937177985906601, 0
u,0.0, 0.0, 0
u,0.0, 0.0, 0
u,0.0, 0.0, 0
u,0.9629639983177185, 0.3597334921360016, 0
u,0.9856786131858826, 0.4182575047016144, 0
u,0.9630205035209656, 0.418384313583374, 0
u,0.9854205250740051, 0.35960671305656433, 0
u,0.9627858996391296, 0.17469899356365204, 0
u,0.990375816822052, 0.1747186928987503, 0
u,0.9844502210617065, 0.8665142059326172, 0
u,0.8961802124977112, 0.9973207712173462, 0
u,0.8961802124977112, 0.6189494729042053, 0
u,0.8944851756095886, 0.4949530065059662, 0
u,0.9592732787132263, 0.5429049730300903, 0
u,0.7599493861198425, 0.4957957863807678, 0
u,0.8944057822227478, 0.48136579990386963, 0
u,0.7598522901535034, 0.4822232127189636, 0
u,0.7600762844085693, 0.4661898910999298, 0
u,0.7599793076515198, 0.4526172876358032, 0
u,0.6506065726280212, 0.46687570214271545, 0
u,0.7573632001876831, 0.43754878640174866, 0
u,0.7670038938522339, 0.41053861379623413, 0
u,0.9015498161315918, 0.40969571471214294, 0
u,0.8918325901031494, 0.42311879992485046, 0
u,0.9014673829078674, 0.3961215019226074, 0
u,0.7669172286987305, 0.3969663977622986, 0
u,0.8937972187995911, 0.376980185508728, 0
u,0.7680032253265381, 0.34958648681640625, 0
u,0.9025633931159973, 0.3487417995929718, 0
u,0.893700122833252, 0.36340761184692383, 0
u,0.9024723768234253, 0.33515599370002747, 0
u,0.9554901123046875, 0.24517430365085602, 0
u,0.9590861201286316, 0.3483870029449463, 0
u,0.9627792835235596, 0.16789589822292328, 0
u,0.958916187286377, 0.1719616949558258, 0
u,0.9555146098136902, 0.17086480557918549, 0
u,0.6425073146820068, 0.5173640251159668, 0
u,0.6621472239494324, 0.5457034707069397, 0
u,0.6425253748893738, 0.5459740161895752, 0
u,0.7599493861198425, 0.4957957863807678, 0
u,0.8944057822227478, 0.48136579990386963, 0
u,0.8944851756095886, 0.4949530065059662, 0
u,0.7573632001876831, 0.43754878640174866, 0
u,0.8918325901031494, 0.42311879992485046, 0
u,0.8919236063957214, 0.4367046058177948, 0
u,0.7600762844085693, 0.4661898910999298, 0
u,0.8945326805114746, 0.45175978541374207, 0
u,0.8946120142936707, 0.46534690260887146, 0
u,0.7592440843582153, 0.37783798575401306, 0
u,0.893700122833252, 0.36340761184692383, 0
u,0.8937972187995911, 0.376980185508728, 0
u,0.7670038938522339, 0.41053861379623413, 0
u,0.9014673829078674, 0.3961215019226074, 0
u,0.9015498161315918, 0.40969571471214294, 0
u,0.7680032253265381, 0.34958648681640625, 0
u,0.9024723768234253, 0.33515599370002747, 0
u,0.9025633931159973, 0.3487417995929718, 0
u,0.852602481842041, 0.23079699277877808, 0
u,0.8805763125419617, 0.20170509815216064, 0
u,0.8807185292243958, 0.23065400123596191, 0
u,0.8524528741836548, 0.20186269283294678, 0
u,0.852602481842041, 0.23079699277877808, 0
u,0.6848909258842468, 0.24093559384346008, 0
u,0.8807185292243958, 0.23065400123596191, 0
u,0.8805763125419617, 0.20170509815216064, 0
u,0.8907417058944702, 0.20283609628677368, 0
u,0.9188663959503174, 0.20270469784736633, 0
u,0.9516463279724121, 0.1749286949634552, 0
u,0.9516245126724243, 0.24110570549964905, 0
u,0.6848909258842468, 0.24093559384346008, 0
u,0.9554901123046875, 0.24517430365085602, 0
u,0.6810237169265747, 0.24499930441379547, 0
u,0.9516463279724121, 0.1749286949634552, 0
u,0.6848946213722229, 0.1747739017009735, 0
u,0.6810278296470642, 0.17070560157299042, 0
u,0.9188663959503174, 0.20270469784736633, 0
u,0.8908913731575012, 0.23177050054073334, 0
u,0.8907417058944702, 0.20283609628677368, 0
u,0.9884474277496338, 0.1658819019794464, 0
u,0.9675065279006958, 0.026776500046253204, 0
u,0.9884474277496338, 0.026776500046253204, 0
u,0.9675065279006958, 0.026776500046253204, 0
u,0.9159554243087769, 0.1658819019794464, 0
u,0.9159554243087769, 0.026776500046253204, 0
u,0.895200788974762, 0.1658819019794464, 0
u,0.9159554243087769, 0.026776500046253204, 0
u,0.9159554243087769, 0.1658819019794464, 0
u,0.8242300748825073, 0.06708920001983643, 0
u,0.5837414264678955, 0.04021729901432991, 0
u,0.8242300748825073, 0.04021729901432991, 0
u,0.0009794000070542097, 0.026776500046253204, 0
u,0.0009794000070542097, 0.0001745000045048073, 0
u,0.0012546000070869923, 0.00056900002527982, 0
u,0.5837414264678955, 0.040164701640605927, 0
u,0.8242300748825073, 0.04021729901432991, 0
u,0.5837414264678955, 0.04021729901432991, 0
u,0.6295750737190247, 0.8987028002738953, 0
u,0.628795325756073, 0.6797115802764893, 0
u,0.6295750737190247, 0.6797115802764893, 0
u,0.8290389180183411, 0.947557270526886, 0
u,0.8940094113349915, 0.9994478225708008, 0
u,0.8930336833000183, 0.9990125894546509, 0
u,0.6434866786003113, 0.548918604850769, 0
u,0.8927462100982666, 0.5489395260810852, 0
u,0.6434866786003113, 0.5489395260810852, 0
u,0.6434866786003113, 0.5489395260810852, 0
u,0.8278086185455322, 0.600804328918457, 0
u,0.6434866786003113, 0.600804328918457, 0
u,0.8278086185455322, 0.600804328918457, 0
u,0.6434866786003113, 0.947557270526886, 0
u,0.6434866786003113, 0.600804328918457, 0
u,0.6268364191055298, 0.8983895778656006, 0
u,0.6277682781219482, 0.6426364183425903, 0
u,0.6277682781219482, 0.8983895778656006, 0
u,0.2905597984790802, 0.5025746822357178, 0
u,0.6206501722335815, 0.5025746822357178, 0
u,0.45360231399536133, 0.5060495138168335, 0
u,0.5944231152534485, 0.0956851989030838, 0
u,0.30455130338668823, 0.4912461042404175, 0
u,0.30455130338668823, 0.0956851989030838, 0
u,0.0, 0.0956851989030838, 0
u,0.30455130338668823, 0.4912461042404175, 0
u,0.0, 0.4912461042404175, 0
u,0.0, 0.8977850079536438, 0
u,0.0009198000188916922, 0.5025746822357178, 0
u,0.0009198000188916922, 0.8977850079536438, 0
u,0.0009198000188916922, 0.5025746822357178, 0
u,0.2905597984790802, 0.8977850079536438, 0
u,0.0009198000188916922, 0.8977850079536438, 0
u,0.6072738170623779, 0.49227601289749146, 0
u,0.33106470108032227, 0.4954254925251007, 0
u,0.33106470108032227, 0.49227601289749146, 0
u,0.18402419984340668, 0.4954254925251007, 0
u,0.1591167002916336, 0.4954254925251007, 0
u,0.33106470108032227, 0.49227601289749146, 0
u,0.6219391822814941, 0.8974078297615051, 0
u,0.6249573826789856, 0.8671900033950806, 0
u,0.6249573826789856, 0.8974078297615051, 0
u,0.0, 0.49227601289749146, 0
u,0.0031622000969946384, 0.4954254925251007, 0
u,0.0, 0.4954254925251007, 0
u,0.6219391822814941, 0.5909501910209656, 0
u,0.6219391822814941, 0.5632225275039673, 0
u,0.6249573826789856, 0.5437692999839783, 0
u,0.0, 0.0480784997344017, 0
u,0.09490320086479187, 0.04387680068612099, 0
u,0.4777134954929352, 0.0480784997344017, 0
u,0.09490320086479187, 0.08274570107460022, 0
u,0.0, 0.09365150332450867, 0
u,0.0, 0.07475890219211578, 0
u,0.0, 0.07475890219211578, 0
u,0.4777134954929352, 0.0480784997344017, 0
u,0.4777134954929352, 0.07475890219211578, 0
u,0.5979514122009277, 0.19769610464572906, 0
u,0.5954946279525757, 0.19769610464572906, 0
u,0.5954946279525757, 0.09892240166664124, 0
u,0.8820660710334778, 0.16628070175647736, 0
u,0.8939856886863708, 0.14315129816532135, 0
u,0.8939856886863708, 0.16628070175647736, 0
u,0.6219391822814941, 0.16628070175647736, 0
u,0.746057391166687, 0.14315129816532135, 0
u,0.746057391166687, 0.16628070175647736, 0
u,0.746057391166687, 0.14315129816532135, 0
u,0.7579643726348877, 0.16628070175647736, 0
u,0.746057391166687, 0.16628070175647736, 0
u,0.7579643726348877, 0.14315129816532135, 0
u,0.8820660710334778, 0.16628070175647736, 0
u,0.7579643726348877, 0.16628070175647736, 0
u,0.6409782767295837, 0.2282439023256302, 0
u,0.6190009713172913, 0.21572279930114746, 0
u,0.6409782767295837, 0.21572279930114746, 0
u,0.6409782767295837, 0.5015447735786438, 0
u,0.6190009713172913, 0.37116751074790955, 0
u,0.6409782767295837, 0.37116751074790955, 0
u,0.6190009713172913, 0.37116751074790955, 0
u,0.6409782767295837, 0.35864540934562683, 0
u,0.6409782767295837, 0.37116751074790955, 0
u,0.6190009713172913, 0.35864540934562683, 0
u,0.6409782767295837, 0.2282439023256302, 0
u,0.6409782767295837, 0.35864540934562683, 0
u,0.8819608092308044, 0.141554594039917, 0
u,0.8938754796981812, 0.11843450367450714, 0
u,0.8938754796981812, 0.141554594039917, 0
u,0.6219391822814941, 0.141554594039917, 0
u,0.7460070848464966, 0.11843450367450714, 0
u,0.7460070848464966, 0.141554594039917, 0
u,0.7460070848464966, 0.11843450367450714, 0
u,0.7579091787338257, 0.141554594039917, 0
u,0.7460070848464966, 0.141554594039917, 0
u,0.7579091787338257, 0.11843450367450714, 0
u,0.8819608092308044, 0.141554594039917, 0
u,0.7579091787338257, 0.141554594039917, 0
u,0.8434360027313232, 0.0920908972620964, 0
u,0.8553227186203003, 0.06900099664926529, 0
u,0.8553227186203003, 0.0920908972620964, 0
u,0.5837414264678955, 0.0920908972620964, 0
u,0.7076308727264404, 0.06900099664926529, 0
u,0.7076308727264404, 0.0920908972620964, 0
u,0.7076308727264404, 0.06900099664926529, 0
u,0.719529926776886, 0.0920908972620964, 0
u,0.7076308727264404, 0.0920908972620964, 0
u,0.719529926776886, 0.06900099664926529, 0
u,0.8434360027313232, 0.0920908972620964, 0
u,0.719529926776886, 0.0920908972620964, 0
u,0.8817477226257324, 0.1167559027671814, 0
u,0.8936411738395691, 0.0937177985906601, 0
u,0.8936411738395691, 0.1167559027671814, 0
u,0.6219391822814941, 0.1167559027671814, 0
u,0.7458996772766113, 0.0937177985906601, 0
u,0.7458996772766113, 0.1167559027671814, 0
u,0.7458996772766113, 0.0937177985906601, 0
u,0.7577913999557495, 0.1167559027671814, 0
u,0.7458996772766113, 0.1167559027671814, 0
u,0.7577913999557495, 0.0937177985906601, 0
u,0.8817477226257324, 0.1167559027671814, 0
u,0.7577913999557495, 0.1167559027671814, 0
u,0.6176288723945618, 0.21524789929389954, 0
u,0.5954946279525757, 0.20260310173034668, 0
u,0.6176288723945618, 0.20260310173034668, 0
u,0.6176288723945618, 0.4912461042404175, 0
u,0.5954946279525757, 0.3595820963382721, 0
u,0.6176288723945618, 0.3595820963382721, 0
u,0.5954946279525757, 0.3595820963382721, 0
u,0.6176288723945618, 0.34693628549575806, 0
u,0.6176288723945618, 0.3595820963382721, 0
u,0.5954946279525757, 0.34693628549575806, 0
u,0.6176288723945618, 0.21524789929389954, 0
u,0.6176288723945618, 0.34693628549575806, 0
u,0.9212080836296082, 0.6189494729042053, 0
u,0.895200788974762, 0.5810875296592712, 0
u,0.9212080836296082, 0.5810875296592712, 0
u,0.998142421245575, 0.5810875296592712, 0
u,0.9726759195327759, 0.6189494729042053, 0
u,0.9726759195327759, 0.5810875296592712, 0
u,0.9726759195327759, 0.5810875296592712, 0
u,0.9466617107391357, 0.6189494729042053, 0
u,0.9466617107391357, 0.5810875296592712, 0
u,0.9466617107391357, 0.6189494729042053, 0
u,0.9212080836296082, 0.5810875296592712, 0
u,0.9466617107391357, 0.5810875296592712, 0
u,0.305263489484787, 0.49742528796195984, 0
u,0.24699750542640686, 0.5005630254745483, 0
u,0.24699750542640686, 0.49742528796195984, 0
u,0.09164609760046005, 0.5005630254745483, 0
u,0.05619490146636963, 0.5005630254745483, 0
u,0.0, 0.49742528796195984, 0
u,0.5522778034210205, 0.49742528796195984, 0
u,0.6105573773384094, 0.5005630254745483, 0
u,0.5522778034210205, 0.5005630254745483, 0
u,0.5522778034210205, 0.49742528796195984, 0
u,0.4957458972930908, 0.5005630254745483, 0
u,0.46029481291770935, 0.5005630254745483, 0
u,0.06568820029497147, 0.9001591801643372, 0
u,0.3208045959472656, 1.0, 0
u,0.06568820029497147, 1.0, 0
u,0.0, 1.0, 0
u,0.0, 0.9033086895942688, 0
u,0.0009693999891169369, 0.9033086895942688, 0
u,0.6416140794754028, 0.9033086895942688, 0
u,0.38647881150245667, 1.0, 0
u,0.38647881150245667, 0.9033086895942688, 0
u,0.3208045959472656, 1.0, 0
u,0.3208045959472656, 0.9001591801643372, 0
u,0.3853900134563446, 0.9033086895942688, 0
u,0.5043948888778687, 0.05585930123925209, 0
u,0.5303940773010254, 0.0937177985906601, 0
u,0.5043948888778687, 0.0937177985906601, 0
u,0.4789421856403351, 0.0937177985906601, 0
u,0.5043948888778687, 0.05585930123925209, 0
u,0.5043948888778687, 0.0937177985906601, 0
u,0.5303940773010254, 0.05585930123925209, 0
u,0.5558453798294067, 0.0937177985906601, 0
u,0.5303940773010254, 0.0937177985906601, 0
u,0.5558453798294067, 0.0937177985906601, 0
u,0.5558453798294067, 0.05585930123925209, 0
u,0.581858217716217, 0.05585930123925209, 0
u,0.0, 0.0, 0
u,0.0, 0.0, 0
u,0.0, 0.0, 0
u,0.0, 0.0, 0
u,0.0, 0.0, 0
u,0.0, 0.0, 0
u,0.0, 0.0, 0
u,0.0, 0.0, 0
u,0.0, 0.0, 0
u,0.0, 0.0, 0
u,0.0, 0.0, 0
u,0.0, 0.0, 0
u,0.0, 0.0, 0
u,0.0, 0.0, 0
u,0.0, 0.0, 0
u,0.0, 0.0, 0
u,0.0, 0.0, 0
u,0.0, 0.0, 0
u,0.0, 0.0, 0
u,0.0, 0.0, 0
u,0.0, 0.0, 0
u,0.0, 0.0, 0
u,0.0, 0.0, 0
u,0.0, 0.0, 0
u,0.0, 0.0, 0
u,0.0, 0.0, 0
u,0.0, 0.0, 0
u,0.0, 0.0, 0
u,0.0, 0.0, 0
u,0.0, 0.0, 0
u,0.0, 0.0, 0
u,0.0, 0.0, 0
u,0.0, 0.0, 0
u,0.0, 0.0, 0
u,0.0, 0.0, 0
u,0.0, 0.0, 0
u,0.0, 0.0, 0
u,0.0, 0.0, 0
u,0.0, 0.0, 0
u,0.9629639983177185, 0.3597334921360016, 0
u,0.9854205250740051, 0.35960671305656433, 0
u,0.9856786131858826, 0.4182575047016144, 0
u,0.9910742044448853, 0.5411161780357361, 0
u,0.9631386995315552, 0.5411468148231506, 0
u,0.9905952215194702, 0.45773911476135254, 0
u,0.9631386995315552, 0.5411468148231506, 0
u,0.9630205035209656, 0.418384313583374, 0
u,0.9905952215194702, 0.45773911476135254, 0
u,0.9630205035209656, 0.418384313583374, 0
u,0.9856786131858826, 0.4182575047016144, 0
u,0.9905952215194702, 0.45773911476135254, 0
u,0.9905952215194702, 0.45773911476135254, 0
u,0.9909042119979858, 0.3026033043861389, 0
u,0.9910742044448853, 0.5411161780357361, 0
u,0.9908130168914795, 0.1746685951948166, 0
u,0.9908130764961243, 0.17472609877586365, 0
u,0.990375816822052, 0.1747186928987503, 0
u,0.9627858996391296, 0.17469899356365204, 0
u,0.9908130168914795, 0.1746685951948166, 0
u,0.990375816822052, 0.1747186928987503, 0
u,0.990375816822052, 0.1747186928987503, 0
u,0.9905952215194702, 0.45773911476135254, 0
u,0.9854205250740051, 0.35960671305656433, 0
u,0.9905952215194702, 0.45773911476135254, 0
u,0.9856786131858826, 0.4182575047016144, 0
u,0.9854205250740051, 0.35960671305656433, 0
u,0.9854205250740051, 0.35960671305656433, 0
u,0.9629639983177185, 0.3597334921360016, 0
u,0.9627858996391296, 0.17469899356365204, 0
u,0.9851534962654114, 0.6202402114868164, 0
u,0.9851534962654114, 0.6202629208564758, 0
u,0.9844462871551514, 0.6202607750892639, 0
u,0.9844502210617065, 0.8665142059326172, 0
u,0.9851638078689575, 0.7063463926315308, 0
u,0.9851989150047302, 0.998551607131958, 0
u,0.8961802124977112, 0.6189494729042053, 0
u,0.9851534962654114, 0.6202402114868164, 0
u,0.9844462871551514, 0.6202607750892639, 0
u,0.9844502210617065, 0.8665142059326172, 0
u,0.9851989150047302, 0.998551607131958, 0
u,0.8961802124977112, 0.9973207712173462, 0
u,0.8961802124977112, 0.6189494729042053, 0
u,0.9844462871551514, 0.6202607750892639, 0
u,0.9844502210617065, 0.8665142059326172, 0
u,0.9592732787132263, 0.5429049730300903, 0
u,0.6621105074882507, 0.5429049730300903, 0
u,0.7599493861198425, 0.4957957863807678, 0
u,0.6621105074882507, 0.5429049730300903, 0
u,0.6617723107337952, 0.5170962810516357, 0
u,0.7599493861198425, 0.4957957863807678, 0
u,0.6617723107337952, 0.5170962810516357, 0
u,0.6506515145301819, 0.5172507762908936, 0
u,0.6506329774856567, 0.4964806139469147, 0
u,0.6617723107337952, 0.5170962810516357, 0
u,0.6506329774856567, 0.4964806139469147, 0
u,0.7599493861198425, 0.4957957863807678, 0
u,0.9592267870903015, 0.49454739689826965, 0
u,0.9592732787132263, 0.5429049730300903, 0
u,0.8944851756095886, 0.4949530065059662, 0
u,0.7598522901535034, 0.4822232127189636, 0
u,0.7599493861198425, 0.4957957863807678, 0
u,0.6506329774856567, 0.4964806139469147, 0
u,0.6506329774856567, 0.4964806139469147, 0
u,0.6506065726280212, 0.46687570214271545, 0
u,0.7598522901535034, 0.4822232127189636, 0
u,0.6506065726280212, 0.46687570214271545, 0
u,0.7600762844085693, 0.4661898910999298, 0
u,0.7598522901535034, 0.4822232127189636, 0
u,0.7600762844085693, 0.4661898910999298, 0
u,0.8946120142936707, 0.46534690260887146, 0
u,0.8944057822227478, 0.48136579990386963, 0
u,0.8946120142936707, 0.46534690260887146, 0
u,0.9591982960700989, 0.4649423062801361, 0
u,0.8944057822227478, 0.48136579990386963, 0
u,0.9591982960700989, 0.4649423062801361, 0
u,0.9592267870903015, 0.49454739689826965, 0
u,0.8944057822227478, 0.48136579990386963, 0
u,0.9592267870903015, 0.49454739689826965, 0
u,0.8944851756095886, 0.4949530065059662, 0
u,0.8944057822227478, 0.48136579990386963, 0
u,0.7599793076515198, 0.4526172876358032, 0
u,0.7600762844085693, 0.4661898910999298, 0
u,0.6506065726280212, 0.46687570214271545, 0
u,0.6506065726280212, 0.46687570214271545, 0
u,0.6505811214447021, 0.4382188022136688, 0
u,0.7573632001876831, 0.43754878640174866, 0
u,0.7573632001876831, 0.43754878640174866, 0
u,0.8919236063957214, 0.4367046058177948, 0
u,0.7599793076515198, 0.4526172876358032, 0
u,0.8919236063957214, 0.4367046058177948, 0
u,0.9591706991195679, 0.43628260493278503, 0
u,0.8945326805114746, 0.45175978541374207, 0
u,0.7599793076515198, 0.4526172876358032, 0
u,0.8919236063957214, 0.4367046058177948, 0
u,0.8945326805114746, 0.45175978541374207, 0
u,0.9591706991195679, 0.43628260493278503, 0
u,0.9591982960700989, 0.4649423062801361, 0
u,0.8945326805114746, 0.45175978541374207, 0
u,0.9591982960700989, 0.4649423062801361, 0
u,0.8946120142936707, 0.46534690260887146, 0
u,0.8945326805114746, 0.45175978541374207, 0
u,0.6505811214447021, 0.4382188022136688, 0
u,0.6505572199821472, 0.41126808524131775, 0
u,0.7572970986366272, 0.42396190762519836, 0
u,0.6505572199821472, 0.41126808524131775, 0
u,0.7670038938522339, 0.41053861379623413, 0
u,0.7572970986366272, 0.42396190762519836, 0
u,0.9015498161315918, 0.40969571471214294, 0
u,0.9591447710990906, 0.4093348979949951, 0
u,0.9591706991195679, 0.43628260493278503, 0
u,0.7572970986366272, 0.42396190762519836, 0
u,0.7573632001876831, 0.43754878640174866, 0
u,0.6505811214447021, 0.4382188022136688, 0
u,0.9591706991195679, 0.43628260493278503, 0
u,0.8919236063957214, 0.4367046058177948, 0
u,0.9015498161315918, 0.40969571471214294, 0
u,0.8919236063957214, 0.4367046058177948, 0
u,0.8918325901031494, 0.42311879992485046, 0
u,0.9015498161315918, 0.40969571471214294, 0
u,0.8918325901031494, 0.42311879992485046, 0
u,0.7572970986366272, 0.42396190762519836, 0
u,0.7670038938522339, 0.41053861379623413, 0
u,0.7669172286987305, 0.3969663977622986, 0
u,0.7670038938522339, 0.41053861379623413, 0
u,0.7592440843582153, 0.37783798575401306, 0
u,0.7670038938522339, 0.41053861379623413, 0
u,0.6505572199821472, 0.41126808524131775, 0
u,0.7592440843582153, 0.37783798575401306, 0
u,0.6505572199821472, 0.41126808524131775, 0
u,0.6505280137062073, 0.37853100895881653, 0
u,0.7592440843582153, 0.37783798575401306, 0
u,0.8937972187995911, 0.376980185508728, 0
u,0.9591131806373596, 0.3765639066696167, 0
u,0.9014673829078674, 0.3961215019226074, 0
u,0.9591131806373596, 0.3765639066696167, 0
u,0.9591447710990906, 0.4093348979949951, 0
u,0.9014673829078674, 0.3961215019226074, 0
u,0.7592440843582153, 0.37783798575401306, 0
u,0.8937972187995911, 0.376980185508728, 0
u,0.7669172286987305, 0.3969663977622986, 0
u,0.9591447710990906, 0.4093348979949951, 0
u,0.9015498161315918, 0.40969571471214294, 0
u,0.9014673829078674, 0.3961215019226074, 0
u,0.6505280137062073, 0.37853100895881653, 0
u,0.6505029201507568, 0.35032421350479126, 0
u,0.7591649293899536, 0.36425110697746277, 0
u,0.6505029201507568, 0.35032421350479126, 0
u,0.7680032253265381, 0.34958648681640625, 0
u,0.7591649293899536, 0.36425110697746277, 0
u,0.9025633931159973, 0.3487417995929718, 0
u,0.9590861201286316, 0.3483870029449463, 0
u,0.9591131806373596, 0.3765639066696167, 0
u,0.7591649293899536, 0.36425110697746277, 0
u,0.7592440843582153, 0.37783798575401306, 0
u,0.6505280137062073, 0.37853100895881653, 0
u,0.9591131806373596, 0.3765639066696167, 0
u,0.8937972187995911, 0.376980185508728, 0
u,0.9025633931159973, 0.3487417995929718, 0
u,0.8937972187995911, 0.376980185508728, 0
u,0.893700122833252, 0.36340761184692383, 0
u,0.9025633931159973, 0.3487417995929718, 0
u,0.893700122833252, 0.36340761184692383, 0
u,0.7591649293899536, 0.36425110697746277, 0
u,0.7680032253265381, 0.34958648681640625, 0
u,0.7679371237754822, 0.33599960803985596, 0
u,0.7680032253265381, 0.34958648681640625, 0
u,0.6505029201507568, 0.35032421350479126, 0
u,0.6505029201507568, 0.35032421350479126, 0
u,0.6503440737724304, 0.1719346046447754, 0
u,0.6810237169265747, 0.24499930441379547, 0
u,0.6503440737724304, 0.1719346046447754, 0
u,0.6810277104377747, 0.17193730175495148, 0
u,0.6810237169265747, 0.24499930441379547, 0
u,0.7679371237754822, 0.33599960803985596, 0
u,0.6505029201507568, 0.35032421350479126, 0
u,0.6810237169265747, 0.24499930441379547, 0
u,0.9554901123046875, 0.24517430365085602, 0
u,0.9555141925811768, 0.17196139693260193, 0
u,0.958916187286377, 0.1719616949558258, 0
u,0.7679371237754822, 0.33599960803985596, 0
u,0.6810237169265747, 0.24499930441379547, 0
u,0.9554901123046875, 0.24517430365085602, 0
u,0.9590861201286316, 0.3483870029449463, 0
u,0.9025633931159973, 0.3487417995929718, 0
u,0.9024723768234253, 0.33515599370002747, 0
u,0.9024723768234253, 0.33515599370002747, 0
u,0.7679371237754822, 0.33599960803985596, 0
u,0.9554901123046875, 0.24517430365085602, 0
u,0.9554901123046875, 0.24517430365085602, 0
u,0.958916187286377, 0.1719616949558258, 0
u,0.9590861201286316, 0.3483870029449463, 0
u,0.9631441831588745, 0.5469710826873779, 0
u,0.6468108892440796, 0.5469710826873779, 0
u,0.6621472239494324, 0.5457034707069397, 0
u,0.6468108892440796, 0.5469710826873779, 0
u,0.646809995174408, 0.545914888381958, 0
u,0.6621472239494324, 0.5457034707069397, 0
u,0.6621472239494324, 0.5457034707069397, 0
u,0.6621105074882507, 0.5429049730300903, 0
u,0.9592732787132263, 0.5429049730300903, 0
u,0.6506515145301819, 0.5172507762908936, 0
u,0.6467844843864441, 0.5173044800758362, 0
u,0.6503440737724304, 0.1719346046447754, 0
u,0.6467844843864441, 0.5173044800758362, 0
u,0.6464735269546509, 0.16786809265613556, 0
u,0.6503440737724304, 0.1719346046447754, 0
u,0.6810278296470642, 0.17070560157299042, 0
u,0.6810277104377747, 0.17193730175495148, 0
u,0.6503440737724304, 0.1719346046447754, 0
u,0.9631441831588745, 0.5469710826873779, 0
u,0.6621472239494324, 0.5457034707069397, 0
u,0.9592732787132263, 0.5429049730300903, 0
u,0.958916187286377, 0.1719616949558258, 0
u,0.9555141925811768, 0.17196139693260193, 0
u,0.9555146098136902, 0.17086480557918549, 0
u,0.9631441831588745, 0.5469710826873779, 0
u,0.9592732787132263, 0.5429049730300903, 0
u,0.9627792835235596, 0.16789589822292328, 0
u,0.9592732787132263, 0.5429049730300903, 0
u,0.958916187286377, 0.1719616949558258, 0
u,0.9627792835235596, 0.16789589822292328, 0
u,0.6810278296470642, 0.17070560157299042, 0
u,0.6503440737724304, 0.1719346046447754, 0
u,0.6464735269546509, 0.16786809265613556, 0
u,0.9555146098136902, 0.17086480557918549, 0
u,0.6810278296470642, 0.17070560157299042, 0
u,0.9627792835235596, 0.16789589822292328, 0
u,0.6810278296470642, 0.17070560157299042, 0
u,0.6464735269546509, 0.16786809265613556, 0
u,0.9627792835235596, 0.16789589822292328, 0
u,0.6425073146820068, 0.5173640251159668, 0
u,0.6617723107337952, 0.5170962810516357, 0
u,0.6621472239494324, 0.5457034707069397, 0
u,0.7599493861198425, 0.4957957863807678, 0
u,0.7598522901535034, 0.4822232127189636, 0
u,0.8944057822227478, 0.48136579990386963, 0
u,0.7573632001876831, 0.43754878640174866, 0
u,0.7572970986366272, 0.42396190762519836, 0
u,0.8918325901031494, 0.42311879992485046, 0
u,0.7600762844085693, 0.4661898910999298, 0
u,0.7599793076515198, 0.4526172876358032, 0
u,0.8945326805114746, 0.45175978541374207, 0
u,0.7592440843582153, 0.37783798575401306, 0
u,0.7591649293899536, 0.36425110697746277, 0
u,0.893700122833252, 0.36340761184692383, 0
u,0.7670038938522339, 0.41053861379623413, 0
u,0.7669172286987305, 0.3969663977622986, 0
u,0.9014673829078674, 0.3961215019226074, 0
u,0.7680032253265381, 0.34958648681640625, 0
u,0.7679371237754822, 0.33599960803985596, 0
u,0.9024723768234253, 0.33515599370002747, 0
u,0.852602481842041, 0.23079699277877808, 0
u,0.8524528741836548, 0.20186269283294678, 0
u,0.8805763125419617, 0.20170509815216064, 0
u,0.6848946213722229, 0.1747739017009735, 0
u,0.8523135185241699, 0.17487099766731262, 0
u,0.8524528741836548, 0.20186269283294678, 0
u,0.852602481842041, 0.23079699277877808, 0
u,0.8526554703712463, 0.2410425990819931, 0
u,0.6848909258842468, 0.24093559384346008, 0
u,0.6848946213722229, 0.1747739017009735, 0
u,0.8524528741836548, 0.20186269283294678, 0
u,0.6848909258842468, 0.24093559384346008, 0
u,0.8805763125419617, 0.20170509815216064, 0
u,0.8524528741836548, 0.20186269283294678, 0
u,0.8523135185241699, 0.17487099766731262, 0
u,0.8523135185241699, 0.17487099766731262, 0
u,0.8905972242355347, 0.1748933047056198, 0
u,0.8805763125419617, 0.20170509815216064, 0
u,0.8905972242355347, 0.1748933047056198, 0
u,0.8907417058944702, 0.20283609628677368, 0
u,0.8805763125419617, 0.20170509815216064, 0
u,0.8907417058944702, 0.20283609628677368, 0
u,0.8908913731575012, 0.23177050054073334, 0
u,0.8807185292243958, 0.23065400123596191, 0
u,0.8908913731575012, 0.23177050054073334, 0
u,0.8909394145011902, 0.2410670965909958, 0
u,0.8807185292243958, 0.23065400123596191, 0
u,0.8909394145011902, 0.2410670965909958, 0
u,0.8526554703712463, 0.2410425990819931, 0
u,0.8807185292243958, 0.23065400123596191, 0
u,0.8526554703712463, 0.2410425990819931, 0
u,0.852602481842041, 0.23079699277877808, 0
u,0.8807185292243958, 0.23065400123596191, 0
u,0.9188663959503174, 0.20270469784736633, 0
u,0.8907417058944702, 0.20283609628677368, 0
u,0.8905972242355347, 0.1748933047056198, 0
u,0.9516245126724243, 0.24110570549964905, 0
u,0.8909394145011902, 0.2410670965909958, 0
u,0.9190012812614441, 0.2316408008337021, 0
u,0.8909394145011902, 0.2410670965909958, 0
u,0.8908913731575012, 0.23177050054073334, 0
u,0.9190012812614441, 0.2316408008337021, 0
u,0.9188663959503174, 0.20270469784736633, 0
u,0.8905972242355347, 0.1748933047056198, 0
u,0.9516463279724121, 0.1749286949634552, 0
u,0.9516245126724243, 0.24110570549964905, 0
u,0.9190012812614441, 0.2316408008337021, 0
u,0.9188663959503174, 0.20270469784736633, 0
u,0.6848909258842468, 0.24093559384346008, 0
u,0.9516245126724243, 0.24110570549964905, 0
u,0.9554901123046875, 0.24517430365085602, 0
u,0.9555146098136902, 0.17086480557918549, 0
u,0.9554901123046875, 0.24517430365085602, 0
u,0.9516245126724243, 0.24110570549964905, 0
u,0.9555146098136902, 0.17086480557918549, 0
u,0.9516245126724243, 0.24110570549964905, 0
u,0.9516463279724121, 0.1749286949634552, 0
u,0.6848909258842468, 0.24093559384346008, 0
u,0.6810237169265747, 0.24499930441379547, 0
u,0.6848946213722229, 0.1747739017009735, 0
u,0.6810237169265747, 0.24499930441379547, 0
u,0.6810278296470642, 0.17070560157299042, 0
u,0.6848946213722229, 0.1747739017009735, 0
u,0.9555146098136902, 0.17086480557918549, 0
u,0.9516463279724121, 0.1749286949634552, 0
u,0.6810278296470642, 0.17070560157299042, 0
u,0.9188663959503174, 0.20270469784736633, 0
u,0.9190012812614441, 0.2316408008337021, 0
u,0.8908913731575012, 0.23177050054073334, 0
u,0.9884474277496338, 0.1658819019794464, 0
u,0.9675065279006958, 0.1658819019794464, 0
u,0.9675065279006958, 0.026776500046253204, 0
u,0.9675065279006958, 0.026776500046253204, 0
u,0.9675065279006958, 0.1658819019794464, 0
u,0.9159554243087769, 0.1658819019794464, 0
u,0.895200788974762, 0.1658819019794464, 0
u,0.895200788974762, 0.026776500046253204, 0
u,0.9159554243087769, 0.026776500046253204, 0
u,0.8242300748825073, 0.06708920001983643, 0
u,0.5837414264678955, 0.06708920001983643, 0
u,0.5837414264678955, 0.04021729901432991, 0
u,0.0012546000070869923, 0.00056900002527982, 0
u,0.2398321032524109, 0.00056900002527982, 0
u,0.2398321032524109, 0.026776500046253204, 0
u,0.0009794000070542097, 0.0001745000045048073, 0
u,0.0017486000433564186, 0.0001745000045048073, 0
u,0.0012546000070869923, 0.00056900002527982, 0
u,0.0012546000070869923, 0.00056900002527982, 0
u,0.2398321032524109, 0.026776500046253204, 0
u,0.0009794000070542097, 0.026776500046253204, 0
u,0.5837414264678955, 0.040164701640605927, 0
u,0.8242300748825073, 0.040164701640605927, 0
u,0.8242300748825073, 0.04021729901432991, 0
u,0.8940094113349915, 0.9994478225708008, 0
u,0.8930336833000183, 0.9994478225708008, 0
u,0.8930336833000183, 0.9990125894546509, 0
u,0.8930336833000183, 0.9990125894546509, 0
u,0.6434866786003113, 0.9990125894546509, 0
u,0.8290389180183411, 0.947557270526886, 0
u,0.6434866786003113, 0.9990125894546509, 0
u,0.6434866786003113, 0.947557270526886, 0
u,0.8290389180183411, 0.947557270526886, 0
u,0.6434866786003113, 0.548918604850769, 0
u,0.8927463293075562, 0.548918604850769, 0
u,0.8927462100982666, 0.5489395260810852, 0
u,0.6434866786003113, 0.5489395260810852, 0
u,0.8927462100982666, 0.5489395260810852, 0
u,0.8278086185455322, 0.600804328918457, 0
u,0.8278086185455322, 0.600804328918457, 0
u,0.8290389180183411, 0.947557270526886, 0
u,0.6434866786003113, 0.947557270526886, 0
u,0.40253040194511414, 0.5060495138168335, 0
u,0.40253040194511414, 0.6438630223274231, 0
u,0.2956315875053406, 0.6438630223274231, 0
u,0.2956315875053406, 0.6438630223274231, 0
u,0.2956315875053406, 0.8977850079536438, 0
u,0.2905597984790802, 0.8977850079536438, 0
u,0.6206501722335815, 0.5025746822357178, 0
u,0.6206501722335815, 0.8977850079536438, 0
u,0.614726185798645, 0.6438630223274231, 0
u,0.6206501722335815, 0.8977850079536438, 0
u,0.614726185798645, 0.8977850079536438, 0
u,0.614726185798645, 0.6438630223274231, 0
u,0.614726185798645, 0.6438630223274231, 0
u,0.45360231399536133, 0.6438630223274231, 0
u,0.45360231399536133, 0.5060495138168335, 0
u,0.2956315875053406, 0.6438630223274231, 0
u,0.2905597984790802, 0.8977850079536438, 0
u,0.2905597984790802, 0.5025746822357178, 0
u,0.40253040194511414, 0.5060495138168335, 0
u,0.2956315875053406, 0.6438630223274231, 0
u,0.2905597984790802, 0.5025746822357178, 0
u,0.6206501722335815, 0.5025746822357178, 0
u,0.614726185798645, 0.6438630223274231, 0
u,0.45360231399536133, 0.5060495138168335, 0
u,0.45360231399536133, 0.5060495138168335, 0
u,0.40253040194511414, 0.5060495138168335, 0
u,0.2905597984790802, 0.5025746822357178, 0
u,0.5944231152534485, 0.0956851989030838, 0
u,0.5944231152534485, 0.4912461042404175, 0
u,0.30455130338668823, 0.4912461042404175, 0
u,0.0, 0.0956851989030838, 0
u,0.30455130338668823, 0.0956851989030838, 0
u,0.30455130338668823, 0.4912461042404175, 0
u,0.0, 0.8977850079536438, 0
u,0.0, 0.5025746822357178, 0
u,0.0009198000188916922, 0.5025746822357178, 0
u,0.0009198000188916922, 0.5025746822357178, 0
u,0.2905597984790802, 0.5025746822357178, 0
u,0.2905597984790802, 0.8977850079536438, 0
u,0.6072738170623779, 0.49227601289749146, 0
u,0.6072738170623779, 0.4954254925251007, 0
u,0.33106470108032227, 0.4954254925251007, 0
u,0.0031622000969946384, 0.4954254925251007, 0
u,0.0031622000969946384, 0.49227601289749146, 0
u,0.1591167002916336, 0.4954254925251007, 0
u,0.0031622000969946384, 0.49227601289749146, 0
u,0.33106470108032227, 0.49227601289749146, 0
u,0.1591167002916336, 0.4954254925251007, 0
u,0.33106470108032227, 0.49227601289749146, 0
u,0.33106470108032227, 0.4954254925251007, 0
u,0.288318008184433, 0.4954254925251007, 0
u,0.26214799284935, 0.4954254925251007, 0
u,0.23681369423866272, 0.4954254925251007, 0
u,0.33106470108032227, 0.49227601289749146, 0
u,0.23681369423866272, 0.4954254925251007, 0
u,0.2129928022623062, 0.4954254925251007, 0
u,0.33106470108032227, 0.49227601289749146, 0
u,0.33106470108032227, 0.49227601289749146, 0
u,0.288318008184433, 0.4954254925251007, 0
u,0.26214799284935, 0.4954254925251007, 0
u,0.2129928022623062, 0.4954254925251007, 0
u,0.18402419984340668, 0.4954254925251007, 0
u,0.33106470108032227, 0.49227601289749146, 0
u,0.6219391822814941, 0.8974078297615051, 0
u,0.6219391822814941, 0.8671900033950806, 0
u,0.6249573826789856, 0.8671900033950806, 0
u,0.0, 0.49227601289749146, 0
u,0.0031622000969946384, 0.49227601289749146, 0
u,0.0031622000969946384, 0.4954254925251007, 0
u,0.6219391822814941, 0.5632225275039673, 0
u,0.6219391822814941, 0.5437692999839783, 0
u,0.6249573826789856, 0.5437692999839783, 0
u,0.6249573826789856, 0.5437692999839783, 0
u,0.6249573826789856, 0.8671900033950806, 0
u,0.6219391822814941, 0.7001116275787354, 0
u,0.6249573826789856, 0.8671900033950806, 0
u,0.6219391822814941, 0.8671900033950806, 0
u,0.6219391822814941, 0.7001116275787354, 0
u,0.6249573826789856, 0.5437692999839783, 0
u,0.6219391822814941, 0.7001116275787354, 0
u,0.6219391822814941, 0.6736931800842285, 0
u,0.6219391822814941, 0.6736931800842285, 0
u,0.6219391822814941, 0.6430320143699646, 0
u,0.6249573826789856, 0.5437692999839783, 0
u,0.6219391822814941, 0.6430320143699646, 0
u,0.6219391822814941, 0.6177901029586792, 0
u,0.6249573826789856, 0.5437692999839783, 0
u,0.6219391822814941, 0.6177901029586792, 0
u,0.6219391822814941, 0.5909501910209656, 0
u,0.6249573826789856, 0.5437692999839783, 0
u,0.0, 0.0480784997344017, 0
u,0.0, 0.028836200013756752, 0
u,0.09490320086479187, 0.04387680068612099, 0
u,0.0, 0.028836200013756752, 0
u,0.09490320086479187, 0.028836200013756752, 0
u,0.09490320086479187, 0.04387680068612099, 0
u,0.09490320086479187, 0.04387680068612099, 0
u,0.4777134954929352, 0.04387680068612099, 0
u,0.4777134954929352, 0.0480784997344017, 0
u,0.4777134954929352, 0.07475890219211578, 0
u,0.4777134954929352, 0.07895340025424957, 0
u,0.09490320086479187, 0.07895340025424957, 0
u,0.09490320086479187, 0.08274570107460022, 0
u,0.0979083999991417, 0.08274570107460022, 0
u,0.0979083999991417, 0.09365150332450867, 0
u,0.0, 0.07475890219211578, 0
u,0.4777134954929352, 0.07475890219211578, 0
u,0.09490320086479187, 0.07895340025424957, 0
u,0.09490320086479187, 0.08274570107460022, 0
u,0.0979083999991417, 0.09365150332450867, 0
u,0.0, 0.09365150332450867, 0
u,0.0, 0.07475890219211578, 0
u,0.09490320086479187, 0.07895340025424957, 0
u,0.09490320086479187, 0.08274570107460022, 0
u,0.0, 0.07475890219211578, 0
u,0.0, 0.0480784997344017, 0
u,0.4777134954929352, 0.0480784997344017, 0
u,0.5954946279525757, 0.09892240166664124, 0
u,0.6206099987030029, 0.09892240166664124, 0
u,0.5979514122009277, 0.19769610464572906, 0
u,0.6206099987030029, 0.09892240166664124, 0
u,0.6206099987030029, 0.2008237987756729, 0
u,0.5979514122009277, 0.19769610464572906, 0
u,0.6206099987030029, 0.2008237987756729, 0
u,0.5979514122009277, 0.2008237987756729, 0
u,0.5979514122009277, 0.19769610464572906, 0
u,0.8820660710334778, 0.16628070175647736, 0
u,0.8820660710334778, 0.14315129816532135, 0
u,0.8939856886863708, 0.14315129816532135, 0
u,0.6219391822814941, 0.16628070175647736, 0
u,0.6219391822814941, 0.14315129816532135, 0
u,0.746057391166687, 0.14315129816532135, 0
u,0.746057391166687, 0.14315129816532135, 0
u,0.7579643726348877, 0.14315129816532135, 0
u,0.7579643726348877, 0.16628070175647736, 0
u,0.7579643726348877, 0.14315129816532135, 0
u,0.8820660710334778, 0.14315129816532135, 0
u,0.8820660710334778, 0.16628070175647736, 0
u,0.6409782767295837, 0.2282439023256302, 0
u,0.6190009713172913, 0.2282439023256302, 0
u,0.6190009713172913, 0.21572279930114746, 0
u,0.6409782767295837, 0.5015447735786438, 0
u,0.6190009713172913, 0.5015447735786438, 0
u,0.6190009713172913, 0.37116751074790955, 0
u,0.6190009713172913, 0.37116751074790955, 0
u,0.6190009713172913, 0.35864540934562683, 0
u,0.6409782767295837, 0.35864540934562683, 0
u,0.6190009713172913, 0.35864540934562683, 0
u,0.6190009713172913, 0.2282439023256302, 0
u,0.6409782767295837, 0.2282439023256302, 0
u,0.8819608092308044, 0.141554594039917, 0
u,0.8819608092308044, 0.11843450367450714, 0
u,0.8938754796981812, 0.11843450367450714, 0
u,0.6219391822814941, 0.141554594039917, 0
u,0.6219391822814941, 0.11843450367450714, 0
u,0.7460070848464966, 0.11843450367450714, 0
u,0.7460070848464966, 0.11843450367450714, 0
u,0.7579091787338257, 0.11843450367450714, 0
u,0.7579091787338257, 0.141554594039917, 0
u,0.7579091787338257, 0.11843450367450714, 0
u,0.8819608092308044, 0.11843450367450714, 0
u,0.8819608092308044, 0.141554594039917, 0
u,0.8434360027313232, 0.0920908972620964, 0
u,0.8434360027313232, 0.06900099664926529, 0
u,0.8553227186203003, 0.06900099664926529, 0
u,0.5837414264678955, 0.0920908972620964, 0
u,0.5837414264678955, 0.06900099664926529, 0
u,0.7076308727264404, 0.06900099664926529, 0
u,0.7076308727264404, 0.06900099664926529, 0
u,0.719529926776886, 0.06900099664926529, 0
u,0.719529926776886, 0.0920908972620964, 0
u,0.719529926776886, 0.06900099664926529, 0
u,0.8434360027313232, 0.06900099664926529, 0
u,0.8434360027313232, 0.0920908972620964, 0
u,0.8817477226257324, 0.1167559027671814, 0
u,0.8817477226257324, 0.0937177985906601, 0
u,0.8936411738395691, 0.0937177985906601, 0
u,0.6219391822814941, 0.1167559027671814, 0
u,0.6219391822814941, 0.0937177985906601, 0
u,0.7458996772766113, 0.0937177985906601, 0
u,0.7458996772766113, 0.0937177985906601, 0
u,0.7577913999557495, 0.0937177985906601, 0
u,0.7577913999557495, 0.1167559027671814, 0
u,0.7577913999557495, 0.0937177985906601, 0
u,0.8817477226257324, 0.0937177985906601, 0
u,0.8817477226257324, 0.1167559027671814, 0
u,0.6176288723945618, 0.21524789929389954, 0
u,0.5954946279525757, 0.21524789929389954, 0
u,0.5954946279525757, 0.20260310173034668, 0
u,0.6176288723945618, 0.4912461042404175, 0
u,0.5954946279525757, 0.4912461042404175, 0
u,0.5954946279525757, 0.3595820963382721, 0
u,0.5954946279525757, 0.3595820963382721, 0
u,0.5954946279525757, 0.34693628549575806, 0
u,0.6176288723945618, 0.34693628549575806, 0
u,0.5954946279525757, 0.34693628549575806, 0
u,0.5954946279525757, 0.21524789929389954, 0
u,0.6176288723945618, 0.21524789929389954, 0
u,0.9212080836296082, 0.6189494729042053, 0
u,0.895200788974762, 0.6189494729042053, 0
u,0.895200788974762, 0.5810875296592712, 0
u,0.998142421245575, 0.5810875296592712, 0
u,0.998142421245575, 0.6189494729042053, 0
u,0.9726759195327759, 0.6189494729042053, 0
u,0.9726759195327759, 0.5810875296592712, 0
u,0.9726759195327759, 0.6189494729042053, 0
u,0.9466617107391357, 0.6189494729042053, 0
u,0.9466617107391357, 0.6189494729042053, 0
u,0.9212080836296082, 0.6189494729042053, 0
u,0.9212080836296082, 0.5810875296592712, 0
u,0.305263489484787, 0.49742528796195984, 0
u,0.305263489484787, 0.5005630254745483, 0
u,0.24699750542640686, 0.5005630254745483, 0
u,0.0, 0.5005630254745483, 0
u,0.0, 0.49742528796195984, 0
u,0.05619490146636963, 0.5005630254745483, 0
u,0.0, 0.49742528796195984, 0
u,0.24699750542640686, 0.49742528796195984, 0
u,0.09164609760046005, 0.5005630254745483, 0
u,0.24699750542640686, 0.49742528796195984, 0
u,0.24699750542640686, 0.5005630254745483, 0
u,0.09164609760046005, 0.5005630254745483, 0
u,0.5522778034210205, 0.49742528796195984, 0
u,0.6105573773384094, 0.49742528796195984, 0
u,0.6105573773384094, 0.5005630254745483, 0
u,0.305263489484787, 0.5005630254745483, 0
u,0.305263489484787, 0.49742528796195984, 0
u,0.46029481291770935, 0.5005630254745483, 0
u,0.305263489484787, 0.49742528796195984, 0
u,0.5522778034210205, 0.49742528796195984, 0
u,0.46029481291770935, 0.5005630254745483, 0
u,0.5522778034210205, 0.49742528796195984, 0
u,0.5522778034210205, 0.5005630254745483, 0
u,0.4957458972930908, 0.5005630254745483, 0
u,0.06568820029497147, 0.9001591801643372, 0
u,0.3208045959472656, 0.9001591801643372, 0
u,0.3208045959472656, 1.0, 0
u,0.0009693999891169369, 0.9001591801643372, 0
u,0.06568820029497147, 0.9001591801643372, 0
u,0.0009693999891169369, 0.9033086895942688, 0
u,0.06568820029497147, 0.9001591801643372, 0
u,0.06568820029497147, 1.0, 0
u,0.0009693999891169369, 0.9033086895942688, 0
u,0.06568820029497147, 1.0, 0
u,0.0, 1.0, 0
u,0.0009693999891169369, 0.9033086895942688, 0
u,0.6416140794754028, 0.9033086895942688, 0
u,0.6416140794754028, 1.0, 0
u,0.38647881150245667, 1.0, 0
u,0.3208045959472656, 0.9001591801643372, 0
u,0.3853900134563446, 0.9001591801643372, 0
u,0.3853900134563446, 0.9033086895942688, 0
u,0.3853900134563446, 0.9033086895942688, 0
u,0.38647881150245667, 0.9033086895942688, 0
u,0.38647881150245667, 1.0, 0
u,0.38647881150245667, 1.0, 0
u,0.3208045959472656, 1.0, 0
u,0.3853900134563446, 0.9033086895942688, 0
u,0.5043948888778687, 0.05585930123925209, 0
u,0.5303940773010254, 0.05585930123925209, 0
u,0.5303940773010254, 0.0937177985906601, 0
u,0.4789421856403351, 0.0937177985906601, 0
u,0.4789421856403351, 0.05585930123925209, 0
u,0.5043948888778687, 0.05585930123925209, 0
u,0.5303940773010254, 0.05585930123925209, 0
u,0.5558453798294067, 0.05585930123925209, 0
u,0.5558453798294067, 0.0937177985906601, 0
