s,62.5556640625, 132.697265625, -1.5596308708190918
b,63.002685546875, 133.28515625, -1.0669007301330566
v,63.002685546875, 133.25390625, -1.0669007301330566
v,62.95849609375, 132.697265625, -1.0669341087341309
v,62.95849609375, 132.697265625, -1.5596296787261963
v,63.002685546875, 133.25390625, -1.559596061706543
v,62.5556640625, 132.728515625, -1.5596308708190918
v,62.599609375, 133.28515625, -1.5595979690551758
v,63.00244140625, 133.25390625, -1.559596061706543
v,62.95849609375, 132.697265625, -1.5596296787261963
v,63.00244140625, 133.25390625, -1.0669007301330566
v,62.599609375, 133.28515625, -1.0669026374816895
v,62.5556640625, 132.728515625, -1.0669355392456055
v,62.95849609375, 132.697265625, -1.0669341087341309
v,62.95849609375, 132.697265625, -1.0669341087341309
v,62.5556640625, 132.728515625, -1.0669355392456055
v,62.5556640625, 132.728515625, -1.5596308708190918
v,62.95849609375, 132.697265625, -1.5596296787261963
v,62.5556640625, 132.728515625, -1.0669355392456055
v,62.599609375, 133.28515625, -1.0669026374816895
v,62.599609375, 133.28515625, -1.5595979690551758
v,62.5556640625, 132.728515625, -1.5596308708190918
v,62.599609375, 133.28515625, -1.0669026374816895
v,63.00244140625, 133.25390625, -1.0669007301330566
v,63.00244140625, 133.25390625, -1.559596061706543
v,62.599609375, 133.28515625, -1.5595979690551758
i,1,3,0
i,5,7,4
i,9,11,8
i,13,15,12
i,16,18,19
i,20,22,23
i,1,2,3
i,5,6,7
i,9,10,11
i,13,14,15
i,16,17,18
i,20,21,22
n,4.489748001098633, -0.3554675579071045, 0.0
n,3.4749358746921644e-05, 0.0002648619411047548, -4.50379753112793
n,-3.969950557802804e-05, -0.00026788722607307136, 4.50379753112793
n,-0.3481990694999695, -4.490317344665527, 0.0
n,-4.489885330200195, 0.3537273108959198, 0.0
n,0.348012775182724, 4.490331649780273, 0.0
n,4.489748001098633, -0.3554675579071045, 0.0
n,3.969950557802804e-05, 0.00026788722607307136, -4.50379753112793
n,-3.4749358746921644e-05, -0.0002648619411047548, 4.50379753112793
n,-0.3481990694999695, -4.490317344665527, 0.0
n,-4.489885330200195, 0.3537273108959198, 0.0
n,0.348012775182724, 4.490331649780273, 0.0
u,0.7822558283805847, 0.5021923780441284, 0
u,0.4951344132423401, 1.0, 0
u,0.4951344132423401, 0.5021923780441284, 0
u,0.0, 0.0, 0
u,0.0, 0.0, 0
u,0.0, 0.0, 0
u,0.31372928619384766, 0.4339621961116791, 0
u,0.00994850043207407, 0.0014732000418007374, 0
u,0.31414198875427246, 0.0013601999962702394, 0
u,0.9902893900871277, 0.5021923780441284, 0
u,0.7822558283805847, 1.0, 0
u,0.7822558283805847, 0.5021923780441284, 0
u,0.0, 0.5021923780441284, 0
u,0.2870461940765381, 1.0, 0
u,0.0, 1.0, 0
u,0.2870461940765381, 0.5021923780441284, 0
u,0.4951344132423401, 1.0, 0
u,0.2870461940765381, 1.0, 0
u,0.7822558283805847, 0.5021923780441284, 0
u,0.7822558283805847, 1.0, 0
u,0.4951344132423401, 1.0, 0
u,0.0, 0.0, 0
u,0.0, 0.0, 0
u,0.0, 0.0, 0
u,0.31372928619384766, 0.4339621961116791, 0
u,0.0096153998747468, 0.4339621961116791, 0
u,0.00994850043207407, 0.0014732000418007374, 0
u,0.9902893900871277, 0.5021923780441284, 0
u,0.9902893900871277, 1.0, 0
u,0.7822558283805847, 1.0, 0
u,0.0, 0.5021923780441284, 0
u,0.2870461940765381, 0.5021923780441284, 0
u,0.2870461940765381, 1.0, 0
u,0.2870461940765381, 0.5021923780441284, 0
u,0.4951344132423401, 0.5021923780441284, 0
u,0.4951344132423401, 1.0, 0
