s,201.499755859375, 82.966796875, -0.9441971778869629
b,206.94580078125, 88.8203125, 8.956138610839844
v,202.55712890625, 86.16796875, 8.935779571533203
v,202.29736328125, 85.9736328125, 8.935747146606445
v,202.29736328125, 85.9736328125, 8.713712692260742
v,202.55712890625, 86.16796875, 8.7137451171875
v,204.64697265625, 87.873046875, -0.9438343048095703
v,204.90771484375, 87.521484375, -0.9438152313232422
v,205.400146484375, 87.890625, -0.9437518119812012
v,205.716064453125, 87.46875, -0.9437284469604492
v,205.221923828125, 87.0986328125, -0.9437923431396484
v,205.34521484375, 86.93359375, -0.9437828063964844
v,206.165771484375, 87.521484375, -0.9436779022216797
v,206.94580078125, 86.125, -0.9436283111572266
v,206.044921875, 85.466796875, -0.9437446594238281
v,205.945068359375, 85.6025390625, -0.9437522888183594
v,205.921630859375, 85.5859375, -0.9437551498413086
v,206.50634765625, 84.8076171875, -0.9437103271484375
v,206.499267578125, 84.802734375, -0.9437112808227539
v,206.649169921875, 84.6025390625, -0.9436993598937988
v,204.50244140625, 82.9677734375, -0.9439735412597656
v,203.73095703125, 83.9814453125, -0.9440326690673828
v,203.716552734375, 83.970703125, -0.9440350532531738
v,202.205078125, 85.9873046875, -0.9441471099853516
v,202.216552734375, 85.99609375, -0.944145679473877
v,201.50048828125, 86.951171875, -0.9441971778869629
v,203.6884765625, 88.6181640625, -0.9439177513122559
v,204.02783203125, 88.1640625, -0.9438934326171875
v,204.901611328125, 88.8203125, -0.9437804222106934
v,205.2646484375, 88.3359375, -0.9437541961669922
v,204.220703125, 83.7666015625, 6.598982810974121
v,204.212890625, 83.7607421875, 6.598981857299805
v,203.933837890625, 84.1337890625, 6.598960876464844
v,203.783447265625, 84.0205078125, 6.598940849304199
v,204.51416015625, 83.060546875, 6.598997116088867
v,206.555419921875, 84.615234375, 6.5992584228515625
v,206.445068359375, 84.76171875, 6.599249839782715
v,204.545654296875, 83.333984375, 6.599007606506348
v,206.555419921875, 84.615234375, 6.821293830871582
v,204.51416015625, 83.060546875, 6.821032524108887
v,203.783447265625, 84.0205078125, 6.820977210998535
v,203.730224609375, 83.9814453125, 6.82097053527832
v,204.50146484375, 82.966796875, 6.8210296630859375
v,206.6484375, 84.6025390625, 6.82130241394043
v,206.498291015625, 84.802734375, 6.821291923522949
v,206.445068359375, 84.76171875, 6.821285247802734
v,204.54541015625, 83.333984375, 7.426087379455566
v,206.50537109375, 84.8076171875, 7.426336288452148
v,205.92041015625, 85.5859375, 7.426292419433594
v,205.900146484375, 85.5703125, 7.4262895584106445
v,205.905029296875, 85.5634765625, 7.426290512084961
v,205.872314453125, 85.5390625, 7.426285743713379
v,206.412109375, 84.8203125, 7.426326751708984
v,204.558837890625, 83.427734375, 7.426091194152832
v,204.27392578125, 83.806640625, 7.426069259643555
v,204.220703125, 83.7666015625, 7.42606258392334
v,204.890380859375, 84.802734375, 7.20412540435791
v,205.146728515625, 84.4619140625, 7.204144477844238
v,204.27392578125, 83.806640625, 7.204033851623535
v,204.558837890625, 83.427734375, 7.2040557861328125
v,206.412109375, 84.8203125, 7.204291343688965
v,205.872314453125, 85.5390625, 7.204251289367676
v,204.90673828125, 87.521484375, 8.559720039367676
v,204.466796875, 88.11328125, 8.559687614440918
v,203.189697265625, 87.1630859375, 8.559525489807129
v,203.331787109375, 86.974609375, 8.55953598022461
v,204.30224609375, 87.701171875, 8.559659004211426
v,205.89990234375, 85.5703125, 8.559778213500977
v,206.19482421875, 85.7890625, 8.559815406799316
v,205.22119140625, 87.0986328125, 8.559741973876953
v,205.171142578125, 87.060546875, 8.559737205505371
v,204.85498046875, 87.482421875, 8.559713363647461
v,206.85791015625, 86.14453125, 5.950987815856934
v,206.14306640625, 87.4248046875, 5.9509429931640625
v,205.38427734375, 86.8798828125, 5.950845718383789
v,206.19482421875, 85.7890625, 5.950906753540039
v,205.997802734375, 85.642578125, 5.950881004333496
v,206.05859375, 85.5595703125, 5.950884819030762
v,206.14306640625, 87.4248046875, 6.006451606750488
v,206.85791015625, 86.14453125, 6.006496429443359
v,206.05859375, 85.5595703125, 6.006394386291504
v,205.997802734375, 85.642578125, 6.006389617919922
v,205.944580078125, 85.6025390625, 6.006382942199707
v,206.0439453125, 85.466796875, 6.006389617919922
v,206.945068359375, 86.125, 6.006505966186523
v,206.164794921875, 87.521484375, 6.00645637512207
v,205.34423828125, 86.93359375, 6.006351470947266
v,205.38427734375, 86.8798828125, 6.006354331970215
v,205.399169921875, 87.890625, 8.95611572265625
v,204.85498046875, 87.482421875, 8.956045150756836
v,205.1708984375, 87.060546875, 8.95606803894043
v,205.715087890625, 87.46875, 8.956138610839844
v,203.674560546875, 88.5244140625, 6.581282615661621
v,201.5927734375, 86.9384765625, 6.58101749420166
v,202.26904296875, 86.0361328125, 6.581066131591797
v,202.4638671875, 86.181640625, 6.581090927124023
v,202.195556640625, 86.5400390625, 6.581070899963379
v,202.20751953125, 86.5478515625, 6.581072807312012
v,201.912353515625, 86.9423828125, 6.581051826477051
v,203.799560546875, 88.3564453125, 6.581292152404785
v,203.6875, 88.6181640625, 6.803321838378906
v,201.499755859375, 86.951171875, 6.803042411804199
v,202.2158203125, 85.99609375, 6.803092956542969
v,202.26904296875, 86.0361328125, 6.8031005859375
v,201.5927734375, 86.9384765625, 6.80305290222168
v,203.674560546875, 88.5244140625, 6.803318977355957
v,203.799560546875, 88.3564453125, 6.803327560424805
v,203.833984375, 88.3818359375, 6.803330421447754
v,204.0078125, 88.150390625, 6.803343772888184
v,204.02685546875, 88.1640625, 6.803345680236816
v,202.260498046875, 86.587890625, 7.217209815979004
v,203.13134765625, 87.2412109375, 7.217320442199707
v,203.189697265625, 87.1630859375, 7.217323303222656
v,204.06689453125, 87.8154296875, 7.217436790466309
v,203.88525390625, 88.05859375, 7.217423439025879
v,203.954345703125, 88.1103515625, 7.217432022094727
v,203.8203125, 88.2890625, 7.217421531677246
v,202.00537109375, 86.9287109375, 7.217191696166992
v,203.833984375, 88.3818359375, 7.439461708068848
v,201.912109375, 86.9423828125, 7.439215660095215
v,202.207275390625, 86.5478515625, 7.439237594604492
v,202.260498046875, 86.587890625, 7.439245223999023
v,202.00537109375, 86.9287109375, 7.439226150512695
v,203.8203125, 88.2890625, 7.439456939697266
v,203.954345703125, 88.1103515625, 7.43946647644043
v,204.0078125, 88.150390625, 7.4394731521606445
v,204.887451171875, 88.7265625, 7.831476211547852
v,205.17041015625, 88.3486328125, 7.8314971923828125
v,204.606201171875, 87.92578125, 7.831423759460449
v,204.64599609375, 87.873046875, 7.831427574157715
v,205.263671875, 88.3349609375, 7.831506729125977
v,204.900634765625, 88.8193359375, 7.831480026245117
v,203.885009765625, 88.05859375, 7.8313493728637695
v,204.06689453125, 87.8154296875, 7.831362724304199
v,204.120361328125, 87.85546875, 7.8313703536987305
v,203.978271484375, 88.044921875, 7.83135986328125
v,204.120361328125, 87.85546875, 7.609334945678711
v,204.467041015625, 88.11328125, 7.609378814697266
v,204.606201171875, 87.92578125, 7.609389305114746
v,205.17041015625, 88.3486328125, 7.609461784362793
v,204.887451171875, 88.7265625, 7.609441757202148
v,203.978515625, 88.044921875, 7.6093244552612305
v,203.131103515625, 87.2412109375, 8.935869216918945
v,203.11767578125, 87.1474609375, 8.93586540222168
v,203.318359375, 86.880859375, 8.93587875366211
v,203.331787109375, 86.974609375, 8.935884475708008
v,203.11767578125, 87.1474609375, 8.713830947875977
v,202.28857421875, 86.525390625, 8.713726043701172
v,202.556884765625, 86.16796875, 8.7137451171875
v,202.297119140625, 85.9736328125, 8.713712692260742
v,203.728759765625, 84.0634765625, 8.713817596435547
v,203.94677734375, 84.2265625, 8.713846206665039
v,204.22607421875, 83.8544921875, 8.7138671875
v,205.05322265625, 84.474609375, 8.713972091674805
v,204.797119140625, 84.81640625, 8.713953018188477
v,205.811767578125, 85.5771484375, 8.714080810546875
v,204.2890625, 87.6083984375, 8.713970184326172
v,203.318359375, 86.880859375, 8.713844299316406
v,205.90478515625, 85.5634765625, 8.936126708984375
v,204.30224609375, 87.701171875, 8.93600845336914
v,203.331787109375, 86.974609375, 8.935884475708008
v,203.318359375, 86.880859375, 8.93587875366211
v,204.288818359375, 87.6083984375, 8.936004638671875
v,205.8115234375, 85.5771484375, 8.936117172241211
v,205.90478515625, 85.5634765625, 8.936126708984375
v,205.8115234375, 85.5771484375, 8.936117172241211
v,204.797119140625, 84.81640625, 8.93598747253418
v,204.890380859375, 84.802734375, 8.935998916625977
v,202.556884765625, 86.16796875, 8.935779571533203
v,202.28857421875, 86.525390625, 8.935760498046875
v,203.11767578125, 87.1474609375, 8.93586540222168
v,203.131103515625, 87.2412109375, 8.935869216918945
v,202.1953125, 86.5400390625, 8.935750961303711
v,202.463623046875, 86.181640625, 8.935770034790039
v,202.203857421875, 85.9873046875, 8.935737609863281
v,203.715576171875, 83.970703125, 8.935848236083984
v,203.933349609375, 84.1337890625, 8.935876846313477
v,204.212646484375, 83.7607421875, 8.935897827148438
v,205.146484375, 84.4619140625, 8.936016082763672
v,204.890380859375, 84.802734375, 8.935998916625977
v,204.797119140625, 84.81640625, 8.93598747253418
v,205.05322265625, 84.474609375, 8.936006546020508
v,204.22607421875, 83.8544921875, 8.935901641845703
v,203.94677734375, 84.2265625, 8.935880661010742
v,203.728759765625, 84.0634765625, 8.93585205078125
v,202.297119140625, 85.9736328125, 8.935747146606445
v,206.445068359375, 84.76171875, 6.821285247802734
v,206.445068359375, 84.76171875, 6.599249839782715
v,206.555419921875, 84.615234375, 6.5992584228515625
v,206.555419921875, 84.615234375, 6.821293830871582
v,204.51416015625, 83.060546875, 6.598997116088867
v,204.51416015625, 83.060546875, 6.821032524108887
v,206.555419921875, 84.615234375, 6.821293830871582
v,206.555419921875, 84.615234375, 6.5992584228515625
v,203.783447265625, 84.0205078125, 6.598940849304199
v,203.783447265625, 84.0205078125, 6.820977210998535
v,204.51416015625, 83.060546875, 6.821032524108887
v,204.51416015625, 83.060546875, 6.598997116088867
v,206.499267578125, 84.802734375, -0.9437112808227539
v,206.498291015625, 84.802734375, 6.821291923522949
v,206.6484375, 84.6025390625, 6.82130241394043
v,206.649169921875, 84.6025390625, -0.9436993598937988
v,206.649169921875, 84.6025390625, -0.9436993598937988
v,206.6484375, 84.6025390625, 6.82130241394043
v,204.50146484375, 82.966796875, 6.8210296630859375
v,204.50244140625, 82.9677734375, -0.9439735412597656
v,203.730224609375, 83.9814453125, 6.82097053527832
v,203.73095703125, 83.9814453125, -0.9440326690673828
v,204.50244140625, 82.9677734375, -0.9439735412597656
v,204.50146484375, 82.966796875, 6.8210296630859375
v,206.445068359375, 84.76171875, 6.821285247802734
v,206.498291015625, 84.802734375, 6.821291923522949
v,206.499267578125, 84.802734375, -0.9437112808227539
v,206.50634765625, 84.8076171875, -0.9437103271484375
v,206.50537109375, 84.8076171875, 7.426336288452148
v,204.54541015625, 83.333984375, 7.426087379455566
v,204.545654296875, 83.333984375, 6.599007606506348
v,206.445068359375, 84.76171875, 6.599249839782715
v,206.50634765625, 84.8076171875, -0.9437103271484375
v,205.921630859375, 85.5859375, -0.9437551498413086
v,205.92041015625, 85.5859375, 7.426292419433594
v,206.50537109375, 84.8076171875, 7.426336288452148
v,204.54541015625, 83.333984375, 7.426087379455566
v,204.220703125, 83.7666015625, 7.42606258392334
v,204.220703125, 83.7666015625, 6.598982810974121
v,204.545654296875, 83.333984375, 6.599007606506348
v,204.27392578125, 83.806640625, 7.204033851623535
v,204.27392578125, 83.806640625, 7.426069259643555
v,204.558837890625, 83.427734375, 7.426091194152832
v,204.558837890625, 83.427734375, 7.2040557861328125
v,206.412109375, 84.8203125, 7.426326751708984
v,205.872314453125, 85.5390625, 7.426285743713379
v,205.872314453125, 85.5390625, 7.204251289367676
v,206.412109375, 84.8203125, 7.204291343688965
v,204.558837890625, 83.427734375, 7.426091194152832
v,206.412109375, 84.8203125, 7.426326751708984
v,206.412109375, 84.8203125, 7.204291343688965
v,204.558837890625, 83.427734375, 7.2040557861328125
v,206.19482421875, 85.7890625, 8.559815406799316
v,205.89990234375, 85.5703125, 8.559778213500977
v,205.900146484375, 85.5703125, 7.4262895584106445
v,205.92041015625, 85.5859375, 7.426292419433594
v,205.921630859375, 85.5859375, -0.9437551498413086
v,205.945068359375, 85.6025390625, -0.9437522888183594
v,205.944580078125, 85.6025390625, 6.006382942199707
v,205.997802734375, 85.642578125, 6.006389617919922
v,205.997802734375, 85.642578125, 5.950881004333496
v,206.19482421875, 85.7890625, 5.950906753540039
v,204.466796875, 88.11328125, 8.559687614440918
v,204.90673828125, 87.521484375, 8.559720039367676
v,204.90771484375, 87.521484375, -0.9438152313232422
v,204.64697265625, 87.873046875, -0.9438343048095703
v,204.64599609375, 87.873046875, 7.831427574157715
v,204.606201171875, 87.92578125, 7.831423759460449
v,204.606201171875, 87.92578125, 7.609389305114746
v,204.467041015625, 88.11328125, 7.609378814697266
v,205.38427734375, 86.8798828125, 6.006354331970215
v,205.34423828125, 86.93359375, 6.006351470947266
v,205.34521484375, 86.93359375, -0.9437828063964844
v,205.221923828125, 87.0986328125, -0.9437923431396484
v,205.22119140625, 87.0986328125, 8.559741973876953
v,206.19482421875, 85.7890625, 8.559815406799316
v,206.19482421875, 85.7890625, 5.950906753540039
v,205.38427734375, 86.8798828125, 5.950845718383789
v,203.189697265625, 87.1630859375, 8.559525489807129
v,204.466796875, 88.11328125, 8.559687614440918
v,204.467041015625, 88.11328125, 7.609378814697266
v,204.120361328125, 87.85546875, 7.609334945678711
v,204.120361328125, 87.85546875, 7.8313703536987305
v,204.06689453125, 87.8154296875, 7.831362724304199
v,204.06689453125, 87.8154296875, 7.217436790466309
v,203.189697265625, 87.1630859375, 7.217323303222656
v,206.14306640625, 87.4248046875, 6.006451606750488
v,205.38427734375, 86.8798828125, 6.006354331970215
v,205.38427734375, 86.8798828125, 5.950845718383789
v,206.14306640625, 87.4248046875, 5.9509429931640625
v,206.85791015625, 86.14453125, 5.950987815856934
v,206.85791015625, 86.14453125, 6.006496429443359
v,206.14306640625, 87.4248046875, 6.006451606750488
v,206.14306640625, 87.4248046875, 5.9509429931640625
v,206.05859375, 85.5595703125, 5.950884819030762
v,206.05859375, 85.5595703125, 6.006394386291504
v,206.85791015625, 86.14453125, 6.006496429443359
v,206.85791015625, 86.14453125, 5.950987815856934
v,205.997802734375, 85.642578125, 5.950881004333496
v,205.997802734375, 85.642578125, 6.006389617919922
v,206.05859375, 85.5595703125, 6.006394386291504
v,206.05859375, 85.5595703125, 5.950884819030762
v,206.165771484375, 87.521484375, -0.9436779022216797
v,206.164794921875, 87.521484375, 6.00645637512207
v,206.945068359375, 86.125, 6.006505966186523
v,206.94580078125, 86.125, -0.9436283111572266
v,206.94580078125, 86.125, -0.9436283111572266
v,206.945068359375, 86.125, 6.006505966186523
v,206.0439453125, 85.466796875, 6.006389617919922
v,206.044921875, 85.466796875, -0.9437446594238281
v,205.944580078125, 85.6025390625, 6.006382942199707
v,205.945068359375, 85.6025390625, -0.9437522888183594
v,206.044921875, 85.466796875, -0.9437446594238281
v,206.0439453125, 85.466796875, 6.006389617919922
v,206.165771484375, 87.521484375, -0.9436779022216797
v,205.34521484375, 86.93359375, -0.9437828063964844
v,205.34423828125, 86.93359375, 6.006351470947266
v,206.164794921875, 87.521484375, 6.00645637512207
v,205.171142578125, 87.060546875, 8.559737205505371
v,205.22119140625, 87.0986328125, 8.559741973876953
v,205.221923828125, 87.0986328125, -0.9437923431396484
v,205.716064453125, 87.46875, -0.9437284469604492
v,205.715087890625, 87.46875, 8.956138610839844
v,205.1708984375, 87.060546875, 8.95606803894043
v,204.85498046875, 87.482421875, 8.956045150756836
v,205.399169921875, 87.890625, 8.95611572265625
v,205.400146484375, 87.890625, -0.9437518119812012
v,204.90771484375, 87.521484375, -0.9438152313232422
v,204.90673828125, 87.521484375, 8.559720039367676
v,204.85498046875, 87.482421875, 8.559713363647461
v,205.399169921875, 87.890625, 8.95611572265625
v,205.715087890625, 87.46875, 8.956138610839844
v,205.716064453125, 87.46875, -0.9437284469604492
v,205.400146484375, 87.890625, -0.9437518119812012
v,204.85498046875, 87.482421875, 8.559713363647461
v,205.171142578125, 87.060546875, 8.559737205505371
v,205.1708984375, 87.060546875, 8.95606803894043
v,204.85498046875, 87.482421875, 8.956045150756836
v,203.674560546875, 88.5244140625, 6.581282615661621
v,203.674560546875, 88.5244140625, 6.803318977355957
v,201.5927734375, 86.9384765625, 6.80305290222168
v,201.5927734375, 86.9384765625, 6.58101749420166
v,203.799560546875, 88.3564453125, 6.581292152404785
v,203.799560546875, 88.3564453125, 6.803327560424805
v,203.674560546875, 88.5244140625, 6.803318977355957
v,203.674560546875, 88.5244140625, 6.581282615661621
v,202.26904296875, 86.0361328125, 6.8031005859375
v,202.26904296875, 86.0361328125, 6.581066131591797
v,201.5927734375, 86.9384765625, 6.58101749420166
v,201.5927734375, 86.9384765625, 6.80305290222168
v,204.02685546875, 88.1640625, 6.803345680236816
v,204.02783203125, 88.1640625, -0.9438934326171875
v,203.6884765625, 88.6181640625, -0.9439177513122559
v,203.6875, 88.6181640625, 6.803321838378906
v,201.50048828125, 86.951171875, -0.9441971778869629
v,201.499755859375, 86.951171875, 6.803042411804199
v,203.6875, 88.6181640625, 6.803321838378906
v,203.6884765625, 88.6181640625, -0.9439177513122559
v,202.216552734375, 85.99609375, -0.944145679473877
v,202.2158203125, 85.99609375, 6.803092956542969
v,201.499755859375, 86.951171875, 6.803042411804199
v,201.50048828125, 86.951171875, -0.9441971778869629
v,204.0078125, 88.150390625, 7.4394731521606445
v,204.0078125, 88.150390625, 6.803343772888184
v,203.833984375, 88.3818359375, 6.803330421447754
v,203.833984375, 88.3818359375, 7.439461708068848
v,203.8203125, 88.2890625, 7.217421531677246
v,203.8203125, 88.2890625, 7.439456939697266
v,202.00537109375, 86.9287109375, 7.439226150512695
v,202.00537109375, 86.9287109375, 7.217191696166992
v,203.954345703125, 88.1103515625, 7.217432022094727
v,203.954345703125, 88.1103515625, 7.43946647644043
v,203.8203125, 88.2890625, 7.439456939697266
v,203.8203125, 88.2890625, 7.217421531677246
v,202.260498046875, 86.587890625, 7.439245223999023
v,202.260498046875, 86.587890625, 7.217209815979004
v,202.00537109375, 86.9287109375, 7.217191696166992
v,202.00537109375, 86.9287109375, 7.439226150512695
v,202.20751953125, 86.5478515625, 6.581072807312012
v,202.207275390625, 86.5478515625, 7.439237594604492
v,201.912109375, 86.9423828125, 7.439215660095215
v,201.912353515625, 86.9423828125, 6.581051826477051
v,203.799560546875, 88.3564453125, 6.581292152404785
v,201.912353515625, 86.9423828125, 6.581051826477051
v,201.912109375, 86.9423828125, 7.439215660095215
v,203.833984375, 88.3818359375, 7.439461708068848
v,203.833984375, 88.3818359375, 6.803330421447754
v,203.799560546875, 88.3564453125, 6.803327560424805
v,203.88525390625, 88.05859375, 7.217423439025879
v,203.885009765625, 88.05859375, 7.8313493728637695
v,204.900634765625, 88.8193359375, 7.831480026245117
v,204.901611328125, 88.8203125, -0.9437804222106934
v,204.02783203125, 88.1640625, -0.9438934326171875
v,204.02685546875, 88.1640625, 6.803345680236816
v,204.0078125, 88.150390625, 6.803343772888184
v,204.0078125, 88.150390625, 7.4394731521606445
v,203.954345703125, 88.1103515625, 7.43946647644043
v,203.954345703125, 88.1103515625, 7.217432022094727
v,204.900634765625, 88.8193359375, 7.831480026245117
v,205.263671875, 88.3349609375, 7.831506729125977
v,205.2646484375, 88.3359375, -0.9437541961669922
v,204.901611328125, 88.8203125, -0.9437804222106934
v,204.64599609375, 87.873046875, 7.831427574157715
v,204.64697265625, 87.873046875, -0.9438343048095703
v,205.2646484375, 88.3359375, -0.9437541961669922
v,205.263671875, 88.3349609375, 7.831506729125977
v,203.885009765625, 88.05859375, 7.8313493728637695
v,203.88525390625, 88.05859375, 7.217423439025879
v,204.06689453125, 87.8154296875, 7.217436790466309
v,204.06689453125, 87.8154296875, 7.831362724304199
v,204.887451171875, 88.7265625, 7.609441757202148
v,204.887451171875, 88.7265625, 7.831476211547852
v,203.978271484375, 88.044921875, 7.83135986328125
v,203.978515625, 88.044921875, 7.6093244552612305
v,205.17041015625, 88.3486328125, 7.8314971923828125
v,204.887451171875, 88.7265625, 7.831476211547852
v,204.887451171875, 88.7265625, 7.609441757202148
v,205.17041015625, 88.3486328125, 7.609461784362793
v,204.606201171875, 87.92578125, 7.609389305114746
v,204.606201171875, 87.92578125, 7.831423759460449
v,205.17041015625, 88.3486328125, 7.8314971923828125
v,205.17041015625, 88.3486328125, 7.609461784362793
v,204.120361328125, 87.85546875, 7.8313703536987305
v,204.120361328125, 87.85546875, 7.609334945678711
v,203.978515625, 88.044921875, 7.6093244552612305
v,203.978271484375, 88.044921875, 7.83135986328125
v,203.933349609375, 84.1337890625, 8.935876846313477
v,203.715576171875, 83.970703125, 8.935848236083984
v,203.716552734375, 83.970703125, -0.9440350532531738
v,203.73095703125, 83.9814453125, -0.9440326690673828
v,203.730224609375, 83.9814453125, 6.82097053527832
v,203.783447265625, 84.0205078125, 6.820977210998535
v,203.783447265625, 84.0205078125, 6.598940849304199
v,203.933837890625, 84.1337890625, 6.598960876464844
v,202.205078125, 85.9873046875, -0.9441471099853516
v,203.716552734375, 83.970703125, -0.9440350532531738
v,203.715576171875, 83.970703125, 8.935848236083984
v,202.203857421875, 85.9873046875, 8.935737609863281
v,202.203857421875, 85.9873046875, 8.935737609863281
v,202.463623046875, 86.181640625, 8.935770034790039
v,202.4638671875, 86.181640625, 6.581090927124023
v,202.26904296875, 86.0361328125, 6.581066131591797
v,202.26904296875, 86.0361328125, 6.8031005859375
v,202.2158203125, 85.99609375, 6.803092956542969
v,202.216552734375, 85.99609375, -0.944145679473877
v,202.205078125, 85.9873046875, -0.9441471099853516
v,203.189697265625, 87.1630859375, 8.559525489807129
v,203.189697265625, 87.1630859375, 7.217323303222656
v,203.13134765625, 87.2412109375, 7.217320442199707
v,203.131103515625, 87.2412109375, 8.935869216918945
v,203.331787109375, 86.974609375, 8.935884475708008
v,203.331787109375, 86.974609375, 8.55953598022461
v,204.30224609375, 87.701171875, 8.559659004211426
v,203.331787109375, 86.974609375, 8.55953598022461
v,203.331787109375, 86.974609375, 8.935884475708008
v,204.30224609375, 87.701171875, 8.93600845336914
v,205.89990234375, 85.5703125, 8.559778213500977
v,204.30224609375, 87.701171875, 8.559659004211426
v,204.30224609375, 87.701171875, 8.93600845336914
v,205.90478515625, 85.5634765625, 8.936126708984375
v,205.905029296875, 85.5634765625, 7.426290512084961
v,205.900146484375, 85.5703125, 7.4262895584106445
v,205.872314453125, 85.5390625, 7.204251289367676
v,205.872314453125, 85.5390625, 7.426285743713379
v,205.905029296875, 85.5634765625, 7.426290512084961
v,205.90478515625, 85.5634765625, 8.936126708984375
v,204.890380859375, 84.802734375, 8.935998916625977
v,204.890380859375, 84.802734375, 7.20412540435791
v,205.146484375, 84.4619140625, 8.936016082763672
v,205.146728515625, 84.4619140625, 7.204144477844238
v,204.890380859375, 84.802734375, 7.20412540435791
v,204.890380859375, 84.802734375, 8.935998916625977
v,204.27392578125, 83.806640625, 7.204033851623535
v,205.146728515625, 84.4619140625, 7.204144477844238
v,205.146484375, 84.4619140625, 8.936016082763672
v,204.212646484375, 83.7607421875, 8.935897827148438
v,204.212890625, 83.7607421875, 6.598981857299805
v,204.220703125, 83.7666015625, 6.598982810974121
v,204.220703125, 83.7666015625, 7.42606258392334
v,204.27392578125, 83.806640625, 7.426069259643555
v,203.933349609375, 84.1337890625, 8.935876846313477
v,203.933837890625, 84.1337890625, 6.598960876464844
v,204.212890625, 83.7607421875, 6.598981857299805
v,204.212646484375, 83.7607421875, 8.935897827148438
v,202.4638671875, 86.181640625, 6.581090927124023
v,202.463623046875, 86.181640625, 8.935770034790039
v,202.1953125, 86.5400390625, 8.935750961303711
v,202.195556640625, 86.5400390625, 6.581070899963379
v,202.260498046875, 86.587890625, 7.217209815979004
v,202.260498046875, 86.587890625, 7.439245223999023
v,202.207275390625, 86.5478515625, 7.439237594604492
v,202.20751953125, 86.5478515625, 6.581072807312012
v,202.195556640625, 86.5400390625, 6.581070899963379
v,202.1953125, 86.5400390625, 8.935750961303711
v,203.131103515625, 87.2412109375, 8.935869216918945
v,203.13134765625, 87.2412109375, 7.217320442199707
v,203.11767578125, 87.1474609375, 8.93586540222168
v,202.28857421875, 86.525390625, 8.935760498046875
v,202.28857421875, 86.525390625, 8.713726043701172
v,203.11767578125, 87.1474609375, 8.713830947875977
v,203.318359375, 86.880859375, 8.93587875366211
v,203.11767578125, 87.1474609375, 8.93586540222168
v,203.11767578125, 87.1474609375, 8.713830947875977
v,203.318359375, 86.880859375, 8.713844299316406
v,204.2890625, 87.6083984375, 8.713970184326172
v,204.288818359375, 87.6083984375, 8.936004638671875
v,203.318359375, 86.880859375, 8.93587875366211
v,203.318359375, 86.880859375, 8.713844299316406
v,205.811767578125, 85.5771484375, 8.714080810546875
v,205.8115234375, 85.5771484375, 8.936117172241211
v,204.288818359375, 87.6083984375, 8.936004638671875
v,204.2890625, 87.6083984375, 8.713970184326172
v,204.797119140625, 84.81640625, 8.713953018188477
v,204.797119140625, 84.81640625, 8.93598747253418
v,205.8115234375, 85.5771484375, 8.936117172241211
v,205.811767578125, 85.5771484375, 8.714080810546875
v,205.05322265625, 84.474609375, 8.936006546020508
v,204.797119140625, 84.81640625, 8.93598747253418
v,204.797119140625, 84.81640625, 8.713953018188477
v,205.05322265625, 84.474609375, 8.713972091674805
v,204.22607421875, 83.8544921875, 8.935901641845703
v,205.05322265625, 84.474609375, 8.936006546020508
v,205.05322265625, 84.474609375, 8.713972091674805
v,204.22607421875, 83.8544921875, 8.7138671875
v,203.94677734375, 84.2265625, 8.935880661010742
v,204.22607421875, 83.8544921875, 8.935901641845703
v,204.22607421875, 83.8544921875, 8.7138671875
v,203.94677734375, 84.2265625, 8.713846206665039
v,203.728759765625, 84.0634765625, 8.93585205078125
v,203.94677734375, 84.2265625, 8.935880661010742
v,203.94677734375, 84.2265625, 8.713846206665039
v,203.728759765625, 84.0634765625, 8.713817596435547
v,202.297119140625, 85.9736328125, 8.935747146606445
v,203.728759765625, 84.0634765625, 8.93585205078125
v,203.728759765625, 84.0634765625, 8.713817596435547
v,202.297119140625, 85.9736328125, 8.713712692260742
v,202.28857421875, 86.525390625, 8.935760498046875
v,202.556884765625, 86.16796875, 8.935779571533203
v,202.556884765625, 86.16796875, 8.7137451171875
v,202.28857421875, 86.525390625, 8.713726043701172
i,1,3,0
i,9,14,19
i,29,31,32
i,37,40,41
i,44,45,50
i,58,59,55
i,68,69,64
i,70,73,75
i,78,81,82
i,87,89,86
i,91,94,96
i,103,105,98
i,109,112,114
i,120,121,116
i,129,130,124
i,138,139,135
i,141,143,140
i,146,149,152
i,160,161,157
i,163,165,162
i,183,172,173
i,184,186,187
i,189,191,188
i,193,195,192
i,196,198,199
i,201,203,200
i,205,207,204
i,208,209,212
i,217,219,216
i,221,223,220
i,225,227,224
i,229,231,228
i,232,234,235
i,239,243,245
i,251,252,253
i,254,255,258
i,263,266,267
i,271,273,270
i,274,276,277
i,279,281,278
i,283,285,282
i,286,288,289
i,291,293,290
i,295,297,294
i,298,300,301
i,303,305,306
i,310,311,312
i,315,317,314
i,319,321,318
i,322,324,325
i,326,328,329
i,331,333,330
i,334,336,337
i,338,340,341
i,342,344,345
i,347,349,346
i,350,352,353
i,354,356,357
i,359,361,358
i,363,365,362
i,369,370,371
i,373,374,379
i,382,384,385
i,387,389,386
i,391,393,390
i,394,396,397
i,399,401,398
i,403,405,402
i,407,409,406
i,411,414,415
i,418,420,421
i,422,426,427
i,430,432,433
i,436,438,439
i,440,442,443
i,450,451,447
i,452,454,455
i,459,462,463
i,465,467,464
i,468,470,471
i,473,474,477
i,481,483,480
i,485,487,484
i,488,490,491
i,493,495,492
i,496,498,499
i,501,503,500
i,504,506,507
i,508,510,511
i,512,514,515
i,516,518,519
i,520,522,523
i,1,2,3
i,5,6,7
i,5,7,8
i,26,27,4
i,5,8,22
i,8,9,22
i,25,26,4
i,25,4,5
i,23,24,25
i,20,21,22
i,22,23,25
i,25,5,22
i,9,10,11
i,11,12,13
i,14,15,16
i,9,11,13
i,9,13,14
i,19,20,22
i,17,18,16
i,18,19,16
i,19,22,9
i,14,16,19
i,35,28,29
i,29,30,31
i,32,33,35
i,33,34,35
i,35,29,32
i,37,38,39
i,41,42,36
i,42,43,36
i,37,39,40
i,41,36,37
i,45,46,50
i,46,47,48
i,48,49,50
i,46,48,50
i,52,53,51
i,53,44,51
i,50,51,44
i,59,54,55
i,55,56,57
i,57,58,55
i,69,60,64
i,60,61,64
i,61,62,64
i,62,63,64
i,64,65,68
i,65,66,68
i,66,67,68
i,70,71,73
i,71,72,73
i,73,74,75
i,78,79,80
i,83,84,76
i,84,85,76
i,78,80,81
i,83,76,82
i,76,77,82
i,77,78,82
i,87,88,89
i,97,90,96
i,90,91,96
i,91,92,94
i,92,93,94
i,94,95,96
i,99,100,102
i,100,101,102
i,106,107,105
i,107,98,105
i,103,104,105
i,98,99,103
i,99,102,103
i,115,108,109
i,109,110,111
i,112,113,114
i,109,111,112
i,114,115,109
i,117,118,120
i,118,119,120
i,122,123,121
i,123,116,121
i,117,120,116
i,125,126,127
i,130,131,133
i,131,132,133
i,125,127,128
i,130,133,124
i,124,125,129
i,125,128,129
i,139,134,135
i,135,136,137
i,137,138,135
i,141,142,143
i,155,144,145
i,146,147,149
i,147,148,149
i,155,145,146
i,153,154,155
i,150,151,152
i,152,153,155
i,155,146,152
i,149,150,152
i,161,156,157
i,157,158,160
i,158,159,160
i,163,164,165
i,167,168,170
i,168,169,170
i,176,177,179
i,177,178,179
i,176,179,175
i,179,180,175
i,167,170,171
i,174,175,180
i,166,167,171
i,174,180,181
i,174,181,182
i,166,171,183
i,171,172,183
i,173,174,182
i,182,183,173
i,184,185,186
i,189,190,191
i,193,194,195
i,196,197,198
i,201,202,203
i,205,206,207
i,209,210,211
i,212,213,208
i,213,214,208
i,214,215,208
i,209,211,212
i,217,218,219
i,221,222,223
i,225,226,227
i,229,230,231
i,232,233,234
i,245,236,239
i,236,237,239
i,237,238,239
i,239,240,242
i,240,241,242
i,243,244,245
i,239,242,243
i,253,246,251
i,246,247,250
i,251,246,250
i,247,248,250
i,248,249,250
i,255,256,257
i,258,259,254
i,259,260,254
i,260,261,254
i,255,257,258
i,269,262,267
i,262,263,267
i,263,264,266
i,264,265,266
i,267,268,269
i,271,272,273
i,274,275,276
i,279,280,281
i,283,284,285
i,286,287,288
i,291,292,293
i,295,296,297
i,298,299,300
i,307,302,303
i,303,304,305
i,306,307,303
i,313,308,312
i,308,309,312
i,309,310,312
i,315,316,317
i,319,320,321
i,322,323,324
i,326,327,328
i,331,332,333
i,334,335,336
i,338,339,340
i,342,343,344
i,347,348,349
i,350,351,352
i,354,355,356
i,359,360,361
i,363,364,365
i,371,366,367
i,367,368,371
i,368,369,371
i,381,372,380
i,372,373,380
i,374,375,377
i,375,376,377
i,377,378,379
i,374,377,379
i,379,380,373
i,382,383,384
i,387,388,389
i,391,392,393
i,394,395,396
i,399,400,401
i,403,404,405
i,407,408,409
i,417,410,415
i,410,411,415
i,411,412,414
i,412,413,414
i,415,416,417
i,418,419,420
i,422,423,426
i,423,424,426
i,424,425,426
i,427,428,429
i,427,429,422
i,430,431,432
i,433,434,430
i,434,435,430
i,436,437,438
i,440,441,442
i,443,444,440
i,444,445,440
i,451,446,447
i,447,448,449
i,449,450,447
i,452,453,454
i,463,456,457
i,457,458,463
i,458,459,463
i,459,460,462
i,460,461,462
i,465,466,467
i,468,469,470
i,479,472,473
i,474,475,476
i,478,479,473
i,474,476,477
i,478,473,477
i,481,482,483
i,485,486,487
i,488,489,490
i,493,494,495
i,496,497,498
i,501,502,503
i,504,505,506
i,508,509,510
i,512,513,514
i,516,517,518
i,520,521,522
n,2.70516300201416, -3.600872755050659, 0.0
n,0.00048703578067943454, 0.00011486058065202087, -4.50379753112793
n,-0.0004965278785675764, -0.00011555265518836677, 4.50379753112793
n,-0.0004991383175365627, -9.588382090441883e-05, 4.50379753112793
n,-0.000503686023876071, -9.115828288486227e-05, 4.50379753112793
n,-0.0004919369821436703, -0.00011487351730465889, 4.50379753112793
n,-0.0004855135048273951, -0.00011073859059251845, 4.50379753112793
n,-0.00048394958139397204, -0.00012775442155543715, 4.50379753112793
n,-0.00048543146112933755, -0.0001295347756240517, 4.50379753112793
n,-0.0004986378480680287, -0.00012007829354843125, 4.50379753112793
n,-0.0004879955668002367, -0.00012536859139800072, 4.50379753112793
n,-0.0004274998209439218, -0.00010352279059588909, 4.50379753112793
n,-0.0005006645806133747, -0.00010762480087578297, 4.50379753112793
n,-0.00043396264663897455, -0.00018376651860307902, 4.50379753112793
n,-0.0005096833920106292, -9.177838364848867e-05, 4.50379753112793
n,-0.00048149097710847855, -0.00013022204802837223, 4.50379753112793
n,-0.0004695556126534939, -9.550784307066351e-05, 4.50379753112793
n,-0.0004870486445724964, -0.00011286586232017726, 4.50379753112793
n,-0.0004609227762557566, -9.765080903889611e-05, 4.50379753112793
n,-0.0005043086130172014, -8.964361768448725e-05, 4.50379753112793
n,-0.0005107859615236521, -0.00013316325203049928, 4.50379753112793
n,-3.6004798412323, -2.705686330795288, 0.0
n,-2.7283947467803955, 3.5833017826080322, 0.0
n,3.584300994873047, 2.7270801067352295, 0.0035002809017896652
n,3.604909658432007, 2.6997809410095215, 0.00040265583083964884
n,2.727750539779663, -3.5837924480438232, 0.00030468025943264365
n,-3.5845565795898438, -2.7267465591430664, -0.00030028680339455605
n,2.7417829036712646, -3.573068141937256, -0.0016933808801695704
n,3.6001460552215576, 2.706130027770996, 0.0003730554599314928
n,-3.6021714210510254, -2.7034332752227783, -0.0009443606832064688
n,3.601058006286621, 2.704913854598999, 0.0035166582092642784
n,-3.599905490875244, -2.7064504623413086, 0.0
n,-2.7057816982269287, 3.6004080772399902, 0.0
n,2.687776803970337, -3.6138689517974854, 0.0008360789506696165
n,3.6150527000427246, 2.686184883117676, 0.0
n,3.616990566253662, 2.6835737228393555, 0.0012682307278737426
n,-2.6975812911987305, 3.6065475940704346, 0.007787136361002922
n,2.6260793209075928, -3.6589481830596924, 0.0
n,-3.932211399078369, -2.1958842277526855, 0.0
n,-2.6583783626556396, 3.635549545288086, 0.0
n,3.6391024589538574, 2.6535120010375977, 0.0
n,3.931774854660034, 2.1966655254364014, 0.0004906554240733385
n,2.6571173667907715, -3.636470317840576, 0.00033158797305077314
n,-3.6361141204833984, -2.6576058864593506, -0.00034031938412226737
n,-2.6236326694488525, 3.660702705383301, -0.0003274092741776258
n,2.70162034034729, -3.6035315990448, 0.0002958598779514432
n,-2.7030398845672607, 3.6024668216705322, -0.0003083602641709149
n,3.6065895557403564, 2.6975364685058594, 0.00039496493991464376
n,-3.6030378341674805, -2.7022783756256104, 0.0
n,2.728775978088379, -3.5830116271972656, 0.0
n,-3.6075191497802734, -2.696293592453003, 0.0
n,3.6046998500823975, 2.700061798095703, 0.0
n,3.6063451766967773, 2.6978635787963867, 0.0004037397156935185
n,-2.72868275642395, 3.583082675933838, -0.00030548314680345356
n,-3.604607343673706, -2.7001845836639404, -0.0004035451856907457
n,3.6014187335968018, 2.7044360637664795, 0.0
n,2.7005560398101807, -3.6043293476104736, 0.0
n,-3.6030380725860596, -2.7022786140441895, 0.0
n,3.605238437652588, 2.6993420124053955, 0.0
n,-3.6039905548095703, -2.7010083198547363, -0.0009106133948080242
n,-2.6653740406036377, 3.630423069000244, 0.0
n,-2.699815034866333, 3.604884147644043, 0.00020780172781087458
n,3.6022636890411377, 2.7033114433288574, 0.000623226398602128
n,2.6984293460845947, -3.605921745300293, 0.0003333819913677871
n,-3.6045820713043213, -2.7002182006835938, -0.001273092464543879
n,2.702277898788452, -3.6030375957489014, 0.002638943260535598
n,-3.6030380725860596, -2.7022786140441895, 0.0
n,-2.70272159576416, 3.602705717086792, 0.0
n,3.6010549068450928, 2.704920768737793, 0.0
n,2.70462965965271, -3.6012730598449707, 0.0011332954745739698
n,-3.6037819385528564, -2.701286554336548, -0.00039545565959997475
n,-2.70462965965271, 3.60127329826355, -0.00047823632485233247
n,3.6040902137756348, 2.7008748054504395, 0.00045473131467588246
n,-2.699700355529785, 3.6049699783325195, 0.0
n,3.6037392616271973, 2.7013425827026367, 0.0020484759006649256
n,2.7022294998168945, -3.603074789047241, 0.00033831989276222885
n,3.599738121032715, 2.7066733837127686, 0.00045068818144500256
n,2.704629898071289, -3.60127329826355, -0.00010977020428981632
n,-3.6050491333007812, -2.6995949745178223, -0.0006689891451969743
n,-3.6040847301483154, -2.7008821964263916, -0.00033188253291882575
n,-2.697584867477417, 3.606553554534912, -0.0005947790341451764
n,2.7022786140441895, -3.6030380725860596, 0.0
n,-3.6016342639923096, -2.7041492462158203, 0.0
n,2.7013769149780273, -3.6037139892578125, 0.0
n,-3.603590726852417, -2.7015392780303955, -0.0035191315691918135
n,-2.701292037963867, 3.603776693344116, -0.002637980505824089
n,-3.6030380725860596, -2.7022786140441895, 0.0
n,-2.7015230655670166, 3.603604793548584, 0.0
n,3.6020302772521973, 2.7036218643188477, 0.0
n,-2.696537971496582, 3.6073365211486816, 0.0
n,3.603823184967041, 2.701230764389038, 0.0
n,3.6009390354156494, 2.7050745487213135, 0.0
n,2.70516300201416, -3.600872755050659, 0.0
n,0.0004915181780233979, 0.00011926881416002288, -4.50379753112793
n,0.0004916900070384145, 0.00012189370318083093, -4.50379753112793
n,0.0004906738759018481, 0.000123878606245853, -4.50379753112793
n,0.0004860656044911593, 0.00011771004210459068, -4.50379753112793
n,0.0004888465628027916, 0.00011013391485903412, -4.50379753112793
n,0.0004896280588582158, 0.00012415969104040414, -4.50379753112793
n,0.00048607474309392273, 0.00011660883319564164, -4.50379753112793
n,0.0004828379605896771, 0.00012153064017184079, -4.50379753112793
n,0.0005448359879665077, 0.00015774027269799262, -4.50379753112793
n,0.0004840026958845556, 0.00011910308239748701, -4.50379753112793
n,0.00048642102046869695, 0.00011708306556101888, -4.50379753112793
n,0.0004934603348374367, 0.00011588234337978065, -4.50379753112793
n,0.0004978501237928867, 0.0001125389026128687, -4.50379753112793
n,0.0006392304785549641, 0.0002206180797656998, -4.50379753112793
n,0.0004947613924741745, 0.00011845857079606503, -4.50379753112793
n,0.0004821450565941632, 0.00011276930308667943, -4.50379753112793
n,0.0005492838099598885, 0.00016103470989037305, -4.50379753112793
n,0.0004953485331498086, 0.00010441541962791234, -4.50379753112793
n,0.0004903606604784727, 0.00010984507389366627, -4.50379753112793
n,0.00048750737914815545, 0.00011460268433438614, -4.50379753112793
n,0.0004901232314296067, 0.00011064532736781985, -4.50379753112793
n,-0.00043399716378189623, -7.03236146364361e-05, 4.50379753112793
n,-0.0004968224093317986, -0.00011603866732912138, 4.50379753112793
n,-0.0004913679440505803, -0.00011061569966841489, 4.50379753112793
n,-0.0004920634673908353, -0.00010952463344438002, 4.50379753112793
n,-0.00048639398301020265, -0.00011119205737486482, 4.50379753112793
n,-0.0004908453556708992, -0.00011134000669699162, 4.50379753112793
n,-0.0004223785363137722, -8.784680539974943e-05, 4.50379753112793
n,-0.0004910214338451624, -0.00010874158033402637, 4.50379753112793
n,-0.00047629966866225004, -9.895012772176415e-05, 4.50379753112793
n,-0.0004357745929155499, -0.00018362853734288365, 4.50379753112793
n,-0.0005087710451334715, -0.00012760041863657534, 4.50379753112793
n,-0.0010260044364258647, 0.0003621192299760878, 4.50379753112793
n,-0.0005702074849978089, -0.00017371814465150237, 4.50379753112793
n,-0.0004057131300214678, -6.134891737019643e-05, 4.50379753112793
n,-0.0004927864647470415, -0.00010875540465349331, 4.50379753112793
n,-0.000479218055261299, -9.523040353087708e-05, 4.50379753112793
n,-0.0005031322943978012, -9.185362432617694e-05, 4.50379753112793
n,-0.000485759082948789, -0.00011903442646143958, 4.50379753112793
n,-0.0004889776464551687, -0.0001056125111063011, 4.50379753112793
n,-0.000495640211738646, -0.00010182289406657219, 4.50379753112793
n,-0.000492389255668968, -0.0001281258009839803, 4.50379753112793
n,-0.0004897341132164001, -0.00011918548989342526, 4.50379753112793
n,-0.0004827978555113077, -0.0001219563273480162, 4.50379753112793
n,-0.00048329756828024983, -0.00012092247197870165, 4.50379753112793
n,-0.0004898518673144281, -0.00011662739416351542, 4.50379753112793
n,-0.0004843870992772281, -0.00011395623732823879, 4.50379753112793
n,-0.00041418964974582195, -5.744153168052435e-05, 4.50379753112793
n,-0.0004903061781078577, -0.00011587273183977231, 4.50379753112793
n,-0.0004947888664901257, -0.00011601483129197732, 4.50379753112793
n,-0.00048693580902181566, -0.00012598239118233323, 4.50379753112793
n,-0.0004810875980183482, -0.00012171805428806692, 4.50379753112793
n,-0.00048527802573516965, -0.00012729900481645018, 4.50379753112793
n,-0.0004768665530718863, -0.00014098617248237133, 4.50379753112793
n,-0.0004841368063353002, -0.00012973745469935238, 4.50379753112793
n,-0.000503978633787483, -0.0001231247588293627, 4.50379753112793
n,-0.000510503479745239, -0.00012715160846710205, 4.50379753112793
n,-0.0005044755525887012, -9.968348604161292e-05, 4.50379753112793
n,-0.0004986419226042926, -0.00012032839003950357, 4.50379753112793
n,-0.0004883481888100505, -0.00011431911116233096, 4.50379753112793
n,-0.00048811265151016414, -0.0001145814749179408, 4.50379753112793
n,-0.0004815747670363635, -0.00011566764442250133, 4.50379753112793
n,-0.0004811048274859786, -0.00011559909034986049, 4.50379753112793
n,-0.0005280624027363956, -0.00015356218500528485, 4.50379753112793
n,-0.0005123084993101656, -0.00014441413804888725, 4.50379753112793
n,-0.00048136632540263236, -0.00012396153761073947, 4.50379753112793
n,-0.00038258195854723454, -2.3729766326141544e-05, 4.50379753112793
n,-0.0005777551559731364, -0.00019674185023177415, 4.50379753112793
n,-0.00039561529411002994, -6.779847899451852e-05, 4.50379753112793
n,-0.0005047193262726068, -9.279786900151521e-05, 4.50379753112793
n,-0.0005050294566899538, -9.236887854058295e-05, 4.50379753112793
n,-0.0004829523095395416, -0.00011538787657627836, 4.50379753112793
n,-0.0004680042329709977, -0.00015422583965118974, 4.50379753112793
n,-0.0004757906717713922, -0.00010063486115541309, 4.50379753112793
n,-0.0004912979202345014, -0.00011626811465248466, 4.50379753112793
n,-0.00048163425526581705, -0.00012014102685498074, 4.50379753112793
n,-0.0005090539925731719, -0.00012962862092535943, 4.50379753112793
n,-0.0004847920499742031, -0.00011676536087179556, 4.50379753112793
n,-0.0004892863798886538, -0.00011075664224335924, 4.50379753112793
n,-0.0005327658727765083, -0.00016945390962064266, 4.50379753112793
n,-0.0005042617558501661, -9.52840709942393e-05, 4.50379753112793
n,-0.0005105679156258702, -9.451677033212036e-05, 4.50379753112793
n,-0.0005104747251607478, -0.00013107227277942002, 4.50379753112793
n,-0.00048226359649561346, -0.00012014580715913326, 4.50379753112793
n,-0.0005058133974671364, -9.975409193430096e-05, 4.50379753112793
n,-0.0005055497749708593, -9.798284736461937e-05, 4.50379753112793
n,-0.00045610201777890325, -9.941498137777671e-05, 4.50379753112793
n,-0.0005104001611471176, -0.0001305713230976835, 4.50379753112793
n,-0.0004829134850297123, -0.00012008016346953809, 4.50379753112793
n,-0.0004910515854135156, -0.00012053193495376036, 4.50379753112793
n,-0.0004896861501038074, -0.0001246031024493277, 4.50379753112793
n,-0.0005286936066113412, -0.00016846932703629136, 4.50379753112793
n,-0.00047459459165111184, -0.00012785117723979056, 4.50379753112793
n,-0.00047807482769712806, -0.00010644311259966344, 4.50379753112793
n,-0.0004997345968149602, -0.00012689839059021324, 4.50379753112793
n,-0.0004762877069879323, -0.00012293635518290102, 4.50379753112793
n,-0.0004913094453513622, -0.00012043077003909275, 4.50379753112793
n,-0.00048387679271399975, -0.00011732061102520674, 4.50379753112793
n,-0.0004871243145316839, -0.00011242531763855368, 4.50379753112793
n,-0.0004865224764216691, -0.0001119941589422524, 4.50379753112793
n,-0.0004840154724661261, -0.00011723829811671749, 4.50379753112793
n,-0.0005107726319693029, -0.000133073641336523, 4.50379753112793
n,-0.0005055685178376734, -9.118361776927486e-05, 4.50379753112793
n,-0.0004465632082428783, -0.00018025656754616648, 4.50379753112793
n,-0.0005043086130172014, -8.964361768448725e-05, 4.50379753112793
n,-0.000504133349750191, -8.846616401569918e-05, 4.50379753112793
n,-0.0005026197177357972, -9.076253627426922e-05, 4.50379753112793
n,-0.0005101329879835248, -0.00013736139226239175, 4.50379753112793
n,-0.0005115129170008004, -0.0001380477042403072, 4.50379753112793
n,-0.0005036502261646092, -9.090125968214124e-05, 4.50379753112793
n,-0.0005039273528382182, -9.057486022356898e-05, 4.50379753112793
n,-0.0005133537342771888, -0.00015041576989460737, 4.50379753112793
n,-0.00045764364767819643, -9.72174311755225e-05, 4.50379753112793
n,-0.0005118476110510528, -0.00014964940783102065, 4.50379753112793
n,-0.00045840523671358824, -9.801568376133218e-05, 4.50379753112793
n,-0.000528965494595468, -8.779433846939355e-05, 4.50379753112793
n,-0.00050147291040048, -7.52976193325594e-05, 4.50379753112793
n,-0.0005020988755859435, -7.47968879295513e-05, 4.50379753112793
n,-0.0005285194492898881, -8.909380994737148e-05, 4.50379753112793
n,-0.0004619549436029047, -9.858080738922581e-05, 4.50379753112793
n,-3.6004798412323, -2.705686330795288, 0.0
n,-2.7283947467803955, 3.5833017826080322, 0.0
n,3.5839121341705322, 2.727593421936035, 0.0
n,3.604909658432007, 2.6997809410095215, 0.00040265577263198793
n,2.7286672592163086, -3.583094835281372, -9.543656051391736e-05
n,-3.583062171936035, -2.728710174560547, -0.0007050028652884066
n,2.6490063667297363, -3.642383575439453, 0.00029588467441499233
n,2.7065446376800537, -3.59983229637146, 0.003850687062367797
n,2.705906629562378, -3.600314140319824, 0.0007093919557519257
n,2.7059595584869385, -3.6002743244171143, 0.0
n,2.6338889598846436, -3.653329849243164, 0.00027292966842651367
n,3.5996642112731934, 2.706770896911621, 0.0004662568971980363
n,-3.6013054847717285, -2.704587459564209, 0.0
n,3.6000702381134033, 2.7062313556671143, 0.0
n,-3.599905490875244, -2.7064504623413086, 0.0
n,-2.7057816982269287, 3.6004080772399902, 0.0
n,2.6856541633605957, -3.6154463291168213, 0.00022320936841424555
n,2.688656806945801, -3.6132144927978516, -0.000904646934941411
n,2.7386550903320312, -3.5754663944244385, 0.0005238915327936411
n,2.6466169357299805, -3.64411997795105, 0.00034281067200936377
n,2.6648261547088623, -3.6308257579803467, 0.00024941240553744137
n,2.6876254081726074, -3.6139814853668213, 0.0
n,2.697584390640259, -3.606553316116333, 0.0016656729858368635
n,3.614584445953369, 2.686814785003662, 0.0008247356745414436
n,3.613818645477295, 2.6878437995910645, 0.0020493576303124428
n,3.6030359268188477, 2.7022762298583984, -0.0053636920638382435
n,3.6154441833496094, 2.685657262802124, 0.00041244650492444634
n,3.615853786468506, 2.685106039047241, 0.0004467267426662147
n,3.6143603324890137, 2.6871159076690674, 0.0004510444705374539
n,3.613642454147339, 2.6880807876586914, 0.0006686365231871605
n,3.614055633544922, 2.6875252723693848, 0.00030037041869945824
n,3.614048719406128, 2.687535285949707, 0.0
n,3.611859083175659, 2.690477132797241, 0.0005751718417741358
n,-2.687103748321533, 3.6143691539764404, 0.0
n,-2.6875298023223877, 3.6140527725219727, -0.000796511594671756
n,-2.686225175857544, 3.6150224208831787, -0.0006129129906184971
n,-2.6859724521636963, 3.6152100563049316, 0.0
n,-2.687103748321533, 3.6143689155578613, 0.0
n,2.6260793209075928, -3.6589481830596924, 0.0
n,-3.932211399078369, -2.1958842277526855, 0.0
n,-2.6583783626556396, 3.635549545288086, 0.0
n,3.6391024589538574, 2.6535120010375977, 0.0
n,3.931774854660034, 2.1966655254364014, 0.0004906554240733385
n,2.6571173667907715, -3.636470317840576, 0.00033158797305077314
n,-3.6333556175231934, -2.6613752841949463, -0.00045341503573581576
n,-2.6236326694488525, 3.660702705383301, -0.0003274092741776258
n,2.689751148223877, -3.612398862838745, 0.0014715497381985188
n,2.69695782661438, -3.607022285461426, -8.305549999931827e-05
n,2.699979066848755, -3.604759931564331, 0.003488564398139715
n,-2.709498167037964, 3.597611665725708, 0.0
n,-2.70365571975708, 3.602004289627075, 0.001196515280753374
n,-2.702887535095215, 3.60258150100708, -0.00029599867411889136
n,3.6065895557403564, 2.6975364685058594, 0.0003949649108108133
n,-3.6039271354675293, -2.7010915279388428, -0.001971690682694316
n,2.728775978088379, -3.5830116271972656, 0.0
n,-3.6075189113616943, -2.696293354034424, 0.0
n,3.6046996116638184, 2.700061798095703, 0.0
n,3.6063451766967773, 2.6978631019592285, 0.0004037397156935185
n,-2.72868275642395, 3.583082675933838, -0.00030548314680345356
n,-3.604214906692505, -2.7007083892822266, -0.00030262593645602465
n,3.6014187335968018, 2.7044360637664795, 0.0
n,2.7005560398101807, -3.6043293476104736, 0.0
n,-3.6030380725860596, -2.7022786140441895, 0.0
n,3.605238437652588, 2.6993420124053955, 0.0
n,-3.603990316390991, -2.7010083198547363, -0.000910614151507616
n,-2.701218605041504, 3.603832721710205, 0.0
n,-2.701166868209839, 3.6038713455200195, -0.0006824993761256337
n,-2.700390577316284, 3.604451894760132, 0.0029127357993274927
n,-2.707690954208374, 3.5989725589752197, 0.0
n,-2.7057316303253174, 3.6004459857940674, -0.0009556298609822989
n,-2.7009146213531494, 3.604060649871826, 8.926456212066114e-05
n,-2.703136920928955, 3.6023943424224854, -0.0003026232006959617
n,-2.6490063667297363, 3.6423838138580322, 0.0
n,-2.6991069316864014, 3.6054139137268066, -0.0023092979099601507
n,-2.697584629058838, 3.606553316116333, 0.0012978733284398913
n,3.6030378341674805, 2.7022786140441895, 0.0007122294045984745
n,2.7016713619232178, -3.6034934520721436, -2.2377182176569477e-05
n,-3.606126546859741, -2.698155641555786, 0.0
n,2.7018659114837646, -3.6033475399017334, 0.0
n,-3.6030380725860596, -2.7022786140441895, 0.0
n,-2.70272159576416, 3.602705717086792, 0.0
n,3.603036642074585, 2.702277898788452, 0.003518590470775962
n,2.70108962059021, -3.603929042816162, 0.0005012413603253663
n,2.6982581615448, -3.6060497760772705, 0.0008152121445164084
n,2.624765396118164, -3.659890651702881, 0.0002880247193388641
n,2.6490061283111572, -3.642383575439453, 0.0002219135349150747
n,2.7031095027923584, -3.6024136543273926, 0.0026397453621029854
n,-3.6037819385528564, -2.7012860774993896, -0.00039545565959997475
n,-2.6974592208862305, 3.6066477298736572, -0.00013712843065150082
n,-2.6966781616210938, 3.607231378555298, -0.0002483240095898509
n,-2.6964967250823975, 3.6073668003082275, 0.0
n,-2.7131187915802, 3.5948824882507324, -0.0002278055326314643
n,-2.6833279132843018, 3.617173671722412, -0.0002944509906228632
n,3.6078429222106934, 2.6958603858947754, 0.0
n,3.6016342639923096, 2.7041494846343994, -0.0006063488544896245
n,3.6010549068450928, 2.704920768737793, 0.0
n,-2.699700355529785, 3.6049697399139404, 0.0
n,3.6035659313201904, 2.7015745639801025, 0.0
n,3.6436541080474854, 2.647258758544922, 0.0005232733092270792
n,3.6571524143218994, 2.6285786628723145, 0.0006995956064201891
n,2.7022786140441895, -3.6030380725860596, 0.0
n,2.683075428009033, -3.6173605918884277, 0.0003853224334307015
n,2.701662302017212, -3.6035001277923584, -0.000238015316426754
n,3.599738121032715, 2.7066733837127686, 0.00045068818144500256
n,2.7029941082000732, -3.6025006771087646, 0.002639642683789134
n,2.702619791030884, -3.6027817726135254, 0.00033836872898973525
n,2.7032151222229004, -3.602335214614868, -0.0001993923360714689
n,2.748199224472046, -3.568135976791382, 0.0002549918135628104
n,2.765064239501953, -3.555082321166992, 0.0
n,-3.6060547828674316, -2.698251485824585, -0.00033458799589425325
n,-3.6040849685668945, -2.7008819580078125, -0.00033188264933414757
n,-2.7022786140441895, 3.6030380725860596, 0.0
n,-2.6490061283111572, 3.642383575439453, -0.0006693192990496755
n,-2.70233416557312, 3.602996587753296, -0.00034095594310201705
n,-2.6691389083862305, 3.6276564598083496, -0.0002457879309076816
n,-2.7017440795898438, 3.6034388542175293, -0.0008772711735218763
n,2.7022786140441895, -3.6030380725860596, 0.0
n,-3.6016342639923096, -2.7041492462158203, 0.0
n,2.7017626762390137, -3.603423833847046, 0.002638440113514662
n,-3.603590726852417, -2.7015392780303955, -0.0035191315691918135
n,-2.701662302017212, 3.6035001277923584, 0.0
n,-3.6030380725860596, -2.7022786140441895, 0.0
n,-2.7015230655670166, 3.603604793548584, 0.0
n,3.6020302772521973, 2.7036218643188477, 0.0
n,-2.696537971496582, 3.6073365211486816, 0.0
n,3.603823184967041, 2.701230764389038, 0.0
n,3.6009390354156494, 2.7050745487213135, 0.0
u,0.337035208940506, 0.9888430833816528, 0
u,0.3226129114627838, 1.0, 0
u,0.3226129114627838, 0.9888430833816528, 0
u,0.0, 0.0, 0
u,0.0, 0.0, 0
u,0.0, 0.0, 0
u,0.04740539938211441, 0.2565658986568451, 0
u,0.07486079633235931, 0.268827885389328, 0
u,0.0039160000160336494, 0.2688494026660919, 0
u,0.0039160000160336494, 0.2688494026660919, 0
u,0.0, 0.273281991481781, 0
u,0.0, 0.09375300258398056, 0
u,0.01558650005608797, 0.2561585009098053, 0
u,0.014698299579322338, 0.09303870052099228, 0
u,0.01863829977810383, 0.09744349867105484, 0
u,0.01863829977810383, 0.09744349867105484, 0
u,0.0714557021856308, 0.09708529710769653, 0
u,0.046900101006031036, 0.17891159653663635, 0
u,0.16765479743480682, 0.07283929735422134, 0
u,0.19863109290599823, 0.07258229702711105, 0
u,0.22854870557785034, 0.09302090108394623, 0
u,0.06466100364923477, 0.020514799281954765, 0
u,0.07169190049171448, 0.06991270184516907, 0
u,0.06581319868564606, 0.08638019859790802, 0
u,0.06581319868564606, 0.08638019859790802, 0
u,0.061975400894880295, 0.09089569747447968, 0
u,0.06067720055580139, 0.01668030023574829, 0
u,0.19863109290599823, 0.07258229702711105, 0
u,0.16733090579509735, 0.027609599754214287, 0
u,0.19832700490951538, 0.027330800890922546, 0
u,0.2893643081188202, 0.26722899079322815, 0
u,0.24923080205917358, 0.25138580799102783, 0
u,0.2781608998775482, 0.250153511762619, 0
u,0.2893773019313812, 0.09312599897384644, 0
u,0.2770828902721405, 0.09039399772882462, 0
u,0.29329371452331543, 0.08866029977798462, 0
u,0.24872879683971405, 0.17357030510902405, 0
u,0.26009559631347656, 0.10073050111532211, 0
u,0.2731969952583313, 0.09485849738121033, 0
u,0.27421510219573975, 0.24575680494308472, 0
u,0.2731969952583313, 0.09485849738121033, 0
u,0.2770828902721405, 0.09039399772882462, 0
u,0.25952911376953125, 0.01629759930074215, 0
u,0.26009559631347656, 0.10073050111532211, 0
u,0.25564301013946533, 0.020760299637913704, 0
u,0.25564301013946533, 0.020760299637913704, 0
u,0.2561500072479248, 0.09633369743824005, 0
u,0.24194149672985077, 0.0677156001329422, 0
u,0.24484150111675262, 0.17803169786930084, 0
u,0.22908879816532135, 0.17372170090675354, 0
u,0.24872879683971405, 0.17357030510902405, 0
u,0.21898889541625977, 0.2472027987241745, 0
u,0.07866159826517105, 0.25186941027641296, 0
u,0.07594200223684311, 0.18311579525470734, 0
u,0.22466249763965607, 0.09748540073633194, 0
u,0.07538290321826935, 0.0987531989812851, 0
u,0.22854870557785034, 0.09302090108394623, 0
u,0.07538290321826935, 0.0987531989812851, 0
u,0.07199680060148239, 0.17871519923210144, 0
u,0.07143759727478027, 0.09435509890317917, 0
u,0.2191247045993805, 0.26880958676338196, 0
u,0.22306840121746063, 0.2732076942920685, 0
u,0.0748990997672081, 0.2744657099246979, 0
u,0.6962760090827942, 0.988987386226654, 0
u,0.6882166862487793, 1.0, 0
u,0.6882166862487793, 0.988987386226654, 0
u,0.5757554173469543, 0.988987386226654, 0
u,0.6882166862487793, 1.0, 0
u,0.5757554173469543, 1.0, 0
u,0.5228627920150757, 0.988987386226654, 0
u,0.5757554173469543, 1.0, 0
u,0.5228627920150757, 1.0, 0
u,0.9512274265289307, 0.7227681279182434, 0
u,0.6431412100791931, 0.7115402221679688, 0
u,0.9512274265289307, 0.7115402221679688, 0
u,0.6431412100791931, 0.7115402221679688, 0
u,0.9512274265289307, 0.5903782248497009, 0
u,0.9512274265289307, 0.7115402221679688, 0
u,0.9512274265289307, 0.5331832766532898, 0
u,0.6431412100791931, 0.5903782248497009, 0
u,0.6431412100791931, 0.5331832766532898, 0
u,0.6202033162117004, 0.5804793834686279, 0
u,0.6202033162117004, 0.5776432156562805, 0
u,0.6429691910743713, 0.5772619843482971, 0
u,0.3280318081378937, 0.5354331135749817, 0
u,0.6346331834793091, 0.5757803916931152, 0
u,0.3280318081378937, 0.5757803916931152, 0
u,0.5397614240646362, 0.8683915138244629, 0
u,0.5735390782356262, 0.8934016823768616, 0
u,0.5397614240646362, 0.8934016823768616, 0
u,0.7892643809318542, 0.9752531051635742, 0
u,0.8101980090141296, 0.9863380789756775, 0
u,0.7892643809318542, 0.9863380789756775, 0
u,0.952134370803833, 0.9752531051635742, 0
u,0.9124969244003296, 0.9863380789756775, 0
u,0.9124969244003296, 0.9752531051635742, 0
u,0.8101980090141296, 0.9752531051635742, 0
u,0.9124969244003296, 0.9863380789756775, 0
u,0.8101980090141296, 0.9863380789756775, 0
u,0.7458372712135315, 0.9842765927314758, 0
u,0.6918228268623352, 0.980134129524231, 0
u,0.6897112727165222, 0.969562828540802, 0
u,0.3231048882007599, 0.6924852728843689, 0
u,0.3149546980857849, 0.6924852728843689, 0
u,0.3149546980857849, 0.6827896237373352, 0
u,0.6821141839027405, 0.9112473130226135, 0
u,0.6821141839027405, 0.9084740877151489, 0
u,0.7760456204414368, 0.8998875021934509, 0
u,0.9980732798576355, 0.9066367149353027, 0
u,0.9791721105575562, 0.942690372467041, 0
u,0.9762579798698425, 0.942690372467041, 0
u,0.586898922920227, 0.895877480506897, 0
u,0.5440009236335754, 0.898762583732605, 0
u,0.5440009236335754, 0.895877480506897, 0
u,0.47664639353752136, 0.898762583732605, 0
u,0.5440009236335754, 0.895877480506897, 0
u,0.5440009236335754, 0.898762583732605, 0
u,0.43116331100463867, 0.895877480506897, 0
u,0.47664639353752136, 0.898762583732605, 0
u,0.43116331100463867, 0.898762583732605, 0
u,0.4264413118362427, 0.895877480506897, 0
u,0.43116331100463867, 0.898762583732605, 0
u,0.4264413118362427, 0.898762583732605, 0
u,0.3005264103412628, 0.4174109995365143, 0
u,0.0, 0.33912190794944763, 0
u,0.3005264103412628, 0.33912190794944763, 0
u,0.0, 0.33912190794944763, 0
u,0.3005264103412628, 0.28452470898628235, 0
u,0.3005264103412628, 0.33912190794944763, 0
u,0.3005264103412628, 0.276262491941452, 0
u,0.0, 0.28452470898628235, 0
u,0.0, 0.276262491941452, 0
u,0.3005264103412628, 0.4174109995365143, 0
u,0.0, 0.46681660413742065, 0
u,0.0, 0.4174109995365143, 0
u,0.016995899379253387, 0.8714293241500854, 0
u,0.4245362877845764, 0.9013845920562744, 0
u,0.0, 0.9013845920562744, 0
u,0.4245362877845764, 0.9269707202911377, 0
u,0.4245362877845764, 0.9568375945091248, 0
u,0.016995899379253387, 0.9568375945091248, 0
u,0.0, 0.9013845920562744, 0
u,0.4245362877845764, 0.9269707202911377, 0
u,0.0, 0.9269707202911377, 0
u,0.016995899379253387, 0.98554927110672, 0
u,0.0, 0.9599797129631042, 0
u,0.016995899379253387, 0.9599797129631042, 0
u,0.7064775824546814, 0.998875081539154, 0
u,0.8150737881660461, 0.988448977470398, 0
u,0.8150737881660461, 0.998875081539154, 0
u,0.697813093662262, 0.998875081539154, 0
u,0.7064775824546814, 0.988448977470398, 0
u,0.7064775824546814, 0.998875081539154, 0
u,0.8618932962417603, 0.998875081539154, 0
u,0.8150737881660461, 0.988448977470398, 0
u,0.8618932962417603, 0.988448977470398, 0
u,0.0, 0.4684205949306488, 0
u,0.3253597021102905, 0.4953218102455139, 0
u,0.0, 0.4953218102455139, 0
u,0.3253597021102905, 0.6260256171226501, 0
u,0.0, 0.4953218102455139, 0
u,0.3253597021102905, 0.4953218102455139, 0
u,0.3253597021102905, 0.6827896237373352, 0
u,0.0, 0.6260256171226501, 0
u,0.3253597021102905, 0.6260256171226501, 0
u,0.927026629447937, 0.962530791759491, 0
u,0.9144731760025024, 0.9313836097717285, 0
u,0.927026629447937, 0.9313836097717285, 0
u,0.8731192946434021, 0.998875081539154, 0
u,0.9675214290618896, 0.9884184002876282, 0
u,0.9675214290618896, 0.998875081539154, 0
u,0.8638169765472412, 0.998875081539154, 0
u,0.8731192946434021, 0.9884184002876282, 0
u,0.8731192946434021, 0.998875081539154, 0
u,0.9852334260940552, 0.998875081539154, 0
u,0.9675214290618896, 0.9884184002876282, 0
u,0.9852334260940552, 0.9884184002876282, 0
u,0.7892643809318542, 0.9313836097717285, 0
u,0.8105623126029968, 0.9734023809432983, 0
u,0.7892643809318542, 0.9734023809432983, 0
u,0.9144731760025024, 0.9313836097717285, 0
u,0.9144731760025024, 0.962530791759491, 0
u,0.912626326084137, 0.962530791759491, 0
u,0.4224652051925659, 0.8517922163009644, 0
u,0.4224652051925659, 0.7906972169876099, 0
u,0.4391356110572815, 0.844417929649353, 0
u,0.4224652051925659, 0.7906972169876099, 0
u,0.795750081539154, 0.7615731954574585, 0
u,0.795750081539154, 0.7906972169876099, 0
u,0.795750081539154, 0.7244095206260681, 0
u,0.4224652051925659, 0.7615731954574585, 0
u,0.4224652051925659, 0.7244095206260681, 0
u,0.4485805928707123, 0.8517922163009644, 0
u,0.4224652051925659, 0.8663864135742188, 0
u,0.4224652051925659, 0.8517922163009644, 0
u,0.4778844118118286, 0.8942632079124451, 0
u,0.5275381803512573, 0.8832811713218689, 0
u,0.5275381803512573, 0.8942632079124451, 0
u,0.4778844118118286, 0.8832811713218689, 0
u,0.4572623074054718, 0.8942632079124451, 0
u,0.4572623074054718, 0.8832811713218689, 0
u,0.4264413118362427, 0.8832811713218689, 0
u,0.4572623074054718, 0.8942632079124451, 0
u,0.4264413118362427, 0.8942632079124451, 0
u,0.5378891825675964, 0.8942632079124451, 0
u,0.5275381803512573, 0.8832811713218689, 0
u,0.5378891825675964, 0.8832811713218689, 0
u,0.0, 0.8541209101676941, 0
u,0.09013979882001877, 0.8549954891204834, 0
u,0.09013979882001877, 0.8582082986831665, 0
u,0.4210973083972931, 0.7325587272644043, 0
u,0.0, 0.8541209101676941, 0
u,0.0, 0.7325587272644043, 0
u,0.0, 0.7325587272644043, 0
u,0.09089689701795578, 0.7286440134048462, 0
u,0.09089689701795578, 0.7318567037582397, 0
u,0.8137372732162476, 0.8203424215316772, 0
u,0.8726561069488525, 0.8251852989196777, 0
u,0.7972167134284973, 0.8251852989196777, 0
u,0.8137372732162476, 0.7483301758766174, 0
u,0.7972167134284973, 0.8085899949073792, 0
u,0.7972167134284973, 0.7483301758766174, 0
u,0.43922731280326843, 0.4493238031864166, 0
u,0.5486503839492798, 0.46681660413742065, 0
u,0.4388780891895294, 0.46681660413742065, 0
u,0.3867914080619812, 0.46681660413742065, 0
u,0.3867914080619812, 0.38631871342658997, 0
u,0.4371924102306366, 0.39663898944854736, 0
u,0.3692565858364105, 0.46681660413742065, 0
u,0.3867914080619812, 0.38631871342658997, 0
u,0.3867914080619812, 0.46681660413742065, 0
u,0.3213104009628296, 0.46681660413742065, 0
u,0.32170841097831726, 0.39663898944854736, 0
u,0.32444441318511963, 0.39663898944854736, 0
u,0.30218690633773804, 0.3581959903240204, 0
u,0.3213104009628296, 0.46681660413742065, 0
u,0.30218690633773804, 0.46681660413742065, 0
u,0.9005802869796753, 0.9055117964744568, 0
u,0.7972167134284973, 0.8832905292510986, 0
u,0.9005802869796753, 0.8832905292510986, 0
u,0.8629093766212463, 0.8792521953582764, 0
u,0.8629093766212463, 0.8825610280036926, 0
u,0.7972167134284973, 0.8832905292510986, 0
u,0.3027496039867401, 0.9888430833816528, 0
u,0.25672298669815063, 1.0, 0
u,0.25672298669815063, 0.9888430833816528, 0
u,0.25672298669815063, 0.9888430833816528, 0
u,0.2418891042470932, 1.0, 0
u,0.2418891042470932, 0.9888430833816528, 0
u,0.18802429735660553, 1.0, 0
u,0.2418891042470932, 0.9888430833816528, 0
u,0.2418891042470932, 1.0, 0
u,0.07526800036430359, 0.9888430833816528, 0
u,0.18802429735660553, 1.0, 0
u,0.07526800036430359, 1.0, 0
u,0.018956800922751427, 1.0, 0
u,0.07526800036430359, 0.9888430833816528, 0
u,0.07526800036430359, 1.0, 0
u,0.018956800922751427, 0.9888430833816528, 0
u,0.0, 1.0, 0
u,0.0, 0.9888430833816528, 0
u,0.4758146107196808, 0.9888430833816528, 0
u,0.5217307209968567, 1.0, 0
u,0.4758146107196808, 1.0, 0
u,0.4551418125629425, 0.9888430833816528, 0
u,0.4758146107196808, 1.0, 0
u,0.4551418125629425, 1.0, 0
u,0.4430390000343323, 0.9888430833816528, 0
u,0.4551418125629425, 1.0, 0
u,0.4430390000343323, 1.0, 0
u,0.337035208940506, 0.9888430833816528, 0
u,0.4430390000343323, 1.0, 0
u,0.337035208940506, 1.0, 0
u,0.3027496039867401, 0.9888430833816528, 0
u,0.3226129114627838, 1.0, 0
u,0.3027496039867401, 1.0, 0
u,0.337035208940506, 0.9888430833816528, 0
u,0.337035208940506, 1.0, 0
u,0.3226129114627838, 1.0, 0
u,0.0, 0.0, 0
u,0.0, 0.0, 0
u,0.0, 0.0, 0
u,0.0, 0.0, 0
u,0.0, 0.0, 0
u,0.0, 0.0, 0
u,0.0, 0.0, 0
u,0.0, 0.0, 0
u,0.0, 0.0, 0
u,0.0, 0.0, 0
u,0.0, 0.0, 0
u,0.0, 0.0, 0
u,0.0, 0.0, 0
u,0.0, 0.0, 0
u,0.0, 0.0, 0
u,0.0, 0.0, 0
u,0.0, 0.0, 0
u,0.0, 0.0, 0
u,0.0, 0.0, 0
u,0.0, 0.0, 0
u,0.0, 0.0, 0
u,0.0, 0.0, 0
u,0.0, 0.0, 0
u,0.0, 0.0, 0
u,0.0, 0.0, 0
u,0.0, 0.0, 0
u,0.0, 0.0, 0
u,0.0, 0.0, 0
u,0.0, 0.0, 0
u,0.0, 0.0, 0
u,0.0, 0.0, 0
u,0.0, 0.0, 0
u,0.0, 0.0, 0
u,0.0, 0.0, 0
u,0.0, 0.0, 0
u,0.0, 0.0, 0
u,0.0, 0.0, 0
u,0.0, 0.0, 0
u,0.0, 0.0, 0
u,0.0, 0.0, 0
u,0.0, 0.0, 0
u,0.0, 0.0, 0
u,0.0, 0.0, 0
u,0.0, 0.0, 0
u,0.0, 0.0, 0
u,0.0, 0.0, 0
u,0.0, 0.0, 0
u,0.0, 0.0, 0
u,0.0, 0.0, 0
u,0.0, 0.0, 0
u,0.0, 0.0, 0
u,0.0, 0.0, 0
u,0.0, 0.0, 0
u,0.0, 0.0, 0
u,0.0, 0.0, 0
u,0.0, 0.0, 0
u,0.0, 0.0, 0
u,0.0, 0.0, 0
u,0.0, 0.0, 0
u,0.0, 0.0, 0
u,0.0, 0.0, 0
u,0.0, 0.0, 0
u,0.0, 0.0, 0
u,0.01558650005608797, 0.2561585009098053, 0
u,0.047401200979948044, 0.2559213936328888, 0
u,0.04740539938211441, 0.2565658986568451, 0
u,0.04740539938211441, 0.2565658986568451, 0
u,0.0747758001089096, 0.2563337981700897, 0
u,0.07486079633235931, 0.268827885389328, 0
u,0.0039160000160336494, 0.2688494026660919, 0
u,0.0039160000160336494, 0.09815280139446259, 0
u,0.01558650005608797, 0.2561585009098053, 0
u,0.0039160000160336494, 0.09815280139446259, 0
u,0.014725600369274616, 0.09806559979915619, 0
u,0.01558650005608797, 0.2561585009098053, 0
u,0.01558650005608797, 0.2561585009098053, 0
u,0.04740539938211441, 0.2565658986568451, 0
u,0.0039160000160336494, 0.2688494026660919, 0
u,0.0039160000160336494, 0.2688494026660919, 0
u,0.07486079633235931, 0.268827885389328, 0
u,0.07489089667797089, 0.2732591927051544, 0
u,0.0, 0.09375300258398056, 0
u,0.014701499603688717, 0.09363429993391037, 0
u,0.0039160000160336494, 0.09815280139446259, 0
u,0.014701499603688717, 0.09363429993391037, 0
u,0.014725600369274616, 0.09806559979915619, 0
u,0.0039160000160336494, 0.09815280139446259, 0
u,0.0039160000160336494, 0.2688494026660919, 0
u,0.07489089667797089, 0.2732591927051544, 0
u,0.0, 0.273281991481781, 0
u,0.0, 0.09375300258398056, 0
u,0.0039160000160336494, 0.09815280139446259, 0
u,0.0039160000160336494, 0.2688494026660919, 0
u,0.014698299579322338, 0.09303870052099228, 0
u,0.07192029803991318, 0.09265069663524628, 0
u,0.01863829977810383, 0.09744349867105484, 0
u,0.07192029803991318, 0.09265069663524628, 0
u,0.07193739712238312, 0.09435079991817474, 0
u,0.07143759727478027, 0.09435509890317917, 0
u,0.07143759727478027, 0.09435509890317917, 0
u,0.0714557021856308, 0.09708529710769653, 0
u,0.01863829977810383, 0.09744349867105484, 0
u,0.07192029803991318, 0.09265069663524628, 0
u,0.07143759727478027, 0.09435509890317917, 0
u,0.01863829977810383, 0.09744349867105484, 0
u,0.047372400760650635, 0.25149020552635193, 0
u,0.047401200979948044, 0.2559213936328888, 0
u,0.019478200003504753, 0.25169798731803894, 0
u,0.047401200979948044, 0.2559213936328888, 0
u,0.01558650005608797, 0.2561585009098053, 0
u,0.019478200003504753, 0.25169798731803894, 0
u,0.01863829977810383, 0.09744349867105484, 0
u,0.019478200003504753, 0.25169798731803894, 0
u,0.01558650005608797, 0.2561585009098053, 0
u,0.0714557021856308, 0.09708529710769653, 0
u,0.07199680060148239, 0.17871519923210144, 0
u,0.046900101006031036, 0.17891159653663635, 0
u,0.046900101006031036, 0.17891159653663635, 0
u,0.047372400760650635, 0.25149020552635193, 0
u,0.019478200003504753, 0.25169798731803894, 0
u,0.019478200003504753, 0.25169798731803894, 0
u,0.01863829977810383, 0.09744349867105484, 0
u,0.046900101006031036, 0.17891159653663635, 0
u,0.19863109290599823, 0.07258229702711105, 0
u,0.19860219955444336, 0.06827490031719208, 0
u,0.22854870557785034, 0.09302090108394623, 0
u,0.19860219955444336, 0.06827490031719208, 0
u,0.24194149672985077, 0.0677156001329422, 0
u,0.22854870557785034, 0.09302090108394623, 0
u,0.24194149672985077, 0.0677156001329422, 0
u,0.24299739301204681, 0.173614501953125, 0
u,0.22854870557785034, 0.09302090108394623, 0
u,0.24299739301204681, 0.173614501953125, 0
u,0.22908879816532135, 0.17372170090675354, 0
u,0.22854870557785034, 0.09302090108394623, 0
u,0.22854870557785034, 0.09302090108394623, 0
u,0.07193739712238312, 0.09435079991817474, 0
u,0.16765479743480682, 0.07283929735422134, 0
u,0.07193739712238312, 0.09435079991817474, 0
u,0.07169190049171448, 0.06991270184516907, 0
u,0.16765479743480682, 0.07283929735422134, 0
u,0.07169190049171448, 0.06991270184516907, 0
u,0.16762499511241913, 0.06867469847202301, 0
u,0.16765479743480682, 0.07283929735422134, 0
u,0.06466100364923477, 0.020514799281954765, 0
u,0.15001249313354492, 0.006773000117391348, 0
u,0.07169190049171448, 0.06991270184516907, 0
u,0.15001249313354492, 0.006773000117391348, 0
u,0.15158310532569885, 0.0688818022608757, 0
u,0.07169190049171448, 0.06991270184516907, 0
u,0.07169190049171448, 0.06991270184516907, 0
u,0.07185599952936172, 0.0862492024898529, 0
u,0.06581319868564606, 0.08638019859790802, 0
u,0.06581319868564606, 0.08638019859790802, 0
u,0.07185599952936172, 0.0862492024898529, 0
u,0.07190050184726715, 0.09068039804697037, 0
u,0.15380150079727173, 0.0016870000399649143, 0
u,0.1554993987083435, 0.0688311979174614, 0
u,0.15001249313354492, 0.006773000117391348, 0
u,0.1554993987083435, 0.0688311979174614, 0
u,0.15158310532569885, 0.0688818022608757, 0
u,0.15001249313354492, 0.006773000117391348, 0
u,0.06581319868564606, 0.08638019859790802, 0
u,0.07190050184726715, 0.09068039804697037, 0
u,0.061975400894880295, 0.09089569747447968, 0
u,0.15380150079727173, 0.0016870000399649143, 0
u,0.15001249313354492, 0.006773000117391348, 0
u,0.06067720055580139, 0.01668030023574829, 0
u,0.15001249313354492, 0.006773000117391348, 0
u,0.06466100364923477, 0.020514799281954765, 0
u,0.06067720055580139, 0.01668030023574829, 0
u,0.06466100364923477, 0.020514799281954765, 0
u,0.06581319868564606, 0.08638019859790802, 0
u,0.06067720055580139, 0.01668030023574829, 0
u,0.19863109290599823, 0.07258229702711105, 0
u,0.16765479743480682, 0.07283929735422134, 0
u,0.16733090579509735, 0.027609599754214287, 0
u,0.27710211277008057, 0.09323350340127945, 0
u,0.2893773019313812, 0.09312599897384644, 0
u,0.2781608998775482, 0.250153511762619, 0
u,0.2893773019313812, 0.09312599897384644, 0
u,0.2893643081188202, 0.26722899079322815, 0
u,0.2781608998775482, 0.250153511762619, 0
u,0.2893643081188202, 0.26722899079322815, 0
u,0.22303450107574463, 0.26780810952186584, 0
u,0.24923080205917358, 0.25138580799102783, 0
u,0.22303450107574463, 0.26780810952186584, 0
u,0.2229326069355011, 0.251601904630661, 0
u,0.24923080205917358, 0.25138580799102783, 0
u,0.24923080205917358, 0.25138580799102783, 0
u,0.2492244988679886, 0.2504088878631592, 0
u,0.2781608998775482, 0.250153511762619, 0
u,0.29327988624572754, 0.27162620425224304, 0
u,0.22306230664253235, 0.2722392976284027, 0
u,0.2893643081188202, 0.26722899079322815, 0
u,0.22306230664253235, 0.2722392976284027, 0
u,0.22303450107574463, 0.26780810952186584, 0
u,0.2893643081188202, 0.26722899079322815, 0
u,0.26002728939056396, 0.09053929895162582, 0
u,0.2600165903568268, 0.08895160257816315, 0
u,0.2770828902721405, 0.09039399772882462, 0
u,0.2600165903568268, 0.08895160257816315, 0
u,0.29329371452331543, 0.08866029977798462, 0
u,0.2770828902721405, 0.09039399772882462, 0
u,0.2893773019313812, 0.09312599897384644, 0
u,0.27710211277008057, 0.09323350340127945, 0
u,0.2770828902721405, 0.09039399772882462, 0
u,0.29329371452331543, 0.08866029977798462, 0
u,0.29327988624572754, 0.27162620425224304, 0
u,0.2893773019313812, 0.09312599897384644, 0
u,0.29327988624572754, 0.27162620425224304, 0
u,0.2893643081188202, 0.26722899079322815, 0
u,0.2893773019313812, 0.09312599897384644, 0
u,0.27421510219573975, 0.24575680494308472, 0
u,0.2491959035396576, 0.24597769975662231, 0
u,0.24872879683971405, 0.17357030510902405, 0
u,0.24872879683971405, 0.17357030510902405, 0
u,0.24299739301204681, 0.173614501953125, 0
u,0.24227219820022583, 0.10088740289211273, 0
u,0.26009559631347656, 0.10073050111532211, 0
u,0.2600570023059845, 0.09497050195932388, 0
u,0.2731969952583313, 0.09485849738121033, 0
u,0.24872879683971405, 0.17357030510902405, 0
u,0.24227219820022583, 0.10088740289211273, 0
u,0.26009559631347656, 0.10073050111532211, 0
u,0.2731969952583313, 0.09485849738121033, 0
u,0.27421510219573975, 0.24575680494308472, 0
u,0.24872879683971405, 0.17357030510902405, 0
u,0.2781608998775482, 0.250153511762619, 0
u,0.2492244988679886, 0.2504088878631592, 0
u,0.27421510219573975, 0.24575680494308472, 0
u,0.2492244988679886, 0.2504088878631592, 0
u,0.2491959035396576, 0.24597769975662231, 0
u,0.27421510219573975, 0.24575680494308472, 0
u,0.2600570023059845, 0.09497050195932388, 0
u,0.26002728939056396, 0.09053929895162582, 0
u,0.2731969952583313, 0.09485849738121033, 0
u,0.26002728939056396, 0.09053929895162582, 0
u,0.2770828902721405, 0.09039399772882462, 0
u,0.2731969952583313, 0.09485849738121033, 0
u,0.2781608998775482, 0.250153511762619, 0
u,0.27421510219573975, 0.24575680494308472, 0
u,0.2770828902721405, 0.09039399772882462, 0
u,0.22790640592575073, 0.020982900634407997, 0
u,0.22821970283985138, 0.06789270043373108, 0
u,0.22430400550365448, 0.06794320046901703, 0
u,0.26009559631347656, 0.10073050111532211, 0
u,0.24227219820022583, 0.10088740289211273, 0
u,0.2561500072479248, 0.09633369743824005, 0
u,0.24227219820022583, 0.10088740289211273, 0
u,0.24222800135612488, 0.09645629674196243, 0
u,0.2561500072479248, 0.09633369743824005, 0
u,0.22790640592575073, 0.020982900634407997, 0
u,0.22430400550365448, 0.06794320046901703, 0
u,0.22396090626716614, 0.016582999378442764, 0
u,0.26009559631347656, 0.10073050111532211, 0
u,0.2561500072479248, 0.09633369743824005, 0
u,0.25564301013946533, 0.020760299637913704, 0
u,0.25564301013946533, 0.020760299637913704, 0
u,0.22790640592575073, 0.020982900634407997, 0
u,0.25952911376953125, 0.01629759930074215, 0
u,0.22790640592575073, 0.020982900634407997, 0
u,0.22396090626716614, 0.016582999378442764, 0
u,0.25952911376953125, 0.01629759930074215, 0
u,0.2561500072479248, 0.09633369743824005, 0
u,0.24222800135612488, 0.09645629674196243, 0
u,0.24194149672985077, 0.0677156001329422, 0
u,0.24194149672985077, 0.0677156001329422, 0
u,0.22821970283985138, 0.06789270043373108, 0
u,0.22790640592575073, 0.020982900634407997, 0
u,0.22790640592575073, 0.020982900634407997, 0
u,0.25564301013946533, 0.020760299637913704, 0
u,0.24194149672985077, 0.0677156001329422, 0
u,0.24484150111675262, 0.17803169786930084, 0
u,0.2252025008201599, 0.17818309366703033, 0
u,0.22908879816532135, 0.17372170090675354, 0
u,0.2252025008201599, 0.17818309366703033, 0
u,0.24484150111675262, 0.17803169786930084, 0
u,0.24528630077838898, 0.24698670208454132, 0
u,0.21898889541625977, 0.2472027987241745, 0
u,0.2191247045993805, 0.26880958676338196, 0
u,0.07866159826517105, 0.25186941027641296, 0
u,0.2191247045993805, 0.26880958676338196, 0
u,0.07878489792346954, 0.27000120282173157, 0
u,0.07866159826517105, 0.25186941027641296, 0
u,0.2252025008201599, 0.17818309366703033, 0
u,0.24528630077838898, 0.24698670208454132, 0
u,0.21898889541625977, 0.2472027987241745, 0
u,0.07538290321826935, 0.0987531989812851, 0
u,0.22466249763965607, 0.09748540073633194, 0
u,0.2252025008201599, 0.17818309366703033, 0
u,0.051292501389980316, 0.25210151076316833, 0
u,0.05084479972720146, 0.18331219255924225, 0
u,0.07594200223684311, 0.18311579525470734, 0
u,0.07594200223684311, 0.18311579525470734, 0
u,0.07538290321826935, 0.0987531989812851, 0
u,0.2252025008201599, 0.17818309366703033, 0
u,0.2252025008201599, 0.17818309366703033, 0
u,0.21898889541625977, 0.2472027987241745, 0
u,0.07594200223684311, 0.18311579525470734, 0
u,0.07866159826517105, 0.25186941027641296, 0
u,0.051292501389980316, 0.25210151076316833, 0
u,0.07594200223684311, 0.18311579525470734, 0
u,0.07538290321826935, 0.0987531989812851, 0
u,0.07143759727478027, 0.09435509890317917, 0
u,0.22854870557785034, 0.09302090108394623, 0
u,0.22854870557785034, 0.09302090108394623, 0
u,0.22908879816532135, 0.17372170090675354, 0
u,0.22466249763965607, 0.09748540073633194, 0
u,0.22908879816532135, 0.17372170090675354, 0
u,0.2252025008201599, 0.17818309366703033, 0
u,0.22466249763965607, 0.09748540073633194, 0
u,0.07538290321826935, 0.0987531989812851, 0
u,0.07594200223684311, 0.18311579525470734, 0
u,0.07199680060148239, 0.17871519923210144, 0
u,0.24528630077838898, 0.24698670208454132, 0
u,0.24484150111675262, 0.17803169786930084, 0
u,0.24923080205917358, 0.25138580799102783, 0
u,0.24484150111675262, 0.17803169786930084, 0
u,0.24872879683971405, 0.17357030510902405, 0
u,0.24923080205917358, 0.25138580799102783, 0
u,0.046900101006031036, 0.17891159653663635, 0
u,0.07199680060148239, 0.17871519923210144, 0
u,0.05084479972720146, 0.18331219255924225, 0
u,0.07199680060148239, 0.17871519923210144, 0
u,0.07594200223684311, 0.18311579525470734, 0
u,0.05084479972720146, 0.18331219255924225, 0
u,0.046900101006031036, 0.17891159653663635, 0
u,0.05084479972720146, 0.18331219255924225, 0
u,0.04740539938211441, 0.2565658986568451, 0
u,0.05084479972720146, 0.18331219255924225, 0
u,0.051292501389980316, 0.25210151076316833, 0
u,0.04740539938211441, 0.2565658986568451, 0
u,0.24528630077838898, 0.24698670208454132, 0
u,0.24923080205917358, 0.25138580799102783, 0
u,0.2229326069355011, 0.251601904630661, 0
u,0.0747758001089096, 0.2563337981700897, 0
u,0.04740539938211441, 0.2565658986568451, 0
u,0.051292501389980316, 0.25210151076316833, 0
u,0.21898889541625977, 0.2472027987241745, 0
u,0.24528630077838898, 0.24698670208454132, 0
u,0.2229326069355011, 0.251601904630661, 0
u,0.0747758001089096, 0.2563337981700897, 0
u,0.051292501389980316, 0.25210151076316833, 0
u,0.07866159826517105, 0.25186941027641296, 0
u,0.0747758001089096, 0.2563337981700897, 0
u,0.07866159826517105, 0.25186941027641296, 0
u,0.07878489792346954, 0.27000120282173157, 0
u,0.21898889541625977, 0.2472027987241745, 0
u,0.2229326069355011, 0.251601904630661, 0
u,0.2191247045993805, 0.26880958676338196, 0
u,0.2229326069355011, 0.251601904630661, 0
u,0.22306840121746063, 0.2732076942920685, 0
u,0.2191247045993805, 0.26880958676338196, 0
u,0.0748990997672081, 0.2744657099246979, 0
u,0.0747758001089096, 0.2563337981700897, 0
u,0.07878489792346954, 0.27000120282173157, 0
u,0.07878489792346954, 0.27000120282173157, 0
u,0.2191247045993805, 0.26880958676338196, 0
u,0.0748990997672081, 0.2744657099246979, 0
u,0.6962760090827942, 0.988987386226654, 0
u,0.6962760090827942, 1.0, 0
u,0.6882166862487793, 1.0, 0
u,0.5757554173469543, 0.988987386226654, 0
u,0.6882166862487793, 0.988987386226654, 0
u,0.6882166862487793, 1.0, 0
u,0.5228627920150757, 0.988987386226654, 0
u,0.5757554173469543, 0.988987386226654, 0
u,0.5757554173469543, 1.0, 0
u,0.9512274265289307, 0.7227681279182434, 0
u,0.6431412100791931, 0.7227681279182434, 0
u,0.6431412100791931, 0.7115402221679688, 0
u,0.6431412100791931, 0.7115402221679688, 0
u,0.6431412100791931, 0.5903782248497009, 0
u,0.9512274265289307, 0.5903782248497009, 0
u,0.9512274265289307, 0.5331832766532898, 0
u,0.9512274265289307, 0.5903782248497009, 0
u,0.6431412100791931, 0.5903782248497009, 0
u,0.6202033162117004, 0.5776432156562805, 0
u,0.3280318081378937, 0.5776432156562805, 0
u,0.3280318081378937, 0.5772619843482971, 0
u,0.6429691910743713, 0.5772619843482971, 0
u,0.6429691910743713, 0.6816648244857788, 0
u,0.6202033162117004, 0.5804793834686279, 0
u,0.6429691910743713, 0.6816648244857788, 0
u,0.6118488907814026, 0.6816648244857788, 0
u,0.6202033162117004, 0.5804793834686279, 0
u,0.6118488907814026, 0.6816648244857788, 0
u,0.6118488907814026, 0.5804793834686279, 0
u,0.6202033162117004, 0.5804793834686279, 0
u,0.6202033162117004, 0.5776432156562805, 0
u,0.3280318081378937, 0.5772619843482971, 0
u,0.6429691910743713, 0.5772619843482971, 0
u,0.3280318081378937, 0.5354331135749817, 0
u,0.6346331834793091, 0.5354331135749817, 0
u,0.6346331834793091, 0.5757803916931152, 0
u,0.5397614240646362, 0.8683915138244629, 0
u,0.5735390782356262, 0.8683915138244629, 0
u,0.5735390782356262, 0.8934016823768616, 0
u,0.7892643809318542, 0.9752531051635742, 0
u,0.8101980090141296, 0.9752531051635742, 0
u,0.8101980090141296, 0.9863380789756775, 0
u,0.952134370803833, 0.9752531051635742, 0
u,0.952134370803833, 0.9863380789756775, 0
u,0.9124969244003296, 0.9863380789756775, 0
u,0.8101980090141296, 0.9752531051635742, 0
u,0.9124969244003296, 0.9752531051635742, 0
u,0.9124969244003296, 0.9863380789756775, 0
u,0.6897112727165222, 0.969562828540802, 0
u,0.7889559268951416, 0.969562828540802, 0
u,0.7458372712135315, 0.9842765927314758, 0
u,0.7889559268951416, 0.969562828540802, 0
u,0.7889559268951416, 0.98537677526474, 0
u,0.7458372712135315, 0.9842765927314758, 0
u,0.7889559268951416, 0.98537677526474, 0
u,0.7458372712135315, 0.98537677526474, 0
u,0.7458372712135315, 0.9842765927314758, 0
u,0.7458372712135315, 0.9842765927314758, 0
u,0.42743539810180664, 0.9842765927314758, 0
u,0.6918228268623352, 0.9830015897750854, 0
u,0.42743539810180664, 0.9842765927314758, 0
u,0.42743539810180664, 0.9830015897750854, 0
u,0.6918228268623352, 0.9830015897750854, 0
u,0.6918228268623352, 0.980134129524231, 0
u,0.6897112727165222, 0.980134129524231, 0
u,0.6897112727165222, 0.969562828540802, 0
u,0.7458372712135315, 0.9842765927314758, 0
u,0.6918228268623352, 0.9830015897750854, 0
u,0.6918228268623352, 0.980134129524231, 0
u,0.3149546980857849, 0.6827896237373352, 0
u,0.34983739256858826, 0.6827896237373352, 0
u,0.3231048882007599, 0.6924852728843689, 0
u,0.34983739256858826, 0.6827896237373352, 0
u,0.34983739256858826, 0.7134130001068115, 0
u,0.3231048882007599, 0.6952521800994873, 0
u,0.3231048882007599, 0.6924852728843689, 0
u,0.34983739256858826, 0.6827896237373352, 0
u,0.3231048882007599, 0.6952521800994873, 0
u,0.34983739256858826, 0.7134130001068115, 0
u,0.000994000001810491, 0.7134130001068115, 0
u,0.3231048882007599, 0.6952521800994873, 0
u,0.000994000001810491, 0.7134130001068115, 0
u,0.000994000001810491, 0.6952521800994873, 0
u,0.3231048882007599, 0.6952521800994873, 0
u,0.6821141839027405, 0.9084740877151489, 0
u,0.4264413118362427, 0.9084740877151489, 0
u,0.4264413118362427, 0.8998875021934509, 0
u,0.7760456204414368, 0.8998875021934509, 0
u,0.7760456204414368, 0.9678211808204651, 0
u,0.6821141839027405, 0.9112473130226135, 0
u,0.7760456204414368, 0.9678211808204651, 0
u,0.6800721883773804, 0.9678211808204651, 0
u,0.6821141839027405, 0.9112473130226135, 0
u,0.6800721883773804, 0.9678211808204651, 0
u,0.6800721883773804, 0.9112473130226135, 0
u,0.6821141839027405, 0.9112473130226135, 0
u,0.6821141839027405, 0.9084740877151489, 0
u,0.4264413118362427, 0.8998875021934509, 0
u,0.7760456204414368, 0.8998875021934509, 0
u,0.9284294247627258, 0.9730833172798157, 0
u,0.9284294247627258, 0.9066367149353027, 0
u,0.9762579798698425, 0.942690372467041, 0
u,0.9284294247627258, 0.9066367149353027, 0
u,0.9980732798576355, 0.9066367149353027, 0
u,0.9762579798698425, 0.942690372467041, 0
u,0.9980732798576355, 0.9066367149353027, 0
u,0.9980732798576355, 0.9536824226379395, 0
u,0.9791721105575562, 0.942690372467041, 0
u,0.9980732798576355, 0.9536824226379395, 0
u,0.9791721105575562, 0.9536824226379395, 0
u,0.9791721105575562, 0.942690372467041, 0
u,0.9762579798698425, 0.942690372467041, 0
u,0.9762579798698425, 0.9730833172798157, 0
u,0.9284294247627258, 0.9730833172798157, 0
u,0.586898922920227, 0.895877480506897, 0
u,0.586898922920227, 0.898762583732605, 0
u,0.5440009236335754, 0.898762583732605, 0
u,0.47664639353752136, 0.898762583732605, 0
u,0.47664639353752136, 0.895877480506897, 0
u,0.5440009236335754, 0.895877480506897, 0
u,0.43116331100463867, 0.895877480506897, 0
u,0.47664639353752136, 0.895877480506897, 0
u,0.47664639353752136, 0.898762583732605, 0
u,0.4264413118362427, 0.895877480506897, 0
u,0.43116331100463867, 0.895877480506897, 0
u,0.43116331100463867, 0.898762583732605, 0
u,0.3005264103412628, 0.4174109995365143, 0
u,0.0, 0.4174109995365143, 0
u,0.0, 0.33912190794944763, 0
u,0.0, 0.33912190794944763, 0
u,0.0, 0.28452470898628235, 0
u,0.3005264103412628, 0.28452470898628235, 0
u,0.3005264103412628, 0.276262491941452, 0
u,0.3005264103412628, 0.28452470898628235, 0
u,0.0, 0.28452470898628235, 0
u,0.3005264103412628, 0.4174109995365143, 0
u,0.3005264103412628, 0.46681660413742065, 0
u,0.0, 0.46681660413742065, 0
u,0.0, 0.8683915138244629, 0
u,0.016995899379253387, 0.8683915138244629, 0
u,0.016995899379253387, 0.8714293241500854, 0
u,0.016995899379253387, 0.8714293241500854, 0
u,0.4245362877845764, 0.8714293241500854, 0
u,0.4245362877845764, 0.9013845920562744, 0
u,0.0, 0.9013845920562744, 0
u,0.0, 0.8683915138244629, 0
u,0.016995899379253387, 0.8714293241500854, 0
u,0.016995899379253387, 0.9599797129631042, 0
u,0.0, 0.9599797129631042, 0
u,0.016995899379253387, 0.9568375945091248, 0
u,0.0, 0.9599797129631042, 0
u,0.0, 0.9269707202911377, 0
u,0.016995899379253387, 0.9568375945091248, 0
u,0.0, 0.9269707202911377, 0
u,0.4245362877845764, 0.9269707202911377, 0
u,0.016995899379253387, 0.9568375945091248, 0
u,0.0, 0.9013845920562744, 0
u,0.4245362877845764, 0.9013845920562744, 0
u,0.4245362877845764, 0.9269707202911377, 0
u,0.016995899379253387, 0.98554927110672, 0
u,0.0, 0.98554927110672, 0
u,0.0, 0.9599797129631042, 0
u,0.7064775824546814, 0.998875081539154, 0
u,0.7064775824546814, 0.988448977470398, 0
u,0.8150737881660461, 0.988448977470398, 0
u,0.697813093662262, 0.998875081539154, 0
u,0.697813093662262, 0.988448977470398, 0
u,0.7064775824546814, 0.988448977470398, 0
u,0.8618932962417603, 0.998875081539154, 0
u,0.8150737881660461, 0.998875081539154, 0
u,0.8150737881660461, 0.988448977470398, 0
u,0.0, 0.4684205949306488, 0
u,0.3253597021102905, 0.4684205949306488, 0
u,0.3253597021102905, 0.4953218102455139, 0
u,0.3253597021102905, 0.6260256171226501, 0
u,0.0, 0.6260256171226501, 0
u,0.0, 0.4953218102455139, 0
u,0.3253597021102905, 0.6827896237373352, 0
u,0.0, 0.6827896237373352, 0
u,0.0, 0.6260256171226501, 0
u,0.927026629447937, 0.962530791759491, 0
u,0.9144731760025024, 0.962530791759491, 0
u,0.9144731760025024, 0.9313836097717285, 0
u,0.8731192946434021, 0.998875081539154, 0
u,0.8731192946434021, 0.9884184002876282, 0
u,0.9675214290618896, 0.9884184002876282, 0
u,0.8638169765472412, 0.998875081539154, 0
u,0.8638169765472412, 0.9884184002876282, 0
u,0.8731192946434021, 0.9884184002876282, 0
u,0.9852334260940552, 0.998875081539154, 0
u,0.9675214290618896, 0.998875081539154, 0
u,0.9675214290618896, 0.9884184002876282, 0
u,0.7892643809318542, 0.9313836097717285, 0
u,0.8105623126029968, 0.9313836097717285, 0
u,0.8105623126029968, 0.9734023809432983, 0
u,0.912626326084137, 0.962530791759491, 0
u,0.912626326084137, 0.9734023809432983, 0
u,0.8105623126029968, 0.9734023809432983, 0
u,0.8105623126029968, 0.9734023809432983, 0
u,0.8105623126029968, 0.9313836097717285, 0
u,0.912626326084137, 0.962530791759491, 0
u,0.8105623126029968, 0.9313836097717285, 0
u,0.9144731760025024, 0.9313836097717285, 0
u,0.912626326084137, 0.962530791759491, 0
u,0.4485805928707123, 0.8476243019104004, 0
u,0.4485805928707123, 0.8517922163009644, 0
u,0.4391356110572815, 0.8476243019104004, 0
u,0.4485805928707123, 0.8517922163009644, 0
u,0.4224652051925659, 0.8517922163009644, 0
u,0.4391356110572815, 0.8476243019104004, 0
u,0.4224652051925659, 0.7906972169876099, 0
u,0.795750081539154, 0.7906972169876099, 0
u,0.4661954939365387, 0.8432689905166626, 0
u,0.795750081539154, 0.7906972169876099, 0
u,0.795750081539154, 0.8432689905166626, 0
u,0.4661954939365387, 0.8432689905166626, 0
u,0.4661954939365387, 0.8432689905166626, 0
u,0.4661954939365387, 0.844417929649353, 0
u,0.4391356110572815, 0.844417929649353, 0
u,0.4224652051925659, 0.7906972169876099, 0
u,0.4661954939365387, 0.8432689905166626, 0
u,0.4391356110572815, 0.844417929649353, 0
u,0.4391356110572815, 0.844417929649353, 0
u,0.4391356110572815, 0.8476243019104004, 0
u,0.4224652051925659, 0.8517922163009644, 0
u,0.4224652051925659, 0.7906972169876099, 0
u,0.4224652051925659, 0.7615731954574585, 0
u,0.795750081539154, 0.7615731954574585, 0
u,0.795750081539154, 0.7244095206260681, 0
u,0.795750081539154, 0.7615731954574585, 0
u,0.4224652051925659, 0.7615731954574585, 0
u,0.4485805928707123, 0.8517922163009644, 0
u,0.4485805928707123, 0.8663864135742188, 0
u,0.4224652051925659, 0.8663864135742188, 0
u,0.4778844118118286, 0.8942632079124451, 0
u,0.4778844118118286, 0.8832811713218689, 0
u,0.5275381803512573, 0.8832811713218689, 0
u,0.4778844118118286, 0.8832811713218689, 0
u,0.4778844118118286, 0.8942632079124451, 0
u,0.4572623074054718, 0.8942632079124451, 0
u,0.4264413118362427, 0.8832811713218689, 0
u,0.4572623074054718, 0.8832811713218689, 0
u,0.4572623074054718, 0.8942632079124451, 0
u,0.5378891825675964, 0.8942632079124451, 0
u,0.5275381803512573, 0.8942632079124451, 0
u,0.5275381803512573, 0.8832811713218689, 0
u,0.09960330277681351, 0.8672665953636169, 0
u,0.0, 0.8672665953636169, 0
u,0.09013979882001877, 0.8582082986831665, 0
u,0.0, 0.8672665953636169, 0
u,0.0, 0.8541209101676941, 0
u,0.09013979882001877, 0.8582082986831665, 0
u,0.0, 0.8541209101676941, 0
u,0.4210973083972931, 0.8541209101676941, 0
u,0.09013979882001877, 0.8549954891204834, 0
u,0.4210973083972931, 0.8541209101676941, 0
u,0.4210973083972931, 0.8549954891204834, 0
u,0.09013979882001877, 0.8549954891204834, 0
u,0.09013979882001877, 0.8582082986831665, 0
u,0.09960330277681351, 0.8582082986831665, 0
u,0.09960330277681351, 0.8672665953636169, 0
u,0.4210973083972931, 0.7325587272644043, 0
u,0.4210973083972931, 0.8541209101676941, 0
u,0.0, 0.8541209101676941, 0
u,0.0, 0.7325587272644043, 0
u,0.0, 0.7168943881988525, 0
u,0.09089689701795578, 0.7286440134048462, 0
u,0.0, 0.7168943881988525, 0
u,0.10036040097475052, 0.7168943881988525, 0
u,0.09089689701795578, 0.7286440134048462, 0
u,0.10036040097475052, 0.7168943881988525, 0
u,0.10036040097475052, 0.7286440134048462, 0
u,0.09089689701795578, 0.7286440134048462, 0
u,0.09089689701795578, 0.7318567037582397, 0
u,0.4210973083972931, 0.7318567037582397, 0
u,0.4210973083972931, 0.7325587272644043, 0
u,0.09089689701795578, 0.7318567037582397, 0
u,0.4210973083972931, 0.7325587272644043, 0
u,0.0, 0.7325587272644043, 0
u,0.8137372732162476, 0.8203424215316772, 0
u,0.8726561069488525, 0.8203424215316772, 0
u,0.8726561069488525, 0.8251852989196777, 0
u,0.7972167134284973, 0.8251852989196777, 0
u,0.7972167134284973, 0.8085899949073792, 0
u,0.8137372732162476, 0.8203424215316772, 0
u,0.7972167134284973, 0.8085899949073792, 0
u,0.8137372732162476, 0.8085899949073792, 0
u,0.8137372732162476, 0.8203424215316772, 0
u,0.8137372732162476, 0.7483301758766174, 0
u,0.8137372732162476, 0.8085899949073792, 0
u,0.7972167134284973, 0.8085899949073792, 0
u,0.43922731280326843, 0.4493238031864166, 0
u,0.5486503839492798, 0.4493238031864166, 0
u,0.5486503839492798, 0.46681660413742065, 0
u,0.4388780891895294, 0.46681660413742065, 0
u,0.4388780891895294, 0.39663898944854736, 0
u,0.43922731280326843, 0.4493238031864166, 0
u,0.4388780891895294, 0.39663898944854736, 0
u,0.43922731280326843, 0.39663898944854736, 0
u,0.43922731280326843, 0.4493238031864166, 0
u,0.3867914080619812, 0.38631871342658997, 0
u,0.4371924102306366, 0.38631871342658997, 0
u,0.4371924102306366, 0.39663898944854736, 0
u,0.4371924102306366, 0.39663898944854736, 0
u,0.4388780891895294, 0.39663898944854736, 0
u,0.4388780891895294, 0.46681660413742065, 0
u,0.4388780891895294, 0.46681660413742065, 0
u,0.3867914080619812, 0.46681660413742065, 0
u,0.4371924102306366, 0.39663898944854736, 0
u,0.3692565858364105, 0.46681660413742065, 0
u,0.3692565858364105, 0.38631871342658997, 0
u,0.3867914080619812, 0.38631871342658997, 0
u,0.32444441318511963, 0.39663898944854736, 0
u,0.32444441318511963, 0.38631871342658997, 0
u,0.3692565858364105, 0.38631871342658997, 0
u,0.3692565858364105, 0.38631871342658997, 0
u,0.3692565858364105, 0.46681660413742065, 0
u,0.32444441318511963, 0.39663898944854736, 0
u,0.3692565858364105, 0.46681660413742065, 0
u,0.3213104009628296, 0.46681660413742065, 0
u,0.32444441318511963, 0.39663898944854736, 0
u,0.3213104009628296, 0.46681660413742065, 0
u,0.3213104009628296, 0.3581959903240204, 0
u,0.32170841097831726, 0.39663898944854736, 0
u,0.3213104009628296, 0.3581959903240204, 0
u,0.32170841097831726, 0.3581959903240204, 0
u,0.32170841097831726, 0.39663898944854736, 0
u,0.30218690633773804, 0.3581959903240204, 0
u,0.3213104009628296, 0.3581959903240204, 0
u,0.3213104009628296, 0.46681660413742065, 0
u,0.9005802869796753, 0.9055117964744568, 0
u,0.7972167134284973, 0.9055117964744568, 0
u,0.7972167134284973, 0.8832905292510986, 0
u,0.8726561069488525, 0.8251852989196777, 0
u,0.8726561069488525, 0.8792521953582764, 0
u,0.8629093766212463, 0.8792521953582764, 0
u,0.8629093766212463, 0.8825610280036926, 0
u,0.9005802869796753, 0.8825610280036926, 0
u,0.9005802869796753, 0.8832905292510986, 0
u,0.7972167134284973, 0.8251852989196777, 0
u,0.8726561069488525, 0.8251852989196777, 0
u,0.8629093766212463, 0.8792521953582764, 0
u,0.8629093766212463, 0.8825610280036926, 0
u,0.9005802869796753, 0.8832905292510986, 0
u,0.7972167134284973, 0.8832905292510986, 0
u,0.7972167134284973, 0.8251852989196777, 0
u,0.8629093766212463, 0.8792521953582764, 0
u,0.7972167134284973, 0.8832905292510986, 0
u,0.3027496039867401, 0.9888430833816528, 0
u,0.3027496039867401, 1.0, 0
u,0.25672298669815063, 1.0, 0
u,0.25672298669815063, 0.9888430833816528, 0
u,0.25672298669815063, 1.0, 0
u,0.2418891042470932, 1.0, 0
u,0.18802429735660553, 1.0, 0
u,0.18802429735660553, 0.9888430833816528, 0
u,0.2418891042470932, 0.9888430833816528, 0
u,0.07526800036430359, 0.9888430833816528, 0
u,0.18802429735660553, 0.9888430833816528, 0
u,0.18802429735660553, 1.0, 0
u,0.018956800922751427, 1.0, 0
u,0.018956800922751427, 0.9888430833816528, 0
u,0.07526800036430359, 0.9888430833816528, 0
u,0.018956800922751427, 0.9888430833816528, 0
u,0.018956800922751427, 1.0, 0
u,0.0, 1.0, 0
u,0.4758146107196808, 0.9888430833816528, 0
u,0.5217307209968567, 0.9888430833816528, 0
u,0.5217307209968567, 1.0, 0
u,0.4551418125629425, 0.9888430833816528, 0
u,0.4758146107196808, 0.9888430833816528, 0
u,0.4758146107196808, 1.0, 0
u,0.4430390000343323, 0.9888430833816528, 0
u,0.4551418125629425, 0.9888430833816528, 0
u,0.4551418125629425, 1.0, 0
u,0.337035208940506, 0.9888430833816528, 0
u,0.4430390000343323, 0.9888430833816528, 0
u,0.4430390000343323, 1.0, 0
u,0.3027496039867401, 0.9888430833816528, 0
u,0.3226129114627838, 0.9888430833816528, 0
u,0.3226129114627838, 1.0, 0
