s,138.855224609375, 78.275390625, -0.4241294860839844
b,141.924560546875, 85.3369140625, 2.176659107208252
v,140.733154296875, 78.275390625, 2.1765646934509277
v,138.85546875, 85.087890625, 2.176600933074951
v,138.855712890625, 85.087890625, -0.42409324645996094
v,140.7333984375, 78.2763671875, -0.4241294860839844
v,139.702392578125, 85.3369140625, -0.42403411865234375
v,141.924560546875, 78.6025390625, -0.42404651641845703
v,140.733154296875, 78.2763671875, -0.4241294860839844
v,138.85546875, 85.087890625, -0.42409324645996094
v,140.733154296875, 78.275390625, 2.1765646934509277
v,141.92431640625, 78.6025390625, 2.176647663116455
v,139.702392578125, 85.3369140625, 2.176659107208252
v,138.855224609375, 85.087890625, 2.176600933074951
v,138.855224609375, 85.087890625, 2.176600933074951
v,139.702392578125, 85.3369140625, 2.176659107208252
v,139.702392578125, 85.3369140625, -0.42403411865234375
v,138.85546875, 85.087890625, -0.42409324645996094
v,139.702392578125, 85.3369140625, 2.176659107208252
v,141.92431640625, 78.6025390625, 2.176647663116455
v,141.924560546875, 78.6025390625, -0.42404651641845703
v,139.702392578125, 85.3369140625, -0.42403411865234375
v,141.92431640625, 78.6025390625, 2.176647663116455
v,140.733154296875, 78.275390625, 2.1765646934509277
v,140.733154296875, 78.2763671875, -0.4241294860839844
v,141.924560546875, 78.6025390625, -0.42404651641845703
i,1,3,0
i,4,6,7
i,8,10,11
i,12,14,15
i,17,19,16
i,20,22,23
i,1,2,3
i,4,5,6
i,8,9,10
i,12,13,14
i,17,18,19
i,20,21,22
n,-4.341857433319092, -1.1968578100204468, -0.0007611475302837789
n,0.0002851824974641204, 0.00010242522694170475, -4.50379753112793
n,-0.00028087690589018166, -0.00010150531306862831, 4.50379753112793
n,-1.2699815034866333, 4.321034908294678, -0.00010588373697828501
n,4.276995658874512, 1.4112048149108887, 0.0
n,1.1891751289367676, -4.343967914581299, 9.91465785773471e-05
n,-4.341817855834961, -1.196999430656433, -0.00036199577152729034
n,0.0002857547951862216, 0.00010250879131490365, -4.50379753112793
n,-0.00028575994656421244, -0.00010221804404864088, 4.50379753112793
n,-1.2696824073791504, 4.321122169494629, 0.0
n,4.2769551277160645, 1.4113290309906006, 0.0003565879014786333
n,1.192116379737854, -4.343160629272461, -0.001349039375782013
u,0.054154399782419205, 1.0, 0
u,0.4876570999622345, 0.3425183892250061, 0
u,0.4876570999622345, 1.0, 0
u,0.0, 0.0, 0
u,0.0, 0.0, 0
u,0.0, 0.0, 0
u,0.001194500015117228, 0.3273543119430542, 0
u,0.45296919345855713, 0.09527669847011566, 0
u,0.4520508944988251, 0.3273543119430542, 0
u,0.054154399782419205, 1.0, 0
u,0.0, 0.3425183892250061, 0
u,0.054154399782419205, 0.3425183892250061, 0
u,0.5634381175041199, 1.0, 0
u,0.9984642863273621, 0.3425183892250061, 0
u,0.9984642863273621, 1.0, 0
u,0.5634381175041199, 1.0, 0
u,0.4876570999622345, 0.3425183892250061, 0
u,0.5634381175041199, 0.3425183892250061, 0
u,0.054154399782419205, 1.0, 0
u,0.054154399782419205, 0.3425183892250061, 0
u,0.4876570999622345, 0.3425183892250061, 0
u,0.0, 0.0, 0
u,0.0, 0.0, 0
u,0.0, 0.0, 0
u,0.001194500015117228, 0.3273543119430542, 0
u,0.0010881000198423862, 0.002553599886596203, 0
u,0.45296919345855713, 0.09527669847011566, 0
u,0.054154399782419205, 1.0, 0
u,0.0, 1.0, 0
u,0.0, 0.3425183892250061, 0
u,0.5634381175041199, 1.0, 0
u,0.5634381175041199, 0.3425183892250061, 0
u,0.9984642863273621, 0.3425183892250061, 0
u,0.5634381175041199, 1.0, 0
u,0.4876570999622345, 1.0, 0
u,0.4876570999622345, 0.3425183892250061, 0
