s,107.1884765625, 80.1005859375, -1.2210140228271484
b,111.8798828125, 87.271484375, 1.3791522979736328
v,108.202392578125, 84.27734375, 1.3790531158447266
v,108.14599609375, 84.4970703125, 1.3790569305419922
v,108.14599609375, 84.4970703125, -1.2209711074829102
v,108.202392578125, 84.27734375, -1.2209739685058594
v,107.595947265625, 86.7470703125, -1.2209362983703613
v,107.821044921875, 86.8056640625, -1.2209253311157227
v,107.80078125, 86.8828125, -1.2209243774414062
v,109.3212890625, 87.271484375, -1.2208518981933594
v,109.684814453125, 85.8505859375, -1.2208738327026367
v,110.12646484375, 85.96484375, -1.2208528518676758
v,111.8798828125, 80.845703125, -1.2208995819091797
v,110.91943359375, 80.4150390625, -1.2209506034851074
v,109.566162109375, 80.1005859375, -1.2210140228271484
v,108.46142578125, 84.345703125, -1.2209620475769043
v,108.2021484375, 84.27734375, -1.2209739685058594
v,108.145751953125, 84.4970703125, -1.2209711074829102
v,107.583251953125, 84.3505859375, -1.2209973335266113
v,107.188720703125, 85.87109375, -1.2209749221801758
v,107.7822265625, 86.025390625, -1.2209477424621582
v,107.1884765625, 85.87109375, 1.3790531158447266
v,107.5830078125, 84.3505859375, 1.3790311813354492
v,108.145751953125, 84.4970703125, 1.3790569305419922
v,108.2021484375, 84.27734375, 1.3790531158447266
v,109.26318359375, 84.552734375, 1.3791046142578125
v,109.20654296875, 84.7724609375, 1.3791065216064453
v,109.701904296875, 84.900390625, 1.3791303634643555
v,109.306884765625, 86.419921875, 1.3791522979736328
v,108.8779296875, 86.30859375, 1.3791322708129883
v,108.69140625, 87.03125, 1.3791437149047852
v,107.595703125, 86.7470703125, 1.3790912628173828
v,107.7822265625, 86.0244140625, 1.3790807723999023
v,109.6845703125, 85.8505859375, 1.2026357650756836
v,109.3212890625, 87.271484375, 1.2026586532592773
v,107.80078125, 86.8828125, 1.2025861740112305
v,107.82080078125, 86.8056640625, 1.2025842666625977
v,108.69140625, 87.03125, 1.2026262283325195
v,108.8779296875, 86.30859375, 1.2026147842407227
v,109.306884765625, 86.4208984375, 1.2026357650756836
v,109.701904296875, 84.900390625, 1.2026138305664062
v,109.20654296875, 84.7724609375, 1.202589988708496
v,109.26318359375, 84.552734375, 1.2025861740112305
v,108.46142578125, 84.3447265625, 1.2025480270385742
v,109.566162109375, 80.1005859375, 1.2024965286254883
v,110.91943359375, 80.4150390625, 1.2025604248046875
v,111.8798828125, 80.8447265625, 1.202610969543457
v,110.12646484375, 85.96484375, 1.202657699584961
v,107.7822265625, 86.0244140625, 1.3790807723999023
v,107.595703125, 86.7470703125, 1.3790912628173828
v,107.595947265625, 86.7470703125, -1.2209362983703613
v,107.7822265625, 86.025390625, -1.2209477424621582
v,108.69140625, 87.03125, 1.2026262283325195
v,107.82080078125, 86.8056640625, 1.2025842666625977
v,107.821044921875, 86.8056640625, -1.2209253311157227
v,107.595947265625, 86.7470703125, -1.2209362983703613
v,107.595703125, 86.7470703125, 1.3790912628173828
v,108.69140625, 87.03125, 1.3791437149047852
v,109.26318359375, 84.552734375, 1.3791046142578125
v,108.2021484375, 84.27734375, 1.3790531158447266
v,108.2021484375, 84.27734375, -1.2209739685058594
v,108.46142578125, 84.345703125, -1.2209620475769043
v,108.46142578125, 84.3447265625, 1.2025480270385742
v,109.26318359375, 84.552734375, 1.2025861740112305
v,108.145751953125, 84.4970703125, 1.3790569305419922
v,107.5830078125, 84.3505859375, 1.3790311813354492
v,107.583251953125, 84.3505859375, -1.2209973335266113
v,108.145751953125, 84.4970703125, -1.2209711074829102
v,107.5830078125, 84.3505859375, 1.3790311813354492
v,107.1884765625, 85.87109375, 1.3790531158447266
v,107.188720703125, 85.87109375, -1.2209749221801758
v,107.583251953125, 84.3505859375, -1.2209973335266113
v,107.1884765625, 85.87109375, 1.3790531158447266
v,107.7822265625, 86.0244140625, 1.3790807723999023
v,107.7822265625, 86.025390625, -1.2209477424621582
v,107.188720703125, 85.87109375, -1.2209749221801758
v,108.8779296875, 86.30859375, 1.2026147842407227
v,108.69140625, 87.03125, 1.2026262283325195
v,108.69140625, 87.03125, 1.3791437149047852
v,108.8779296875, 86.30859375, 1.3791322708129883
v,109.306884765625, 86.4208984375, 1.2026357650756836
v,108.8779296875, 86.30859375, 1.2026147842407227
v,108.8779296875, 86.30859375, 1.3791322708129883
v,109.306884765625, 86.419921875, 1.3791522979736328
v,109.701904296875, 84.900390625, 1.2026138305664062
v,109.306884765625, 86.4208984375, 1.2026357650756836
v,109.306884765625, 86.419921875, 1.3791522979736328
v,109.701904296875, 84.900390625, 1.3791303634643555
v,109.20654296875, 84.7724609375, 1.202589988708496
v,109.701904296875, 84.900390625, 1.2026138305664062
v,109.701904296875, 84.900390625, 1.3791303634643555
v,109.20654296875, 84.7724609375, 1.3791065216064453
v,109.26318359375, 84.552734375, 1.2025861740112305
v,109.20654296875, 84.7724609375, 1.202589988708496
v,109.20654296875, 84.7724609375, 1.3791065216064453
v,109.26318359375, 84.552734375, 1.3791046142578125
v,109.6845703125, 85.8505859375, 1.2026357650756836
v,110.12646484375, 85.96484375, 1.202657699584961
v,110.12646484375, 85.96484375, -1.2208528518676758
v,109.684814453125, 85.8505859375, -1.2208738327026367
v,110.12646484375, 85.96484375, 1.202657699584961
v,111.8798828125, 80.8447265625, 1.202610969543457
v,111.8798828125, 80.845703125, -1.2208995819091797
v,110.12646484375, 85.96484375, -1.2208528518676758
v,111.8798828125, 80.8447265625, 1.202610969543457
v,110.91943359375, 80.4150390625, 1.2025604248046875
v,110.91943359375, 80.4150390625, -1.2209506034851074
v,111.8798828125, 80.845703125, -1.2208995819091797
v,110.91943359375, 80.4150390625, 1.2025604248046875
v,109.566162109375, 80.1005859375, 1.2024965286254883
v,109.566162109375, 80.1005859375, -1.2210140228271484
v,110.91943359375, 80.4150390625, -1.2209506034851074
v,107.821044921875, 86.8056640625, -1.2209253311157227
v,107.82080078125, 86.8056640625, 1.2025842666625977
v,107.80078125, 86.8828125, 1.2025861740112305
v,107.80078125, 86.8828125, -1.2209243774414062
v,108.46142578125, 84.3447265625, 1.2025480270385742
v,108.46142578125, 84.345703125, -1.2209620475769043
v,109.566162109375, 80.1005859375, -1.2210140228271484
v,109.566162109375, 80.1005859375, 1.2024965286254883
v,107.80078125, 86.8828125, -1.2209243774414062
v,107.80078125, 86.8828125, 1.2025861740112305
v,109.3212890625, 87.271484375, 1.2026586532592773
v,109.3212890625, 87.271484375, -1.2208518981933594
v,109.3212890625, 87.271484375, -1.2208518981933594
v,109.3212890625, 87.271484375, 1.2026586532592773
v,109.6845703125, 85.8505859375, 1.2026357650756836
v,109.684814453125, 85.8505859375, -1.2208738327026367
i,0,2,3
i,13,15,8
i,24,27,30
i,40,42,43
i,47,49,46
i,51,53,54
i,58,59,60
i,63,65,62
i,66,68,69
i,70,72,73
i,75,77,74
i,78,80,81
i,82,84,85
i,87,89,86
i,91,93,90
i,95,97,94
i,98,100,101
i,102,104,105
i,107,109,106
i,111,113,110
i,114,116,117
i,119,121,118
i,122,124,125
i,0,1,2
i,18,4,5
i,5,6,7
i,8,9,13
i,9,10,13
i,5,7,8
i,16,17,15
i,17,18,15
i,18,5,8
i,10,11,13
i,11,12,13
i,13,14,15
i,18,8,15
i,30,19,21
i,19,20,21
i,21,22,23
i,28,29,27
i,29,30,27
i,25,26,27
i,30,21,24
i,21,23,24
i,24,25,27
i,32,33,35
i,33,34,35
i,35,36,37
i,44,45,38
i,45,31,38
i,32,35,37
i,38,39,40
i,32,37,31
i,37,38,31
i,43,44,40
i,40,41,42
i,44,38,40
i,47,48,49
i,55,50,51
i,51,52,53
i,54,55,51
i,61,56,60
i,56,57,60
i,57,58,60
i,63,64,65
i,66,67,68
i,70,71,72
i,75,76,77
i,78,79,80
i,82,83,84
i,87,88,89
i,91,92,93
i,95,96,97
i,98,99,100
i,102,103,104
i,107,108,109
i,111,112,113
i,114,115,116
i,119,120,121
i,122,123,124
n,-4.362133502960205, -1.1207060813903809, 0.0
n,0.00018669464043341577, 0.0001118640648201108, -4.50379753112793
n,-0.00018286416889168322, -0.00011354796879459172, 4.50379753112793
n,-0.00018732335593085736, -0.0001035721943480894, 4.50379753112793
n,-4.360884189605713, -1.1255583763122559, -0.0007391449180431664
n,-1.1417102813720703, 4.356683254241943, -9.521363244857639e-05
n,1.1368571519851685, -4.357952117919922, -0.001559619908221066
n,1.1353528499603271, -4.358344554901123, 0.0
n,-4.359348773956299, -1.13149094581604, -0.0003635504690464586
n,-1.1334868669509888, 4.358830451965332, -9.452782978769392e-05
n,4.360884189605713, 1.1255583763122559, 0.0
n,-1.1285879611968994, 4.360048770904541, 0.02142324484884739
n,4.358888626098633, 1.1332614421844482, 0.0
n,1.1295543909072876, -4.359850883483887, 0.0
n,4.360049247741699, 1.1287875175476074, 0.0
n,-1.1295403242111206, 4.359854698181152, -0.00010105970432050526
n,4.260801315307617, 1.4593713283538818, 0.0
n,1.841212511062622, -4.110246658325195, -0.0014709711540490389
n,1.0205740928649902, -4.386641025543213, 0.0
n,-4.357562065124512, -1.1383519172668457, -0.00038987011066637933
n,-4.3585357666015625, -1.134617805480957, 0.0
n,-1.1150091886520386, 4.363593578338623, 0.0
n,4.363470077514648, 1.1154934167861938, 0.0003903986653313041
n,-4.362133502960205, -1.12070631980896, 0.0
n,0.00018091005040332675, 0.00011811526928795502, -4.50379753112793
n,0.00018330926832277328, 0.00012201460776850581, -4.50379753112793
n,0.00018698247731663287, 0.00011163005547132343, -4.50379753112793
n,0.00019152536697220057, 0.00010695879609556869, -4.50379753112793
n,0.00018485705368220806, 0.00011702827032422647, -4.50379753112793
n,0.00018069804355036467, 0.00011338902550050989, -4.50379753112793
n,0.00017954992654267699, 0.0001125891794799827, -4.50379753112793
n,0.00018530305533204228, 0.00011789805284934118, -4.50379753112793
n,0.0001907566183945164, 0.00010620790271786973, -4.50379753112793
n,0.00018722418462857604, 0.00010399847815278918, -4.50379753112793
n,0.00018501955491956323, 0.0001083798852050677, -4.50379753112793
n,0.0001849320251494646, 0.00011386902770027518, -4.50379753112793
n,-0.0001827094965847209, -0.00011343081860104576, 4.50379753112793
n,-0.00018093893595505506, -0.00011219705629628152, 4.50379753112793
n,-0.00018533460388425738, -0.00011715300206560642, 4.50379753112793
n,-0.00018230706336908042, -0.00011569404159672558, 4.50379753112793
n,-0.00018230706336908042, -0.00011569404159672558, 4.50379753112793
n,-0.00018417404498904943, -0.0001131538228946738, 4.50379753112793
n,-0.00018277486378792673, -0.00011344637459842488, 4.50379753112793
n,-0.00018616917077451944, -0.00010035098966909572, 4.50379753112793
n,-0.0001859899057308212, -0.00011421606177464128, 4.50379753112793
n,-0.000178883463377133, -0.0001345260679954663, 4.50379753112793
n,-0.00017720104369800538, -0.00014463037950918078, 4.50379753112793
n,-0.00018322101095691323, -0.00011592993541853502, 4.50379753112793
n,-0.00019613979384303093, -0.00010814835695782676, 4.50379753112793
n,-0.00018683058442547917, -0.00011186218034708872, 4.50379753112793
n,-0.00018521278980188072, -0.00011793727026088163, 4.50379753112793
n,-0.0001851467095548287, -0.00011747062671929598, 4.50379753112793
n,-0.00018821524281520396, -0.0001178867751150392, 4.50379753112793
n,-0.00017889360606204718, -0.00011171721416758373, 4.50379753112793
n,-0.00019131627050228417, -0.0001051706203725189, 4.50379753112793
n,-0.00018719900981523097, -0.00010356374696129933, 4.50379753112793
n,-0.0001936137123266235, -0.00010679186380002648, 4.50379753112793
n,-4.360556602478027, -1.1268266439437866, -0.00036365128471516073
n,-1.1290770769119263, 4.359974384307861, 0.0
n,-1.141640543937683, 4.356701374053955, -0.00010214232315775007
n,-1.131654977798462, 4.359284400939941, 0.01359587348997593
n,1.1316735744476318, -4.3593010902404785, 0.0
n,1.1295993328094482, -4.359827518463135, 0.010041330941021442
n,1.1231939792633057, -4.3614935874938965, 0.0
n,1.1357629299163818, -4.3582377433776855, 9.471761586610228e-05
n,-4.359348773956299, -1.13149094581604, -0.0003635505272541195
n,-1.1275192499160767, 4.360377311706543, 0.0013605148997157812
n,4.360884189605713, 1.1255583763122559, 0.0
n,-1.1368571519851685, 4.357952117919922, 0.0
n,4.359043121337891, 1.1326547861099243, 0.005565337371081114
n,1.1295543909072876, -4.359850883483887, 0.0
n,4.360049724578857, 1.1287875175476074, 0.0
n,-1.130059838294983, 4.359719753265381, 0.0
n,4.2608771324157715, 1.4591501951217651, 0.0005221992614679039
n,1.8381191492080688, -4.111631393432617, 0.0
n,1.0205740928649902, -4.386641025543213, 0.0
n,-4.360542297363281, -1.126881718635559, 0.0
n,-4.3585920333862305, -1.134400725364685, -0.0004059782950207591
n,-1.1151583194732666, 4.363554954528809, -9.977296576835215e-05
n,4.363470077514648, 1.1154935359954834, 0.0003903986653313041
u,0.4955911934375763, 0.053459201008081436, 0
u,0.5094231963157654, 0.5398362874984741, 0
u,0.4955911934375763, 0.5398362874984741, 0
u,0.0, 0.0, 0
u,0.0, 0.0, 0
u,0.0, 0.0, 0
u,0.27979931235313416, 0.23476049304008484, 0
u,0.3731744885444641, 0.2004947066307068, 0
u,0.37834590673446655, 0.4071075916290283, 0
u,0.26628831028938293, 0.23795300722122192, 0
u,0.008459599688649178, 0.4495407044887543, 0
u,0.0, 0.1965281069278717, 0
u,0.7241188883781433, 0.053459201008081436, 0
u,0.6784986853599548, 0.5398362874984741, 0
u,0.6784986853599548, 0.053459201008081436, 0
u,0.7383363842964172, 0.08647970110177994, 0
u,0.7241188883781433, 0.5398362874984741, 0
u,0.7241188883781433, 0.053459201008081436, 0
u,0.4955911934375763, 0.5398362874984741, 0
u,0.4792183041572571, 0.5398362874984741, 0
u,0.4792183041572571, 0.08647970110177994, 0
u,0.5449597835540771, 0.053459201008081436, 0
u,0.5094231963157654, 0.5398362874984741, 0
u,0.5094231963157654, 0.053459201008081436, 0
u,0.5449597835540771, 0.053459201008081436, 0
u,0.6409968137741089, 0.5398362874984741, 0
u,0.5449597835540771, 0.5398362874984741, 0
u,0.6409968137741089, 0.053459201008081436, 0
u,0.6784986853599548, 0.5398362874984741, 0
u,0.6409968137741089, 0.5398362874984741, 0
u,0.7944502234458923, 0.544025182723999, 0
u,0.8380423784255981, 0.5124725103378296, 0
u,0.8380423784255981, 0.544025182723999, 0
u,0.8639382719993591, 0.544025182723999, 0
u,0.8380423784255981, 0.5124725103378296, 0
u,0.8639382719993591, 0.5124725103378296, 0
u,0.9557123780250549, 0.544025182723999, 0
u,0.8639382719993591, 0.5124725103378296, 0
u,0.9557123780250549, 0.5124725103378296, 0
u,0.9557123780250549, 0.544025182723999, 0
u,0.9856166839599609, 0.5124725103378296, 0
u,0.9856166839599609, 0.544025182723999, 0
u,0.9856166839599609, 0.544025182723999, 0
u,0.9988501071929932, 0.5124725103378296, 0
u,0.9988501071929932, 0.544025182723999, 0
u,0.2168595939874649, 0.5500000715255737, 0
u,0.18915919959545135, 1.0, 0
u,0.18915919959545135, 0.5500000715255737, 0
u,0.2168595939874649, 0.5500000715255737, 0
u,0.5452588200569153, 1.0, 0
u,0.2168595939874649, 1.0, 0
u,0.5452588200569153, 0.5500000715255737, 0
u,0.6091175079345703, 1.0, 0
u,0.5452588200569153, 1.0, 0
u,0.6934366226196289, 0.5500000715255737, 0
u,0.6091175079345703, 1.0, 0
u,0.6091175079345703, 0.5500000715255737, 0
u,0.0, 0.5500000715255737, 0
u,0.00483600003644824, 1.0, 0
u,0.0, 1.0, 0
u,0.9595850706100464, 0.5500000715255737, 0
u,0.6934366226196289, 1.0, 0
u,0.6934366226196289, 0.5500000715255737, 0
u,0.00483600003644824, 0.5500000715255737, 0
u,0.10009069740772247, 1.0, 0
u,0.00483600003644824, 1.0, 0
u,0.10009069740772247, 1.0, 0
u,0.18915919959545135, 0.5500000715255737, 0
u,0.18915919959545135, 1.0, 0
u,0.4955911934375763, 0.053459201008081436, 0
u,0.5094231963157654, 0.053459201008081436, 0
u,0.5094231963157654, 0.5398362874984741, 0
u,0.0, 0.0, 0
u,0.0, 0.0, 0
u,0.0, 0.0, 0
u,0.0, 0.0, 0
u,0.0, 0.0, 0
u,0.0, 0.0, 0
u,0.0, 0.0, 0
u,0.0, 0.0, 0
u,0.0, 0.0, 0
u,0.0, 0.0, 0
u,0.0, 0.0, 0
u,0.0, 0.0, 0
u,0.0, 0.0, 0
u,0.0, 0.0, 0
u,0.0, 0.0, 0
u,0.0, 0.0, 0
u,0.0, 0.0, 0
u,0.0, 0.0, 0
u,0.0, 0.0, 0
u,0.0, 0.0, 0
u,0.0, 0.0, 0
u,0.0, 0.0, 0
u,0.0, 0.0, 0
u,0.0, 0.0, 0
u,0.0, 0.0, 0
u,0.0, 0.0, 0
u,0.0, 0.0, 0
u,0.0, 0.0, 0
u,0.0, 0.0, 0
u,0.0, 0.0, 0
u,0.0, 0.0, 0
u,0.0, 0.0, 0
u,0.0, 0.0, 0
u,0.0, 0.0, 0
u,0.0, 0.0, 0
u,0.0, 0.0, 0
u,0.37834590673446655, 0.4071075916290283, 0
u,0.38115400075912476, 0.5190585255622864, 0
u,0.28480809926986694, 0.4347923994064331, 0
u,0.38115400075912476, 0.5190585255622864, 0
u,0.28745219111442566, 0.5408806204795837, 0
u,0.28480809926986694, 0.4347923994064331, 0
u,0.28480809926986694, 0.4347923994064331, 0
u,0.2713145911693573, 0.438018798828125, 0
u,0.26628831028938293, 0.23795300722122192, 0
u,0.41768088936805725, 0.18995119631290436, 0
u,0.42285239696502686, 0.3965640962123871, 0
u,0.3731744885444641, 0.2004947066307068, 0
u,0.42285239696502686, 0.3965640962123871, 0
u,0.37834590673446655, 0.4071075916290283, 0
u,0.3731744885444641, 0.2004947066307068, 0
u,0.277464896440506, 0.14133469760417938, 0
u,0.37117481231689453, 0.11958739906549454, 0
u,0.3731744885444641, 0.2004947066307068, 0
u,0.37834590673446655, 0.4071075916290283, 0
u,0.28480809926986694, 0.4347923994064331, 0
u,0.27979931235313416, 0.23476049304008484, 0
u,0.28480809926986694, 0.4347923994064331, 0
u,0.26628831028938293, 0.23795300722122192, 0
u,0.27979931235313416, 0.23476049304008484, 0
u,0.27979931235313416, 0.23476049304008484, 0
u,0.277464896440506, 0.14133469760417938, 0
u,0.3731744885444641, 0.2004947066307068, 0
u,0.41908079385757446, 0.06661459803581238, 0
u,0.4265438914299011, 0.35302409529685974, 0
u,0.41768088936805725, 0.18995119631290436, 0
u,0.4265438914299011, 0.35302409529685974, 0
u,0.42179009318351746, 0.354121595621109, 0
u,0.41768088936805725, 0.18995119631290436, 0
u,0.41768088936805725, 0.18995119631290436, 0
u,0.3731744885444641, 0.2004947066307068, 0
u,0.37117481231689453, 0.11958739906549454, 0
u,0.005730899982154369, 0.004709600005298853, 0
u,0.3294684886932373, 0.004709600005298853, 0
u,0.277464896440506, 0.14133469760417938, 0
u,0.3294684886932373, 0.004709600005298853, 0
u,0.3315556049346924, 0.08801860362291336, 0
u,0.277464896440506, 0.14133469760417938, 0
u,0.41908079385757446, 0.06661459803581238, 0
u,0.41768088936805725, 0.18995119631290436, 0
u,0.37117481231689453, 0.11958739906549454, 0
u,0.277464896440506, 0.14133469760417938, 0
u,0.27979931235313416, 0.23476049304008484, 0
u,0.26628831028938293, 0.23795300722122192, 0
u,0.41908079385757446, 0.06661459803581238, 0
u,0.37117481231689453, 0.11958739906549454, 0
u,0.3315556049346924, 0.08801860362291336, 0
u,0.37117481231689453, 0.11958739906549454, 0
u,0.277464896440506, 0.14133469760417938, 0
u,0.3315556049346924, 0.08801860362291336, 0
u,0.0, 0.1965281069278717, 0
u,0.005730899982154369, 0.004709600005298853, 0
u,0.26628831028938293, 0.23795300722122192, 0
u,0.26628831028938293, 0.23795300722122192, 0
u,0.2700865864753723, 0.3891429007053375, 0
u,0.008459599688649178, 0.4495407044887543, 0
u,0.005730899982154369, 0.004709600005298853, 0
u,0.277464896440506, 0.14133469760417938, 0
u,0.26628831028938293, 0.23795300722122192, 0
u,0.7241188883781433, 0.053459201008081436, 0
u,0.7241188883781433, 0.5398362874984741, 0
u,0.6784986853599548, 0.5398362874984741, 0
u,0.7933303713798523, 0.053459201008081436, 0
u,0.7933303713798523, 0.08647970110177994, 0
u,0.7383363842964172, 0.08647970110177994, 0
u,0.7383363842964172, 0.08647970110177994, 0
u,0.7383363842964172, 0.5398362874984741, 0
u,0.7241188883781433, 0.5398362874984741, 0
u,0.7241188883781433, 0.053459201008081436, 0
u,0.7933303713798523, 0.053459201008081436, 0
u,0.7383363842964172, 0.08647970110177994, 0
u,0.4285714030265808, 0.08647970110177994, 0
u,0.4285714030265808, 0.053459201008081436, 0
u,0.4792183041572571, 0.08647970110177994, 0
u,0.4285714030265808, 0.053459201008081436, 0
u,0.4955911934375763, 0.053459201008081436, 0
u,0.4792183041572571, 0.08647970110177994, 0
u,0.4955911934375763, 0.053459201008081436, 0
u,0.4955911934375763, 0.5398362874984741, 0
u,0.4792183041572571, 0.08647970110177994, 0
u,0.5449597835540771, 0.053459201008081436, 0
u,0.5449597835540771, 0.5398362874984741, 0
u,0.5094231963157654, 0.5398362874984741, 0
u,0.5449597835540771, 0.053459201008081436, 0
u,0.6409968137741089, 0.053459201008081436, 0
u,0.6409968137741089, 0.5398362874984741, 0
u,0.6409968137741089, 0.053459201008081436, 0
u,0.6784986853599548, 0.053459201008081436, 0
u,0.6784986853599548, 0.5398362874984741, 0
u,0.7944502234458923, 0.544025182723999, 0
u,0.7944502234458923, 0.5124725103378296, 0
u,0.8380423784255981, 0.5124725103378296, 0
u,0.8639382719993591, 0.544025182723999, 0
u,0.8380423784255981, 0.544025182723999, 0
u,0.8380423784255981, 0.5124725103378296, 0
u,0.9557123780250549, 0.544025182723999, 0
u,0.8639382719993591, 0.544025182723999, 0
u,0.8639382719993591, 0.5124725103378296, 0
u,0.9557123780250549, 0.544025182723999, 0
u,0.9557123780250549, 0.5124725103378296, 0
u,0.9856166839599609, 0.5124725103378296, 0
u,0.9856166839599609, 0.544025182723999, 0
u,0.9856166839599609, 0.5124725103378296, 0
u,0.9988501071929932, 0.5124725103378296, 0
u,0.2168595939874649, 0.5500000715255737, 0
u,0.2168595939874649, 1.0, 0
u,0.18915919959545135, 1.0, 0
u,0.2168595939874649, 0.5500000715255737, 0
u,0.5452588200569153, 0.5500000715255737, 0
u,0.5452588200569153, 1.0, 0
u,0.5452588200569153, 0.5500000715255737, 0
u,0.6091175079345703, 0.5500000715255737, 0
u,0.6091175079345703, 1.0, 0
u,0.6934366226196289, 0.5500000715255737, 0
u,0.6934366226196289, 1.0, 0
u,0.6091175079345703, 1.0, 0
u,0.0, 0.5500000715255737, 0
u,0.00483600003644824, 0.5500000715255737, 0
u,0.00483600003644824, 1.0, 0
u,0.9595850706100464, 0.5500000715255737, 0
u,0.9595850706100464, 1.0, 0
u,0.6934366226196289, 1.0, 0
u,0.00483600003644824, 0.5500000715255737, 0
u,0.10009069740772247, 0.5500000715255737, 0
u,0.10009069740772247, 1.0, 0
u,0.10009069740772247, 1.0, 0
u,0.10009069740772247, 0.5500000715255737, 0
u,0.18915919959545135, 0.5500000715255737, 0
