s,104.6025390625, 33.892578125, -1.6376638412475586
b,110.145263671875, 41.771484375, 9.158750534057617
v,107.584716796875, 41.125, 4.619170665740967
v,107.584716796875, 41.125, 5.903642177581787
v,107.743896484375, 40.93359375, 5.903649806976318
v,107.744140625, 40.93359375, 4.7968058586120605
v,107.711669921875, 40.97265625, 4.796804904937744
v,107.711669921875, 40.97265625, 4.619176387786865
v,108.33447265625, 33.994140625, -1.6374566555023193
v,108.330078125, 33.9873046875, -1.6374571323394775
v,108.320556640625, 33.9931640625, -1.6374576091766357
v,107.102783203125, 33.892578125, -1.637505292892456
v,105.312744140625, 38.86328125, -1.637622594833374
v,105.29638671875, 38.857421875, -1.6376230716705322
v,105.14990234375, 39.2509765625, -1.637631893157959
v,105.170654296875, 39.2587890625, -1.6376311779022217
v,104.602783203125, 40.8349609375, -1.6376638412475586
v,107.14111328125, 41.7705078125, -1.6375706195831299
v,107.599853515625, 41.6474609375, -1.6375515460968018
v,110.145263671875, 34.1435546875, -1.6373834609985352
v,108.038818359375, 34.251953125, 9.158750534057617
v,107.173583984375, 34.71484375, 9.153661727905273
v,108.010009765625, 34.205078125, 9.158750534057617
v,107.21630859375, 34.75390625, 9.153661727905273
v,107.173583984375, 34.71484375, 9.153661727905273
v,108.038818359375, 34.251953125, 9.158750534057617
v,107.173583984375, 34.71484375, 9.153661727905273
v,107.21630859375, 34.75390625, 9.153661727905273
v,106.280029296875, 36.705078125, 5.281795978546143
v,107.173583984375, 34.71484375, 9.153661727905273
v,106.280029296875, 36.705078125, 5.281795978546143
v,106.22998046875, 36.681640625, 5.281793117523193
v,106.847900390625, 34.8828125, 8.840076446533203
v,108.32958984375, 33.9873046875, 8.840145111083984
v,108.3583984375, 34.0341796875, 8.840145111083984
v,108.028076171875, 34.234375, 8.840129852294922
v,108.010009765625, 34.205078125, 8.840129852294922
v,107.173583984375, 34.71484375, 8.840089797973633
v,107.148681640625, 34.765625, 8.840089797973633
v,106.876708984375, 34.9306640625, 8.840076446533203
v,106.106689453125, 41.271484375, 4.61911153793335
v,106.75048828125, 41.490234375, 4.61913537979126
v,107.279541015625, 39.9365234375, 4.619165897369385
v,105.736083984375, 39.4111328125, 4.619109630584717
v,105.86376953125, 39.0693359375, 4.619117259979248
v,105.41650390625, 38.90234375, 4.619101047515869
v,106.85791015625, 34.8994140625, 4.6191935539245605
v,106.876953125, 34.9306640625, 4.619194507598877
v,107.14892578125, 34.765625, 4.61920690536499
v,106.22998046875, 36.681640625, 4.619150638580322
v,106.280029296875, 36.705078125, 4.619152545928955
v,107.216552734375, 34.75390625, 4.6192097663879395
v,108.0390625, 34.251953125, 4.619248867034912
v,108.028076171875, 34.234375, 4.619247913360596
v,108.25244140625, 34.0986328125, 4.619258403778076
v,109.650634765625, 34.21484375, 4.619314670562744
v,108.921875, 36.220703125, 4.619264125823975
v,108.68408203125, 36.134765625, 4.619255542755127
v,107.461181640625, 39.50390625, 4.619176387786865
v,107.69873046875, 39.58984375, 4.619185924530029
v,107.3828125, 40.4609375, 4.619166851043701
v,107.339111328125, 40.453125, 4.619165897369385
v,107.124267578125, 40.5771484375, 4.619156360626221
v,107.039794921875, 40.810546875, 4.619150638580322
v,107.125, 41.0439453125, 4.619152545928955
v,107.34033203125, 41.16796875, 4.619160175323486
v,107.58447265625, 41.125, 4.619170665740967
v,107.71142578125, 40.97265625, 4.619176387786865
v,107.513671875, 41.5556640625, 4.619165897369385
v,107.146484375, 41.654296875, 4.619150638580322
v,108.158203125, 34.0908203125, 4.6192545890808105
v,106.868408203125, 34.8701171875, 4.619194507598877
v,107.17822265625, 34.009765625, 4.619216442108154
v,107.3828125, 40.4609375, 4.619166851043701
v,107.69873046875, 39.58984375, 4.619185924530029
v,108.921875, 36.220703125, 4.619264125823975
v,109.650634765625, 34.21484375, 4.619314670562744
v,109.956787109375, 34.240234375, 4.619327068328857
v,108.74365234375, 37.5888671875, 4.61924409866333
v,108.56982421875, 37.525390625, 4.619237422943115
v,107.748046875, 39.7939453125, 4.619185924530029
v,107.922119140625, 39.8564453125, 4.619192600250244
v,107.658447265625, 40.5849609375, 4.619177341461182
v,107.583740234375, 40.49609375, 4.619174480438232
v,107.658447265625, 40.5849609375, 4.619177341461182
v,107.922119140625, 39.8564453125, 4.619192600250244
v,108.74365234375, 37.5888671875, 4.61924409866333
v,109.956787109375, 34.240234375, 4.619327068328857
v,109.994384765625, 34.2421875, 4.61932897567749
v,107.74365234375, 40.8779296875, 4.6191792488098145
v,107.743408203125, 40.685546875, 4.619180202484131
v,106.85791015625, 34.8994140625, 4.7968220710754395
v,105.41650390625, 38.90234375, 4.796728610992432
v,105.3125, 38.86328125, 4.796724796295166
v,107.1025390625, 33.892578125, 4.796842098236084
v,108.3203125, 33.9931640625, 4.796890735626221
v,108.158203125, 34.0908203125, 4.7968831062316895
v,107.17822265625, 34.009765625, 4.796844005584717
v,106.868408203125, 34.8701171875, 4.7968220710754395
v,106.84814453125, 34.8828125, 4.796821117401123
v,107.599609375, 41.6474609375, 4.7967963218688965
v,107.140869140625, 41.771484375, 4.796777248382568
v,104.6025390625, 40.8349609375, 4.7966837882995605
v,105.17041015625, 39.2587890625, 4.796716213226318
v,105.2744140625, 39.296875, 4.796720027923584
v,104.78466796875, 40.65625, 4.796691417694092
v,104.732177734375, 40.6396484375, 4.796689510345459
v,104.683837890625, 40.787109375, 4.796687602996826
v,105.0712890625, 40.9140625, 4.796700954437256
v,105.070068359375, 40.91796875, 4.796700954437256
v,106.106689453125, 41.271484375, 4.796739101409912
v,107.146484375, 41.654296875, 4.796778202056885
v,107.513671875, 41.5556640625, 4.796793460845947
v,107.71142578125, 40.97265625, 4.796804904937744
v,107.743896484375, 40.93359375, 4.7968058586120605
v,107.74365234375, 40.8779296875, 4.796806812286377
v,109.994384765625, 34.2421875, 4.796956539154053
v,108.25244140625, 34.0986328125, 4.796885967254639
v,108.358642578125, 34.0341796875, 4.796891689300537
v,108.334228515625, 33.994140625, 4.796890735626221
v,110.14501953125, 34.1435546875, 4.796964168548584
v,105.2744140625, 39.296875, 4.6190924644470215
v,105.5830078125, 39.412109375, 4.619103908538818
v,105.121337890625, 40.767578125, 4.619076251983643
v,104.78466796875, 40.65625, 4.619063854217529
v,105.0712890625, 40.9150390625, 7.324568271636963
v,104.683837890625, 40.787109375, 7.324553966522217
v,104.732177734375, 40.6396484375, 7.324556827545166
v,105.121337890625, 40.767578125, 7.324570178985596
v,105.716796875, 39.4619140625, 7.772002696990967
v,105.1494140625, 39.2509765625, 7.771982669830322
v,105.296142578125, 38.857421875, 7.77199125289917
v,105.863525390625, 39.0693359375, 7.7720112800598145
v,108.921875, 36.220703125, 5.637293338775635
v,107.69873046875, 39.58984375, 5.6372151374816895
v,107.461181640625, 39.50390625, 5.637206554412842
v,108.68408203125, 36.134765625, 5.637284755706787
v,108.74365234375, 37.5888671875, 5.640604496002197
v,107.922119140625, 39.8564453125, 5.640552997589111
v,107.748046875, 39.7939453125, 5.6405463218688965
v,108.56982421875, 37.525390625, 5.640597820281982
v,107.125, 41.0439453125, 5.903624057769775
v,107.039794921875, 40.810546875, 5.903622150421143
v,107.124267578125, 40.5771484375, 5.903627872467041
v,107.339111328125, 40.453125, 5.903637409210205
v,107.583740234375, 40.49609375, 5.903645992279053
v,107.743408203125, 40.685546875, 5.903651714324951
v,107.74365234375, 40.93359375, 5.903649806976318
v,107.58447265625, 41.125, 5.903642177581787
v,107.340087890625, 41.16796875, 5.903631687164307
v,107.279541015625, 39.9365234375, 7.4834160804748535
v,106.75048828125, 41.490234375, 7.483384609222412
v,105.06982421875, 40.91796875, 7.483322620391846
v,105.582763671875, 39.412109375, 7.483352184295654
v,105.717041015625, 39.4619140625, 7.483357906341553
v,105.73583984375, 39.4111328125, 7.483358860015869
v,107.173583984375, 34.71484375, 9.153661727905273
v,106.22998046875, 36.681640625, 5.281793117523193
v,106.22998046875, 36.681640625, 4.619150638580322
v,107.14892578125, 34.765625, 4.61920690536499
v,107.148681640625, 34.765625, 8.840089797973633
v,107.173583984375, 34.71484375, 8.840089797973633
v,106.280029296875, 36.705078125, 5.281795978546143
v,106.280029296875, 36.705078125, 4.619152545928955
v,106.22998046875, 36.681640625, 4.619150638580322
v,106.22998046875, 36.681640625, 5.281793117523193
v,107.21630859375, 34.75390625, 9.153661727905273
v,107.216552734375, 34.75390625, 4.6192097663879395
v,106.280029296875, 36.705078125, 4.619152545928955
v,106.280029296875, 36.705078125, 5.281795978546143
v,108.038818359375, 34.251953125, 9.158750534057617
v,108.0390625, 34.251953125, 4.619248867034912
v,107.216552734375, 34.75390625, 4.6192097663879395
v,107.21630859375, 34.75390625, 9.153661727905273
v,108.010009765625, 34.205078125, 8.840129852294922
v,108.028076171875, 34.234375, 8.840129852294922
v,108.028076171875, 34.234375, 4.619247913360596
v,108.0390625, 34.251953125, 4.619248867034912
v,108.038818359375, 34.251953125, 9.158750534057617
v,108.010009765625, 34.205078125, 9.158750534057617
v,107.173583984375, 34.71484375, 8.840089797973633
v,108.010009765625, 34.205078125, 8.840129852294922
v,108.010009765625, 34.205078125, 9.158750534057617
v,107.173583984375, 34.71484375, 9.153661727905273
v,108.330078125, 33.9873046875, -1.6374571323394775
v,108.32958984375, 33.9873046875, 8.840145111083984
v,106.847900390625, 34.8828125, 8.840076446533203
v,106.84814453125, 34.8828125, 4.796821117401123
v,106.868408203125, 34.8701171875, 4.7968220710754395
v,106.868408203125, 34.8701171875, 4.619194507598877
v,108.158203125, 34.0908203125, 4.6192545890808105
v,108.158203125, 34.0908203125, 4.7968831062316895
v,108.3203125, 33.9931640625, 4.796890735626221
v,108.320556640625, 33.9931640625, -1.6374576091766357
v,108.33447265625, 33.994140625, -1.6374566555023193
v,108.334228515625, 33.994140625, 4.796890735626221
v,108.358642578125, 34.0341796875, 4.796891689300537
v,108.3583984375, 34.0341796875, 8.840145111083984
v,108.32958984375, 33.9873046875, 8.840145111083984
v,108.330078125, 33.9873046875, -1.6374571323394775
v,106.876708984375, 34.9306640625, 8.840076446533203
v,106.876953125, 34.9306640625, 4.619194507598877
v,106.85791015625, 34.8994140625, 4.6191935539245605
v,106.85791015625, 34.8994140625, 4.7968220710754395
v,106.84814453125, 34.8828125, 4.796821117401123
v,106.847900390625, 34.8828125, 8.840076446533203
v,108.028076171875, 34.234375, 4.619247913360596
v,108.028076171875, 34.234375, 8.840129852294922
v,108.3583984375, 34.0341796875, 8.840145111083984
v,108.358642578125, 34.0341796875, 4.796891689300537
v,108.25244140625, 34.0986328125, 4.796885967254639
v,108.25244140625, 34.0986328125, 4.619258403778076
v,107.14892578125, 34.765625, 4.61920690536499
v,106.876953125, 34.9306640625, 4.619194507598877
v,106.876708984375, 34.9306640625, 8.840076446533203
v,107.148681640625, 34.765625, 8.840089797973633
v,108.334228515625, 33.994140625, 4.796890735626221
v,108.33447265625, 33.994140625, -1.6374566555023193
v,110.145263671875, 34.1435546875, -1.6373834609985352
v,110.14501953125, 34.1435546875, 4.796964168548584
v,107.14111328125, 41.7705078125, -1.6375706195831299
v,104.602783203125, 40.8349609375, -1.6376638412475586
v,104.6025390625, 40.8349609375, 4.7966837882995605
v,107.140869140625, 41.771484375, 4.796777248382568
v,107.140869140625, 41.771484375, 4.796777248382568
v,107.599609375, 41.6474609375, 4.7967963218688965
v,107.599853515625, 41.6474609375, -1.6375515460968018
v,107.14111328125, 41.7705078125, -1.6375706195831299
v,107.599609375, 41.6474609375, 4.7967963218688965
v,110.14501953125, 34.1435546875, 4.796964168548584
v,110.145263671875, 34.1435546875, -1.6373834609985352
v,107.599853515625, 41.6474609375, -1.6375515460968018
v,108.320556640625, 33.9931640625, -1.6374576091766357
v,108.3203125, 33.9931640625, 4.796890735626221
v,107.1025390625, 33.892578125, 4.796842098236084
v,107.102783203125, 33.892578125, -1.637505292892456
v,105.170654296875, 39.2587890625, -1.6376311779022217
v,105.17041015625, 39.2587890625, 4.796716213226318
v,104.6025390625, 40.8349609375, 4.7966837882995605
v,104.602783203125, 40.8349609375, -1.6376638412475586
v,105.3125, 38.86328125, 4.796724796295166
v,105.312744140625, 38.86328125, -1.637622594833374
v,107.102783203125, 33.892578125, -1.637505292892456
v,107.1025390625, 33.892578125, 4.796842098236084
v,106.868408203125, 34.8701171875, 4.619194507598877
v,106.868408203125, 34.8701171875, 4.7968220710754395
v,107.17822265625, 34.009765625, 4.796844005584717
v,107.17822265625, 34.009765625, 4.619216442108154
v,105.41650390625, 38.90234375, 4.619101047515869
v,105.41650390625, 38.90234375, 4.796728610992432
v,106.85791015625, 34.8994140625, 4.7968220710754395
v,106.85791015625, 34.8994140625, 4.6191935539245605
v,106.106689453125, 41.271484375, 4.796739101409912
v,106.106689453125, 41.271484375, 4.61911153793335
v,107.146484375, 41.654296875, 4.619150638580322
v,107.146484375, 41.654296875, 4.796778202056885
v,107.513671875, 41.5556640625, 4.796793460845947
v,107.146484375, 41.654296875, 4.796778202056885
v,107.146484375, 41.654296875, 4.619150638580322
v,107.513671875, 41.5556640625, 4.619165897369385
v,107.71142578125, 40.97265625, 4.619176387786865
v,107.71142578125, 40.97265625, 4.796804904937744
v,107.513671875, 41.5556640625, 4.796793460845947
v,107.513671875, 41.5556640625, 4.619165897369385
v,107.74365234375, 40.8779296875, 4.796806812286377
v,107.74365234375, 40.8779296875, 4.6191792488098145
v,109.994384765625, 34.2421875, 4.61932897567749
v,109.994384765625, 34.2421875, 4.796956539154053
v,108.25244140625, 34.0986328125, 4.619258403778076
v,108.25244140625, 34.0986328125, 4.796885967254639
v,109.994384765625, 34.2421875, 4.796956539154053
v,109.994384765625, 34.2421875, 4.61932897567749
v,109.956787109375, 34.240234375, 4.619327068328857
v,109.650634765625, 34.21484375, 4.619314670562744
v,108.158203125, 34.0908203125, 4.7968831062316895
v,108.158203125, 34.0908203125, 4.6192545890808105
v,107.17822265625, 34.009765625, 4.619216442108154
v,107.17822265625, 34.009765625, 4.796844005584717
v,105.2744140625, 39.296875, 4.796720027923584
v,105.2744140625, 39.296875, 4.6190924644470215
v,104.78466796875, 40.65625, 4.619063854217529
v,104.78466796875, 40.65625, 4.796691417694092
v,105.121337890625, 40.767578125, 4.619076251983643
v,105.121337890625, 40.767578125, 7.324570178985596
v,104.732177734375, 40.6396484375, 7.324556827545166
v,104.732177734375, 40.6396484375, 4.796689510345459
v,104.78466796875, 40.65625, 4.796691417694092
v,104.78466796875, 40.65625, 4.619063854217529
v,104.683837890625, 40.787109375, 7.324553966522217
v,104.683837890625, 40.787109375, 4.796687602996826
v,104.732177734375, 40.6396484375, 4.796689510345459
v,104.732177734375, 40.6396484375, 7.324556827545166
v,105.0712890625, 40.9140625, 4.796700954437256
v,104.683837890625, 40.787109375, 4.796687602996826
v,104.683837890625, 40.787109375, 7.324553966522217
v,105.0712890625, 40.9150390625, 7.324568271636963
v,105.312744140625, 38.86328125, -1.637622594833374
v,105.3125, 38.86328125, 4.796724796295166
v,105.41650390625, 38.90234375, 4.796728610992432
v,105.41650390625, 38.90234375, 4.619101047515869
v,105.86376953125, 39.0693359375, 4.619117259979248
v,105.863525390625, 39.0693359375, 7.7720112800598145
v,105.296142578125, 38.857421875, 7.77199125289917
v,105.29638671875, 38.857421875, -1.6376230716705322
v,105.296142578125, 38.857421875, 7.77199125289917
v,105.1494140625, 39.2509765625, 7.771982669830322
v,105.14990234375, 39.2509765625, -1.637631893157959
v,105.29638671875, 38.857421875, -1.6376230716705322
v,105.1494140625, 39.2509765625, 7.771982669830322
v,105.716796875, 39.4619140625, 7.772002696990967
v,105.717041015625, 39.4619140625, 7.483357906341553
v,105.582763671875, 39.412109375, 7.483352184295654
v,105.5830078125, 39.412109375, 4.619103908538818
v,105.2744140625, 39.296875, 4.6190924644470215
v,105.2744140625, 39.296875, 4.796720027923584
v,105.17041015625, 39.2587890625, 4.796716213226318
v,105.170654296875, 39.2587890625, -1.6376311779022217
v,105.14990234375, 39.2509765625, -1.637631893157959
v,105.736083984375, 39.4111328125, 4.619109630584717
v,105.73583984375, 39.4111328125, 7.483358860015869
v,105.717041015625, 39.4619140625, 7.483357906341553
v,105.716796875, 39.4619140625, 7.772002696990967
v,105.863525390625, 39.0693359375, 7.7720112800598145
v,105.86376953125, 39.0693359375, 4.619117259979248
v,108.921875, 36.220703125, 4.619264125823975
v,108.921875, 36.220703125, 5.637293338775635
v,108.68408203125, 36.134765625, 5.637284755706787
v,108.68408203125, 36.134765625, 4.619255542755127
v,108.68408203125, 36.134765625, 4.619255542755127
v,108.68408203125, 36.134765625, 5.637284755706787
v,107.461181640625, 39.50390625, 5.637206554412842
v,107.461181640625, 39.50390625, 4.619176387786865
v,107.461181640625, 39.50390625, 4.619176387786865
v,107.461181640625, 39.50390625, 5.637206554412842
v,107.69873046875, 39.58984375, 5.6372151374816895
v,107.69873046875, 39.58984375, 4.619185924530029
v,107.69873046875, 39.58984375, 4.619185924530029
v,107.69873046875, 39.58984375, 5.6372151374816895
v,108.921875, 36.220703125, 5.637293338775635
v,108.921875, 36.220703125, 4.619264125823975
v,108.74365234375, 37.5888671875, 4.61924409866333
v,108.74365234375, 37.5888671875, 5.640604496002197
v,108.56982421875, 37.525390625, 5.640597820281982
v,108.56982421875, 37.525390625, 4.619237422943115
v,108.56982421875, 37.525390625, 4.619237422943115
v,108.56982421875, 37.525390625, 5.640597820281982
v,107.748046875, 39.7939453125, 5.6405463218688965
v,107.748046875, 39.7939453125, 4.619185924530029
v,107.748046875, 39.7939453125, 4.619185924530029
v,107.748046875, 39.7939453125, 5.6405463218688965
v,107.922119140625, 39.8564453125, 5.640552997589111
v,107.922119140625, 39.8564453125, 4.619192600250244
v,107.922119140625, 39.8564453125, 4.619192600250244
v,107.922119140625, 39.8564453125, 5.640552997589111
v,108.74365234375, 37.5888671875, 5.640604496002197
v,108.74365234375, 37.5888671875, 4.61924409866333
v,107.34033203125, 41.16796875, 4.619160175323486
v,107.340087890625, 41.16796875, 5.903631687164307
v,107.58447265625, 41.125, 5.903642177581787
v,107.58447265625, 41.125, 4.619170665740967
v,107.74365234375, 40.8779296875, 4.6191792488098145
v,107.74365234375, 40.8779296875, 4.796806812286377
v,107.743896484375, 40.93359375, 4.7968058586120605
v,107.74365234375, 40.93359375, 5.903649806976318
v,107.743408203125, 40.685546875, 5.903651714324951
v,107.743408203125, 40.685546875, 4.619180202484131
v,107.743408203125, 40.685546875, 4.619180202484131
v,107.743408203125, 40.685546875, 5.903651714324951
v,107.583740234375, 40.49609375, 5.903645992279053
v,107.583740234375, 40.49609375, 4.619174480438232
v,107.658447265625, 40.5849609375, 4.619177341461182
v,107.583740234375, 40.49609375, 4.619174480438232
v,107.583740234375, 40.49609375, 5.903645992279053
v,107.339111328125, 40.453125, 5.903637409210205
v,107.339111328125, 40.453125, 4.619165897369385
v,107.3828125, 40.4609375, 4.619166851043701
v,107.339111328125, 40.453125, 4.619165897369385
v,107.339111328125, 40.453125, 5.903637409210205
v,107.124267578125, 40.5771484375, 5.903627872467041
v,107.124267578125, 40.5771484375, 4.619156360626221
v,107.124267578125, 40.5771484375, 4.619156360626221
v,107.124267578125, 40.5771484375, 5.903627872467041
v,107.039794921875, 40.810546875, 5.903622150421143
v,107.039794921875, 40.810546875, 4.619150638580322
v,107.039794921875, 40.810546875, 4.619150638580322
v,107.039794921875, 40.810546875, 5.903622150421143
v,107.125, 41.0439453125, 5.903624057769775
v,107.125, 41.0439453125, 4.619152545928955
v,107.125, 41.0439453125, 4.619152545928955
v,107.125, 41.0439453125, 5.903624057769775
v,107.340087890625, 41.16796875, 5.903631687164307
v,107.34033203125, 41.16796875, 4.619160175323486
v,105.73583984375, 39.4111328125, 7.483358860015869
v,105.736083984375, 39.4111328125, 4.619109630584717
v,107.279541015625, 39.9365234375, 4.619165897369385
v,107.279541015625, 39.9365234375, 7.4834160804748535
v,105.5830078125, 39.412109375, 4.619103908538818
v,105.582763671875, 39.412109375, 7.483352184295654
v,105.06982421875, 40.91796875, 7.483322620391846
v,105.070068359375, 40.91796875, 4.796700954437256
v,105.0712890625, 40.9140625, 4.796700954437256
v,105.0712890625, 40.9150390625, 7.324568271636963
v,105.121337890625, 40.767578125, 7.324570178985596
v,105.121337890625, 40.767578125, 4.619076251983643
v,106.75048828125, 41.490234375, 4.61913537979126
v,106.106689453125, 41.271484375, 4.61911153793335
v,106.106689453125, 41.271484375, 4.796739101409912
v,105.070068359375, 40.91796875, 4.796700954437256
v,105.06982421875, 40.91796875, 7.483322620391846
v,106.75048828125, 41.490234375, 7.483384609222412
v,107.279541015625, 39.9365234375, 4.619165897369385
v,106.75048828125, 41.490234375, 4.61913537979126
v,106.75048828125, 41.490234375, 7.483384609222412
v,107.279541015625, 39.9365234375, 7.4834160804748535
i,2,3,4
i,10,13,16
i,18,19,20
i,21,22,23
i,24,25,26
i,27,28,29
i,35,36,30
i,56,57,40
i,68,69,70
i,77,78,72
i,86,87,84
i,92,94,95
i,98,99,110
i,120,122,119
i,123,125,126
i,127,129,130
i,132,134,131
i,135,137,138
i,145,146,147
i,150,151,152
i,158,159,154
i,161,163,160
i,165,167,164
i,169,171,168
i,173,175,176
i,179,181,178
i,189,190,183
i,193,195,196
i,201,202,203
i,206,207,208
i,210,212,213
i,214,216,217
i,218,220,221
i,223,225,222
i,226,228,229
i,230,232,233
i,235,237,234
i,238,240,241
i,243,245,242
i,247,249,246
i,250,252,253
i,255,257,254
i,258,260,261
i,262,264,265
i,271,268,270
i,273,275,272
i,277,279,276
i,282,283,284
i,286,288,289
i,290,292,293
i,296,299,300
i,303,305,302
i,313,306,309
i,317,319,320
i,322,324,325
i,326,328,329
i,331,333,330
i,335,337,334
i,338,340,341
i,342,344,345
i,347,349,346
i,351,353,350
i,354,356,357
i,362,363,359
i,366,367,368
i,371,372,373
i,374,376,377
i,378,380,381
i,383,385,382
i,386,388,389
i,390,392,393
i,395,396,400
i,404,406,407
i,408,410,411
i,5,0,4
i,0,1,4
i,1,2,4
i,6,7,8
i,8,9,10
i,10,11,12
i,13,14,15
i,10,12,13
i,6,8,10
i,16,17,10
i,17,6,10
i,13,15,16
i,31,32,34
i,32,33,34
i,36,37,30
i,31,34,30
i,34,35,30
i,67,38,39
i,40,41,42
i,66,67,63
i,67,39,62
i,63,67,62
i,64,65,66
i,63,64,66
i,45,46,47
i,48,49,55
i,49,50,55
i,44,45,47
i,43,44,47
i,42,43,48
i,43,47,48
i,40,42,56
i,42,48,56
i,50,51,52
i,56,48,55
i,50,52,55
i,61,62,39
i,60,61,40
i,61,39,40
i,57,58,40
i,58,59,40
i,59,60,40
i,52,53,55
i,53,54,55
i,81,71,78
i,71,72,78
i,72,73,77
i,73,74,75
i,77,73,76
i,75,76,73
i,80,81,79
i,78,79,81
i,88,82,83
i,84,85,86
i,88,83,87
i,83,84,87
i,97,89,91
i,89,90,91
i,91,92,97
i,92,93,94
i,95,96,92
i,96,97,92
i,100,101,104
i,101,102,104
i,102,103,104
i,105,106,107
i,105,107,100
i,107,108,100
i,100,104,105
i,116,117,114
i,117,118,114
i,114,115,116
i,112,113,118
i,113,114,118
i,110,111,98
i,111,112,98
i,108,109,99
i,100,108,99
i,99,109,110
i,112,118,98
i,120,121,122
i,123,124,125
i,127,128,129
i,132,133,134
i,135,136,137
i,147,139,145
i,139,140,145
i,140,141,143
i,141,142,143
i,143,144,145
i,140,143,145
i,153,148,152
i,148,149,152
i,149,150,152
i,154,155,158
i,155,156,157
i,158,155,157
i,161,162,163
i,165,166,167
i,169,170,171
i,177,172,173
i,173,174,175
i,176,177,173
i,179,180,181
i,191,182,190
i,182,183,190
i,183,184,189
i,184,185,186
i,186,187,188
i,184,186,189
i,186,188,189
i,197,192,193
i,193,194,195
i,196,197,193
i,203,198,201
i,198,199,201
i,199,200,201
i,209,204,208
i,204,205,208
i,205,206,208
i,210,211,212
i,214,215,216
i,218,219,220
i,223,224,225
i,226,227,228
i,230,231,232
i,235,236,237
i,238,239,240
i,243,244,245
i,247,248,249
i,250,251,252
i,255,256,257
i,258,259,260
i,262,263,264
i,271,266,267
i,267,268,271
i,268,269,270
i,273,274,275
i,277,278,279
i,285,280,284
i,280,281,284
i,281,282,284
i,286,287,288
i,290,291,292
i,301,294,295
i,296,297,298
i,300,301,295
i,296,298,299
i,300,295,296
i,303,304,305
i,306,307,309
i,307,308,309
i,309,310,312
i,310,311,312
i,314,315,313
i,315,306,313
i,312,313,309
i,321,316,317
i,317,318,319
i,320,321,317
i,322,323,324
i,326,327,328
i,331,332,333
i,335,336,337
i,338,339,340
i,342,343,344
i,347,348,349
i,351,352,353
i,354,355,356
i,363,358,359
i,359,360,361
i,361,362,359
i,368,364,365
i,365,366,368
i,373,369,370
i,370,371,373
i,374,375,376
i,378,379,380
i,383,384,385
i,386,387,388
i,390,391,392
i,401,394,400
i,394,395,400
i,396,397,399
i,397,398,399
i,396,399,400
i,407,402,404
i,402,403,404
i,404,405,406
i,408,409,410
n,3.4599132537841797, 2.883261203765869, 0.0006777975941076875
n,0.00017923428094945848, -3.215996184735559e-05, -4.50379753112793
n,-0.019928710535168648, 0.012270919047296047, 4.503736972808838
n,-0.016681434586644173, 0.018349578604102135, 4.503729343414307
n,-2.6706392765045166, 2.9377031326293945, 2.1264472007751465
n,-1.6619541645050049, 3.554495334625244, 2.210806369781494
n,-0.00016284137382172048, 7.043220830382779e-05, 4.50379753112793
n,-0.00018649711273610592, 2.747040707617998e-05, 4.50379753112793
n,-0.0001793620322132483, 5.06826036144048e-05, 4.50379753112793
n,-0.00016991357551887631, 4.1032319131772965e-05, 4.50379753112793
n,-0.00035423474037088454, -1.8398779502604157e-05, 4.50379753112793
n,-0.00018344666750635952, 5.300913471728563e-05, 4.50379753112793
n,-0.00018858874682337046, 1.0163465049117804e-05, 4.50379753112793
n,-0.0001730727672111243, 3.3033997169695795e-05, 4.50379753112793
n,-0.00016399349260609597, 2.1906440451857634e-05, 4.50379753112793
n,-0.00017339111946057528, 3.230894435546361e-05, 4.50379753112793
n,-0.00017503858543932438, 4.0625614929012954e-05, 4.50379753112793
n,-0.0001874981535365805, 3.297892544651404e-05, 4.50379753112793
n,-0.00018220269703306258, 2.7954383767792024e-05, 4.50379753112793
n,-0.00018068452482111752, 2.709469845285639e-05, 4.50379753112793
n,-4.0554375648498535, -1.9589828252792358, 0.0
n,-1.9074907302856445, 4.0799102783203125, 0.0
n,4.060478687286377, 1.9485127925872803, 0.0001941662048920989
n,2.3441150188446045, 3.8456878662109375, 0.0001119674852816388
n,3.817706823348999, -2.389416217803955, 0.00018235412426292896
n,-2.3414828777313232, -3.8472912311553955, 0.0
n,-2.329298734664917, -3.854680299758911, 0.00041011988651007414
n,3.8350868225097656, -2.361419439315796, 0.00026660581352189183
n,-3.8754067420959473, 2.2946486473083496, -0.00020782955107279122
n,2.3287439346313477, 3.855015516281128, 0.0001248854532605037
n,2.33296537399292, 3.8524622917175293, 0.00011984673619735986
n,0.36975008249282837, -4.488594055175781, 1.2460197467589751e-05
n,-1.5579068660736084, 4.225768089294434, -0.0006221160292625427
n,1.168138861656189, 4.349671363830566, -0.0005469527677632868
n,4.26511287689209, 1.446722149848938, 0.00028759270207956433
n,0.3708450496196747, -4.488503456115723, 1.2497095667640679e-05
n,-4.23736572265625, -1.5260809659957886, -0.00014279488823376596
n,-4.237452983856201, -1.5258378982543945, -0.00014279781316872686
n,4.23738956451416, 1.5260154008865356, 0.0
n,4.2374958992004395, 1.5257189273834229, 0.0
n,1.5549850463867188, -4.226844310760498, 0.0
n,-1.1611000299453735, -4.351555824279785, 0.0
n,-4.265000343322754, -1.4470537900924683, 0.0
n,-4.265091419219971, -1.446785807609558, 0.0
n,-0.36875712871551514, 4.4886579513549805, 0.012572944164276123
n,-0.36949872970581055, 4.488615036010742, 0.0
n,4.23733377456665, 1.526169776916504, 0.0
n,1.3494349718093872, -4.296885013580322, 0.0
n,-4.279549598693848, -1.4034405946731567, 0.0
n,-1.4076963663101196, 4.278151512145996, -0.0014678549487143755
n,1.5737876892089844, -4.219879627227783, -0.00031211861642077565
n,-4.218947410583496, -1.576284646987915, -9.7219533927273e-05
n,-1.570989727973938, 4.220922470092773, -3.154054866172373e-05
n,4.218947410583496, 1.576284408569336, -0.0005527001339942217
n,1.5292154550552368, -4.236235618591309, 0.0
n,-4.233466148376465, -1.5368658304214478, 0.0
n,-1.530449628829956, 4.235789775848389, 0.0
n,4.2333784103393555, 1.5371066331863403, 0.0
n,1.5408363342285156, -4.232022762298584, 0.0
n,-4.234409809112549, -1.5342650413513184, 0.0
n,-1.5391416549682617, 4.232639312744141, 0.0
n,4.23453950881958, 1.533907175064087, 0.0
n,0.7869585156440735, 4.434511184692383, 0.0
n,4.5037946701049805, -0.005094790365546942, 0.0
n,3.439096212387085, -2.9080593585968018, 0.0
n,0.7940154671669006, -4.433253288269043, 0.0
n,-2.2632226943969727, -3.893843412399292, 0.0
n,-4.234245777130127, -1.5347172021865845, 0.0
n,-4.230453968048096, 1.5451377630233765, 0.0
n,-2.248039722442627, 3.9026284217834473, -0.00037949028774164617
n,1.4516850709915161, -4.263426303863525, 0.0
n,-4.263380527496338, -1.4518076181411743, -0.00577271543443203
n,-1.4501101970672607, 4.2639617919921875, 0.0005894370260648429
n,4.263303279876709, 1.4520463943481445, 0.0
n,3.4558629989624023, 2.8881139755249023, 0.0
n,3.4558629989624023, 2.8881139755249023, 0.0
n,3.4586241245269775, 2.8848071098327637, 0.0007699381676502526
n,0.0002609125222079456, 0.00011181965237483382, -4.50379753112793
n,0.00018040784925688058, -4.1310959204565734e-05, -4.50379753112793
n,0.00013635486538987607, -5.107625838718377e-05, -4.50379753112793
n,0.00017623385065235198, -2.9671678930753842e-05, -4.50379753112793
n,0.00019340722064953297, -2.7059266358264722e-05, -4.50379753112793
n,0.00027291334117762744, 1.5813160644029267e-05, -4.50379753112793
n,0.00018608431855682284, -3.778775499085896e-05, -4.50379753112793
n,0.0001853790454333648, -3.850987195619382e-05, -4.50379753112793
n,0.0001786555803846568, -3.1571591534884647e-05, -4.50379753112793
n,-0.0001904441451188177, 3.581533383112401e-05, 4.50379753112793
n,-0.00020891777239739895, -1.8586991927804775e-06, 4.50379753112793
n,-0.00015423400327563286, 9.254040924133733e-05, 4.50379753112793
n,-0.00015922255988698453, 8.165259350789711e-05, 4.50379753112793
n,-0.00013993721222504973, 0.00011473524500615895, 4.50379753112793
n,-0.0001317002606811002, -0.00010077856859425083, 4.50379753112793
n,-0.00017725258658174425, 3.4222626709379256e-05, 4.50379753112793
n,-0.00018107329378835857, 2.1980353267281316e-05, 4.50379753112793
n,-0.00018387555610388517, 2.5242728952434845e-05, 4.50379753112793
n,-0.00017378888151142746, 2.4887614927138202e-05, 4.50379753112793
n,-0.0001829963002819568, 2.299696279806085e-05, 4.50379753112793
n,-0.00018325155542697757, 2.2954976884648204e-05, 4.50379753112793
n,-0.0001841958292061463, 4.306398841436021e-05, 4.50379753112793
n,-0.00018161878688260913, 4.3812960939249024e-05, 4.50379753112793
n,-0.00018467550398781896, 4.705964965978637e-05, 4.50379753112793
n,-0.00023961496481206268, 2.2594043912249617e-05, 4.50379753112793
n,0.00040762158459983766, 0.0002506228629499674, 4.50379753112793
n,-0.0001757364661898464, 3.682045644382015e-05, 4.50379753112793
n,-0.0001704972964944318, 3.887922503054142e-05, 4.50379753112793
n,-0.0001758535363478586, 3.193900556652807e-05, 4.50379753112793
n,-0.00017711534746922553, 3.6577661376213655e-05, 4.50379753112793
n,-0.00025555663160048425, -5.69946423638612e-05, 4.50379753112793
n,-0.00018276837363373488, 3.896316047757864e-05, 4.50379753112793
n,-0.00018147676018998027, 4.5963806769577786e-05, 4.50379753112793
n,-0.0001762291503837332, 3.166555688949302e-05, 4.50379753112793
n,-0.0002219223533757031, 1.7665459381532855e-05, 4.50379753112793
n,-0.0001858993637142703, 2.7546771889319643e-05, 4.50379753112793
n,-0.00018508054199628532, 2.9182689104345627e-05, 4.50379753112793
n,-0.00018010551866609603, 2.820251029334031e-05, 4.50379753112793
n,-0.00017896453209687024, 2.8070673579350114e-05, 4.50379753112793
n,-0.00018394105427432805, 4.648620597436093e-05, 4.50379753112793
n,-0.00017819760250858963, 4.9376736569684e-05, 4.50379753112793
n,-0.00017600879073143005, 2.941166894743219e-05, 4.50379753112793
n,-0.00015942075697239488, 3.849841596093029e-05, 4.50379753112793
n,-0.0001452090364182368, 5.145649265614338e-05, 4.50379753112793
n,-0.00019058103498537093, 4.487951810006052e-05, 4.50379753112793
n,-0.0001898391783470288, 3.940872920793481e-05, 4.50379753112793
n,-0.00020478306396398693, 3.746138099813834e-05, 4.50379753112793
n,-0.00018521054880693555, 2.7251860956312157e-05, 4.50379753112793
n,-0.0001851866691140458, 2.7264495656709187e-05, 4.50379753112793
n,-0.00017262129404116422, 3.181340071023442e-05, 4.50379753112793
n,-0.00020480102102737874, 3.745487629203126e-05, 4.50379753112793
n,-0.00022671140322927386, 2.01579987333389e-05, 4.50379753112793
n,-0.0002283989015268162, 1.9863011402776465e-05, 4.50379753112793
n,-0.00034842753666453063, -2.518054134270642e-05, 4.50379753112793
n,-0.0001960882800631225, 3.420876237214543e-05, 4.50379753112793
n,-0.00010041723726317286, 7.049793930491433e-05, 4.50379753112793
n,-0.00018254460883326828, 4.821518814424053e-05, 4.50379753112793
n,-0.00017965548613574356, 5.05769276060164e-05, 4.50379753112793
n,-0.0001551905006635934, 5.6432909332215786e-05, 4.50379753112793
n,-0.00014755938900634646, 3.878910865751095e-05, 4.50379753112793
n,-0.00019228167366236448, 2.4604594727861695e-05, 4.50379753112793
n,-0.00015752887702547014, 3.8632479117950425e-05, 4.50379753112793
n,-0.0001434549776604399, -4.3036488932557404e-05, 4.50379753112793
n,-0.000168896047398448, 3.198099147994071e-05, 4.50379753112793
n,-0.00016057952598202974, -1.4712783922732342e-05, 4.50379753112793
n,-0.0001759808510541916, 1.990462806134019e-05, 4.50379753112793
n,-0.00018159182218369097, 1.59071569214575e-05, 4.50379753112793
n,-0.00018823074060492218, 6.0342677898006514e-05, 4.50379753112793
n,-0.00018580665346235037, 4.902869841316715e-05, 4.50379753112793
n,-0.00010459464829182252, 6.806751480326056e-05, 4.50379753112793
n,-0.0002071607596008107, 3.149101758026518e-05, 4.50379753112793
n,-0.00020231826056260616, 2.2986301701166667e-05, 4.50379753112793
n,-6.172968278406188e-05, 4.629726390703581e-05, 4.50379753112793
n,-0.0001777333818608895, 2.4351156753255054e-05, 4.50379753112793
n,-0.00016315674292854965, -5.827026598126395e-06, 4.50379753112793
n,-0.00018047455523628742, 2.4224249500548467e-05, 4.50379753112793
n,-0.00030578256701119244, -3.0766827876504976e-06, 4.50379753112793
n,-0.00017946460866369307, 2.893386954383459e-05, 4.50379753112793
n,-0.00018179911421611905, 4.3868574721273035e-05, 4.50379753112793
n,-0.00017339111946057528, 3.230894435546361e-05, 4.50379753112793
n,-0.00017518337699584663, 4.0584320231573656e-05, 4.50379753112793
n,-0.00018729758448898792, 3.30695002048742e-05, 4.50379753112793
n,-0.00017895801283884794, 3.354845102876425e-05, 4.50379753112793
n,-0.00017910612223204225, 3.271634705015458e-05, 4.50379753112793
n,-0.000176605477463454, 3.409072451177053e-05, 4.50379753112793
n,-0.0001771064125932753, 3.1267500162357464e-05, 4.50379753112793
n,-0.00017997098620980978, 3.091423786827363e-05, 4.50379753112793
n,-0.00017871031013783067, 3.0453647923422977e-05, 4.50379753112793
n,-0.00017185720207635313, 1.1192301826667972e-05, 4.50379753112793
n,-0.00017767366080079228, 3.034837391169276e-05, 4.50379753112793
n,-0.00017566602036822587, 2.932523057097569e-05, 4.50379753112793
n,-4.063475131988525, -1.9422529935836792, 0.0033637979067862034
n,-4.06086540222168, -1.9477078914642334, 0.0
n,-4.0608930587768555, -1.9476492404937744, -0.00020861212396994233
n,-1.9074907302856445, 4.079911231994629, 0.0
n,4.060452938079834, 1.9485664367675781, 0.0
n,2.344115734100342, 3.8456878662109375, 0.00011209220974706113
n,3.84440541267395, -2.3462178707122803, 0.0
n,3.797724723815918, -2.4210495948791504, 0.0
n,3.8350865840911865, -2.3614189624786377, -0.0019332601223140955
n,-2.3414828777313232, -3.8472912311553955, 0.0
n,-2.1566529273986816, -3.953864097595215, -7.267697947099805e-05
n,-2.1653032302856445, -3.9491331577301025, -8.962063293438405e-05
n,-2.3288722038269043, -3.85493803024292, 0.00038544778362847865
n,-2.3232829570770264, -3.858309030532837, -0.00012459256686270237
n,-2.3301312923431396, -3.8541769981384277, 0.0
n,-2.3301310539245605, -3.8541769981384277, -0.00017152437067124993
n,-2.3301312923431396, -3.8541769981384277, 0.0
n,3.8192124366760254, -2.387007713317871, 0.00012870354112237692
n,3.837843418121338, -2.356936454772949, 0.00020581517310347408
n,3.8069608211517334, -2.4064998626708984, 0.00015756787615828216
n,-3.8619744777679443, 2.3171849250793457, -8.284371142508462e-05
n,-3.8553690910339355, 2.3281586170196533, -0.00019805414194706827
n,-3.854870319366455, 2.328984260559082, 0.0
n,2.3363044261932373, 3.850437879562378, 0.0
n,2.3363044261932373, 3.850437879562378, 0.0
n,2.33499813079834, 3.8512303829193115, -9.920092998072505e-05
n,2.33296537399292, 3.8524622917175293, 0.00011984673619735986
n,0.36975008249282837, -4.488594055175781, 1.2460198377084453e-05
n,-1.5566354990005493, 4.226236820220947, -5.245701686362736e-05
n,1.1599483489990234, 4.351862907409668, 7.817813457222655e-05
n,4.265075206756592, 1.4468326568603516, 0.00014372864097822458
n,0.3708450198173523, -4.488503456115723, 1.2497094758145977e-05
n,-4.23736572265625, -1.5260809659957886, -0.00014279488823376596
n,-4.237453460693359, -1.5258378982543945, -0.0001427978277206421
n,4.23738956451416, 1.5260154008865356, 0.0
n,4.237496376037598, 1.5257190465927124, 0.0
n,1.5549850463867188, -4.226844310760498, 0.0
n,-1.1611000299453735, -4.351555824279785, 0.0
n,-4.265000343322754, -1.4470536708831787, 0.0
n,-4.265091419219971, -1.446785807609558, 0.0
n,-0.3730982840061188, 4.488316535949707, 0.0
n,-0.3709664046764374, 4.488461971282959, 0.016880495473742485
n,-0.30987071990966797, 4.493124961853027, 0.0
n,-0.36949872970581055, 4.488614559173584, 0.0
n,4.23733377456665, 1.526169776916504, 0.0
n,1.410171389579773, -4.277336597442627, 0.0
n,1.4101715087890625, -4.277336597442627, 0.0
n,1.402031660079956, -4.2800116539001465, 0.0012017915723845363
n,-4.279550075531006, -1.4034405946731567, 0.0
n,-1.3990468978881836, 4.2809882164001465, 0.0
n,1.5752217769622803, -4.219344139099121, 5.3083360398886725e-05
n,1.5712947845458984, -4.220808982849121, 0.0
n,1.5810705423355103, -4.217156410217285, 3.643347736215219e-05
n,1.571332335472107, -4.220794677734375, 0.00010806370846694335
n,1.5813888311386108, -4.217037200927734, 3.841604484478012e-05
n,-4.219710350036621, -1.574240803718567, -0.00019447422528173774
n,-1.5737866163253784, 4.219877243041992, -0.004816138651221991
n,-1.5806422233581543, 4.2173171043396, -0.0011873821495100856
n,-1.5772247314453125, 4.2185959815979, -0.00011939991236431524
n,-1.577164649963379, 4.218618869781494, 0.0
n,-1.5813888311386108, 4.217037200927734, -5.329117993824184e-05
n,-1.576096534729004, 4.21901798248291, -7.263771840371192e-05
n,-1.5504525899887085, 4.2285075187683105, -0.0036174950655549765
n,4.218794345855713, 1.5766940116882324, 0.00031937341555021703
n,4.225800514221191, 1.5578162670135498, 0.003174431389197707
n,4.218714237213135, 1.5769089460372925, 0.0002901294792536646
n,1.5292154550552368, -4.236235618591309, 0.0
n,-4.233466148376465, -1.5368658304214478, 0.0
n,-1.530449628829956, 4.235789775848389, 0.0
n,4.2333784103393555, 1.5371066331863403, 0.0
n,1.5408363342285156, -4.232022762298584, 0.0
n,-4.234409332275391, -1.5342649221420288, 0.0
n,-1.5391416549682617, 4.232639312744141, 0.0
n,4.234539031982422, 1.5339070558547974, 0.0
n,0.7862821221351624, 4.43463134765625, 0.0001327318313997239
n,4.5037946701049805, -0.005094790365546942, 0.0
n,4.5037641525268555, -0.017322156578302383, 0.0008822882082313299
n,4.503796100616455, -0.003936883062124252, 0.00020052155014127493
n,3.4526455402374268, -2.8919596672058105, 0.0
n,3.4463305473327637, -2.8994815349578857, 0.0010121259838342667
n,0.7846044301986694, -4.4349284172058105, 0.0
n,0.7862820625305176, -4.434630870819092, -0.0002707729581743479
n,-2.2632226943969727, -3.893843412399292, 0.0
n,-4.234245777130127, -1.5347172021865845, 0.0
n,-4.230453968048096, 1.5451380014419556, 0.0
n,-2.2497406005859375, 3.9016480445861816, 0.0
n,1.4518675804138184, -4.263364315032959, 0.00010991006274707615
n,-4.263382434844971, -1.4518139362335205, 0.0
n,-4.26357889175415, -1.451236605644226, -0.0003227636916562915
n,-4.131770610809326, -1.79239022731781, -0.0003334654320497066
n,-4.3138556480407715, -1.2941566705703735, 0.00044403152423910797
n,-4.264445781707764, -1.448657512664795, -0.009113580919802189
n,-1.4479047060012817, 4.264711380004883, 0.0
n,-1.4479047060012817, 4.264711856842041, 0.0
n,-1.4517508745193481, 4.263403415679932, -0.00011716737208189443
n,4.263303279876709, 1.4520463943481445, 0.0
u,0.911937415599823, 0.861177384853363, 0
u,0.9773246049880981, 0.861177384853363, 0
u,0.9773246049880981, 0.8642891049385071, 0
u,0.0, 0.0, 0
u,0.0, 0.0, 0
u,0.0, 0.0, 0
u,0.8770493865013123, 0.644527018070221, 0
u,0.873776912689209, 0.7048007845878601, 0
u,0.873776912689209, 0.644527018070221, 0
u,0.8770493865013123, 0.703787624835968, 0
u,0.873776912689209, 0.7048007845878601, 0
u,0.8770493865013123, 0.644527018070221, 0
u,0.9109588861465454, 0.38712969422340393, 0
u,0.9145699143409729, 0.38765960931777954, 0
u,0.9144548177719116, 0.6793193817138672, 0
u,0.9109588861465454, 0.38712969422340393, 0
u,0.9144548177719116, 0.6793193817138672, 0
u,0.9109588861465454, 0.6793193817138672, 0
u,0.420430988073349, 0.5780699253082275, 0
u,0.42377060651779175, 0.5784726738929749, 0
u,0.4360460042953491, 0.5935937166213989, 0
u,0.6812433004379272, 0.46542438864707947, 0
u,0.6814771294593811, 0.44989749789237976, 0
u,0.708794116973877, 0.4672999978065491, 0
u,0.3668929934501648, 0.5334089994430542, 0
u,0.43497639894485474, 0.5926628112792969, 0
u,0.3811914026737213, 0.5919147729873657, 0
u,0.5499597787857056, 0.4406980872154236, 0
u,0.6918575763702393, 0.4429605007171631, 0
u,0.6814771294593811, 0.44989749789237976, 0
u,0.3400965929031372, 0.4237644076347351, 0
u,0.752224326133728, 0.4214971959590912, 0
u,0.5501300096511841, 0.4293433129787445, 0
u,0.37610098719596863, 0.598661482334137, 0
u,0.3668929934501648, 0.5334089994430542, 0
u,0.3811914026737213, 0.5919147729873657, 0
u,0.7978376150131226, 0.4144291877746582, 0
u,0.8134527802467346, 0.4385969936847687, 0
u,0.7943779230117798, 0.42126530408859253, 0
u,0.7121961116790771, 0.5762956142425537, 0
u,0.7967429161071777, 0.5976943969726562, 0
u,0.7117161750793457, 0.5965117812156677, 0
u,0.8055670261383057, 0.5758923888206482, 0
u,0.7967925071716309, 0.6010829210281372, 0
u,0.7964243292808533, 0.5759319067001343, 0
u,0.7124044895172119, 0.5675113201141357, 0
u,0.6868792772293091, 0.6040483117103577, 0
u,0.6877701282501221, 0.5668572783470154, 0
u,0.6814771294593811, 0.44989749789237976, 0
u,0.4704414904117584, 0.46192410588264465, 0
u,0.4706656038761139, 0.44638821482658386, 0
u,0.5501300096511841, 0.4293433129787445, 0
u,0.6918575763702393, 0.4429605007171631, 0
u,0.5499597787857056, 0.4406980872154236, 0
u,0.755366325378418, 0.4203602969646454, 0
u,0.7690107822418213, 0.425794392824173, 0
u,0.7761170864105225, 0.43911299109458923, 0
u,0.8058211207389832, 0.575891375541687, 0
u,0.7121961116790771, 0.5762956142425537, 0
u,0.7124044895172119, 0.5675113201141357, 0
u,0.2921929955482483, 0.24355949461460114, 0
u,0.295338898897171, 0.24355949461460114, 0
u,0.295338898897171, 0.26157769560813904, 0
u,0.17218859493732452, 0.0010213999776169658, 0
u,0.17524400353431702, 0.039097800850868225, 0
u,0.17218859493732452, 0.039097800850868225, 0
u,0.05299999937415123, 0.0010213999776169658, 0
u,0.17218859493732452, 0.039097800850868225, 0
u,0.05299999937415123, 0.26157769560813904, 0
u,0.0, 0.0010213999776169658, 0
u,0.05299999937415123, 0.26157769560813904, 0
u,0.0, 0.26186779141426086, 0
u,0.9294626116752625, 0.4923362135887146, 0
u,0.9285714030265808, 0.679264485836029, 0
u,0.9285714030265808, 0.4782254993915558, 0
u,0.34924519062042236, 0.24355949461460114, 0
u,0.295338898897171, 0.26157769560813904, 0
u,0.295338898897171, 0.24355949461460114, 0
u,0.5545843839645386, 0.37569549679756165, 0
u,0.5545843839645386, 0.3865985870361328, 0
u,0.33170250058174133, 0.3872491121292114, 0
u,0.5545843839645386, 0.38771939277648926, 0
u,0.33170250058174133, 0.3904434144496918, 0
u,0.33170250058174133, 0.3872491121292114, 0
u,0.5545843839645386, 0.2865090072154999, 0
u,0.5545843839645386, 0.2876144051551819, 0
u,0.33170250058174133, 0.2876144051551819, 0
u,0.33170250058174133, 0.3904434144496918, 0
u,0.5545843839645386, 0.3904434144496918, 0
u,0.5545843839645386, 0.3975791931152344, 0
u,0.5643761157989502, 0.26612168550491333, 0
u,0.33170250058174133, 0.28442010283470154, 0
u,0.33170250058174133, 0.26612168550491333, 0
u,0.0, 1.0, 0
u,0.10628239810466766, 0.6072006225585938, 0
u,0.10628239810466766, 1.0, 0
u,0.5974760055541992, 0.6072006225585938, 0
u,0.7556976079940796, 1.0, 0
u,0.5974760055541992, 1.0, 0
u,0.5697134733200073, 1.0, 0
u,0.5974760055541992, 0.6072006225585938, 0
u,0.5974760055541992, 1.0, 0
u,0.5697134733200073, 1.0, 0
u,0.10628239810466766, 0.6072006225585938, 0
u,0.5697134733200073, 0.6072006225585938, 0
u,0.3299609124660492, 0.26405438780784607, 0
u,0.26799240708351135, 0.6046987175941467, 0
u,0.26799240708351135, 0.26405438780784607, 0
u,0.8537468910217285, 1.0, 0
u,0.7556976079940796, 0.6072006225585938, 0
u,0.8537468910217285, 0.6072006225585938, 0
u,0.0, 0.6046987175941467, 0
u,0.26799240708351135, 0.26405438780784607, 0
u,0.26799240708351135, 0.6046987175941467, 0
u,0.9158511757850647, 0.6802859902381897, 0
u,0.9259666800498962, 0.6259223222732544, 0
u,0.9259666800498962, 0.6802859902381897, 0
u,0.9998667240142822, 0.7558733224868774, 0
u,0.9902151823043823, 0.9972615242004395, 0
u,0.9902151823043823, 0.7558733224868774, 0
u,0.8551859259605408, 0.6067414879798889, 0
u,0.8630803227424622, 0.6581519842147827, 0
u,0.8551859259605408, 0.6581519842147827, 0
u,0.8551859259605408, 0.6581519842147827, 0
u,0.8630803227424622, 0.6757889986038208, 0
u,0.8551859259605408, 0.6757889986038208, 0
u,0.8630803227424622, 0.7043728828430176, 0
u,0.8551859259605408, 0.6757889986038208, 0
u,0.8630803227424622, 0.6757889986038208, 0
u,0.9882583022117615, 0.2439170926809311, 0
u,0.9982085824012756, 0.6536489725112915, 0
u,0.9882583022117615, 0.6536489725112915, 0
u,0.9982085824012756, 0.6738306283950806, 0
u,0.9882583022117615, 0.6536489725112915, 0
u,0.9982085824012756, 0.6558672785758972, 0
u,0.9259666800498962, 0.5674657821655273, 0
u,0.9158511757850647, 0.6259223222732544, 0
u,0.9158511757850647, 0.5674657821655273, 0
u,0.8659490942955017, 0.7035866975784302, 0
u,0.8733804225921631, 0.6404494047164917, 0
u,0.8733804225921631, 0.7035866975784302, 0
u,0.9332550168037415, 0.7129724025726318, 0
u,0.9332550168037415, 0.8502990007400513, 0
u,0.9303829073905945, 0.8502990007400513, 0
u,0.9413431882858276, 0.7129724025726318, 0
u,0.9332550168037415, 0.8502990007400513, 0
u,0.9332550168037415, 0.7129724025726318, 0
u,0.9625707268714905, 0.8502990007400513, 0
u,0.9413431882858276, 0.7129724025726318, 0
u,0.9625707268714905, 0.7129724025726318, 0
u,0.5047128796577454, 0.07116629928350449, 0
u,0.35029348731040955, 0.09703770279884338, 0
u,0.35029348731040955, 0.06421180069446564, 0
u,0.35029348731040955, 0.04150589928030968, 0
u,0.8386620283126831, 0.06421180069446564, 0
u,0.35029348731040955, 0.06421180069446564, 0
u,0.5047128796577454, 0.040295399725437164, 0
u,0.35029348731040955, 0.04150589928030968, 0
u,0.36527448892593384, 0.01643659919500351, 0
u,0.966732919216156, 0.6980612874031067, 0
u,0.9637964963912964, 0.6817358136177063, 0
u,0.9864944815635681, 0.6817358136177063, 0
u,0.931506872177124, 0.6650161147117615, 0
u,0.9866775870323181, 0.6793314814567566, 0
u,0.931506872177124, 0.6793314814567566, 0
u,0.931506872177124, 0.24514810740947723, 0
u,0.9866775870323181, 0.4479236900806427, 0
u,0.931506872177124, 0.4479236900806427, 0
u,0.9866775870323181, 0.4479236900806427, 0
u,0.931506872177124, 0.46223101019859314, 0
u,0.931506872177124, 0.4479236900806427, 0
u,0.9866775870323181, 0.46223101019859314, 0
u,0.931506872177124, 0.6650161147117615, 0
u,0.931506872177124, 0.46223101019859314, 0
u,0.8551859259605408, 0.9889882206916809, 0
u,0.910480797290802, 0.9994404911994934, 0
u,0.8551859259605408, 0.9994404911994934, 0
u,0.8551859259605408, 0.705822229385376, 0
u,0.910480797290802, 0.8421769142150879, 0
u,0.8551859259605408, 0.8421769142150879, 0
u,0.910480797290802, 0.8421769142150879, 0
u,0.8551859259605408, 0.8526402711868286, 0
u,0.8551859259605408, 0.8421769142150879, 0
u,0.910480797290802, 0.8526402711868286, 0
u,0.8551859259605408, 0.9889882206916809, 0
u,0.8551859259605408, 0.8526402711868286, 0
u,0.9878180027008057, 0.8917999267578125, 0
u,0.911937415599823, 0.8764886260032654, 0
u,0.9878180027008057, 0.8764886260032654, 0
u,0.911937415599823, 0.9836673140525818, 0
u,0.9878180027008057, 0.9836673140525818, 0
u,0.9773246049880981, 0.9954922199249268, 0
u,0.911937415599823, 0.9683560729026794, 0
u,0.9878180027008057, 0.9683560729026794, 0
u,0.9878180027008057, 0.9755194187164307, 0
u,0.911937415599823, 0.9530447721481323, 0
u,0.9878180027008057, 0.9530447721481323, 0
u,0.9878180027008057, 0.9557759761810303, 0
u,0.9878180027008057, 0.9530447721481323, 0
u,0.911937415599823, 0.9377335906028748, 0
u,0.9878180027008057, 0.9377335906028748, 0
u,0.9878180027008057, 0.9377335906028748, 0
u,0.911937415599823, 0.9224222898483276, 0
u,0.9878180027008057, 0.9224222898483276, 0
u,0.911937415599823, 0.9224222898483276, 0
u,0.9878180027008057, 0.9071111083030701, 0
u,0.9878180027008057, 0.9224222898483276, 0
u,0.9878180027008057, 0.9071111083030701, 0
u,0.911937415599823, 0.8917999267578125, 0
u,0.9878180027008057, 0.8917999267578125, 0
u,0.7134987115859985, 0.09894189983606339, 0
u,0.6242951154708862, 0.2625127136707306, 0
u,0.6242951154708862, 0.09894189983606339, 0
u,0.35029348731040955, 0.09894189983606339, 0
u,0.4373682141304016, 0.09894189983606339, 0
u,0.4286288917064667, 0.10800810158252716, 0
u,0.4972791075706482, 0.2523688077926636, 0
u,0.4373682141304016, 0.09894189983606339, 0
u,0.5344858765602112, 0.09894189983606339, 0
u,0.6242951154708862, 0.2625127136707306, 0
u,0.5344858765602112, 0.09894189983606339, 0
u,0.6242951154708862, 0.09894189983606339, 0
u,0.9878180027008057, 0.8642891049385071, 0
u,0.9878180027008057, 0.8764886260032654, 0
u,0.9773246049880981, 0.8642891049385071, 0
u,0.9878180027008057, 0.8764886260032654, 0
u,0.911937415599823, 0.8764886260032654, 0
u,0.9773246049880981, 0.8642891049385071, 0
u,0.911937415599823, 0.8764886260032654, 0
u,0.911937415599823, 0.861177384853363, 0
u,0.9773246049880981, 0.8642891049385071, 0
u,0.0, 0.0, 0
u,0.0, 0.0, 0
u,0.0, 0.0, 0
u,0.0, 0.0, 0
u,0.0, 0.0, 0
u,0.0, 0.0, 0
u,0.0, 0.0, 0
u,0.0, 0.0, 0
u,0.0, 0.0, 0
u,0.0, 0.0, 0
u,0.0, 0.0, 0
u,0.0, 0.0, 0
u,0.0, 0.0, 0
u,0.0, 0.0, 0
u,0.0, 0.0, 0
u,0.0, 0.0, 0
u,0.0, 0.0, 0
u,0.0, 0.0, 0
u,0.0, 0.0, 0
u,0.0, 0.0, 0
u,0.0, 0.0, 0
u,0.0, 0.0, 0
u,0.0, 0.0, 0
u,0.0, 0.0, 0
u,0.0, 0.0, 0
u,0.0, 0.0, 0
u,0.0, 0.0, 0
u,0.3578222990036011, 0.5255147218704224, 0
u,0.3599131107330322, 0.5228965878486633, 0
u,0.3760657012462616, 0.5397127270698547, 0
u,0.3599131107330322, 0.5228965878486633, 0
u,0.37736019492149353, 0.5380809903144836, 0
u,0.3760657012462616, 0.5397127270698547, 0
u,0.42377060651779175, 0.5784726738929749, 0
u,0.4381367862224579, 0.590975821018219, 0
u,0.4360460042953491, 0.5935937166213989, 0
u,0.3578222990036011, 0.5255147218704224, 0
u,0.3760657012462616, 0.5397127270698547, 0
u,0.4360460042953491, 0.5935937166213989, 0
u,0.3760657012462616, 0.5397127270698547, 0
u,0.420430988073349, 0.5780699253082275, 0
u,0.4360460042953491, 0.5935937166213989, 0
u,0.8068814277648926, 0.4406171143054962, 0
u,0.8055363297462463, 0.5086442828178406, 0
u,0.805359423160553, 0.46688151359558105, 0
u,0.708794116973877, 0.4672999978065491, 0
u,0.7092176079750061, 0.5674266815185547, 0
u,0.6877701282501221, 0.5668572783470154, 0
u,0.7943779230117798, 0.42126530408859253, 0
u,0.8068814277648926, 0.4406171143054962, 0
u,0.7761170864105225, 0.43911299109458923, 0
u,0.8068814277648926, 0.4406171143054962, 0
u,0.805359423160553, 0.46688151359558105, 0
u,0.773360013961792, 0.454084187746048, 0
u,0.7761170864105225, 0.43911299109458923, 0
u,0.8068814277648926, 0.4406171143054962, 0
u,0.773360013961792, 0.454084187746048, 0
u,0.7690107822418213, 0.425794392824173, 0
u,0.7581393122673035, 0.4214647114276886, 0
u,0.7943779230117798, 0.42126530408859253, 0
u,0.7761170864105225, 0.43911299109458923, 0
u,0.7690107822418213, 0.425794392824173, 0
u,0.7943779230117798, 0.42126530408859253, 0
u,0.4381367862224579, 0.590975821018219, 0
u,0.42377060651779175, 0.5784726738929749, 0
u,0.5479184985160828, 0.593445897102356, 0
u,0.5482931733131409, 0.5900599956512451, 0
u,0.42176780104637146, 0.5748000144958496, 0
u,0.4704414904117584, 0.46192410588264465, 0
u,0.42176780104637146, 0.5748000144958496, 0
u,0.37814828753471375, 0.5370876789093018, 0
u,0.4704414904117584, 0.46192410588264465, 0
u,0.4367694854736328, 0.5926877856254578, 0
u,0.4381367862224579, 0.590975821018219, 0
u,0.5479184985160828, 0.593445897102356, 0
u,0.687067985534668, 0.5961689949035645, 0
u,0.4367694854736328, 0.5926877856254578, 0
u,0.5479184985160828, 0.593445897102356, 0
u,0.6877701282501221, 0.5668572783470154, 0
u,0.687067985534668, 0.5961689949035645, 0
u,0.5482931733131409, 0.5900599956512451, 0
u,0.687067985534668, 0.5961689949035645, 0
u,0.5479184985160828, 0.593445897102356, 0
u,0.5482931733131409, 0.5900599956512451, 0
u,0.708794116973877, 0.4672999978065491, 0
u,0.6877701282501221, 0.5668572783470154, 0
u,0.6812433004379272, 0.46542438864707947, 0
u,0.6877701282501221, 0.5668572783470154, 0
u,0.5482931733131409, 0.5900599956512451, 0
u,0.6812433004379272, 0.46542438864707947, 0
u,0.37814828753471375, 0.5370876789093018, 0
u,0.37736019492149353, 0.5380809903144836, 0
u,0.36551550030708313, 0.5277724862098694, 0
u,0.6812433004379272, 0.46542438864707947, 0
u,0.5482931733131409, 0.5900599956512451, 0
u,0.4704414904117584, 0.46192410588264465, 0
u,0.37814828753471375, 0.5370876789093018, 0
u,0.36551550030708313, 0.5277724862098694, 0
u,0.4704414904117584, 0.46192410588264465, 0
u,0.7620295882225037, 0.46370258927345276, 0
u,0.773360013961792, 0.454084187746048, 0
u,0.805359423160553, 0.46688151359558105, 0
u,0.7474275827407837, 0.4634678065776825, 0
u,0.7620295882225037, 0.46370258927345276, 0
u,0.708794116973877, 0.4672999978065491, 0
u,0.7620295882225037, 0.46370258927345276, 0
u,0.805359423160553, 0.46688151359558105, 0
u,0.708794116973877, 0.4672999978065491, 0
u,0.6814771294593811, 0.44989749789237976, 0
u,0.7359734773635864, 0.4508047103881836, 0
u,0.708794116973877, 0.4672999978065491, 0
u,0.7359734773635864, 0.4508047103881836, 0
u,0.7363862991333008, 0.4534898102283478, 0
u,0.708794116973877, 0.4672999978065491, 0
u,0.7363862991333008, 0.4534898102283478, 0
u,0.7474275827407837, 0.4634678065776825, 0
u,0.708794116973877, 0.4672999978065491, 0
u,0.36551550030708313, 0.5277724862098694, 0
u,0.34511488676071167, 0.4442980885505676, 0
u,0.4704414904117584, 0.46192410588264465, 0
u,0.34511488676071167, 0.4442980885505676, 0
u,0.4706656038761139, 0.44638821482658386, 0
u,0.4704414904117584, 0.46192410588264465, 0
u,0.7340720891952515, 0.4384371042251587, 0
u,0.7359734773635864, 0.4508047103881836, 0
u,0.6918575763702393, 0.4429605007171631, 0
u,0.7359734773635864, 0.4508047103881836, 0
u,0.6814771294593811, 0.44989749789237976, 0
u,0.6918575763702393, 0.4429605007171631, 0
u,0.6814771294593811, 0.44989749789237976, 0
u,0.4706656038761139, 0.44638821482658386, 0
u,0.5499597787857056, 0.4406980872154236, 0
u,0.4706656038761139, 0.44638821482658386, 0
u,0.34511488676071167, 0.4442980885505676, 0
u,0.34064820408821106, 0.42602139711380005, 0
u,0.5499597787857056, 0.4406980872154236, 0
u,0.4706656038761139, 0.44638821482658386, 0
u,0.5501300096511841, 0.4293433129787445, 0
u,0.34064820408821106, 0.42602139711380005, 0
u,0.5501300096511841, 0.4293433129787445, 0
u,0.4706656038761139, 0.44638821482658386, 0
u,0.7375789880752563, 0.43231579661369324, 0
u,0.7340720891952515, 0.4384371042251587, 0
u,0.6920210123062134, 0.4315933883190155, 0
u,0.6918575763702393, 0.4429605007171631, 0
u,0.6920210123062134, 0.4315933883190155, 0
u,0.7340720891952515, 0.4384371042251587, 0
u,0.7415679097175598, 0.4253532886505127, 0
u,0.7375789880752563, 0.43231579661369324, 0
u,0.6920210123062134, 0.4315933883190155, 0
u,0.5501300096511841, 0.4293433129787445, 0
u,0.34064820408821106, 0.42602139711380005, 0
u,0.3400965929031372, 0.4237644076347351, 0
u,0.7415679097175598, 0.4253532886505127, 0
u,0.6920210123062134, 0.4315933883190155, 0
u,0.752224326133728, 0.4214971959590912, 0
u,0.6920210123062134, 0.4315933883190155, 0
u,0.5501300096511841, 0.4293433129787445, 0
u,0.752224326133728, 0.4214971959590912, 0
u,0.4360460042953491, 0.5935937166213989, 0
u,0.4367694854736328, 0.5926877856254578, 0
u,0.6869047284126282, 0.6029843091964722, 0
u,0.4367694854736328, 0.5926877856254578, 0
u,0.687067985534668, 0.5961689949035645, 0
u,0.6869047284126282, 0.6029843091964722, 0
u,0.6869047284126282, 0.6029843091964722, 0
u,0.37610098719596863, 0.598661482334137, 0
u,0.4360460042953491, 0.5935937166213989, 0
u,0.37610098719596863, 0.598661482334137, 0
u,0.3583329916000366, 0.5259590744972229, 0
u,0.3668929934501648, 0.5334089994430542, 0
u,0.3811914026737213, 0.5919147729873657, 0
u,0.43497639894485474, 0.5926628112792969, 0
u,0.37610098719596863, 0.598661482334137, 0
u,0.43497639894485474, 0.5926628112792969, 0
u,0.4360460042953491, 0.5935937166213989, 0
u,0.37610098719596863, 0.598661482334137, 0
u,0.8101683855056763, 0.6046987175941467, 0
u,0.7115544080734253, 0.6033270955085754, 0
u,0.7967925071716309, 0.6010829210281372, 0
u,0.7115544080734253, 0.6033270955085754, 0
u,0.7117161750793457, 0.5965117812156677, 0
u,0.7967925071716309, 0.6010829210281372, 0
u,0.7117161750793457, 0.5965117812156677, 0
u,0.7967429161071777, 0.5976943969726562, 0
u,0.7967925071716309, 0.6010829210281372, 0
u,0.8059337139129639, 0.6009371280670166, 0
u,0.8055670261383057, 0.5758923888206482, 0
u,0.8058211207389832, 0.575891375541687, 0
u,0.8059337139129639, 0.6009371280670166, 0
u,0.8058211207389832, 0.575891375541687, 0
u,0.8101683855056763, 0.6046987175941467, 0
u,0.8058211207389832, 0.575891375541687, 0
u,0.8055363297462463, 0.5086442828178406, 0
u,0.8101683855056763, 0.6046987175941467, 0
u,0.8101683855056763, 0.6046987175941467, 0
u,0.7967925071716309, 0.6010829210281372, 0
u,0.8059337139129639, 0.6009371280670166, 0
u,0.3599131107330322, 0.5228965878486633, 0
u,0.35813018679618835, 0.5251291990280151, 0
u,0.3400965929031372, 0.4237644076347351, 0
u,0.35813018679618835, 0.5251291990280151, 0
u,0.33170250058174133, 0.4169935882091522, 0
u,0.3400965929031372, 0.4237644076347351, 0
u,0.3400965929031372, 0.4237644076347351, 0
u,0.36551550030708313, 0.5277724862098694, 0
u,0.3599131107330322, 0.5228965878486633, 0
u,0.755366325378418, 0.4203602969646454, 0
u,0.752224326133728, 0.4214971959590912, 0
u,0.33170250058174133, 0.4169935882091522, 0
u,0.752224326133728, 0.4214971959590912, 0
u,0.3400965929031372, 0.4237644076347351, 0
u,0.33170250058174133, 0.4169935882091522, 0
u,0.7943779230117798, 0.42126530408859253, 0
u,0.7581393122673035, 0.4214647114276886, 0
u,0.7978376150131226, 0.4144291877746582, 0
u,0.7581393122673035, 0.4214647114276886, 0
u,0.755366325378418, 0.4203602969646454, 0
u,0.7978376150131226, 0.4144291877746582, 0
u,0.8055363297462463, 0.5086442828178406, 0
u,0.8068814277648926, 0.4406171143054962, 0
u,0.8134527802467346, 0.4385969936847687, 0
u,0.8101683855056763, 0.6046987175941467, 0
u,0.8055363297462463, 0.5086442828178406, 0
u,0.8134527802467346, 0.4385969936847687, 0
u,0.8134527802467346, 0.4385969936847687, 0
u,0.8068814277648926, 0.4406171143054962, 0
u,0.7943779230117798, 0.42126530408859253, 0
u,0.755366325378418, 0.4203602969646454, 0
u,0.33170250058174133, 0.4169935882091522, 0
u,0.7978376150131226, 0.4144291877746582, 0
u,0.7121961116790771, 0.5762956142425537, 0
u,0.7964243292808533, 0.5759319067001343, 0
u,0.7967429161071777, 0.5976943969726562, 0
u,0.8055670261383057, 0.5758923888206482, 0
u,0.8059337139129639, 0.6009371280670166, 0
u,0.7967925071716309, 0.6010829210281372, 0
u,0.7124044895172119, 0.5675113201141357, 0
u,0.7115219235420227, 0.6046987175941467, 0
u,0.6868792772293091, 0.6040483117103577, 0
u,0.6814771294593811, 0.44989749789237976, 0
u,0.6812433004379272, 0.46542438864707947, 0
u,0.4704414904117584, 0.46192410588264465, 0
u,0.5501300096511841, 0.4293433129787445, 0
u,0.6920210123062134, 0.4315933883190155, 0
u,0.6918575763702393, 0.4429605007171631, 0
u,0.7761170864105225, 0.43911299109458923, 0
u,0.773360013961792, 0.454084187746048, 0
u,0.755366325378418, 0.4203602969646454, 0
u,0.773360013961792, 0.454084187746048, 0
u,0.7620295882225037, 0.46370258927345276, 0
u,0.755366325378418, 0.4203602969646454, 0
u,0.7620295882225037, 0.46370258927345276, 0
u,0.7474275827407837, 0.4634678065776825, 0
u,0.7340720891952515, 0.4384371042251587, 0
u,0.7474275827407837, 0.4634678065776825, 0
u,0.7363862991333008, 0.4534898102283478, 0
u,0.7340720891952515, 0.4384371042251587, 0
u,0.7340720891952515, 0.4384371042251587, 0
u,0.7415679097175598, 0.4253532886505127, 0
u,0.755366325378418, 0.4203602969646454, 0
u,0.7620295882225037, 0.46370258927345276, 0
u,0.7340720891952515, 0.4384371042251587, 0
u,0.755366325378418, 0.4203602969646454, 0
u,0.7092176079750061, 0.5674266815185547, 0
u,0.708794116973877, 0.4672999978065491, 0
u,0.7124044895172119, 0.5675113201141357, 0
u,0.708794116973877, 0.4672999978065491, 0
u,0.805359423160553, 0.46688151359558105, 0
u,0.7124044895172119, 0.5675113201141357, 0
u,0.805359423160553, 0.46688151359558105, 0
u,0.8058211207389832, 0.575891375541687, 0
u,0.7124044895172119, 0.5675113201141357, 0
u,0.295338898897171, 0.26157769560813904, 0
u,0.17524400353431702, 0.039097800850868225, 0
u,0.2921929955482483, 0.24355949461460114, 0
u,0.17524400353431702, 0.039097800850868225, 0
u,0.17524400353431702, 0.0010213999776169658, 0
u,0.2921929955482483, 0.0010213999776169658, 0
u,0.2921929955482483, 0.24355949461460114, 0
u,0.17524400353431702, 0.039097800850868225, 0
u,0.2921929955482483, 0.0010213999776169658, 0
u,0.17218859493732452, 0.0010213999776169658, 0
u,0.17524400353431702, 0.0010213999776169658, 0
u,0.17524400353431702, 0.039097800850868225, 0
u,0.05299999937415123, 0.0010213999776169658, 0
u,0.17218859493732452, 0.0010213999776169658, 0
u,0.17218859493732452, 0.039097800850868225, 0
u,0.0, 0.0010213999776169658, 0
u,0.05299999937415123, 0.0010213999776169658, 0
u,0.05299999937415123, 0.26157769560813904, 0
u,0.9309263229370117, 0.4782254993915558, 0
u,0.9309263229370117, 0.4923362135887146, 0
u,0.9294626116752625, 0.4923362135887146, 0
u,0.9294626116752625, 0.4923362135887146, 0
u,0.9294626116752625, 0.679264485836029, 0
u,0.9285714030265808, 0.679264485836029, 0
u,0.9285714030265808, 0.4782254993915558, 0
u,0.9309263229370117, 0.4782254993915558, 0
u,0.9294626116752625, 0.4923362135887146, 0
u,0.34924519062042236, 0.24355949461460114, 0
u,0.34924519062042236, 0.26186779141426086, 0
u,0.295338898897171, 0.26157769560813904, 0
u,0.9092739224433899, 0.3865985870361328, 0
u,0.9092739224433899, 0.3872491121292114, 0
u,0.5545843839645386, 0.3865985870361328, 0
u,0.9092739224433899, 0.3872491121292114, 0
u,0.33170250058174133, 0.3872491121292114, 0
u,0.5545843839645386, 0.3865985870361328, 0
u,0.33170250058174133, 0.3872491121292114, 0
u,0.33170250058174133, 0.2876144051551819, 0
u,0.5545843839645386, 0.37569549679756165, 0
u,0.33170250058174133, 0.2876144051551819, 0
u,0.5545843839645386, 0.2876144051551819, 0
u,0.5545843839645386, 0.2889766991138458, 0
u,0.5545843839645386, 0.2889766991138458, 0
u,0.5643761157989502, 0.2889766991138458, 0
u,0.5643761157989502, 0.37569549679756165, 0
u,0.33170250058174133, 0.2876144051551819, 0
u,0.5545843839645386, 0.2889766991138458, 0
u,0.5545843839645386, 0.37569549679756165, 0
u,0.5545843839645386, 0.2889766991138458, 0
u,0.5643761157989502, 0.37569549679756165, 0
u,0.5545843839645386, 0.37569549679756165, 0
u,0.9092739224433899, 0.3872491121292114, 0
u,0.9092739224433899, 0.38771939277648926, 0
u,0.5545843839645386, 0.38771939277648926, 0
u,0.5545843839645386, 0.38771939277648926, 0
u,0.5545843839645386, 0.3904434144496918, 0
u,0.33170250058174133, 0.3904434144496918, 0
u,0.33170250058174133, 0.3872491121292114, 0
u,0.9092739224433899, 0.3872491121292114, 0
u,0.5545843839645386, 0.38771939277648926, 0
u,0.33170250058174133, 0.2876144051551819, 0
u,0.33170250058174133, 0.28442010283470154, 0
u,0.5545843839645386, 0.2865090072154999, 0
u,0.33170250058174133, 0.28442010283470154, 0
u,0.5643761157989502, 0.28442010283470154, 0
u,0.5545843839645386, 0.2865090072154999, 0
u,0.5643761157989502, 0.28442010283470154, 0
u,0.5643761157989502, 0.2865090072154999, 0
u,0.5545843839645386, 0.2865090072154999, 0
u,0.5643761157989502, 0.3975791931152344, 0
u,0.5643761157989502, 0.412665992975235, 0
u,0.5545843839645386, 0.3975791931152344, 0
u,0.5643761157989502, 0.412665992975235, 0
u,0.33170250058174133, 0.412665992975235, 0
u,0.5545843839645386, 0.3975791931152344, 0
u,0.33170250058174133, 0.412665992975235, 0
u,0.33170250058174133, 0.3904434144496918, 0
u,0.5545843839645386, 0.3975791931152344, 0
u,0.5643761157989502, 0.26612168550491333, 0
u,0.5643761157989502, 0.28442010283470154, 0
u,0.33170250058174133, 0.28442010283470154, 0
u,0.0, 1.0, 0
u,0.0, 0.6072006225585938, 0
u,0.10628239810466766, 0.6072006225585938, 0
u,0.5974760055541992, 0.6072006225585938, 0
u,0.7556976079940796, 0.6072006225585938, 0
u,0.7556976079940796, 1.0, 0
u,0.5697134733200073, 1.0, 0
u,0.5697134733200073, 0.6072006225585938, 0
u,0.5974760055541992, 0.6072006225585938, 0
u,0.5697134733200073, 1.0, 0
u,0.10628239810466766, 1.0, 0
u,0.10628239810466766, 0.6072006225585938, 0
u,0.3299609124660492, 0.26405438780784607, 0
u,0.3299609124660492, 0.6046987175941467, 0
u,0.26799240708351135, 0.6046987175941467, 0
u,0.8537468910217285, 1.0, 0
u,0.7556976079940796, 1.0, 0
u,0.7556976079940796, 0.6072006225585938, 0
u,0.0, 0.6046987175941467, 0
u,0.0, 0.26405438780784607, 0
u,0.26799240708351135, 0.26405438780784607, 0
u,0.9158511757850647, 0.6802859902381897, 0
u,0.9158511757850647, 0.6259223222732544, 0
u,0.9259666800498962, 0.6259223222732544, 0
u,0.9998667240142822, 0.7558733224868774, 0
u,0.9998667240142822, 0.9972615242004395, 0
u,0.9902151823043823, 0.9972615242004395, 0
u,0.8551859259605408, 0.6067414879798889, 0
u,0.8630803227424622, 0.6067414879798889, 0
u,0.8630803227424622, 0.6581519842147827, 0
u,0.8551859259605408, 0.6581519842147827, 0
u,0.8630803227424622, 0.6581519842147827, 0
u,0.8630803227424622, 0.6757889986038208, 0
u,0.8630803227424622, 0.7043728828430176, 0
u,0.8551859259605408, 0.7043728828430176, 0
u,0.8551859259605408, 0.6757889986038208, 0
u,0.9882583022117615, 0.2439170926809311, 0
u,0.9982085824012756, 0.2439170926809311, 0
u,0.9982085824012756, 0.6536489725112915, 0
u,0.9982085824012756, 0.6738306283950806, 0
u,0.9982085824012756, 0.7558733224868774, 0
u,0.9882583022117615, 0.7558733224868774, 0
u,0.9882583022117615, 0.7558733224868774, 0
u,0.9882583022117615, 0.6536489725112915, 0
u,0.9982085824012756, 0.6738306283950806, 0
u,0.9882583022117615, 0.6536489725112915, 0
u,0.9982085824012756, 0.6536489725112915, 0
u,0.9982085824012756, 0.6558672785758972, 0
u,0.9259666800498962, 0.5674657821655273, 0
u,0.9259666800498962, 0.6259223222732544, 0
u,0.9158511757850647, 0.6259223222732544, 0
u,0.8659490942955017, 0.7035866975784302, 0
u,0.8659490942955017, 0.6404494047164917, 0
u,0.8733804225921631, 0.6404494047164917, 0
u,0.9303829073905945, 0.8599485754966736, 0
u,0.911937415599823, 0.8599485754966736, 0
u,0.9303829073905945, 0.8502990007400513, 0
u,0.911937415599823, 0.8599485754966736, 0
u,0.911937415599823, 0.7129724025726318, 0
u,0.9303829073905945, 0.8502990007400513, 0
u,0.911937415599823, 0.7129724025726318, 0
u,0.9332550168037415, 0.7129724025726318, 0
u,0.9303829073905945, 0.8502990007400513, 0
u,0.9413431882858276, 0.7129724025726318, 0
u,0.9413431882858276, 0.8502990007400513, 0
u,0.9332550168037415, 0.8502990007400513, 0
u,0.9625707268714905, 0.8502990007400513, 0
u,0.9413431882858276, 0.8502990007400513, 0
u,0.9413431882858276, 0.7129724025726318, 0
u,0.8386620283126831, 0.06421180069446564, 0
u,0.8386620283126831, 0.0651509016752243, 0
u,0.5047128796577454, 0.0651509016752243, 0
u,0.5047128796577454, 0.07116629928350449, 0
u,0.5139318704605103, 0.07116629928350449, 0
u,0.5139318704605103, 0.09703770279884338, 0
u,0.35029348731040955, 0.06421180069446564, 0
u,0.8386620283126831, 0.06421180069446564, 0
u,0.5047128796577454, 0.0651509016752243, 0
u,0.5047128796577454, 0.07116629928350449, 0
u,0.5139318704605103, 0.09703770279884338, 0
u,0.35029348731040955, 0.09703770279884338, 0
u,0.35029348731040955, 0.06421180069446564, 0
u,0.5047128796577454, 0.0651509016752243, 0
u,0.5047128796577454, 0.07116629928350449, 0
u,0.35029348731040955, 0.04150589928030968, 0
u,0.8386620283126831, 0.04150589928030968, 0
u,0.8386620283126831, 0.06421180069446564, 0
u,0.35029348731040955, 0.04150589928030968, 0
u,0.35029348731040955, 0.008683299645781517, 0
u,0.36527448892593384, 0.01643659919500351, 0
u,0.35029348731040955, 0.008683299645781517, 0
u,0.36527448892593384, 0.008683299645781517, 0
u,0.36527448892593384, 0.01643659919500351, 0
u,0.36527448892593384, 0.01643659919500351, 0
u,0.5139318704605103, 0.01643659919500351, 0
u,0.5047128796577454, 0.034279901534318924, 0
u,0.5139318704605103, 0.01643659919500351, 0
u,0.5139318704605103, 0.034279901534318924, 0
u,0.5047128796577454, 0.034279901534318924, 0
u,0.8386620283126831, 0.040295399725437164, 0
u,0.8386620283126831, 0.04150589928030968, 0
u,0.5047128796577454, 0.040295399725437164, 0
u,0.8386620283126831, 0.04150589928030968, 0
u,0.35029348731040955, 0.04150589928030968, 0
u,0.5047128796577454, 0.040295399725437164, 0
u,0.5047128796577454, 0.034279901534318924, 0
u,0.5047128796577454, 0.040295399725437164, 0
u,0.36527448892593384, 0.01643659919500351, 0
u,0.9864944815635681, 0.8600612878799438, 0
u,0.966732919216156, 0.8600612878799438, 0
u,0.966732919216156, 0.6980612874031067, 0
u,0.966732919216156, 0.6980612874031067, 0
u,0.9637964963912964, 0.6980612874031067, 0
u,0.9637964963912964, 0.6817358136177063, 0
u,0.9864944815635681, 0.6817358136177063, 0
u,0.9864944815635681, 0.8600612878799438, 0
u,0.966732919216156, 0.6980612874031067, 0
u,0.931506872177124, 0.6650161147117615, 0
u,0.9866775870323181, 0.6650161147117615, 0
u,0.9866775870323181, 0.6793314814567566, 0
u,0.931506872177124, 0.24514810740947723, 0
u,0.9866775870323181, 0.24514810740947723, 0
u,0.9866775870323181, 0.4479236900806427, 0
u,0.9866775870323181, 0.4479236900806427, 0
u,0.9866775870323181, 0.46223101019859314, 0
u,0.931506872177124, 0.46223101019859314, 0
u,0.9866775870323181, 0.46223101019859314, 0
u,0.9866775870323181, 0.6650161147117615, 0
u,0.931506872177124, 0.6650161147117615, 0
u,0.8551859259605408, 0.9889882206916809, 0
u,0.910480797290802, 0.9889882206916809, 0
u,0.910480797290802, 0.9994404911994934, 0
u,0.8551859259605408, 0.705822229385376, 0
u,0.910480797290802, 0.705822229385376, 0
u,0.910480797290802, 0.8421769142150879, 0
u,0.910480797290802, 0.8421769142150879, 0
u,0.910480797290802, 0.8526402711868286, 0
u,0.8551859259605408, 0.8526402711868286, 0
u,0.910480797290802, 0.8526402711868286, 0
u,0.910480797290802, 0.9889882206916809, 0
u,0.8551859259605408, 0.9889882206916809, 0
u,0.9878180027008057, 0.8917999267578125, 0
u,0.911937415599823, 0.8917999267578125, 0
u,0.911937415599823, 0.8764886260032654, 0
u,0.9878180027008057, 0.9836673140525818, 0
u,0.9878180027008057, 0.9954922199249268, 0
u,0.9773246049880981, 0.9954922199249268, 0
u,0.9773246049880981, 0.9954922199249268, 0
u,0.9773246049880981, 0.9989786148071289, 0
u,0.911937415599823, 0.9989786148071289, 0
u,0.911937415599823, 0.9989786148071289, 0
u,0.911937415599823, 0.9836673140525818, 0
u,0.9773246049880981, 0.9954922199249268, 0
u,0.9878180027008057, 0.9755194187164307, 0
u,0.9878180027008057, 0.9836673140525818, 0
u,0.911937415599823, 0.9836673140525818, 0
u,0.911937415599823, 0.9836673140525818, 0
u,0.911937415599823, 0.9683560729026794, 0
u,0.9878180027008057, 0.9755194187164307, 0
u,0.9878180027008057, 0.9557759761810303, 0
u,0.9878180027008057, 0.9683560729026794, 0
u,0.911937415599823, 0.9683560729026794, 0
u,0.911937415599823, 0.9683560729026794, 0
u,0.911937415599823, 0.9530447721481323, 0
u,0.9878180027008057, 0.9557759761810303, 0
u,0.9878180027008057, 0.9530447721481323, 0
u,0.911937415599823, 0.9530447721481323, 0
u,0.911937415599823, 0.9377335906028748, 0
u,0.9878180027008057, 0.9377335906028748, 0
u,0.911937415599823, 0.9377335906028748, 0
u,0.911937415599823, 0.9224222898483276, 0
u,0.911937415599823, 0.9224222898483276, 0
u,0.911937415599823, 0.9071111083030701, 0
u,0.9878180027008057, 0.9071111083030701, 0
u,0.9878180027008057, 0.9071111083030701, 0
u,0.911937415599823, 0.9071111083030701, 0
u,0.911937415599823, 0.8917999267578125, 0
u,0.7134987115859985, 0.09894189983606339, 0
u,0.7134987115859985, 0.2625127136707306, 0
u,0.6242951154708862, 0.2625127136707306, 0
u,0.4286288917064667, 0.2625127136707306, 0
u,0.35029348731040955, 0.2625127136707306, 0
u,0.4286288917064667, 0.10800810158252716, 0
u,0.35029348731040955, 0.2625127136707306, 0
u,0.35029348731040955, 0.09894189983606339, 0
u,0.4286288917064667, 0.10800810158252716, 0
u,0.4373682141304016, 0.09894189983606339, 0
u,0.4373682141304016, 0.2523688077926636, 0
u,0.4371319115161896, 0.10800810158252716, 0
u,0.4373682141304016, 0.2523688077926636, 0
u,0.4371319115161896, 0.2523688077926636, 0
u,0.4371319115161896, 0.10800810158252716, 0
u,0.4373682141304016, 0.09894189983606339, 0
u,0.4371319115161896, 0.10800810158252716, 0
u,0.4286288917064667, 0.10800810158252716, 0
u,0.5344858765602112, 0.09894189983606339, 0
u,0.5344858765602112, 0.2625127136707306, 0
u,0.4972791075706482, 0.2523688077926636, 0
u,0.5344858765602112, 0.2625127136707306, 0
u,0.4972791075706482, 0.2625127136707306, 0
u,0.4972791075706482, 0.2523688077926636, 0
u,0.4972791075706482, 0.2523688077926636, 0
u,0.4373682141304016, 0.2523688077926636, 0
u,0.4373682141304016, 0.09894189983606339, 0
u,0.6242951154708862, 0.2625127136707306, 0
u,0.5344858765602112, 0.2625127136707306, 0
u,0.5344858765602112, 0.09894189983606339, 0
