s,204.442138671875, 40.03515625, -0.6523818969726562
b,206.656982421875, 43.9609375, 6.607614517211914
v,206.377685546875, 41.3896484375, 6.1880693435668945
v,206.57763671875, 41.7626953125, 6.188089370727539
v,206.57763671875, 41.7626953125, 5.921648025512695
v,206.3779296875, 41.3896484375, 5.921627998352051
v,204.48486328125, 43.46875, -0.6523752212524414
v,204.442626953125, 43.94140625, -0.6523818969726562
v,205.06005859375, 43.9609375, -0.6523146629333496
v,205.3349609375, 43.5, -0.6522831916809082
v,205.359619140625, 43.5, -0.6522798538208008
v,206.656982421875, 41.7685546875, -0.6521291732788086
v,206.433349609375, 41.3525390625, -0.6521511077880859
v,206.219970703125, 41.0966796875, -0.6521735191345215
v,205.711181640625, 40.693359375, -0.652226448059082
v,205.379150390625, 40.546875, -0.6522617340087891
v,205.35400390625, 40.5458984375, -0.6522645950317383
v,205.322265625, 40.3291015625, -0.6522665023803711
v,204.67333984375, 40.03515625, -0.6523351669311523
v,204.653564453125, 40.513671875, -0.6523404121398926
v,204.635009765625, 40.5126953125, -0.6523427963256836
v,204.4697265625, 43.46875, -0.6523771286010742
v,205.342529296875, 40.46875, 0.5926837921142578
v,205.35400390625, 40.5458984375, 0.5926847457885742
v,205.37890625, 40.546875, 0.5926876068115234
v,205.711181640625, 40.693359375, 0.5927228927612305
v,206.2197265625, 41.0966796875, 0.5927762985229492
v,206.3779296875, 41.2861328125, 0.5927925109863281
v,206.611328125, 40.966796875, 0.5928201675415039
v,205.749267578125, 40.5068359375, 0.5927286148071289
v,205.353515625, 40.5458984375, 5.033381462097168
v,205.342041015625, 40.46875, 5.033380508422852
v,205.7490234375, 40.5068359375, 5.033425331115723
v,206.61083984375, 40.966796875, 5.033516883850098
v,206.377197265625, 41.2861328125, 5.033489227294922
v,206.21923828125, 41.0966796875, 5.033473014831543
v,205.71044921875, 40.693359375, 5.033419609069824
v,205.378662109375, 40.546875, 5.033384323120117
v,205.353515625, 40.5458984375, 5.933732986450195
v,204.65283203125, 40.513671875, 5.933656692504883
v,204.672607421875, 40.03515625, 5.933662414550781
v,205.321533203125, 40.3291015625, 5.9337310791015625
v,204.697265625, 40.58203125, 5.933660507202148
v,205.135986328125, 40.6005859375, 5.933709144592285
v,204.69677734375, 40.58984375, 5.933660507202148
v,204.697265625, 40.58203125, 6.187891006469727
v,204.539306640625, 43.404296875, 6.187858581542969
v,205.326416015625, 43.4326171875, 6.187944412231445
v,205.35888671875, 43.5, 6.187946319580078
v,204.468994140625, 43.46875, 6.187849998474121
v,204.634521484375, 40.5126953125, 6.187885284423828
v,205.37841796875, 40.546875, 6.187965393066406
v,205.71044921875, 40.693359375, 6.188000679016113
v,205.676513671875, 40.75, 6.187996864318848
v,205.36328125, 40.611328125, 6.187963485717773
v,204.54296875, 43.3388671875, 5.921417236328125
v,204.69677734375, 40.58984375, 5.921448707580566
v,205.135986328125, 40.6005859375, 5.921497344970703
v,205.363525390625, 40.611328125, 5.921521186828613
v,205.5078125, 40.6748046875, 5.921536445617676
v,205.461181640625, 41.537109375, 5.921526908874512
v,204.9951171875, 41.51171875, 5.921476364135742
v,204.958740234375, 42.1826171875, 5.921468734741211
v,205.13818359375, 42.1923828125, 5.921487808227539
v,205.11669921875, 42.548828125, 5.921483993530273
v,204.59619140625, 42.517578125, 5.921426773071289
v,204.546630859375, 43.3388671875, 5.921417236328125
v,205.36865234375, 43.3759765625, 5.921506881713867
v,205.36181640625, 43.3759765625, 5.921505928039551
v,205.425048828125, 42.2080078125, 5.9215192794799805
v,205.461181640625, 41.537109375, 5.921526908874512
v,205.5078125, 40.6748046875, 5.921536445617676
v,205.676513671875, 40.75, 5.9215545654296875
v,206.1728515625, 41.1435546875, 5.92160701751709
v,206.377685546875, 41.3896484375, 5.921627998352051
v,206.577392578125, 41.7626953125, 5.921648025512695
v,205.36181640625, 43.3759765625, 5.921505928039551
v,205.06787109375, 43.36328125, 5.921474456787109
v,205.11669921875, 42.548828125, 5.921483993530273
v,205.13818359375, 42.1923828125, 5.921487808227539
v,205.425048828125, 42.2080078125, 5.9215192794799805
v,206.577392578125, 41.7626953125, 6.188089370727539
v,206.37744140625, 41.3896484375, 6.1880693435668945
v,206.1728515625, 41.1435546875, 6.188048362731934
v,205.676513671875, 40.75, 6.187996864318848
v,205.71044921875, 40.693359375, 6.188000679016113
v,206.21923828125, 41.0966796875, 6.188054084777832
v,206.432373046875, 41.3525390625, 6.188076019287109
v,206.65625, 41.7685546875, 6.188097953796387
v,205.35888671875, 43.5, 6.187946319580078
v,205.326416015625, 43.4326171875, 6.187944412231445
v,204.442138671875, 43.94140625, 5.961370468139648
v,204.48388671875, 43.46875, 5.961376190185547
v,205.334228515625, 43.5, 5.961468696594238
v,205.05908203125, 43.9609375, 5.961437225341797
v,205.36865234375, 43.3759765625, 5.96147346496582
v,205.326416015625, 43.4326171875, 5.961468696594238
v,204.539306640625, 43.404296875, 5.961382865905762
v,204.54296875, 43.3388671875, 5.961383819580078
v,204.546630859375, 43.3388671875, 5.961383819580078
v,204.545166015625, 43.3583984375, 5.961383819580078
v,205.066162109375, 43.390625, 5.961440086364746
v,205.06787109375, 43.36328125, 5.961440086364746
v,205.11669921875, 42.548828125, 6.143518447875977
v,205.066162109375, 43.390625, 6.1435089111328125
v,204.545166015625, 43.3583984375, 6.1434526443481445
v,204.59619140625, 42.517578125, 6.143461227416992
v,205.425048828125, 42.2080078125, 6.607606887817383
v,204.958740234375, 42.1826171875, 6.607556343078613
v,204.9951171875, 41.51171875, 6.6075639724731445
v,205.461181640625, 41.537109375, 6.607614517211914
v,206.377197265625, 41.2861328125, 5.033489227294922
v,206.61083984375, 40.966796875, 5.033516883850098
v,206.611328125, 40.966796875, 0.5928201675415039
v,206.3779296875, 41.2861328125, 0.5927925109863281
v,205.749267578125, 40.5068359375, 0.5927286148071289
v,206.611328125, 40.966796875, 0.5928201675415039
v,206.61083984375, 40.966796875, 5.033516883850098
v,205.7490234375, 40.5068359375, 5.033425331115723
v,205.342041015625, 40.46875, 5.033380508422852
v,205.342529296875, 40.46875, 0.5926837921142578
v,205.749267578125, 40.5068359375, 0.5927286148071289
v,205.7490234375, 40.5068359375, 5.033425331115723
v,205.321533203125, 40.3291015625, 5.9337310791015625
v,205.322265625, 40.3291015625, -0.6522665023803711
v,205.35400390625, 40.5458984375, -0.6522645950317383
v,205.35400390625, 40.5458984375, 0.5926847457885742
v,205.342529296875, 40.46875, 0.5926837921142578
v,205.342041015625, 40.46875, 5.033380508422852
v,205.353515625, 40.5458984375, 5.033381462097168
v,205.353515625, 40.5458984375, 5.933732986450195
v,205.321533203125, 40.3291015625, 5.9337310791015625
v,204.672607421875, 40.03515625, 5.933662414550781
v,204.67333984375, 40.03515625, -0.6523351669311523
v,205.322265625, 40.3291015625, -0.6522665023803711
v,204.672607421875, 40.03515625, 5.933662414550781
v,204.65283203125, 40.513671875, 5.933656692504883
v,204.653564453125, 40.513671875, -0.6523404121398926
v,204.67333984375, 40.03515625, -0.6523351669311523
v,204.69677734375, 40.58984375, 5.921448707580566
v,204.69677734375, 40.58984375, 5.933660507202148
v,205.135986328125, 40.6005859375, 5.933709144592285
v,205.135986328125, 40.6005859375, 5.921497344970703
v,206.433349609375, 41.3525390625, -0.6521511077880859
v,206.432373046875, 41.3525390625, 6.188076019287109
v,206.21923828125, 41.0966796875, 6.188054084777832
v,206.21923828125, 41.0966796875, 5.033473014831543
v,206.377197265625, 41.2861328125, 5.033489227294922
v,206.3779296875, 41.2861328125, 0.5927925109863281
v,206.2197265625, 41.0966796875, 0.5927762985229492
v,206.219970703125, 41.0966796875, -0.6521735191345215
v,205.334228515625, 43.5, 5.961468696594238
v,204.48388671875, 43.46875, 5.961376190185547
v,204.48486328125, 43.46875, -0.6523752212524414
v,204.4697265625, 43.46875, -0.6523771286010742
v,204.468994140625, 43.46875, 6.187849998474121
v,205.35888671875, 43.5, 6.187946319580078
v,205.359619140625, 43.5, -0.6522798538208008
v,205.3349609375, 43.5, -0.6522831916809082
v,205.359619140625, 43.5, -0.6522798538208008
v,205.35888671875, 43.5, 6.187946319580078
v,206.65625, 41.7685546875, 6.188097953796387
v,206.656982421875, 41.7685546875, -0.6521291732788086
v,206.656982421875, 41.7685546875, -0.6521291732788086
v,206.65625, 41.7685546875, 6.188097953796387
v,206.432373046875, 41.3525390625, 6.188076019287109
v,206.433349609375, 41.3525390625, -0.6521511077880859
v,206.2197265625, 41.0966796875, 0.5927762985229492
v,205.711181640625, 40.693359375, 0.5927228927612305
v,205.711181640625, 40.693359375, -0.652226448059082
v,206.219970703125, 41.0966796875, -0.6521735191345215
v,205.711181640625, 40.693359375, 0.5927228927612305
v,205.37890625, 40.546875, 0.5926876068115234
v,205.379150390625, 40.546875, -0.6522617340087891
v,205.711181640625, 40.693359375, -0.652226448059082
v,205.35400390625, 40.5458984375, 0.5926847457885742
v,205.35400390625, 40.5458984375, -0.6522645950317383
v,205.379150390625, 40.546875, -0.6522617340087891
v,205.37890625, 40.546875, 0.5926876068115234
v,205.378662109375, 40.546875, 5.033384323120117
v,205.37841796875, 40.546875, 6.187965393066406
v,204.634521484375, 40.5126953125, 6.187885284423828
v,204.635009765625, 40.5126953125, -0.6523427963256836
v,204.653564453125, 40.513671875, -0.6523404121398926
v,204.65283203125, 40.513671875, 5.933656692504883
v,205.353515625, 40.5458984375, 5.933732986450195
v,205.353515625, 40.5458984375, 5.033381462097168
v,204.634521484375, 40.5126953125, 6.187885284423828
v,204.468994140625, 43.46875, 6.187849998474121
v,204.4697265625, 43.46875, -0.6523771286010742
v,204.635009765625, 40.5126953125, -0.6523427963256836
v,205.71044921875, 40.693359375, 5.033419609069824
v,206.21923828125, 41.0966796875, 5.033473014831543
v,206.21923828125, 41.0966796875, 6.188054084777832
v,205.71044921875, 40.693359375, 6.188000679016113
v,205.378662109375, 40.546875, 5.033384323120117
v,205.71044921875, 40.693359375, 5.033419609069824
v,205.71044921875, 40.693359375, 6.188000679016113
v,205.37841796875, 40.546875, 6.187965393066406
v,204.539306640625, 43.404296875, 6.187858581542969
v,204.697265625, 40.58203125, 6.187891006469727
v,204.697265625, 40.58203125, 5.933660507202148
v,204.69677734375, 40.58984375, 5.933660507202148
v,204.69677734375, 40.58984375, 5.921448707580566
v,204.54296875, 43.3388671875, 5.921417236328125
v,204.54296875, 43.3388671875, 5.961383819580078
v,204.539306640625, 43.404296875, 5.961382865905762
v,204.539306640625, 43.404296875, 5.961382865905762
v,205.326416015625, 43.4326171875, 5.961468696594238
v,205.326416015625, 43.4326171875, 6.187944412231445
v,204.539306640625, 43.404296875, 6.187858581542969
v,205.326416015625, 43.4326171875, 5.961468696594238
v,205.36865234375, 43.3759765625, 5.96147346496582
v,205.36865234375, 43.3759765625, 5.921506881713867
v,206.577392578125, 41.7626953125, 5.921648025512695
v,206.577392578125, 41.7626953125, 6.188089370727539
v,205.326416015625, 43.4326171875, 6.187944412231445
v,206.1728515625, 41.1435546875, 6.188048362731934
v,206.37744140625, 41.3896484375, 6.1880693435668945
v,206.377685546875, 41.3896484375, 5.921627998352051
v,206.1728515625, 41.1435546875, 5.92160701751709
v,205.676513671875, 40.75, 6.187996864318848
v,206.1728515625, 41.1435546875, 6.188048362731934
v,206.1728515625, 41.1435546875, 5.92160701751709
v,205.676513671875, 40.75, 5.9215545654296875
v,205.36328125, 40.611328125, 6.187963485717773
v,205.676513671875, 40.75, 6.187996864318848
v,205.676513671875, 40.75, 5.9215545654296875
v,205.5078125, 40.6748046875, 5.921536445617676
v,205.363525390625, 40.611328125, 5.921521186828613
v,204.697265625, 40.58203125, 6.187891006469727
v,205.36328125, 40.611328125, 6.187963485717773
v,205.363525390625, 40.611328125, 5.921521186828613
v,205.135986328125, 40.6005859375, 5.921497344970703
v,205.135986328125, 40.6005859375, 5.933709144592285
v,204.697265625, 40.58203125, 5.933660507202148
v,204.442138671875, 43.94140625, 5.961370468139648
v,205.05908203125, 43.9609375, 5.961437225341797
v,205.06005859375, 43.9609375, -0.6523146629333496
v,204.442626953125, 43.94140625, -0.6523818969726562
v,205.334228515625, 43.5, 5.961468696594238
v,205.3349609375, 43.5, -0.6522831916809082
v,205.06005859375, 43.9609375, -0.6523146629333496
v,205.05908203125, 43.9609375, 5.961437225341797
v,204.48486328125, 43.46875, -0.6523752212524414
v,204.48388671875, 43.46875, 5.961376190185547
v,204.442138671875, 43.94140625, 5.961370468139648
v,204.442626953125, 43.94140625, -0.6523818969726562
v,205.06787109375, 43.36328125, 5.961440086364746
v,205.06787109375, 43.36328125, 5.921474456787109
v,205.36181640625, 43.3759765625, 5.921505928039551
v,205.36865234375, 43.3759765625, 5.921506881713867
v,205.36865234375, 43.3759765625, 5.96147346496582
v,204.546630859375, 43.3388671875, 5.921417236328125
v,204.546630859375, 43.3388671875, 5.961383819580078
v,204.54296875, 43.3388671875, 5.961383819580078
v,204.54296875, 43.3388671875, 5.921417236328125
v,204.545166015625, 43.3583984375, 5.961383819580078
v,204.546630859375, 43.3388671875, 5.961383819580078
v,204.546630859375, 43.3388671875, 5.921417236328125
v,204.59619140625, 42.517578125, 5.921426773071289
v,204.59619140625, 42.517578125, 6.143461227416992
v,204.545166015625, 43.3583984375, 6.1434526443481445
v,204.59619140625, 42.517578125, 6.143461227416992
v,204.59619140625, 42.517578125, 5.921426773071289
v,205.11669921875, 42.548828125, 5.921483993530273
v,205.11669921875, 42.548828125, 6.143518447875977
v,205.066162109375, 43.390625, 5.961440086364746
v,204.545166015625, 43.3583984375, 5.961383819580078
v,204.545166015625, 43.3583984375, 6.1434526443481445
v,205.066162109375, 43.390625, 6.1435089111328125
v,205.066162109375, 43.390625, 6.1435089111328125
v,205.11669921875, 42.548828125, 6.143518447875977
v,205.11669921875, 42.548828125, 5.921483993530273
v,205.06787109375, 43.36328125, 5.921474456787109
v,205.06787109375, 43.36328125, 5.961440086364746
v,205.066162109375, 43.390625, 5.961440086364746
v,204.9951171875, 41.51171875, 5.921476364135742
v,205.461181640625, 41.537109375, 5.921526908874512
v,205.461181640625, 41.537109375, 6.607614517211914
v,204.9951171875, 41.51171875, 6.6075639724731445
v,204.958740234375, 42.1826171875, 6.607556343078613
v,204.958740234375, 42.1826171875, 5.921468734741211
v,204.9951171875, 41.51171875, 5.921476364135742
v,204.9951171875, 41.51171875, 6.6075639724731445
v,205.425048828125, 42.2080078125, 6.607606887817383
v,205.425048828125, 42.2080078125, 5.9215192794799805
v,205.13818359375, 42.1923828125, 5.921487808227539
v,204.958740234375, 42.1826171875, 5.921468734741211
v,204.958740234375, 42.1826171875, 6.607556343078613
v,205.461181640625, 41.537109375, 6.607614517211914
v,205.461181640625, 41.537109375, 5.921526908874512
v,205.425048828125, 42.2080078125, 5.9215192794799805
v,205.425048828125, 42.2080078125, 6.607606887817383
i,0,2,3
i,14,17,4
i,23,24,27
i,34,35,30
i,37,39,36
i,40,41,42
i,48,49,43
i,54,59,63
i,70,71,68
i,76,77,78
i,79,80,85
i,90,92,89
i,94,95,99
i,101,103,104
i,105,107,108
i,109,111,112
i,114,116,113
i,117,119,120
i,125,126,121
i,130,132,129
i,134,136,133
i,138,140,137
i,141,142,146
i,149,150,153
i,157,159,160
i,162,164,161
i,166,168,165
i,170,172,169
i,173,175,176
i,178,179,183
i,186,188,185
i,190,192,189
i,193,195,196
i,198,200,203
i,206,208,205
i,213,214,210
i,215,217,218
i,219,221,222
i,224,225,226
i,230,231,232
i,235,237,234
i,239,241,238
i,242,244,245
i,248,249,250
i,252,254,251
i,259,260,256
i,261,263,264
i,265,267,268
i,271,272,273
i,276,278,275
i,279,281,282
i,285,286,287
i,289,291,288
i,0,1,2
i,4,5,6
i,7,8,10
i,8,9,10
i,4,6,7
i,18,19,4
i,15,16,17
i,17,18,4
i,4,7,12
i,11,7,10
i,11,12,7
i,12,13,14
i,14,15,17
i,12,14,4
i,27,20,22
i,20,21,22
i,25,26,24
i,26,27,24
i,27,22,23
i,35,28,29
i,29,30,35
i,30,31,33
i,34,30,33
i,31,32,33
i,37,38,39
i,44,45,46
i,49,50,52
i,50,51,52
i,44,46,47
i,49,52,43
i,43,44,48
i,44,47,48
i,64,53,63
i,53,54,63
i,54,55,59
i,55,56,59
i,56,57,59
i,57,58,59
i,61,62,60
i,62,63,60
i,59,60,63
i,73,65,67
i,65,66,67
i,67,68,73
i,68,69,70
i,73,68,72
i,71,72,68
i,78,74,76
i,74,75,76
i,81,82,84
i,82,83,84
i,84,85,80
i,81,84,80
i,86,87,79
i,87,88,79
i,86,79,85
i,90,91,92
i,100,93,94
i,95,96,98
i,96,97,98
i,99,100,94
i,95,98,99
i,101,102,103
i,105,106,107
i,109,110,111
i,114,115,116
i,117,118,119
i,122,123,125
i,123,124,125
i,127,128,126
i,128,121,126
i,122,125,121
i,130,131,132
i,134,135,136
i,138,139,140
i,142,143,145
i,143,144,145
i,147,148,146
i,148,141,146
i,142,145,146
i,150,151,152
i,154,155,149
i,155,156,149
i,150,152,153
i,154,149,153
i,157,158,159
i,162,163,164
i,166,167,168
i,170,171,172
i,173,174,175
i,184,177,183
i,177,178,183
i,179,180,182
i,180,181,182
i,179,182,183
i,186,187,188
i,190,191,192
i,193,194,195
i,204,197,203
i,197,198,203
i,198,199,200
i,200,201,202
i,200,202,203
i,206,207,208
i,214,209,210
i,210,211,212
i,212,213,210
i,215,216,217
i,219,220,221
i,227,223,226
i,223,224,226
i,233,228,232
i,228,229,232
i,229,230,232
i,235,236,237
i,239,240,241
i,242,243,244
i,250,246,248
i,246,247,248
i,252,253,254
i,260,255,256
i,256,257,258
i,258,259,256
i,261,262,263
i,265,266,267
i,274,269,273
i,269,270,273
i,270,271,273
i,276,277,278
i,279,280,281
i,287,283,285
i,283,284,285
i,289,290,291
n,-3.9704177379608154, 2.1260204315185547, -0.0032311324030160904
n,0.0004912252770736814, -2.4885386665118858e-05, -4.50379753112793
n,0.0005045448779128492, -4.0129456465365365e-05, -4.50379753112793
n,-0.0005003632977604866, 4.040468411403708e-05, 4.50379753112793
n,-0.0004918003105558455, 3.7108729884494096e-05, 4.50379753112793
n,-0.0004945037653669715, -2.7472429792396724e-05, 4.50379753112793
n,-0.0004898830666206777, 5.911054904572666e-05, 4.50379753112793
n,-0.0004892139113508165, 2.5913370336638764e-05, 4.50379753112793
n,-0.0004958161734975874, 2.4317034331033938e-05, 4.50379753112793
n,-0.0004933130112476647, 2.3799762857379392e-05, 4.50379753112793
n,-0.0005300312186591327, 3.8638234400423244e-05, 4.50379753112793
n,-0.0004887771792709827, 1.3218676940596197e-05, 4.50379753112793
n,-0.0004910752177238464, 4.70083650725428e-05, 4.50379753112793
n,-0.000492341467179358, 2.0077995941392146e-05, 4.50379753112793
n,-0.0004925213288515806, 2.457544360368047e-05, 4.50379753112793
n,3.6359639167785645, 2.657810926437378, 0.0005326119135133922
n,2.119434118270874, -3.9739389419555664, 0.00020697599393315613
n,0.4301585555076599, -4.483208179473877, 4.2007672163890675e-05
n,4.455394268035889, -0.6585246920585632, 0.00043509708484634757
n,1.8586230278015137, -4.102403163909912, 0.00018357441877014935
n,-4.499963760375977, -0.1857970505952835, -0.0005926095182076097
n,-0.11561497300863266, 4.502313613891602, 0.0
n,3.4546616077423096, -2.8895514011383057, 0.00043804236338473856
n,-0.16524824500083923, 4.500751495361328, -0.010916636325418949
n,3.6047704219818115, 2.699967622756958, 0.0004570757446344942
n,3.967054605484009, -2.1322920322418213, 0.0005030125030316412
n,2.802485227584839, -3.52565860748291, 0.0004881044733338058
n,1.8091603517532349, -4.124455451965332, 0.0
n,0.15655913949012756, -4.501075267791748, 2.7267671612207778e-05
n,0.2098008692264557, -4.498905181884766, -0.005229440983384848
n,-4.496759414672852, -0.25168922543525696, -0.0004276332911103964
n,2.801752805709839, -3.526240587234497, 0.0
n,1.8091604709625244, -4.124455451965332, 0.00033976114355027676
n,4.496753692626953, 0.25178924202919006, 6.047415445209481e-05
n,0.16362126171588898, -4.500824451446533, 0.0
n,-3.605058193206787, -2.699582099914551, 0.0024031715001910925
n,-3.4574081897735596, 2.8862640857696533, 0.0
n,-2.7991905212402344, 3.5282747745513916, 0.0
n,-1.8389663696289062, 4.111252307891846, 0.0
n,-0.20567308366298676, 4.499098777770996, 0.0
n,-0.14551407098770142, 4.50144624710083, -1.431197324563982e-05
n,3.868215560913086, 2.306750774383545, 0.000380456680431962
n,-4.486069202423096, -0.39921900629997253, -0.0004412253911141306
n,0.0, -4.50379753112793, 0.0
n,0.0, -4.50379753112793, 0.0
n,-4.495541095733643, -0.27256250381469727, -0.0035581965930759907
n,0.2697427570819855, -4.4957122802734375, 0.0
n,-0.27697765827178955, 4.495272636413574, 0.0
n,4.4957380294799805, 0.26931339502334595, 0.0
n,0.2427552491426468, -4.497250556945801, 0.0
n,-4.497181415557861, -0.244033083319664, 0.0
n,-0.23928318917751312, 4.4974365234375, 0.0
n,4.497259616851807, 0.2425847351551056, 0.0
n,-3.9694583415985107, 2.127814531326294, 0.0
n,0.0004887288087047637, -1.7033855328918435e-05, -4.50379753112793
n,0.0005401344387792051, 7.653665257123521e-09, -4.50379753112793
n,0.0004899107152596116, -2.5089011614909396e-05, -4.50379753112793
n,0.0004897359758615494, -1.8209937479696237e-05, -4.50379753112793
n,0.0005026559811085463, -2.4133532861014828e-05, -4.50379753112793
n,0.0004905150854028761, -3.1409639632329345e-05, -4.50379753112793
n,0.0005185377085581422, -2.3326167138293386e-05, -4.50379753112793
n,0.0004899994819425046, -2.538467015256174e-05, -4.50379753112793
n,0.0004934057942591608, -2.3889801013865508e-05, -4.50379753112793
n,0.000488974095787853, -2.5522112991893664e-05, -4.50379753112793
n,0.0004526339180301875, 6.833596125943586e-05, -4.50379753112793
n,0.000491383601911366, -2.8250995455891825e-05, -4.50379753112793
n,0.0004909318522550166, -2.4972690880531445e-05, -4.50379753112793
n,0.0005006503779441118, -3.7740173866041005e-05, -4.50379753112793
n,0.0004596004728227854, -1.879407136584632e-05, -4.50379753112793
n,0.0004959653015248477, -3.186750109307468e-05, -4.50379753112793
n,0.0004955922486260533, -3.299040690762922e-05, -4.50379753112793
n,0.0005002989200875163, -4.1002458601724356e-05, -4.50379753112793
n,-0.00045557430712506175, 1.6935848179855384e-05, 4.50379753112793
n,-0.0005006503779441118, 3.7740173866041005e-05, 4.50379753112793
n,-0.0004955922486260533, 3.299040690762922e-05, 4.50379753112793
n,-0.0005039579118601978, 3.966140138800256e-05, 4.50379753112793
n,-0.0004961132071912289, 3.142236892017536e-05, 4.50379753112793
n,-0.0004922281950712204, 3.555260627763346e-05, 4.50379753112793
n,-0.0004917540354654193, 6.568098615389317e-05, 4.50379753112793
n,-0.00048487636377103627, 5.8427322073839605e-06, 4.50379753112793
n,-0.0004929137649014592, 4.006567542091943e-05, 4.50379753112793
n,-0.000490755308419466, 5.7178622228093445e-05, 4.50379753112793
n,-0.000492689257953316, 4.021484073746251e-06, 4.50379753112793
n,-0.00045331745059229434, 2.5972958610509522e-05, 4.50379753112793
n,-0.0005213089170865715, 2.373478673689533e-05, 4.50379753112793
n,0.0, 5.108831828692928e-05, 4.50379753112793
n,2.7670637791743502e-05, 5.2885305194649845e-05, 4.50379753112793
n,-0.0004959304933436215, 2.8086929887649603e-05, 4.50379753112793
n,-0.0004872460849583149, 2.9428871130221523e-05, 4.50379753112793
n,-0.0004888367257080972, 2.8777978513971902e-05, 4.50379753112793
n,-0.0004926230176351964, 2.6459145374246873e-05, 4.50379753112793
n,-0.0004905593232251704, 2.396558556938544e-05, 4.50379753112793
n,-0.0004926282563246787, 2.4857879907358438e-05, 4.50379753112793
n,-0.0004930631257593632, 2.4386959921685047e-05, 4.50379753112793
n,-0.0004946797271259129, 2.184200093324762e-05, 4.50379753112793
n,-0.0005675147986039519, 1.8327315046917647e-05, 4.50379753112793
n,-0.000493645784445107, 2.4514789402019233e-05, 4.50379753112793
n,-0.0004868490796070546, 2.677136944839731e-05, 4.50379753112793
n,-0.0004923618980683386, 1.815946598071605e-05, 4.50379753112793
n,-0.0004895436577498913, 3.5678200219990686e-05, 4.50379753112793
n,-0.0004950352013111115, 2.2241860278882086e-05, 4.50379753112793
n,-0.0004939884529449046, 2.193161526520271e-05, 4.50379753112793
n,-0.000515766441822052, 5.9151367167942226e-05, 4.50379753112793
n,-0.000500632100738585, 3.547558662830852e-05, 4.50379753112793
n,-0.0005233351257629693, 4.848768003284931e-05, 4.50379753112793
n,-0.0005254007410258055, 4.960628575645387e-05, 4.50379753112793
n,-0.00048693176358938217, 2.952266004285775e-05, 4.50379753112793
n,-0.0004582081746775657, 4.966070264345035e-05, 4.50379753112793
n,-0.00048644610797055066, 2.3226801204145886e-05, 4.50379753112793
n,-0.0004894569865427911, 1.4012481187819503e-05, 4.50379753112793
n,-0.0004962286329828203, 3.5728462535189465e-05, 4.50379753112793
n,-0.00032280656159855425, 4.035082019981928e-05, 4.50379753112793
n,0.0, 0.0, 4.50379753112793
n,-0.0004783668846357614, -3.086237848037854e-05, 4.50379753112793
n,-0.0004918384947814047, 1.8025853933067992e-05, 4.50379753112793
n,-0.0004919806378893554, 2.0332747226348147e-05, 4.50379753112793
n,-0.0004922843654640019, 2.442922050249763e-05, 4.50379753112793
n,3.6347873210906982, 2.6594197750091553, 0.0003549596876837313
n,2.119434118270874, -3.9739389419555664, 0.00020697599393315613
n,0.4301585555076599, -4.483208179473877, 4.2007672163890675e-05
n,4.455911159515381, -0.6550189256668091, 6.208635022630915e-05
n,4.45576810836792, -0.6559881567955017, 0.0
n,4.457536220550537, -0.6438663601875305, 0.0
n,4.455910682678223, -0.6550188660621643, 0.0009872640948742628
n,4.4554219245910645, -0.6583379507064819, 0.0004400578036438674
n,1.8591383695602417, -4.102169990539551, 0.00024483376182615757
n,-4.499878883361816, -0.187835231423378, -0.0004444487567525357
n,-0.11561496555805206, 4.502313613891602, 0.0
n,3.455573797225952, -2.8884599208831787, 7.063490193104371e-05
n,3.4553616046905518, -2.888713836669922, 0.0
n,3.453411817550659, -2.8910446166992188, 0.0006014753598719835
n,3.4541280269622803, -2.8901889324188232, 0.0003806042077485472
n,3.4518208503723145, -2.892943859100342, 0.0005056378431618214
n,0.0, 4.50379753112793, 0.0
n,-0.15914039313793182, 4.500985145568848, -2.0178602426312864e-05
n,-0.15793080627918243, 4.501027584075928, -1.5533216355834156e-05
n,0.0, 4.50379753112793, 0.0
n,-0.16231217980384827, 4.500871658325195, 0.00032339993049390614
n,3.6047701835632324, 2.699967384338379, 0.0004570758028421551
n,3.967054605484009, -2.132291793823242, 0.0005030125030316412
n,2.801752805709839, -3.526240348815918, 0.0
n,1.8101513385772705, -4.124020576477051, 0.00031527134706266224
n,0.15521113574504852, -4.50112247467041, 0.0
n,0.15521110594272614, -4.501121997833252, 0.0
n,0.15626032650470734, -4.501086235046387, 2.934575968538411e-05
n,0.21198658645153046, -4.498805999755859, 2.015952304645907e-05
n,0.211709126830101, -4.498818874359131, 2.091030910378322e-05
n,0.21164372563362122, -4.49882173538208, -4.7502412598987576e-06
n,-4.496759414672852, -0.25168922543525696, -0.00042763332021422684
n,2.801752805709839, -3.526240587234497, 0.0
n,1.810151219367981, -4.124020576477051, 0.0
n,4.496583938598633, 0.25480642914772034, 0.0
n,4.496750354766846, 0.25185394287109375, 0.000850730633828789
n,4.49686336517334, 0.24982576072216034, 0.0
n,4.496753692626953, 0.2517898380756378, 0.0
n,4.496753692626953, 0.2517898380756378, 0.0
n,0.16362126171588898, -4.500824451446533, 0.0
n,-3.6096913814544678, -2.693384885787964, 0.0
n,-3.6048967838287354, -2.699798345565796, 0.0
n,-3.6048965454101562, -2.699798345565796, 0.0
n,-3.4589099884033203, 2.884462594985962, -0.002814866602420807
n,-2.7991905212402344, 3.5282750129699707, 0.0
n,-1.8107352256774902, 4.1237640380859375, -0.0014735792065039277
n,-1.8249253034591675, 4.117490291595459, -0.010655793361365795
n,-0.19572898745536804, 4.499542713165283, 0.0
n,-0.1991909295320511, 4.499386310577393, -0.005986097734421492
n,-0.20568203926086426, 4.499098777770996, -0.00016738436534069479
n,-0.1454630047082901, 4.501447677612305, -1.9075934687862173e-05
n,3.8690154552459717, 2.3054094314575195, 0.0005073804059065878
n,-4.486250400543213, -0.39717721939086914, -0.0005883243284188211
n,0.19464543461799622, -4.499470233917236, -0.03273584321141243
n,0.19908826053142548, -4.49939489364624, 0.0
n,0.0, -4.50379753112793, 0.0
n,-4.493365287780762, -0.30636581778526306, 0.0
n,-4.4955902099609375, -0.2717766761779785, 0.0
n,-4.4955902099609375, -0.2717766761779785, 0.0
n,0.2697427570819855, -4.4957122802734375, 0.0
n,-0.27697765827178955, 4.495272636413574, 0.0
n,4.4944539070129395, 0.2899647653102875, 0.0
n,4.495697498321533, 0.26997363567352295, 0.002964048646390438
n,4.4957380294799805, 0.26931339502334595, 0.0
n,0.2427552491426468, -4.497250556945801, 0.0
n,-4.497181415557861, -0.244033083319664, 0.0
n,-0.2426425814628601, 4.497256755828857, -0.0008805518154986203
n,-0.2447424679994583, 4.497142791748047, 0.0
n,4.497259616851807, 0.2425847351551056, 0.0
u,0.27968600392341614, 0.0025510000996291637, 0
u,0.30442100763320923, 0.03974289819598198, 0
u,0.27968600392341614, 0.03974289819598198, 0
u,0.0, 0.0, 0
u,0.0, 0.0, 0
u,0.0, 0.0, 0
u,0.7295598983764648, 0.18115000426769257, 0
u,0.7279608249664307, 0.09659340232610703, 0
u,0.7390019297599792, 0.19131019711494446, 0
u,0.7515205144882202, 0.3874000906944275, 0
u,0.7293816804885864, 0.3987782895565033, 0
u,0.7466540932655334, 0.36156120896339417, 0
u,0.6824826002120972, 0.47989460825920105, 0
u,0.7237017154693604, 0.44642239809036255, 0
u,0.7265021204948425, 0.478620707988739, 0
u,0.6855254769325256, 0.4897992014884949, 0
u,0.7130774855613708, 0.4887827932834625, 0
u,0.6855267882347107, 0.4908880889415741, 0
u,0.8109897971153259, 0.9936224222183228, 0
u,0.8105655908584595, 0.8820446133613586, 0
u,0.8151261806488037, 0.9836447834968567, 0
u,0.6855267882347107, 0.4908880889415741, 0
u,0.7076327204704285, 0.6263275742530823, 0
u,0.6863551139831543, 0.7805361747741699, 0
u,0.7474957704544067, 0.5062580704689026, 0
u,0.7800605893135071, 0.560954213142395, 0
u,0.7369235157966614, 0.6260005235671997, 0
u,0.7190830707550049, 0.7806922793388367, 0
u,0.7191063761711121, 0.7270746827125549, 0
u,0.7371333241462708, 0.7268589735031128, 0
u,0.8699907064437866, 0.6641355752944946, 0
u,0.8484057188034058, 0.7010586857795715, 0
u,0.8456537127494812, 0.6936255097389221, 0
u,0.6828399896621704, 0.9239876866340637, 0
u,0.7207030057907104, 0.9926751852035522, 0
u,0.6819636821746826, 0.9950835108757019, 0
u,0.7354962825775146, 0.911171019077301, 0
u,0.6860613226890564, 0.9138206243515015, 0
u,0.719028115272522, 0.907042384147644, 0
u,0.7190830707550049, 0.7806922793388367, 0
u,0.6862804293632507, 0.9069454073905945, 0
u,0.6863551139831543, 0.7805361747741699, 0
u,0.7371333241462708, 0.7268589735031128, 0
u,0.7076327204704285, 0.6263275742530823, 0
u,0.7369235157966614, 0.6260005235671997, 0
u,0.9000105261802673, 0.6447045803070068, 0
u,0.8797991275787354, 0.10204079747200012, 0
u,0.9000105261802673, 0.10204079747200012, 0
u,0.8797991275787354, 0.10204079747200012, 0
u,0.829857587814331, 0.6447045803070068, 0
u,0.829857587814331, 0.10204079747200012, 0
u,0.8089647889137268, 0.6447045803070068, 0
u,0.829857587814331, 0.10204079747200012, 0
u,0.829857587814331, 0.6447045803070068, 0
u,0.6032819151878357, 0.8244516253471375, 0
u,0.6032819151878357, 0.20737500488758087, 0
u,0.6114646196365356, 0.08226270228624344, 0
u,0.6528748869895935, 0.08226270228624344, 0
u,0.6114646196365356, 0.9974489808082581, 0
u,0.6114646196365356, 0.08226270228624344, 0
u,0.6806787252426147, 0.08226270228624344, 0
u,0.6528748869895935, 0.9974489808082581, 0
u,0.6528748869895935, 0.08226270228624344, 0
u,0.5218783020973206, 0.07397960126399994, 0
u,0.5456411242485046, 0.07555879652500153, 0
u,0.5218783020973206, 0.07555879652500153, 0
u,0.07973639667034149, 0.04827539995312691, 0
u,0.07973639667034149, 1.0, 0
u,0.0747246965765953, 0.221493199467659, 0
u,0.23468710482120514, 0.9684889912605286, 0
u,0.2842184007167816, 0.9684889912605286, 0
u,0.2850959897041321, 1.0, 0
u,0.23324820399284363, 0.04827539995312691, 0
u,0.10725700110197067, 1.0, 0
u,0.10725700110197067, 0.04827539995312691, 0
u,0.10725700110197067, 1.0, 0
u,0.07973639667034149, 0.04827539995312691, 0
u,0.10725700110197067, 0.04827539995312691, 0
u,0.022576000541448593, 0.221493199467659, 0
u,0.060377299785614014, 0.04827539995312691, 0
u,0.060377299785614014, 0.221493199467659, 0
u,0.001461499952711165, 0.221493199467659, 0
u,0.022576000541448593, 0.04827539995312691, 0
u,0.022576000541448593, 0.221493199467659, 0
u,0.0, 0.221493199467659, 0
u,0.001461499952711165, 0.04827539995312691, 0
u,0.001461499952711165, 0.221493199467659, 0
u,0.5007929801940918, 1.0, 0
u,0.4574319124221802, 1.0, 0
u,0.4993315041065216, 0.9646273851394653, 0
u,0.2850959897041321, 1.0, 0
u,0.4574319124221802, 0.04827539995312691, 0
u,0.4574319124221802, 1.0, 0
u,0.7235859036445618, 0.24356140196323395, 0
u,0.7704855799674988, 0.3066163957118988, 0
u,0.7235859036445618, 0.3066163957118988, 0
u,0.7235859036445618, 0.3418368101119995, 0
u,0.7704855799674988, 0.3066163957118988, 0
u,0.7704855799674988, 0.3418368101119995, 0
u,0.16507349908351898, 0.0025510000996291637, 0
u,0.1646496057510376, 0.03803829848766327, 0
u,0.0037996999453753233, 0.034164100885391235, 0
u,0.4263019859790802, 0.034164100885391235, 0
u,0.4723154902458191, 0.0025510000996291637, 0
u,0.4723154902458191, 0.034164100885391235, 0
u,0.30442100763320923, 0.0025510000996291637, 0
u,0.4263019859790802, 0.0025510000996291637, 0
u,0.42219528555870056, 0.034164100885391235, 0
u,0.26105010509490967, 0.0025510000996291637, 0
u,0.27968600392341614, 0.03974289819598198, 0
u,0.26105010509490967, 0.03974289819598198, 0
u,0.22401359677314758, 0.0025510000996291637, 0
u,0.26105010509490967, 0.03974289819598198, 0
u,0.22401359677314758, 0.03974289819598198, 0
u,0.22401359677314758, 0.0025510000996291637, 0
u,0.22401359677314758, 0.03974289819598198, 0
u,0.21324129402637482, 0.03974289819598198, 0
u,0.20402279496192932, 0.03974289819598198, 0
u,0.19071519374847412, 0.03974289819598198, 0
u,0.19071519374847412, 0.03803829848766327, 0
u,0.5338497161865234, 1.0, 0
u,0.5696859955787659, 0.08256349712610245, 0
u,0.5696859955787659, 1.0, 0
u,0.5026680827140808, 0.08256349712610245, 0
u,0.5338497161865234, 1.0, 0
u,0.5026680827140808, 1.0, 0
u,0.5972030758857727, 0.08256349712610245, 0
u,0.5696859955787659, 1.0, 0
u,0.5696859955787659, 0.08256349712610245, 0
u,0.5197805166244507, 0.06887760013341904, 0
u,0.520154595375061, 0.06887760013341904, 0
u,0.520154595375061, 0.07408560067415237, 0
u,0.5039379000663757, 0.06388259679079056, 0
u,0.5037353038787842, 0.05867350101470947, 0
u,0.5039379000663757, 0.05867350101470947, 0
u,0.6575772762298584, 0.04779690131545067, 0
u,0.7072517275810242, 0.04779690131545067, 0
u,0.7061148881912231, 0.07345040142536163, 0
u,0.6575772762298584, 0.04779690131545067, 0
u,0.626835823059082, 0.0790816992521286, 0
u,0.626835823059082, 0.04779690131545067, 0
u,0.5771846771240234, 0.07345040142536163, 0
u,0.5464246869087219, 0.04779690131545067, 0
u,0.5771846771240234, 0.04779690131545067, 0
u,0.626835823059082, 0.0790816992521286, 0
u,0.5787789821624756, 0.0790816992521286, 0
u,0.5787789821624756, 0.07345040142536163, 0
u,0.6819636821746826, 0.24483339488506317, 0
u,0.7224376797676086, 0.31064990162849426, 0
u,0.6819636821746826, 0.31064990162849426, 0
u,0.7224376797676086, 0.4054839015007019, 0
u,0.6819636821746826, 0.31064990162849426, 0
u,0.7224376797676086, 0.31064990162849426, 0
u,0.6819636821746826, 0.10951489955186844, 0
u,0.6819636821746826, 0.0841837003827095, 0
u,0.7224376797676086, 0.0841837003827095, 0
u,0.6819636821746826, 0.24483339488506317, 0
u,0.7224376797676086, 0.15002140402793884, 0
u,0.7224376797676086, 0.24483339488506317, 0
u,0.27968600392341614, 0.0025510000996291637, 0
u,0.30442100763320923, 0.0025510000996291637, 0
u,0.30442100763320923, 0.03974289819598198, 0
u,0.0, 0.0, 0
u,0.0, 0.0, 0
u,0.0, 0.0, 0
u,0.0, 0.0, 0
u,0.0, 0.0, 0
u,0.0, 0.0, 0
u,0.0, 0.0, 0
u,0.0, 0.0, 0
u,0.0, 0.0, 0
u,0.0, 0.0, 0
u,0.0, 0.0, 0
u,0.0, 0.0, 0
u,0.0, 0.0, 0
u,0.0, 0.0, 0
u,0.0, 0.0, 0
u,0.0, 0.0, 0
u,0.0, 0.0, 0
u,0.0, 0.0, 0
u,0.0, 0.0, 0
u,0.0, 0.0, 0
u,0.0, 0.0, 0
u,0.0, 0.0, 0
u,0.0, 0.0, 0
u,0.0, 0.0, 0
u,0.0, 0.0, 0
u,0.0, 0.0, 0
u,0.0, 0.0, 0
u,0.0, 0.0, 0
u,0.0, 0.0, 0
u,0.0, 0.0, 0
u,0.0, 0.0, 0
u,0.0, 0.0, 0
u,0.0, 0.0, 0
u,0.0, 0.0, 0
u,0.0, 0.0, 0
u,0.0, 0.0, 0
u,0.0, 0.0, 0
u,0.0, 0.0, 0
u,0.0, 0.0, 0
u,0.7390019297599792, 0.19131019711494446, 0
u,0.7277203798294067, 0.23724490404129028, 0
u,0.7254021167755127, 0.22737230360507965, 0
u,0.7277203798294067, 0.23724490404129028, 0
u,0.7246531248092651, 0.23011170327663422, 0
u,0.7254021167755127, 0.22737230360507965, 0
u,0.7246531248092651, 0.0654556006193161, 0
u,0.7462096214294434, 0.06515820324420929, 0
u,0.7279608249664307, 0.09659340232610703, 0
u,0.7462096214294434, 0.06515820324420929, 0
u,0.7390019297599792, 0.19131019711494446, 0
u,0.7279608249664307, 0.09659340232610703, 0
u,0.7390019297599792, 0.19131019711494446, 0
u,0.7254021167755127, 0.22737230360507965, 0
u,0.7295598983764648, 0.18115000426769257, 0
u,0.7293816804885864, 0.3987782895565033, 0
u,0.7280697226524353, 0.4008277952671051, 0
u,0.7246531248092651, 0.39243409037590027, 0
u,0.7246531248092651, 0.39243409037590027, 0
u,0.7466540932655334, 0.36156120896339417, 0
u,0.7293816804885864, 0.3987782895565033, 0
u,0.7466540932655334, 0.36156120896339417, 0
u,0.8070762157440186, 0.3418368101119995, 0
u,0.7920199036598206, 0.39177611470222473, 0
u,0.7515205144882202, 0.3874000906944275, 0
u,0.7466540932655334, 0.36156120896339417, 0
u,0.7920199036598206, 0.39177611470222473, 0
u,0.8070762157440186, 0.3418368101119995, 0
u,0.8069338202476501, 0.4008277952671051, 0
u,0.7920199036598206, 0.39177611470222473, 0
u,0.6824826002120972, 0.47989460825920105, 0
u,0.6819636821746826, 0.4081631898880005, 0
u,0.7237017154693604, 0.44642239809036255, 0
u,0.9922652840614319, 0.9836447834968567, 0
u,0.9913074970245361, 0.865641713142395, 0
u,0.9954385161399841, 0.8602257966995239, 0
u,0.8105655908584595, 0.8820446133613586, 0
u,0.8185293078422546, 0.8311535120010376, 0
u,0.8146073818206787, 0.8837471008300781, 0
u,0.8185293078422546, 0.8311535120010376, 0
u,0.8221889138221741, 0.8357791900634766, 0
u,0.8146073818206787, 0.8837471008300781, 0
u,0.9922652840614319, 0.9836447834968567, 0
u,0.9954385161399841, 0.8602257966995239, 0
u,0.9965211749076843, 0.9936224222183228, 0
u,0.8105655908584595, 0.8820446133613586, 0
u,0.8146073818206787, 0.8837471008300781, 0
u,0.8151261806488037, 0.9836447834968567, 0
u,0.8151261806488037, 0.9836447834968567, 0
u,0.9922652840614319, 0.9836447834968567, 0
u,0.8109897971153259, 0.9936224222183228, 0
u,0.9922652840614319, 0.9836447834968567, 0
u,0.9965211749076843, 0.9936224222183228, 0
u,0.8109897971153259, 0.9936224222183228, 0
u,0.686282217502594, 0.9040526747703552, 0
u,0.6860489845275879, 0.904060423374176, 0
u,0.6863551139831543, 0.7805361747741699, 0
u,0.6860489845275879, 0.904060423374176, 0
u,0.6855267882347107, 0.4908880889415741, 0
u,0.6863551139831543, 0.7805361747741699, 0
u,0.6855267882347107, 0.4908880889415741, 0
u,0.7130774855613708, 0.4887827932834625, 0
u,0.7076327204704285, 0.6263275742530823, 0
u,0.7130774855613708, 0.4887827932834625, 0
u,0.7273765206336975, 0.4882552921772003, 0
u,0.7076327204704285, 0.6263275742530823, 0
u,0.7273765206336975, 0.4882552921772003, 0
u,0.7366542816162109, 0.49655699729919434, 0
u,0.7076327204704285, 0.6263275742530823, 0
u,0.7366542816162109, 0.49655699729919434, 0
u,0.7369235157966614, 0.6260005235671997, 0
u,0.7076327204704285, 0.6263275742530823, 0
u,0.7191063761711121, 0.7270746827125549, 0
u,0.7190830707550049, 0.7806922793388367, 0
u,0.7078331708908081, 0.7272096276283264, 0
u,0.7190830707550049, 0.7806922793388367, 0
u,0.6863551139831543, 0.7805361747741699, 0
u,0.7078331708908081, 0.7272096276283264, 0
u,0.7076327204704285, 0.6263275742530823, 0
u,0.7078331708908081, 0.7272096276283264, 0
u,0.6863551139831543, 0.7805361747741699, 0
u,0.8076940774917603, 0.6499546766281128, 0
u,0.7379289865493774, 0.9023693203926086, 0
u,0.7371333241462708, 0.7268589735031128, 0
u,0.7379289865493774, 0.9023693203926086, 0
u,0.73749840259552, 0.9023833274841309, 0
u,0.7371333241462708, 0.7268589735031128, 0
u,0.7371333241462708, 0.7268589735031128, 0
u,0.7369235157966614, 0.6260005235671997, 0
u,0.8076940774917603, 0.6499546766281128, 0
u,0.7369235157966614, 0.6260005235671997, 0
u,0.7366542816162109, 0.49655699729919434, 0
u,0.7474957704544067, 0.5062580704689026, 0
u,0.8076940774917603, 0.6499546766281128, 0
u,0.7369235157966614, 0.6260005235671997, 0
u,0.7937911152839661, 0.5958024263381958, 0
u,0.7800605893135071, 0.560954213142395, 0
u,0.7937911152839661, 0.5958024263381958, 0
u,0.7369235157966614, 0.6260005235671997, 0
u,0.7371333241462708, 0.7268589735031128, 0
u,0.73749840259552, 0.9023833274841309, 0
u,0.7190830707550049, 0.7806922793388367, 0
u,0.73749840259552, 0.9023833274841309, 0
u,0.7190297842025757, 0.9029852747917175, 0
u,0.7190830707550049, 0.7806922793388367, 0
u,0.8348528146743774, 0.7362083792686462, 0
u,0.8143578767776489, 0.8176019787788391, 0
u,0.8315292000770569, 0.7302575707435608, 0
u,0.8143578767776489, 0.8176019787788391, 0
u,0.8105655908584595, 0.813633382320404, 0
u,0.8315292000770569, 0.7302575707435608, 0
u,0.8315292000770569, 0.7302575707435608, 0
u,0.8456537127494812, 0.6936255097389221, 0
u,0.8484057188034058, 0.7010586857795715, 0
u,0.8348528146743774, 0.7362083792686462, 0
u,0.8315292000770569, 0.7302575707435608, 0
u,0.8484057188034058, 0.7010586857795715, 0
u,0.869719386100769, 0.6523175835609436, 0
u,0.9878901243209839, 0.8114734888076782, 0
u,0.8699907064437866, 0.6641355752944946, 0
u,0.9878901243209839, 0.8114734888076782, 0
u,0.9839373230934143, 0.8176019787788391, 0
u,0.8699907064437866, 0.6641355752944946, 0
u,0.869719386100769, 0.6523175835609436, 0
u,0.8699907064437866, 0.6641355752944946, 0
u,0.8456537127494812, 0.6936255097389221, 0
u,0.6828399896621704, 0.9239876866340637, 0
u,0.7362269163131714, 0.9211261868476868, 0
u,0.7207030057907104, 0.9926751852035522, 0
u,0.7190297842025757, 0.9029852747917175, 0
u,0.7379289865493774, 0.9023693203926086, 0
u,0.7354962825775146, 0.911171019077301, 0
u,0.6860613226890564, 0.9138206243515015, 0
u,0.6860489845275879, 0.904060423374176, 0
u,0.6862804293632507, 0.9069454073905945, 0
u,0.6860489845275879, 0.904060423374176, 0
u,0.686282217502594, 0.9040526747703552, 0
u,0.6862804293632507, 0.9069454073905945, 0
u,0.719028115272522, 0.907042384147644, 0
u,0.7190297842025757, 0.9029852747917175, 0
u,0.7354962825775146, 0.911171019077301, 0
u,0.6860613226890564, 0.9138206243515015, 0
u,0.6862804293632507, 0.9069454073905945, 0
u,0.719028115272522, 0.907042384147644, 0
u,0.7190830707550049, 0.7806922793388367, 0
u,0.719028115272522, 0.907042384147644, 0
u,0.6862804293632507, 0.9069454073905945, 0
u,0.7371333241462708, 0.7268589735031128, 0
u,0.7078331708908081, 0.7272096276283264, 0
u,0.7076327204704285, 0.6263275742530823, 0
u,0.9000105261802673, 0.6447045803070068, 0
u,0.8797991275787354, 0.6447045803070068, 0
u,0.8797991275787354, 0.10204079747200012, 0
u,0.8797991275787354, 0.10204079747200012, 0
u,0.8797991275787354, 0.6447045803070068, 0
u,0.829857587814331, 0.6447045803070068, 0
u,0.8089647889137268, 0.6447045803070068, 0
u,0.8089647889137268, 0.10204079747200012, 0
u,0.829857587814331, 0.10204079747200012, 0
u,0.6114646196365356, 0.9974489808082581, 0
u,0.5987192988395691, 0.9974489808082581, 0
u,0.6032819151878357, 0.8244516253471375, 0
u,0.5987192988395691, 0.9974489808082581, 0
u,0.5987192988395691, 0.8244516253471375, 0
u,0.6032819151878357, 0.8244516253471375, 0
u,0.5987192988395691, 0.20737500488758087, 0
u,0.5987192988395691, 0.08226270228624344, 0
u,0.6032819151878357, 0.20737500488758087, 0
u,0.5987192988395691, 0.08226270228624344, 0
u,0.6114646196365356, 0.08226270228624344, 0
u,0.6032819151878357, 0.20737500488758087, 0
u,0.6114646196365356, 0.9974489808082581, 0
u,0.6032819151878357, 0.8244516253471375, 0
u,0.6114646196365356, 0.08226270228624344, 0
u,0.6528748869895935, 0.08226270228624344, 0
u,0.6528748869895935, 0.9974489808082581, 0
u,0.6114646196365356, 0.9974489808082581, 0
u,0.6806787252426147, 0.08226270228624344, 0
u,0.6806787252426147, 0.9974489808082581, 0
u,0.6528748869895935, 0.9974489808082581, 0
u,0.5218783020973206, 0.07397960126399994, 0
u,0.5456411242485046, 0.07397960126399994, 0
u,0.5456411242485046, 0.07555879652500153, 0
u,0.07973639667034149, 1.0, 0
u,0.060377299785614014, 1.0, 0
u,0.0747246965765953, 0.8393557071685791, 0
u,0.060377299785614014, 1.0, 0
u,0.060377299785614014, 0.8393557071685791, 0
u,0.0747246965765953, 0.8393557071685791, 0
u,0.060377299785614014, 0.221493199467659, 0
u,0.060377299785614014, 0.04827539995312691, 0
u,0.0747246965765953, 0.221493199467659, 0
u,0.060377299785614014, 0.04827539995312691, 0
u,0.07973639667034149, 0.04827539995312691, 0
u,0.0747246965765953, 0.221493199467659, 0
u,0.07973639667034149, 1.0, 0
u,0.0747246965765953, 0.8393557071685791, 0
u,0.0747246965765953, 0.221493199467659, 0
u,0.2842184007167816, 0.9684889912605286, 0
u,0.2842184007167816, 0.04827539995312691, 0
u,0.2850959897041321, 0.04827539995312691, 0
u,0.23324820399284363, 1.0, 0
u,0.23324820399284363, 0.04827539995312691, 0
u,0.23468710482120514, 0.9684889912605286, 0
u,0.23324820399284363, 0.04827539995312691, 0
u,0.23468710482120514, 0.04827539995312691, 0
u,0.23468710482120514, 0.9684889912605286, 0
u,0.2842184007167816, 0.9684889912605286, 0
u,0.2850959897041321, 0.04827539995312691, 0
u,0.2850959897041321, 1.0, 0
u,0.23324820399284363, 1.0, 0
u,0.23468710482120514, 0.9684889912605286, 0
u,0.2850959897041321, 1.0, 0
u,0.23324820399284363, 0.04827539995312691, 0
u,0.23324820399284363, 1.0, 0
u,0.10725700110197067, 1.0, 0
u,0.10725700110197067, 1.0, 0
u,0.07973639667034149, 1.0, 0
u,0.07973639667034149, 0.04827539995312691, 0
u,0.022576000541448593, 0.221493199467659, 0
u,0.022576000541448593, 0.04827539995312691, 0
u,0.060377299785614014, 0.04827539995312691, 0
u,0.001461499952711165, 0.221493199467659, 0
u,0.001461499952711165, 0.04827539995312691, 0
u,0.022576000541448593, 0.04827539995312691, 0
u,0.0, 0.221493199467659, 0
u,0.0, 0.04827539995312691, 0
u,0.001461499952711165, 0.04827539995312691, 0
u,0.4993315041065216, 0.8393557071685791, 0
u,0.5007929801940918, 0.8393557071685791, 0
u,0.4993315041065216, 0.9646273851394653, 0
u,0.5007929801940918, 0.8393557071685791, 0
u,0.5007929801940918, 1.0, 0
u,0.4993315041065216, 0.9646273851394653, 0
u,0.4574319124221802, 1.0, 0
u,0.4574319124221802, 0.04827539995312691, 0
u,0.45849838852882385, 0.9646273851394653, 0
u,0.4574319124221802, 0.04827539995312691, 0
u,0.45849838852882385, 0.04827539995312691, 0
u,0.45849838852882385, 0.9646273851394653, 0
u,0.4574319124221802, 1.0, 0
u,0.45849838852882385, 0.9646273851394653, 0
u,0.4993315041065216, 0.9646273851394653, 0
u,0.2850959897041321, 1.0, 0
u,0.2850959897041321, 0.04827539995312691, 0
u,0.4574319124221802, 0.04827539995312691, 0
u,0.7235859036445618, 0.24356140196323395, 0
u,0.7704855799674988, 0.24356140196323395, 0
u,0.7704855799674988, 0.3066163957118988, 0
u,0.7235859036445618, 0.3418368101119995, 0
u,0.7235859036445618, 0.3066163957118988, 0
u,0.7704855799674988, 0.3066163957118988, 0
u,0.0, 0.034164100885391235, 0
u,0.0, 0.0025510000996291637, 0
u,0.0037996999453753233, 0.034164100885391235, 0
u,0.0, 0.0025510000996291637, 0
u,0.16507349908351898, 0.0025510000996291637, 0
u,0.0037996999453753233, 0.034164100885391235, 0
u,0.16507349908351898, 0.0025510000996291637, 0
u,0.16507349908351898, 0.03803829848766327, 0
u,0.1646496057510376, 0.03803829848766327, 0
u,0.1646496057510376, 0.03803829848766327, 0
u,0.1646496057510376, 0.03974289819598198, 0
u,0.0037996999453753233, 0.03974289819598198, 0
u,0.1646496057510376, 0.03803829848766327, 0
u,0.0037996999453753233, 0.03974289819598198, 0
u,0.0037996999453753233, 0.034164100885391235, 0
u,0.4263019859790802, 0.034164100885391235, 0
u,0.4263019859790802, 0.0025510000996291637, 0
u,0.4723154902458191, 0.0025510000996291637, 0
u,0.4263019859790802, 0.0025510000996291637, 0
u,0.4263019859790802, 0.034164100885391235, 0
u,0.42219528555870056, 0.034164100885391235, 0
u,0.42219528555870056, 0.034164100885391235, 0
u,0.42219528555870056, 0.03974289819598198, 0
u,0.30442100763320923, 0.03974289819598198, 0
u,0.30442100763320923, 0.03974289819598198, 0
u,0.30442100763320923, 0.0025510000996291637, 0
u,0.42219528555870056, 0.034164100885391235, 0
u,0.26105010509490967, 0.0025510000996291637, 0
u,0.27968600392341614, 0.0025510000996291637, 0
u,0.27968600392341614, 0.03974289819598198, 0
u,0.22401359677314758, 0.0025510000996291637, 0
u,0.26105010509490967, 0.0025510000996291637, 0
u,0.26105010509490967, 0.03974289819598198, 0
u,0.20402279496192932, 0.03974289819598198, 0
u,0.20402279496192932, 0.0025510000996291637, 0
u,0.21324129402637482, 0.03974289819598198, 0
u,0.20402279496192932, 0.0025510000996291637, 0
u,0.22401359677314758, 0.0025510000996291637, 0
u,0.21324129402637482, 0.03974289819598198, 0
u,0.16507349908351898, 0.03803829848766327, 0
u,0.16507349908351898, 0.0025510000996291637, 0
u,0.19071519374847412, 0.03803829848766327, 0
u,0.16507349908351898, 0.0025510000996291637, 0
u,0.20402279496192932, 0.0025510000996291637, 0
u,0.19071519374847412, 0.03803829848766327, 0
u,0.20402279496192932, 0.0025510000996291637, 0
u,0.20402279496192932, 0.03974289819598198, 0
u,0.19071519374847412, 0.03803829848766327, 0
u,0.5338497161865234, 1.0, 0
u,0.5338497161865234, 0.08256349712610245, 0
u,0.5696859955787659, 0.08256349712610245, 0
u,0.5026680827140808, 0.08256349712610245, 0
u,0.5338497161865234, 0.08256349712610245, 0
u,0.5338497161865234, 1.0, 0
u,0.5972030758857727, 0.08256349712610245, 0
u,0.5972030758857727, 1.0, 0
u,0.5696859955787659, 1.0, 0
u,0.520154595375061, 0.07408560067415237, 0
u,0.5037353038787842, 0.07408560067415237, 0
u,0.5197805166244507, 0.06887760013341904, 0
u,0.5037353038787842, 0.07408560067415237, 0
u,0.5037353038787842, 0.06887760013341904, 0
u,0.5197805166244507, 0.06887760013341904, 0
u,0.5039379000663757, 0.06388259679079056, 0
u,0.5037353038787842, 0.06388259679079056, 0
u,0.5037353038787842, 0.05867350101470947, 0
u,0.7072517275810242, 0.04779690131545067, 0
u,0.7072517275810242, 0.07345040142536163, 0
u,0.7061148881912231, 0.07345040142536163, 0
u,0.7061148881912231, 0.07345040142536163, 0
u,0.7061148881912231, 0.0790816992521286, 0
u,0.6575772762298584, 0.0790816992521286, 0
u,0.6575772762298584, 0.0790816992521286, 0
u,0.6575772762298584, 0.04779690131545067, 0
u,0.7061148881912231, 0.07345040142536163, 0
u,0.6575772762298584, 0.04779690131545067, 0
u,0.6575772762298584, 0.0790816992521286, 0
u,0.626835823059082, 0.0790816992521286, 0
u,0.5771846771240234, 0.07345040142536163, 0
u,0.5464246869087219, 0.07345040142536163, 0
u,0.5464246869087219, 0.04779690131545067, 0
u,0.5771846771240234, 0.07345040142536163, 0
u,0.5771846771240234, 0.04779690131545067, 0
u,0.5787789821624756, 0.07345040142536163, 0
u,0.5771846771240234, 0.04779690131545067, 0
u,0.626835823059082, 0.04779690131545067, 0
u,0.5787789821624756, 0.07345040142536163, 0
u,0.626835823059082, 0.04779690131545067, 0
u,0.626835823059082, 0.0790816992521286, 0
u,0.5787789821624756, 0.07345040142536163, 0
u,0.6819636821746826, 0.24483339488506317, 0
u,0.7224376797676086, 0.24483339488506317, 0
u,0.7224376797676086, 0.31064990162849426, 0
u,0.7224376797676086, 0.4054839015007019, 0
u,0.6819636821746826, 0.4054839015007019, 0
u,0.6819636821746826, 0.31064990162849426, 0
u,0.7224376797676086, 0.0841837003827095, 0
u,0.7224376797676086, 0.15002140402793884, 0
u,0.6819636821746826, 0.10951489955186844, 0
u,0.7224376797676086, 0.15002140402793884, 0
u,0.6819636821746826, 0.15002140402793884, 0
u,0.6819636821746826, 0.10951489955186844, 0
u,0.6819636821746826, 0.24483339488506317, 0
u,0.6819636821746826, 0.15002140402793884, 0
u,0.7224376797676086, 0.15002140402793884, 0
