s,156.547607421875, 87.787109375, 0.026298999786376953
b,162.412353515625, 94.5029296875, 8.120948791503906
v,159.21435546875, 90.21875, 7.742344379425049
v,159.21435546875, 90.21875, 7.797852993011475
v,159.623046875, 90.5595703125, 7.79789400100708
v,159.623046875, 90.5595703125, 7.742385387420654
v,159.2255859375, 90.228515625, 7.742346286773682
v,158.721435546875, 93.7822265625, 0.026481151580810547
v,158.794189453125, 93.8408203125, 0.02648782730102539
v,160.583251953125, 91.6533203125, 0.02655935287475586
v,160.580322265625, 91.6513671875, 0.02655935287475586
v,160.787109375, 91.396484375, 0.026567459106445312
v,160.653076171875, 91.2880859375, 0.026554107666015625
v,161.53759765625, 90.2197265625, 0.026592254638671875
v,161.55712890625, 89.9814453125, 0.026586055755615234
v,162.412353515625, 88.947265625, 0.026624202728271484
v,160.982666015625, 87.7880859375, 0.026481151580810547
v,160.1279296875, 88.7998046875, 0.02644205093383789
v,159.922119140625, 88.8896484375, 0.026428699493408203
v,158.210693359375, 90.9599609375, 0.02635669708251953
v,158.228515625, 90.974609375, 0.026358604431152344
v,157.03857421875, 92.4296875, 0.026311874389648438
v,157.1416015625, 92.51171875, 0.026321887969970703
v,156.5478515625, 93.2255859375, 0.026298999786376953
v,158.123291015625, 94.5029296875, 0.026458263397216797
v,160.18505859375, 88.84765625, 6.782619953155518
v,161.493896484375, 89.9287109375, 6.780824184417725
v,161.474365234375, 90.16796875, 6.482387065887451
v,159.9794921875, 88.9365234375, 6.479832172393799
v,160.127197265625, 88.7998046875, 7.892872333526611
v,160.18505859375, 88.84765625, 7.89279317855835
v,159.9794921875, 88.9365234375, 7.590007305145264
v,159.97314453125, 88.931640625, 7.58999490737915
v,159.921630859375, 88.8896484375, 7.589907169342041
v,161.485595703125, 90.1767578125, 7.592580318450928
v,161.474365234375, 90.16796875, 7.5925612449646
v,161.493896484375, 89.9287109375, 7.8909993171691895
v,161.556640625, 89.98046875, 7.8909125328063965
v,161.537109375, 90.2197265625, 7.592668056488037
v,161.547607421875, 89.88671875, 7.89349889755249
v,162.317626953125, 88.95703125, 7.893533229827881
v,160.990966796875, 87.8798828125, 7.8934006690979
v,160.98193359375, 87.787109375, 7.893397808074951
v,162.411865234375, 88.947265625, 7.8935418128967285
v,161.556640625, 89.98046875, 7.893502712249756
v,160.127197265625, 88.7998046875, 7.8933587074279785
v,160.2216796875, 88.791015625, 7.893365383148193
v,161.547607421875, 89.88671875, 6.783324718475342
v,160.2216796875, 88.791015625, 6.783191204071045
v,160.990966796875, 87.880859375, 6.783226490020752
v,162.317626953125, 88.95703125, 6.783360004425049
v,160.98193359375, 87.787109375, 7.893397808074951
v,160.990966796875, 87.8798828125, 7.8934006690979
v,160.2216796875, 88.791015625, 7.893365383148193
v,160.127197265625, 88.7998046875, 7.8933587074279785
v,158.303466796875, 90.951171875, 6.48668909072876
v,159.97314453125, 88.931640625, 6.486759662628174
v,159.9794921875, 88.9365234375, 6.48676061630249
v,161.474365234375, 90.16796875, 6.486911296844482
v,161.485595703125, 90.1767578125, 6.486912250518799
v,160.600830078125, 91.2470703125, 6.486874103546143
v,160.14501953125, 90.87890625, 6.486828327178955
v,159.525146484375, 91.6416015625, 6.486802577972412
v,159.163330078125, 91.3466796875, 6.486766338348389
v,159.00244140625, 91.544921875, 6.486759662628174
v,158.997802734375, 91.541015625, 6.486759662628174
v,159.809326171875, 90.541015625, 6.486793041229248
v,159.196044921875, 90.029296875, 6.486731052398682
v,158.388916015625, 91.0234375, 6.486697673797607
v,158.3466796875, 91.0751953125, 7.5968708992004395
v,158.210205078125, 90.9599609375, 7.596855640411377
v,159.921630859375, 88.8896484375, 7.59692907333374
v,159.97314453125, 88.931640625, 7.596933841705322
v,158.303466796875, 90.951171875, 7.596864223480225
v,158.388671875, 91.0234375, 7.596872806549072
v,159.35791015625, 91.8466796875, 7.596971035003662
v,159.31591796875, 91.8984375, 7.596969127655029
v,158.955810546875, 91.5927734375, 7.5969319343566895
v,158.99755859375, 91.541015625, 7.596933841705322
v,160.65234375, 91.2880859375, 7.5970540046691895
v,160.6005859375, 91.2470703125, 7.597049236297607
v,161.485595703125, 90.1767578125, 7.597086429595947
v,161.537109375, 90.2197265625, 7.597091197967529
v,159.896240234375, 92.4912109375, 4.965919017791748
v,160.579833984375, 91.650390625, 4.965945720672607
v,160.582763671875, 91.6533203125, 4.965946674346924
v,158.793701171875, 93.83984375, 4.965875148773193
v,157.0380859375, 92.4287109375, 4.965699672698975
v,158.22802734375, 90.974609375, 4.9657464027404785
v,158.346923828125, 91.076171875, 4.965757846832275
v,158.279052734375, 91.1591796875, 4.965754985809326
v,158.892333984375, 91.6708984375, 4.965816974639893
v,158.9560546875, 91.5927734375, 4.965819835662842
v,158.96044921875, 91.595703125, 4.965819835662842
v,158.57470703125, 92.0703125, 4.965804576873779
v,159.088134765625, 92.4873046875, 4.965856075286865
v,158.743896484375, 92.908203125, 4.9658427238464355
v,159.15380859375, 93.2431640625, 4.965883731842041
v,159.817138671875, 92.427734375, 4.9659104347229
v,157.141357421875, 92.51171875, 2.253553867340088
v,158.721435546875, 93.7822265625, 2.2537121772766113
v,158.123046875, 94.5029296875, 2.2536892890930176
v,156.547607421875, 93.2255859375, 2.253530979156494
v,159.35791015625, 91.8466796875, 6.91199254989624
v,159.070068359375, 91.6025390625, 6.911962985992432
v,159.17626953125, 91.4716796875, 6.91196870803833
v,159.468994140625, 91.7109375, 6.911997318267822
v,159.254638671875, 91.974609375, 6.911988735198975
v,159.747802734375, 92.37109375, 6.912038326263428
v,159.140869140625, 93.1181640625, 6.912014484405518
v,158.86865234375, 92.896484375, 6.911986827850342
v,159.213134765625, 92.474609375, 6.912001132965088
v,158.69970703125, 92.0576171875, 6.911947727203369
v,159.02783203125, 91.654296875, 6.911962032318115
v,159.316162109375, 91.8984375, 6.91199254989624
v,159.468994140625, 91.7109375, 6.967505931854248
v,159.17626953125, 91.4716796875, 6.967477321624756
v,159.070068359375, 91.6025390625, 6.967472553253174
v,159.00244140625, 91.544921875, 6.967464923858643
v,159.163330078125, 91.3466796875, 6.967472553253174
v,159.525146484375, 91.6416015625, 6.967507839202881
v,158.74365234375, 92.908203125, 6.967487812042236
v,159.087890625, 92.4873046875, 6.967501163482666
v,158.574462890625, 92.0703125, 6.967448711395264
v,158.960205078125, 91.595703125, 6.967463970184326
v,159.02783203125, 91.654296875, 6.967470645904541
v,158.69970703125, 92.0576171875, 6.967457294464111
v,159.213134765625, 92.474609375, 6.967509746551514
v,158.86865234375, 92.896484375, 6.967495441436768
v,159.140869140625, 93.1181640625, 6.967523097991943
v,159.747802734375, 92.37109375, 6.9675469398498535
v,159.81689453125, 92.427734375, 6.967555522918701
v,159.15380859375, 93.2431640625, 6.967527866363525
v,159.254638671875, 91.974609375, 7.619168758392334
v,160.14501953125, 90.87890625, 7.61920690536499
v,160.78662109375, 91.396484375, 7.6192708015441895
v,159.896240234375, 92.4912109375, 7.619235515594482
v,159.225341796875, 90.228515625, 7.742346286773682
v,159.0634765625, 90.4248046875, 7.742339611053467
v,158.609619140625, 90.974609375, 7.742320537567139
v,158.468994140625, 91.14453125, 7.742313861846924
v,158.465087890625, 91.140625, 7.742313861846924
v,159.214111328125, 90.21875, 7.742344379425049
v,158.9990234375, 91.2880859375, 7.742359638214111
v,159.452880859375, 90.73828125, 7.7423787117004395
v,159.0634765625, 90.4248046875, 7.742339611053467
v,159.225341796875, 90.228515625, 7.742346286773682
v,159.622802734375, 90.5595703125, 7.742385387420654
v,158.8740234375, 91.4814453125, 7.742355823516846
v,158.468994140625, 91.14453125, 7.742313861846924
v,158.609619140625, 90.974609375, 7.742320537567139
v,158.27880859375, 91.1591796875, 7.79780912399292
v,159.19580078125, 90.029296875, 7.79784631729126
v,159.80908203125, 90.541015625, 7.797909259796143
v,159.622802734375, 90.5595703125, 7.79789400100708
v,159.214111328125, 90.21875, 7.797852993011475
v,158.465087890625, 91.140625, 7.79782247543335
v,158.8740234375, 91.4814453125, 7.797865390777588
v,158.89208984375, 91.6708984375, 7.797872066497803
v,158.89208984375, 91.6708984375, 7.797872066497803
v,158.8740234375, 91.4814453125, 7.797865390777588
v,159.622802734375, 90.5595703125, 7.79789400100708
v,159.80908203125, 90.541015625, 7.797909259796143
v,159.0634765625, 90.4248046875, 8.120908737182617
v,159.452880859375, 90.73828125, 8.120948791503906
v,158.9990234375, 91.2880859375, 8.120929718017578
v,158.609375, 90.974609375, 8.120889663696289
v,159.9794921875, 88.9365234375, 6.48676061630249
v,159.9794921875, 88.9365234375, 7.590007305145264
v,160.18505859375, 88.84765625, 7.89279317855835
v,160.18505859375, 88.84765625, 6.782619953155518
v,159.9794921875, 88.9365234375, 6.479832172393799
v,159.97314453125, 88.931640625, 6.486759662628174
v,159.97314453125, 88.931640625, 7.58999490737915
v,159.9794921875, 88.9365234375, 7.590007305145264
v,159.9794921875, 88.9365234375, 6.48676061630249
v,161.493896484375, 89.9287109375, 6.780824184417725
v,161.493896484375, 89.9287109375, 7.8909993171691895
v,161.474365234375, 90.16796875, 7.5925612449646
v,161.474365234375, 90.16796875, 6.486911296844482
v,161.474365234375, 90.16796875, 6.482387065887451
v,161.485595703125, 90.1767578125, 7.592580318450928
v,161.485595703125, 90.1767578125, 6.486912250518799
v,161.474365234375, 90.16796875, 6.486911296844482
v,161.474365234375, 90.16796875, 7.5925612449646
v,160.1279296875, 88.7998046875, 0.02644205093383789
v,160.127197265625, 88.7998046875, 7.892872333526611
v,159.921630859375, 88.8896484375, 7.589907169342041
v,159.922119140625, 88.8896484375, 0.026428699493408203
v,161.537109375, 90.2197265625, 7.592668056488037
v,161.556640625, 89.98046875, 7.8909125328063965
v,161.55712890625, 89.9814453125, 0.026586055755615234
v,161.53759765625, 90.2197265625, 0.026592254638671875
v,161.556640625, 89.98046875, 7.893502712249756
v,162.411865234375, 88.947265625, 7.8935418128967285
v,162.412353515625, 88.947265625, 0.026624202728271484
v,161.55712890625, 89.9814453125, 0.026586055755615234
v,161.556640625, 89.98046875, 7.8909125328063965
v,162.411865234375, 88.947265625, 7.8935418128967285
v,160.98193359375, 87.787109375, 7.893397808074951
v,160.982666015625, 87.7880859375, 0.026481151580810547
v,162.412353515625, 88.947265625, 0.026624202728271484
v,160.98193359375, 87.787109375, 7.893397808074951
v,160.127197265625, 88.7998046875, 7.8933587074279785
v,160.127197265625, 88.7998046875, 7.892872333526611
v,160.1279296875, 88.7998046875, 0.02644205093383789
v,160.982666015625, 87.7880859375, 0.026481151580810547
v,160.127197265625, 88.7998046875, 7.8933587074279785
v,161.556640625, 89.98046875, 7.893502712249756
v,161.556640625, 89.98046875, 7.8909125328063965
v,161.493896484375, 89.9287109375, 7.8909993171691895
v,161.493896484375, 89.9287109375, 6.780824184417725
v,160.18505859375, 88.84765625, 6.782619953155518
v,160.18505859375, 88.84765625, 7.89279317855835
v,160.127197265625, 88.7998046875, 7.892872333526611
v,161.547607421875, 89.88671875, 6.783324718475342
v,161.547607421875, 89.88671875, 7.89349889755249
v,160.2216796875, 88.791015625, 7.893365383148193
v,160.2216796875, 88.791015625, 6.783191204071045
v,162.317626953125, 88.95703125, 6.783360004425049
v,162.317626953125, 88.95703125, 7.893533229827881
v,161.547607421875, 89.88671875, 7.89349889755249
v,161.547607421875, 89.88671875, 6.783324718475342
v,160.990966796875, 87.8798828125, 7.8934006690979
v,162.317626953125, 88.95703125, 7.893533229827881
v,162.317626953125, 88.95703125, 6.783360004425049
v,160.990966796875, 87.880859375, 6.783226490020752
v,160.2216796875, 88.791015625, 7.893365383148193
v,160.990966796875, 87.8798828125, 7.8934006690979
v,160.990966796875, 87.880859375, 6.783226490020752
v,160.2216796875, 88.791015625, 6.783191204071045
v,158.210693359375, 90.9599609375, 0.02635669708251953
v,159.922119140625, 88.8896484375, 0.026428699493408203
v,159.921630859375, 88.8896484375, 7.589907169342041
v,159.921630859375, 88.8896484375, 7.59692907333374
v,158.210205078125, 90.9599609375, 7.596855640411377
v,158.22802734375, 90.974609375, 4.9657464027404785
v,158.228515625, 90.974609375, 0.026358604431152344
v,158.210693359375, 90.9599609375, 0.02635669708251953
v,158.210205078125, 90.9599609375, 7.596855640411377
v,158.3466796875, 91.0751953125, 7.5968708992004395
v,158.346923828125, 91.076171875, 4.965757846832275
v,160.65234375, 91.2880859375, 7.5970540046691895
v,161.537109375, 90.2197265625, 7.597091197967529
v,161.537109375, 90.2197265625, 7.592668056488037
v,161.53759765625, 90.2197265625, 0.026592254638671875
v,160.653076171875, 91.2880859375, 0.026554107666015625
v,159.9794921875, 88.9365234375, 6.48676061630249
v,159.9794921875, 88.9365234375, 6.479832172393799
v,161.474365234375, 90.16796875, 6.482387065887451
v,161.474365234375, 90.16796875, 6.486911296844482
v,161.485595703125, 90.1767578125, 7.592580318450928
v,161.537109375, 90.2197265625, 7.592668056488037
v,161.537109375, 90.2197265625, 7.597091197967529
v,161.485595703125, 90.1767578125, 7.597086429595947
v,159.921630859375, 88.8896484375, 7.589907169342041
v,159.97314453125, 88.931640625, 7.58999490737915
v,159.97314453125, 88.931640625, 7.596933841705322
v,159.921630859375, 88.8896484375, 7.59692907333374
v,159.97314453125, 88.931640625, 6.486759662628174
v,158.303466796875, 90.951171875, 6.48668909072876
v,158.303466796875, 90.951171875, 7.596864223480225
v,159.97314453125, 88.931640625, 7.596933841705322
v,159.97314453125, 88.931640625, 7.58999490737915
v,158.303466796875, 90.951171875, 6.48668909072876
v,158.388916015625, 91.0234375, 6.486697673797607
v,158.388671875, 91.0234375, 7.596872806549072
v,158.303466796875, 90.951171875, 7.596864223480225
v,159.35791015625, 91.8466796875, 6.91199254989624
v,159.35791015625, 91.8466796875, 7.596971035003662
v,158.99755859375, 91.541015625, 7.596933841705322
v,158.997802734375, 91.541015625, 6.486759662628174
v,159.00244140625, 91.544921875, 6.486759662628174
v,159.00244140625, 91.544921875, 6.967464923858643
v,159.070068359375, 91.6025390625, 6.967472553253174
v,159.070068359375, 91.6025390625, 6.911962985992432
v,160.6005859375, 91.2470703125, 7.597049236297607
v,160.600830078125, 91.2470703125, 6.486874103546143
v,161.485595703125, 90.1767578125, 6.486912250518799
v,161.485595703125, 90.1767578125, 7.592580318450928
v,161.485595703125, 90.1767578125, 7.597086429595947
v,158.960205078125, 91.595703125, 6.967463970184326
v,158.96044921875, 91.595703125, 4.965819835662842
v,158.9560546875, 91.5927734375, 4.965819835662842
v,158.955810546875, 91.5927734375, 7.5969319343566895
v,159.31591796875, 91.8984375, 7.596969127655029
v,159.316162109375, 91.8984375, 6.91199254989624
v,159.02783203125, 91.654296875, 6.911962032318115
v,159.02783203125, 91.654296875, 6.967470645904541
v,158.721435546875, 93.7822265625, 2.2537121772766113
v,157.141357421875, 92.51171875, 2.253553867340088
v,157.1416015625, 92.51171875, 0.026321887969970703
v,157.03857421875, 92.4296875, 0.026311874389648438
v,157.0380859375, 92.4287109375, 4.965699672698975
v,158.793701171875, 93.83984375, 4.965875148773193
v,158.794189453125, 93.8408203125, 0.02648782730102539
v,158.721435546875, 93.7822265625, 0.026481151580810547
v,160.582763671875, 91.6533203125, 4.965946674346924
v,160.583251953125, 91.6533203125, 0.02655935287475586
v,158.794189453125, 93.8408203125, 0.02648782730102539
v,158.793701171875, 93.83984375, 4.965875148773193
v,160.579833984375, 91.650390625, 4.965945720672607
v,160.580322265625, 91.6513671875, 0.02655935287475586
v,160.583251953125, 91.6533203125, 0.02655935287475586
v,160.582763671875, 91.6533203125, 4.965946674346924
v,157.03857421875, 92.4296875, 0.026311874389648438
v,158.228515625, 90.974609375, 0.026358604431152344
v,158.22802734375, 90.974609375, 4.9657464027404785
v,157.0380859375, 92.4287109375, 4.965699672698975
v,156.547607421875, 93.2255859375, 2.253530979156494
v,158.123046875, 94.5029296875, 2.2536892890930176
v,158.123291015625, 94.5029296875, 0.026458263397216797
v,156.5478515625, 93.2255859375, 0.026298999786376953
v,158.721435546875, 93.7822265625, 2.2537121772766113
v,158.721435546875, 93.7822265625, 0.026481151580810547
v,158.123291015625, 94.5029296875, 0.026458263397216797
v,158.123046875, 94.5029296875, 2.2536892890930176
v,157.1416015625, 92.51171875, 0.026321887969970703
v,157.141357421875, 92.51171875, 2.253553867340088
v,156.547607421875, 93.2255859375, 2.253530979156494
v,156.5478515625, 93.2255859375, 0.026298999786376953
v,159.468994140625, 91.7109375, 6.967505931854248
v,159.468994140625, 91.7109375, 6.911997318267822
v,159.17626953125, 91.4716796875, 6.91196870803833
v,159.17626953125, 91.4716796875, 6.967477321624756
v,159.070068359375, 91.6025390625, 6.911962985992432
v,159.070068359375, 91.6025390625, 6.967472553253174
v,159.17626953125, 91.4716796875, 6.967477321624756
v,159.17626953125, 91.4716796875, 6.91196870803833
v,158.69970703125, 92.0576171875, 6.967457294464111
v,159.02783203125, 91.654296875, 6.967470645904541
v,159.02783203125, 91.654296875, 6.911962032318115
v,158.69970703125, 92.0576171875, 6.911947727203369
v,159.213134765625, 92.474609375, 6.967509746551514
v,158.69970703125, 92.0576171875, 6.967457294464111
v,158.69970703125, 92.0576171875, 6.911947727203369
v,159.213134765625, 92.474609375, 6.912001132965088
v,158.86865234375, 92.896484375, 6.967495441436768
v,159.213134765625, 92.474609375, 6.967509746551514
v,159.213134765625, 92.474609375, 6.912001132965088
v,158.86865234375, 92.896484375, 6.911986827850342
v,159.140869140625, 93.1181640625, 6.967523097991943
v,158.86865234375, 92.896484375, 6.967495441436768
v,158.86865234375, 92.896484375, 6.911986827850342
v,159.140869140625, 93.1181640625, 6.912014484405518
v,159.747802734375, 92.37109375, 6.9675469398498535
v,159.140869140625, 93.1181640625, 6.967523097991943
v,159.140869140625, 93.1181640625, 6.912014484405518
v,159.747802734375, 92.37109375, 6.912038326263428
v,159.163330078125, 91.3466796875, 6.967472553253174
v,159.00244140625, 91.544921875, 6.967464923858643
v,159.00244140625, 91.544921875, 6.486759662628174
v,159.163330078125, 91.3466796875, 6.486766338348389
v,158.57470703125, 92.0703125, 4.965804576873779
v,158.96044921875, 91.595703125, 4.965819835662842
v,158.960205078125, 91.595703125, 6.967463970184326
v,158.574462890625, 92.0703125, 6.967448711395264
v,159.088134765625, 92.4873046875, 4.965856075286865
v,158.57470703125, 92.0703125, 4.965804576873779
v,158.574462890625, 92.0703125, 6.967448711395264
v,159.087890625, 92.4873046875, 6.967501163482666
v,158.743896484375, 92.908203125, 4.9658427238464355
v,159.088134765625, 92.4873046875, 4.965856075286865
v,159.087890625, 92.4873046875, 6.967501163482666
v,158.74365234375, 92.908203125, 6.967487812042236
v,159.15380859375, 93.2431640625, 4.965883731842041
v,158.743896484375, 92.908203125, 4.9658427238464355
v,158.74365234375, 92.908203125, 6.967487812042236
v,159.15380859375, 93.2431640625, 6.967527866363525
v,159.817138671875, 92.427734375, 4.9659104347229
v,159.15380859375, 93.2431640625, 4.965883731842041
v,159.15380859375, 93.2431640625, 6.967527866363525
v,159.81689453125, 92.427734375, 6.967555522918701
v,159.163330078125, 91.3466796875, 6.967472553253174
v,159.163330078125, 91.3466796875, 6.486766338348389
v,159.525146484375, 91.6416015625, 6.486802577972412
v,159.525146484375, 91.6416015625, 6.967507839202881
v,160.580322265625, 91.6513671875, 0.02655935287475586
v,160.579833984375, 91.650390625, 4.965945720672607
v,159.896240234375, 92.4912109375, 4.965919017791748
v,159.896240234375, 92.4912109375, 7.619235515594482
v,160.78662109375, 91.396484375, 7.6192708015441895
v,160.787109375, 91.396484375, 0.026567459106445312
v,160.6005859375, 91.2470703125, 7.597049236297607
v,160.65234375, 91.2880859375, 7.5970540046691895
v,160.653076171875, 91.2880859375, 0.026554107666015625
v,160.787109375, 91.396484375, 0.026567459106445312
v,160.78662109375, 91.396484375, 7.6192708015441895
v,160.14501953125, 90.87890625, 7.61920690536499
v,160.14501953125, 90.87890625, 6.486828327178955
v,160.600830078125, 91.2470703125, 6.486874103546143
v,159.254638671875, 91.974609375, 6.911988735198975
v,159.254638671875, 91.974609375, 7.619168758392334
v,159.896240234375, 92.4912109375, 7.619235515594482
v,159.896240234375, 92.4912109375, 4.965919017791748
v,159.817138671875, 92.427734375, 4.9659104347229
v,159.81689453125, 92.427734375, 6.967555522918701
v,159.747802734375, 92.37109375, 6.9675469398498535
v,159.747802734375, 92.37109375, 6.912038326263428
v,159.468994140625, 91.7109375, 6.911997318267822
v,159.468994140625, 91.7109375, 6.967505931854248
v,159.525146484375, 91.6416015625, 6.967507839202881
v,159.525146484375, 91.6416015625, 6.486802577972412
v,160.14501953125, 90.87890625, 6.486828327178955
v,160.14501953125, 90.87890625, 7.61920690536499
v,159.254638671875, 91.974609375, 7.619168758392334
v,159.254638671875, 91.974609375, 6.911988735198975
v,159.316162109375, 91.8984375, 6.91199254989624
v,159.31591796875, 91.8984375, 7.596969127655029
v,159.35791015625, 91.8466796875, 7.596971035003662
v,159.35791015625, 91.8466796875, 6.91199254989624
v,159.19580078125, 90.029296875, 7.79784631729126
v,158.27880859375, 91.1591796875, 7.79780912399292
v,158.279052734375, 91.1591796875, 4.965754985809326
v,158.346923828125, 91.076171875, 4.965757846832275
v,158.3466796875, 91.0751953125, 7.5968708992004395
v,158.388671875, 91.0234375, 7.596872806549072
v,158.388916015625, 91.0234375, 6.486697673797607
v,159.196044921875, 90.029296875, 6.486731052398682
v,158.465087890625, 91.140625, 7.79782247543335
v,159.214111328125, 90.21875, 7.797852993011475
v,159.214111328125, 90.21875, 7.742344379425049
v,158.465087890625, 91.140625, 7.742313861846924
v,158.8740234375, 91.4814453125, 7.742355823516846
v,158.8740234375, 91.4814453125, 7.797865390777588
v,158.465087890625, 91.140625, 7.79782247543335
v,158.465087890625, 91.140625, 7.742313861846924
v,158.468994140625, 91.14453125, 7.742313861846924
v,159.622802734375, 90.5595703125, 7.742385387420654
v,159.622802734375, 90.5595703125, 7.79789400100708
v,158.8740234375, 91.4814453125, 7.797865390777588
v,158.8740234375, 91.4814453125, 7.742355823516846
v,158.89208984375, 91.6708984375, 7.797872066497803
v,158.892333984375, 91.6708984375, 4.965816974639893
v,158.279052734375, 91.1591796875, 4.965754985809326
v,158.27880859375, 91.1591796875, 7.79780912399292
v,159.809326171875, 90.541015625, 6.486793041229248
v,158.997802734375, 91.541015625, 6.486759662628174
v,158.99755859375, 91.541015625, 7.596933841705322
v,158.955810546875, 91.5927734375, 7.5969319343566895
v,158.9560546875, 91.5927734375, 4.965819835662842
v,158.892333984375, 91.6708984375, 4.965816974639893
v,158.89208984375, 91.6708984375, 7.797872066497803
v,159.80908203125, 90.541015625, 7.797909259796143
v,159.19580078125, 90.029296875, 7.79784631729126
v,159.196044921875, 90.029296875, 6.486731052398682
v,159.809326171875, 90.541015625, 6.486793041229248
v,159.80908203125, 90.541015625, 7.797909259796143
v,158.9990234375, 91.2880859375, 7.742359638214111
v,158.609619140625, 90.974609375, 7.742320537567139
v,158.609375, 90.974609375, 8.120889663696289
v,158.9990234375, 91.2880859375, 8.120929718017578
v,159.452880859375, 90.73828125, 8.120948791503906
v,159.452880859375, 90.73828125, 7.7423787117004395
v,158.9990234375, 91.2880859375, 7.742359638214111
v,158.9990234375, 91.2880859375, 8.120929718017578
v,159.0634765625, 90.4248046875, 8.120908737182617
v,159.0634765625, 90.4248046875, 7.742339611053467
v,159.452880859375, 90.73828125, 7.7423787117004395
v,159.452880859375, 90.73828125, 8.120948791503906
v,158.609375, 90.974609375, 8.120889663696289
v,158.609619140625, 90.974609375, 7.742320537567139
v,159.0634765625, 90.4248046875, 7.742339611053467
v,159.0634765625, 90.4248046875, 8.120908737182617
i,2,3,4
i,16,18,10
i,24,26,23
i,30,27,29
i,33,34,35
i,38,41,42
i,45,47,48
i,49,51,52
i,59,61,64
i,69,70,71
i,73,75,76
i,77,79,80
i,92,94,85
i,97,99,100
i,102,104,101
i,105,106,109
i,114,116,117
i,119,126,130
i,132,134,131
i,140,137,139
i,142,145,146
i,154,155,149
i,158,160,157
i,161,163,164
i,168,169,165
i,171,173,170
i,177,174,176
i,180,182,179
i,183,185,186
i,187,189,190
i,193,194,195
i,196,198,199
i,202,203,204
i,206,208,211
i,213,215,216
i,217,219,220
i,222,224,221
i,225,227,228
i,231,232,233
i,234,236,237
i,242,243,244
i,245,247,248
i,250,252,249
i,254,256,253
i,259,260,261
i,263,265,262
i,267,268,272
i,275,276,277
i,279,282,286
i,288,291,292
i,296,298,295
i,300,302,299
i,304,306,303
i,308,310,307
i,312,314,311
i,316,318,315
i,320,322,319
i,324,326,323
i,327,329,330
i,332,334,331
i,335,337,338
i,340,342,339
i,344,346,343
i,348,350,347
i,351,353,354
i,356,358,355
i,360,362,359
i,363,365,366
i,367,369,370
i,371,373,374
i,376,378,379
i,381,382,385
i,390,391,395
i,407,402,403
i,410,413,414
i,417,419,420
i,423,424,425
i,426,428,429
i,430,432,433
i,436,437,440
i,442,444,445
i,446,448,449
i,451,453,450
i,454,456,457
i,458,460,461
i,4,0,1
i,1,2,4
i,5,6,8
i,6,7,8
i,8,9,10
i,21,22,20
i,22,5,20
i,18,19,20
i,5,8,18
i,8,10,18
i,10,11,16
i,11,12,16
i,16,12,15
i,12,13,14
i,16,17,18
i,12,14,15
i,18,20,5
i,24,25,26
i,31,27,30
i,27,28,29
i,36,32,35
i,32,33,35
i,38,39,40
i,42,43,44
i,42,44,37
i,38,40,41
i,42,37,38
i,45,46,47
i,49,50,51
i,66,53,65
i,53,54,65
i,55,56,64
i,56,57,58
i,64,56,59
i,54,55,65
i,56,58,59
i,59,60,61
i,64,65,55
i,62,63,61
i,63,64,61
i,72,67,71
i,67,68,71
i,68,69,71
i,73,74,75
i,77,78,79
i,81,82,83
i,84,85,94
i,85,86,88
i,86,87,88
i,89,90,91
i,85,88,92
i,89,91,92
i,81,83,84
i,95,96,81
i,92,93,94
i,95,81,84
i,94,95,84
i,88,89,92
i,97,98,99
i,102,103,104
i,106,107,109
i,107,108,109
i,109,110,105
i,110,111,105
i,111,112,105
i,118,113,114
i,114,115,116
i,117,118,114
i,121,122,124
i,122,123,124
i,120,121,124
i,127,128,129
i,120,124,125
i,120,125,126
i,127,129,130
i,119,120,126
i,126,127,130
i,132,133,134
i,140,135,136
i,136,137,140
i,137,138,139
i,142,143,144
i,146,147,141
i,147,148,141
i,142,144,145
i,146,141,142
i,150,151,153
i,151,152,153
i,155,156,149
i,150,153,149
i,153,154,149
i,158,159,160
i,161,162,163
i,165,166,168
i,166,167,168
i,171,172,173
i,178,174,177
i,174,175,176
i,180,181,182
i,183,184,185
i,187,188,189
i,195,191,192
i,192,193,195
i,196,197,198
i,204,200,202
i,200,201,202
i,212,205,211
i,205,206,211
i,206,207,208
i,208,209,210
i,208,210,211
i,213,214,215
i,217,218,219
i,222,223,224
i,225,226,227
i,233,229,231
i,229,230,231
i,234,235,236
i,237,238,234
i,238,239,234
i,244,240,242
i,240,241,242
i,245,246,247
i,250,251,252
i,254,255,256
i,261,257,258
i,258,259,261
i,263,264,265
i,273,266,272
i,266,267,272
i,268,269,271
i,269,270,271
i,268,271,272
i,278,274,277
i,274,275,277
i,279,280,281
i,282,283,286
i,283,284,286
i,284,285,286
i,279,281,282
i,288,289,290
i,292,293,287
i,293,294,287
i,288,290,291
i,292,287,288
i,296,297,298
i,300,301,302
i,304,305,306
i,308,309,310
i,312,313,314
i,316,317,318
i,320,321,322
i,324,325,326
i,327,328,329
i,332,333,334
i,335,336,337
i,340,341,342
i,344,345,346
i,348,349,350
i,351,352,353
i,356,357,358
i,360,361,362
i,363,364,365
i,367,368,369
i,371,372,373
i,380,375,376
i,376,377,378
i,379,380,376
i,382,383,384
i,386,387,381
i,387,388,381
i,382,384,385
i,386,381,385
i,396,389,395
i,389,390,395
i,391,392,394
i,392,393,394
i,391,394,395
i,408,397,398
i,399,400,401
i,407,408,398
i,399,401,402
i,407,398,399
i,404,405,406
i,407,399,402
i,403,404,406
i,406,407,403
i,416,409,414
i,409,410,414
i,410,411,413
i,411,412,413
i,414,415,416
i,417,418,419
i,425,421,422
i,422,423,425
i,426,427,428
i,430,431,432
i,441,434,436
i,434,435,436
i,438,439,437
i,439,440,437
i,441,436,440
i,442,443,444
i,446,447,448
i,451,452,453
i,454,455,456
i,458,459,460
n,-2.8838179111480713, 3.459449052810669, 0.0
n,0.0003466408234089613, 0.00012972086551599205, -4.50379753112793
n,-2.392632007598877, 2.899930953979492, 2.4798998832702637
n,-2.399373769760132, 2.8935916423797607, 2.480790853500366
n,-2.374708890914917, 2.912203788757324, 2.482743740081787
n,-0.0004237082612235099, -0.00018090456433128566, 4.50379753112793
n,-0.00035163111169822514, -0.00012297823559492826, 4.50379753112793
n,-0.00033349517616443336, -0.00010816821304615587, 4.50379753112793
n,-0.0003459448926150799, -0.00013070798013359308, 4.50379753112793
n,-0.0003405970928724855, -0.00012671553122345358, 4.50379753112793
n,-0.0003507083165459335, -0.00013541994849219918, 4.50379753112793
n,-0.0003406313480809331, -0.00012493621034082025, 4.50379753112793
n,-0.00033960078144446015, -0.0001363339979434386, 4.50379753112793
n,-0.0003403298615012318, -0.00013876467710360885, 4.50379753112793
n,-0.00035048319841735065, -0.0001176586520159617, 4.50379753112793
n,-0.0003399631241336465, -0.00013499755004886538, 4.50379753112793
n,-0.00036878595710732043, -0.00014548504259437323, 4.50379753112793
n,-0.0003204505192115903, -0.00015446252655237913, 4.50379753112793
n,-0.00035491902963258326, -0.00013523503730539232, 4.50379753112793
n,-0.0006133897695690393, -0.0003494626434985548, 4.50379753112793
n,-0.00021654115698765963, -3.522403130773455e-05, 4.50379753112793
n,-0.00034225749550387263, -0.00014895056665409356, 4.50379753112793
n,-0.0003413200320210308, -0.00012852383952122182, 4.50379753112793
n,-0.00034426944330334663, -0.0001316463458351791, 4.50379753112793
n,1.7951443195343018, 4.130574703216553, 0.0
n,-2.8714759349823, 3.4697000980377197, 0.0
n,-4.488798141479492, -0.3672652840614319, 0.0
n,-2.9420297145843506, 3.410080909729004, -0.0005769568961113691
n,-1.7935529947280884, -4.131266117095947, -0.00010283567098667845
n,4.488798141479492, 0.3672653138637543, 0.0002572826633695513
n,3.4700326919555664, 2.8710737228393555, 0.000507986347656697
n,2.8369851112365723, -3.497958183288574, 0.00023458211217075586
n,-3.4409871101379395, -2.9058210849761963, -0.00028454294078983366
n,-2.822843551635742, 3.4178221225738525, 0.7963911890983582
n,2.86826753616333, -3.4723525047302246, 0.0
n,-3.4687817096710205, -2.872584819793701, 0.0
n,-2.838791608810425, 3.496490478515625, 0.0027316331397742033
n,3.440497636795044, 2.9064013957977295, 0.0
n,-3.4712696075439453, -2.8695778846740723, 0.0
n,-2.889423131942749, 3.454768419265747, -0.00016551515727769583
n,3.4694736003875732, 2.8717496395111084, 0.0001988584263017401
n,2.862424850463867, -3.477170705795288, 0.0
n,2.8630967140197754, -3.4766173362731934, 0.0
n,2.870276927947998, -3.4706919193267822, 0.0
n,3.470886707305908, 2.870041608810425, 0.0
n,2.9224278926849365, -3.426894426345825, 0.0
n,2.9160377979278564, -3.4323337078094482, -0.00028455426217988133
n,-3.469926357269287, -2.871202230453491, -0.0006804820150136948
n,-2.9346377849578857, 3.4164438247680664, -0.0023989633191376925
n,-2.8215291500091553, 3.5104362964630127, 0.0003965240903198719
n,3.4856696128845215, 2.8520686626434326, 0.00030590881942771375
n,2.931032657623291, -3.4195377826690674, -0.00034311326453462243
n,-3.4866724014282227, -2.8508429527282715, -0.000806707248557359
n,-2.835526704788208, 3.4991397857666016, -0.0002760511124506593
n,3.4650344848632812, 2.8771042823791504, 0.0
n,-3.46267032623291, -2.879948854446411, -0.00033710632123984396
n,-2.851130962371826, 3.4864373207092285, 0.0
n,3.497584819793701, 2.837444543838501, 0.0
n,3.492931604385376, 2.8431711196899414, 0.0
n,2.840061664581299, -3.495460271835327, 0.0
n,3.487105369567871, 2.850313901901245, 0.0
n,2.845916748046875, -3.490694761276245, 0.0
n,-3.4950878620147705, -2.840520143508911, 0.0
n,-3.4977948665618896, -2.8371851444244385, 0.0
n,-3.49448299407959, -2.841264009475708, -0.00037854479160159826
n,-2.840061664581299, 3.4954605102539062, -0.0003076535649597645
n,-3.4851064682006836, -2.852757453918457, -0.00037752892239950597
n,-2.848457098007202, 3.4886221885681152, -0.0003085631469730288
n,3.493640661239624, 2.842299461364746, 0.00037845337647013366
n,2.8460447788238525, -3.4905900955200195, 0.0
n,3.493596315383911, 2.842353582382202, -0.0001350578386336565
n,2.8200466632843018, -3.5103821754455566, 0.09351971000432968
n,-2.8262038230895996, 3.506674289703369, -0.0008520050905644894
n,-3.494677782058716, -2.8402881622314453, 0.06469178944826126
n,-3.4791269302368164, -2.859959363937378, 0.0223346296697855
n,3.4953596591949463, 2.8401854038238525, 0.0
n,2.9921603202819824, -3.366180419921875, 0.0
n,-3.495762348175049, -2.8396899700164795, 0.0
n,-2.8850643634796143, 3.4584097862243652, -0.00022088956029620022
n,3.5097148418426514, 2.8223960399627686, 0.013255315832793713
n,2.885063886642456, -3.4584097862243652, 0.0004771285457536578
n,-2.8258585929870605, 3.5069527626037598, 0.0
n,3.4735710620880127, 2.8667917251586914, 0.0
n,2.8268120288848877, -3.5061838626861572, 0.0
n,-3.4728987216949463, -2.8676064014434814, 0.0
n,-2.9091930389404297, 3.4381370544433594, 0.0
n,-2.884519338607788, 3.4588534832000732, 0.008572678081691265
n,0.0003242101811338216, 0.00011813696619356051, -4.50379753112793
n,5.704723298549652e-05, -9.983265772461891e-05, -4.50379753112793
n,0.00034806865733116865, 0.00013276183744892478, -4.50379753112793
n,0.00034177632187493145, 0.00013996768393553793, -4.50379753112793
n,0.00034116284223273396, 0.0001402702764607966, -4.50379753112793
n,0.0003384190204087645, 0.00013254334044177085, -4.50379753112793
n,0.00034514229628257453, 0.00013640140241477638, -4.50379753112793
n,0.0003462931199464947, 0.00013240586849860847, -4.50379753112793
n,0.0003496871213428676, 0.00012879271525889635, -4.50379753112793
n,0.0003406025643926114, 0.00013982267410028726, -4.50379753112793
n,0.0003507327928673476, 0.00012465551844798028, -4.50379753112793
n,0.0003504162305034697, 0.00012389030598569661, -4.50379753112793
n,0.0003316327347420156, 0.00011752991122193635, -4.50379753112793
n,0.00035162747371941805, 0.00012357313244137913, -4.50379753112793
n,0.00034412890090607107, 0.00013657938688993454, -4.50379753112793
n,-2.393510103225708, 2.9024083614349365, 2.476151704788208
n,-2.398176908493042, 2.8946945667266846, 2.4806621074676514
n,-2.3938636779785156, 2.898538589477539, 2.480339288711548
n,-2.391242027282715, 2.8985047340393066, 2.4829070568084717
n,-2.4632489681243896, 2.850308418273926, 2.468266248703003
n,-0.0003415966930333525, -0.0001316971320193261, 4.50379753112793
n,-0.0003365886223036796, -0.00014180949074216187, 4.50379753112793
n,-0.00034715133369900286, -0.00012995053839404136, 4.50379753112793
n,-0.0004107194545213133, -5.2787549066124484e-05, 4.50379753112793
n,-0.0003542792110238224, -0.00012927404895890504, 4.50379753112793
n,-0.00035329131060279906, -0.00012251742009539157, 4.50379753112793
n,-0.00036199146416038275, -0.00012974343553651124, 4.50379753112793
n,-0.0003392558719497174, -0.00012578206951729953, 4.50379753112793
n,-0.00032471842132508755, -0.0001116963176173158, 4.50379753112793
n,-0.0003493386029731482, -0.0001273532398045063, 4.50379753112793
n,-0.00027888696058653295, -7.024627848295495e-05, 4.50379753112793
n,-0.0003493346448522061, -0.00012733561743516475, 4.50379753112793
n,-0.000444220844656229, -0.000196273103938438, 4.50379753112793
n,-0.00034928860259242356, -0.0001272495137527585, 4.50379753112793
n,-0.00034632033202797174, -0.0001314963010372594, 4.50379753112793
n,-0.0003478619910310954, -0.00012719679216388613, 4.50379753112793
n,-8.255729335360229e-05, 8.668515511089936e-05, 4.50379753112793
n,-0.00020252831745892763, -1.561155659146607e-05, 4.50379753112793
n,-0.00033775201882235706, -0.00012855073146056384, 4.50379753112793
n,-0.0004184840654488653, -0.0001004638834274374, 4.50379753112793
n,-0.0004272533406037837, -0.00019473355496302247, 4.50379753112793
n,-0.000350097194314003, -0.00013638724340125918, 4.50379753112793
n,-0.00034104680526070297, -0.00012524773774202913, 4.50379753112793
n,-0.0008138520643115044, -0.0005165858892723918, 4.50379753112793
n,-0.0003381171845830977, -0.00014161044964566827, 4.50379753112793
n,-0.00033949172939173877, -0.0001334999833488837, 4.50379753112793
n,-0.0003341970150358975, -0.00013496038445737213, 4.50379753112793
n,-6.894693797221407e-05, 9.049285290529951e-05, 4.50379753112793
n,-0.0003387774631846696, -0.0001328019134234637, 4.50379753112793
n,-8.719597099116072e-05, 7.383529737126082e-05, 4.50379753112793
n,-0.003271139692515135, -0.002529984572902322, 4.503795623779297
n,-0.00036226012161932886, -0.00014967341849114746, 4.50379753112793
n,-0.0003429798234719783, -0.0001356518769171089, 4.50379753112793
n,-0.0003754061181098223, -0.0001626526063773781, 4.50379753112793
n,-0.0003403451410122216, -0.00014149116759654135, 4.50379753112793
n,-0.00034482224145904183, -0.0001308406499447301, 4.50379753112793
n,-0.00033963736495934427, -0.0001391062542097643, 4.50379753112793
n,-0.00035228460910730064, -0.00011102931603090838, 4.50379753112793
n,-0.00033956574043259025, -0.00013293891970533878, 4.50379753112793
n,-0.000339821504894644, -0.00013296761608216912, 4.50379753112793
n,-0.00035024594399146736, -0.0001358529698336497, 4.50379753112793
n,-0.0003498875303193927, -0.00013346364721655846, 4.50379753112793
n,-0.00038349480018951, -0.00010964710236294195, 4.50379753112793
n,-0.0003207203117199242, -0.00014962699788156897, 4.50379753112793
n,-0.00035517176729626954, -0.00011337152682244778, 4.50379753112793
n,-0.000320319551974535, -0.0001504494866821915, 4.50379753112793
n,-0.0003166238311678171, -0.00011270590039202943, 4.50379753112793
n,-0.0003419850254431367, -0.00012703116226475686, 4.50379753112793
n,-0.00032257253769785166, -0.0001699125423328951, 4.50379753112793
n,-0.00040187686681747437, -0.00018358028319198638, 4.50379753112793
n,-0.00032257253769785166, -0.0001699125423328951, 4.50379753112793
n,-0.00031677159131504595, -0.00011412690946599469, 4.50379753112793
n,-0.0003635254979599267, -0.0001460238709114492, 4.50379753112793
n,-0.000316515623126179, -0.00011398941569495946, 4.50379753112793
n,-0.0003260470984969288, -0.00014986281166784465, 4.50379753112793
n,-0.0003440760774537921, -0.00013356104318518192, 4.50379753112793
n,-0.0004757473070640117, -0.00023743313795421273, 4.50379753112793
n,-0.00044767415965907276, -0.00021685210231225938, 4.50379753112793
n,-9.192924335366115e-05, 0.0001034204033203423, 4.50379753112793
n,-0.00034576692269183695, -0.00013002677587792277, 4.50379753112793
n,-0.00034872107789851725, -0.00014668186486233026, 4.50379753112793
n,-0.000357042154064402, -0.0001160417014034465, 4.50379753112793
n,-0.0003256232594139874, -0.00013901089550927281, 4.50379753112793
n,-0.00041314802365377545, -0.000188357153092511, 4.50379753112793
n,-0.0003543607017491013, -0.00012686125410255045, 4.50379753112793
n,-0.0003769799950532615, -8.514933870173991e-05, 4.50379753112793
n,-0.0003539920726325363, -0.00012730313756037503, 4.50379753112793
n,-0.0003408896445762366, -0.0001281743752770126, 4.50379753112793
n,-0.0003401542780920863, -0.00012744274863507599, 4.50379753112793
n,-0.00038552089245058596, -0.00017249025404453278, 4.50379753112793
n,-0.0003444502654019743, -0.00013165982090868056, 4.50379753112793
n,1.7951443195343018, 4.130575180053711, 0.0
n,1.7951443195343018, 4.130574703216553, 0.0
n,-2.871476173400879, 3.4697000980377197, 0.0
n,-4.488798141479492, -0.36726507544517517, 0.0
n,-4.488798141479492, -0.3672652840614319, 0.0
n,-2.9091930389404297, 3.4381372928619385, 0.0
n,-1.7949604988098145, -4.130654811859131, -0.000148429287946783
n,4.488876819610596, 0.3662997782230377, 0.0002879273670259863
n,3.4692068099975586, 2.8720719814300537, 0.0
n,3.4692060947418213, 2.872072696685791, 0.00028685867437161505
n,2.838263988494873, -3.496919631958008, -0.0001508457207819447
n,-3.442214012145996, -2.9043684005737305, -0.0006048319628462195
n,-3.442214012145996, -2.9043681621551514, 0.0
n,-2.8704075813293457, 3.47058367729187, 0.0
n,-2.8551266193389893, 3.4571478366851807, 0.4249407649040222
n,-2.848687171936035, 3.4884345531463623, 0.0
n,-2.868697166442871, 3.4719977378845215, 0.0
n,-2.868697166442871, 3.4719977378845215, 0.0
n,2.86826753616333, -3.4723525047302246, 0.0
n,-3.4687819480895996, -2.872584819793701, 0.0
n,-2.837413787841797, 3.497610092163086, 0.0
n,3.4418606758117676, 2.9047863483428955, 0.0022693644277751446
n,-3.4712698459625244, -2.869577646255493, -0.00019884516950696707
n,-3.4712696075439453, -2.8695781230926514, -0.00019902973144780844
n,-2.8749356269836426, 3.46683406829834, -0.0002524097799323499
n,-2.9084577560424805, 3.4387593269348145, -0.00038385973311960697
n,-2.924851655960083, 3.4248263835906982, 0.0008879262022674084
n,3.469127893447876, 2.872166633605957, 0.00029808367253281176
n,3.4691274166107178, 2.8721673488616943, 0.0
n,2.8624250888824463, -3.477170705795288, 0.0
n,2.8630964756011963, -3.4766173362731934, 0.0
n,2.870276927947998, -3.4706919193267822, 0.0
n,3.470886707305908, 2.870041608810425, 0.0
n,3.470886707305908, 2.870041608810425, 0.0
n,2.9267263412475586, -3.4232242107391357, 0.0005716257728636265
n,2.9156768321990967, -3.432640552520752, 0.0
n,2.9156768321990967, -3.432640314102173, 0.0
n,3.072683811187744, -3.292841672897339, 0.0006001335568726063
n,3.106067419052124, -3.2613704204559326, 0.0
n,2.9091930389404297, -3.4381368160247803, -0.0016398311126977205
n,-3.469926595687866, -2.871202230453491, 0.0
n,-3.4699277877807617, -2.8712005615234375, -0.0006777197122573853
n,-2.7294960021972656, 3.582463502883911, -0.0002956764947157353
n,-2.9170572757720947, 3.431467056274414, 0.0010873771971091628
n,-2.9145047664642334, 3.4336354732513428, -0.0009225922403857112
n,-2.9144015312194824, 3.433722972869873, 0.0
n,-2.7492713928222656, 3.567309856414795, -0.0002265684015583247
n,-2.813499927520752, 3.5168750286102295, -0.0002739066840149462
n,-2.832109212875366, 3.501906633377075, 0.00036626181099563837
n,-2.8388826847076416, 3.496417760848999, 0.0
n,-2.821974039077759, 3.5100789070129395, 0.00036858647945337
n,-2.8210132122039795, 3.5108511447906494, -0.00012077765131834894
n,3.4862241744995117, 2.851391077041626, 0.0008067642338573933
n,2.2345094680786133, -3.910391330718994, 0.00019618248916231096
n,-3.485839605331421, -2.8518617153167725, -0.00030604511266574264
n,-2.835526466369629, 3.4991400241851807, -0.0002760511706583202
n,3.4655468463897705, 2.8764872550964355, 0.00033738644560799
n,-3.46267032623291, -2.879948854446411, -0.00033710632123984396
n,-2.851130962371826, 3.4864373207092285, 0.0
n,3.497584819793701, 2.837444543838501, 0.0
n,3.492931604385376, 2.8431711196899414, 0.0
n,2.840061664581299, -3.495460271835327, 0.0
n,3.487105369567871, 2.850313901901245, 0.0
n,2.845916748046875, -3.490694761276245, 0.0
n,-3.4950878620147705, -2.840520143508911, 0.0
n,-3.4977948665618896, -2.8371851444244385, 0.0
n,-3.49448299407959, -2.841264009475708, -0.00037854479160159826
n,-2.8400614261627197, 3.495460271835327, -0.0003076536231674254
n,-3.4851064682006836, -2.852757453918457, -0.00037752892239950597
n,-2.8484573364257812, 3.4886221885681152, -0.0003085630014538765
n,3.493640661239624, 2.842299699783325, 0.0003784535510931164
n,2.8460447788238525, -3.4905900955200195, 0.0
n,3.497642755508423, 2.8373732566833496, 0.0008053054334595799
n,3.4942467212677, 2.8415544033050537, 0.0002855523198377341
n,3.491886615753174, 2.844454288482666, 0.00019944120140280575
n,2.832803249359131, -3.501344919204712, 0.00024340770323760808
n,2.828932523727417, -3.5044736862182617, 0.0
n,2.8281173706054688, -3.5051310062408447, 0.0005523661966435611
n,2.8300187587738037, -3.503596067428589, 0.00016163820691872388
n,2.8284823894500732, -3.50480580329895, -0.014759678393602371
n,-2.825521230697632, 3.5072243213653564, 0.0
n,-2.825521230697632, 3.5072243213653564, 0.0
n,-2.8123459815979004, 3.5177979469299316, -0.00022982691007200629
n,-2.813500165939331, 3.5168750286102295, -0.00030477624386548996
n,-2.845412015914917, 3.491100788116455, 0.0063796802423894405
n,-3.490694761276245, -2.845916748046875, 0.0
n,-3.494365692138672, -2.8414080142974854, 0.0
n,-3.490694761276245, -2.845916748046875, 0.0
n,-3.4943654537200928, -2.8414080142974854, 0.0
n,-3.5008063316345215, -2.833465337753296, -0.004476944450289011
n,-3.4942312240600586, -2.8415732383728027, -0.0011061057448387146
n,-3.494309186935425, -2.841477632522583, -0.00013488777040038258
n,-3.49914813041687, -2.8355164527893066, 0.0
n,-3.5025417804718018, -2.8312220573425293, -0.02394452877342701
n,-3.496335983276367, -2.8389832973480225, -0.0005782203515991569
n,-3.496281147003174, -2.839050531387329, -0.0011300910264253616
n,-3.5057008266448975, -2.82741117477417, -0.000268407427938655
n,-3.491006374359131, -2.845533847808838, -0.001225700369104743
n,-3.4963934421539307, -2.8389129638671875, -0.0006828888435848057
n,3.4953596591949463, 2.8401854038238525, 0.0
n,2.8825321197509766, -3.4605205059051514, 0.0
n,2.8836095333099365, -3.4595959186553955, -0.013470957055687904
n,-3.495762348175049, -2.8396899700164795, 0.0
n,-2.885064125061035, 3.458409547805786, -0.00022088945843279362
n,3.495774984359741, 2.839674711227417, 0.0005781271611340344
n,3.4958314895629883, 2.839604377746582, 0.0006827795878052711
n,3.493084669113159, 2.842982769012451, 0.00028786633629351854
n,3.493422031402588, 2.842568874359131, 0.00026746722869575024
n,3.496279716491699, 2.8390491008758545, -0.0045724851079285145
n,2.885064125061035, -3.4584097862243652, 0.00047712886589579284
n,-2.8268117904663086, 3.5061838626861572, -0.0016190941678360105
n,3.4735710620880127, 2.8667919635772705, 0.0
n,2.8268120288848877, -3.5061838626861572, 0.0
n,-3.4735708236694336, -2.8667917251586914, -0.001989533891901374
u,0.9960784912109375, 0.8280060291290283, 0
u,0.9986699223518372, 0.8280060291290283, 0
u,0.9986699223518372, 0.8790513873100281, 0
u,0.0, 0.0, 0
u,0.0, 0.0, 0
u,0.0, 0.0, 0
u,0.8547220826148987, 0.24494479596614838, 0
u,0.7421569228172302, 0.29217928647994995, 0
u,0.7485495209693909, 0.24430640041828156, 0
u,0.5241255760192871, 0.31010550260543823, 0
u,0.520098090171814, 0.26249751448631287, 0
u,0.5246195197105408, 0.30981141328811646, 0
u,0.5102940797805786, 0.3085610866546631, 0
u,0.5102940797805786, 0.2577640116214752, 0
u,0.5150548219680786, 0.2616327106952667, 0
u,0.5343161225318909, 0.7611539959907532, 0
u,0.5303922295570374, 0.7528538107872009, 0
u,0.609094500541687, 0.7538071274757385, 0
u,0.6051684021949768, 0.7620121240615845, 0
u,0.5347272157669067, 0.9728642702102661, 0
u,0.5343161225318909, 0.7611539959907532, 0
u,0.5308350920677185, 0.980991780757904, 0
u,0.6046931743621826, 0.9751288890838623, 0
u,0.6085823774337769, 0.983508288860321, 0
u,0.7023282051086426, 0.81870037317276, 0
u,0.7600324749946594, 0.8761407732963562, 0
u,0.6994947791099548, 0.8773388862609863, 0
u,0.6202840209007263, 0.996213972568512, 0
u,0.6202961802482605, 0.9879614114761353, 0
u,0.7740306258201599, 0.9896352291107178, 0
u,0.7755293846130371, 0.8182122111320496, 0
u,0.7789260149002075, 0.8767532110214233, 0
u,0.7750173211097717, 0.8767821192741394, 0
u,0.7020745277404785, 0.7378904819488525, 0
u,0.620657205581665, 0.7451903820037842, 0
u,0.6206694841384888, 0.7369378805160522, 0
u,0.8148000836372375, 0.8757774233818054, 0
u,0.8465723991394043, 0.7938225269317627, 0
u,0.8881636261940002, 0.9950330853462219, 0
u,0.888096272945404, 0.9786579012870789, 0
u,0.9419947266578674, 0.7283555865287781, 0
u,0.9425811171531677, 0.9795582890510559, 0
u,0.7751200199127197, 0.865037202835083, 0
u,0.7652047872543335, 0.8182811141014099, 0
u,0.7755293846130371, 0.8182122111320496, 0
u,0.7851340174674988, 0.8181480765342712, 0
u,0.7848827838897705, 0.7396339178085327, 0
u,0.8094239830970764, 0.7828413248062134, 0
u,0.7652356028556824, 0.8651028275489807, 0
u,0.7750238180160522, 0.8760412931442261, 0
u,0.7600324749946594, 0.8761407732963562, 0
u,0.8465723991394043, 0.7938225269317627, 0
u,0.8413556814193726, 0.78282231092453, 0
u,0.8465353846549988, 0.7282326221466064, 0
u,0.7023282051086426, 0.81870037317276, 0
u,0.7848073244094849, 0.7160127758979797, 0
u,0.7851340174674988, 0.8181480765342712, 0
u,0.7069395780563354, 0.9597514867782593, 0
u,0.7636979222297668, 0.9584702253341675, 0
u,0.776650071144104, 0.959235429763794, 0
u,0.7216725945472717, 0.8960580229759216, 0
u,0.7072367072105408, 0.8937870264053345, 0
u,0.7769381999969482, 0.893273115158081, 0
u,0.776650071144104, 0.959235429763794, 0
u,0.7769381999969482, 0.893273115158081, 0
u,0.7843942046165466, 0.9756832718849182, 0
u,0.7769381999969482, 0.893273115158081, 0
u,0.6994947791099548, 0.8773388862609863, 0
u,0.7848265767097473, 0.8767096996307373, 0
u,0.7218694090843201, 0.9580739736557007, 0
u,0.7635011076927185, 0.8964539766311646, 0
u,0.7636979222297668, 0.9584702253341675, 0
u,0.9681305885314941, 0.6016438007354736, 0
u,0.983235776424408, 0.6252588033676147, 0
u,0.9828901290893555, 0.6252588033676147, 0
u,0.6186280250549316, 0.21739129722118378, 0
u,0.6704930067062378, 0.21658030152320862, 0
u,0.6704930067062378, 0.21739129722118378, 0
u,0.8193734884262085, 0.2153209000825882, 0
u,0.8030045032501221, 0.24353300034999847, 0
u,0.7577974200248718, 0.2153209000825882, 0
u,0.47660839557647705, 0.21594859659671783, 0
u,0.4245106875896454, 0.21739129722118378, 0
u,0.42450979351997375, 0.21594859659671783, 0
u,0.1774509996175766, 0.04124090075492859, 0
u,0.5107424855232239, 0.06211179867386818, 0
u,0.1774509996175766, 0.06211179867386818, 0
u,0.5847774744033813, 0.06625259667634964, 0
u,0.1764705926179886, 0.09357230365276337, 0
u,0.1764705926179886, 0.06625259667634964, 0
u,0.15082550048828125, 0.9994379281997681, 0
u,0.0875077024102211, 0.9994379281997681, 0
u,0.0875077024102211, 0.2155791074037552, 0
u,0.15082550048828125, 0.2153209000825882, 0
u,0.23773729801177979, 0.9994379281997681, 0
u,0.15082550048828125, 0.9994379281997681, 0
u,0.30029308795928955, 0.2153692990541458, 0
u,0.30029308795928955, 0.9994379281997681, 0
u,0.23773729801177979, 0.9994379281997681, 0
u,0.0875077024102211, 0.2153209000825882, 0
u,0.08367530256509781, 0.2155698984861374, 0
u,0.0035266000777482986, 0.2153777927160263, 0
u,0.5320503115653992, 0.21325050294399261, 0
u,0.6140065789222717, 0.10155139863491058, 0
u,0.6140065789222717, 0.21325050294399261, 0
u,0.4745098054409027, 0.21325050294399261, 0
u,0.5320503115653992, 0.10155139863491058, 0
u,0.5320503115653992, 0.21325050294399261, 0
u,0.7522482872009277, 0.10155139863491058, 0
u,0.670833170413971, 0.21325050294399261, 0
u,0.670833170413971, 0.10155139863491058, 0
u,0.6140065789222717, 0.10155139863491058, 0
u,0.670833170413971, 0.21325050294399261, 0
u,0.6140065789222717, 0.21325050294399261, 0
u,0.7414113879203796, 0.501035213470459, 0
u,0.7411764860153198, 0.501035213470459, 0
u,0.7411764860153198, 0.3112266957759857, 0
u,0.829216480255127, 0.30958130955696106, 0
u,0.9944940805435181, 0.3112266957759857, 0
u,0.7411764860153198, 0.3112266957759857, 0
u,0.47406288981437683, 0.21011589467525482, 0
u,0.1774509996175766, 0.21011589467525482, 0
u,0.1774509996175766, 0.095238097012043, 0
u,0.531372606754303, 0.21596719324588776, 0
u,0.6169356107711792, 0.21554520726203918, 0
u,0.6169356107711792, 0.21596719324588776, 0
u,0.4823695123195648, 0.213258296251297, 0
u,0.4794118106365204, 0.21367290616035461, 0
u,0.4794118106365204, 0.21325050294399261, 0
u,0.5098075866699219, 0.2504661977291107, 0
u,0.5101165771484375, 0.25672879815101624, 0
u,0.5098040103912354, 0.25672879815101624, 0
u,0.4183608889579773, 0.32153019309043884, 0
u,0.3019607961177826, 0.32153019309043884, 0
u,0.3019607961177826, 0.3208793103694916, 0
u,0.4233367145061493, 0.21739129722118378, 0
u,0.4183608889579773, 0.32153019309043884, 0
u,0.4183608889579773, 0.21739129722118378, 0
u,0.508227527141571, 0.3193109929561615, 0
u,0.48725488781929016, 0.3193109929561615, 0
u,0.49146050214767456, 0.2603485882282257, 0
u,0.42549020051956177, 0.21895259618759155, 0
u,0.48586389422416687, 0.21895259618759155, 0
u,0.48586389422416687, 0.32049721479415894, 0
u,0.8928185105323792, 0.29548490047454834, 0
u,0.863725483417511, 0.29606619477272034, 0
u,0.8928185105323792, 0.28681430220603943, 0
u,0.4263187050819397, 0.804367184638977, 0
u,0.3019607961177826, 0.8171660900115967, 0
u,0.3019607961177826, 0.5990267992019653, 0
u,0.5284417867660522, 0.32542309165000916, 0
u,0.3019607961177826, 0.5990267992019653, 0
u,0.3019607961177826, 0.32542309165000916, 0
u,0.5284417867660522, 0.3250516951084137, 0
u,0.3019607961177826, 0.32542309165000916, 0
u,0.3019607961177826, 0.3250516951084137, 0
u,0.5284417867660522, 0.9991713166236877, 0
u,0.3019607961177826, 0.8171660900115967, 0
u,0.5284417867660522, 0.8171660900115967, 0
u,0.04200100153684616, 0.21325050294399261, 0
u,0.13295230269432068, 0.002269499935209751, 0
u,0.13295230269432068, 0.21325050294399261, 0
u,0.0, 0.002269499935209751, 0
u,0.04200100153684616, 0.21325050294399261, 0
u,0.0, 0.21325050294399261, 0
u,0.17461250722408295, 0.21325050294399261, 0
u,0.13295230269432068, 0.002269499935209751, 0
u,0.17461250722408295, 0.002269499935209751, 0
u,0.843556821346283, 0.24430640041828156, 0
u,0.8283485770225525, 0.23958919942378998, 0
u,0.843556821346283, 0.23958919942378998, 0
u,0.8215687274932861, 0.23958919942378998, 0
u,0.8283485770225525, 0.24430640041828156, 0
u,0.8215687274932861, 0.24430640041828156, 0
u,0.9960784912109375, 0.41595208644866943, 0
u,0.9985774159431458, 0.36645960807800293, 0
u,0.9985774159431458, 0.41595208644866943, 0
u,0.9960784912109375, 0.41595208644866943, 0
u,0.9985774159431458, 0.47885051369667053, 0
u,0.9960784912109375, 0.47885051369667053, 0
u,0.9960784912109375, 0.5305957198143005, 0
u,0.9985774159431458, 0.47885051369667053, 0
u,0.9985774159431458, 0.5305957198143005, 0
u,0.9960784912109375, 0.5305957198143005, 0
u,0.9985774159431458, 0.5640159845352173, 0
u,0.9960784912109375, 0.5640159845352173, 0
u,0.9960784912109375, 0.5640159845352173, 0
u,0.9985774159431458, 0.6554908156394958, 0
u,0.9960784912109375, 0.6554908156394958, 0
u,0.9332833886146545, 0.600413978099823, 0
u,0.9117646813392639, 0.5762572884559631, 0
u,0.9332833886146545, 0.5762572884559631, 0
u,0.7823383808135986, 0.21325050294399261, 0
u,0.753921627998352, 0.01677750051021576, 0
u,0.7823383808135986, 0.01677750051021576, 0
u,0.7823383808135986, 0.21325050294399261, 0
u,0.8130778074264526, 0.01677750051021576, 0
u,0.8130778074264526, 0.21325050294399261, 0
u,0.8130778074264526, 0.21325050294399261, 0
u,0.8383654952049255, 0.01677750051021576, 0
u,0.8383654952049255, 0.21325050294399261, 0
u,0.8629723191261292, 0.21325050294399261, 0
u,0.8383654952049255, 0.01677750051021576, 0
u,0.8629723191261292, 0.01677750051021576, 0
u,0.9118456244468689, 0.21325050294399261, 0
u,0.8629723191261292, 0.01677750051021576, 0
u,0.9118456244468689, 0.01677750051021576, 0
u,0.9332833886146545, 0.5762572884559631, 0
u,0.9117646813392639, 0.5321347713470459, 0
u,0.9332833886146545, 0.5321347713470459, 0
u,0.7475863099098206, 0.6051812767982483, 0
u,0.8642575740814209, 0.504580020904541, 0
u,0.8642575740814209, 0.6356390118598938, 0
u,0.8632813096046448, 0.6578313112258911, 0
u,0.8632813096046448, 0.6516454815864563, 0
u,0.8642575740814209, 0.6356390118598938, 0
u,0.8666666746139526, 0.7101448774337769, 0
u,0.8666666746139526, 0.6285598874092102, 0
u,0.897205114364624, 0.6474283933639526, 0
u,0.8665547966957092, 0.5228400826454163, 0
u,0.865686297416687, 0.6259078979492188, 0
u,0.865686297416687, 0.5093168020248413, 0
u,0.6350705027580261, 0.49935510754585266, 0
u,0.6400853991508484, 0.4796428978443146, 0
u,0.6431803703308105, 0.4796428978443146, 0
u,0.9960784912109375, 0.9976440072059631, 0
u,0.9986699223518372, 0.8804988861083984, 0
u,0.9986699223518372, 0.9976440072059631, 0
u,0.9960784912109375, 0.6583850979804993, 0
u,0.9986699223518372, 0.6583850979804993, 0
u,0.9986699223518372, 0.6588963270187378, 0
u,0.9986699223518372, 0.8280060291290283, 0
u,0.9960784912109375, 0.7108761072158813, 0
u,0.9986699223518372, 0.7108761072158813, 0
u,0.5979592204093933, 0.49935510754585266, 0
u,0.6350705027580261, 0.22153210639953613, 0
u,0.6350705027580261, 0.49935510754585266, 0
u,0.5901920199394226, 0.4796428978443146, 0
u,0.5932871103286743, 0.4796428978443146, 0
u,0.5979592204093933, 0.49935510754585266, 0
u,0.7026481032371521, 0.49935510754585266, 0
u,0.7397605776786804, 0.3707352876663208, 0
u,0.7397605776786804, 0.49935510754585266, 0
u,0.9619070291519165, 0.8264474868774414, 0
u,0.9441177248954773, 0.8761224150657654, 0
u,0.9441177248954773, 0.8264474868774414, 0
u,0.9619070291519165, 0.7556936144828796, 0
u,0.9441177248954773, 0.8264474868774414, 0
u,0.9441177248954773, 0.7556936144828796, 0
u,0.9441177248954773, 0.9468762278556824, 0
u,0.9619070291519165, 0.9965509176254272, 0
u,0.9441177248954773, 0.9965509176254272, 0
u,0.9441177248954773, 0.8761224150657654, 0
u,0.9619070291519165, 0.9468762278556824, 0
u,0.9441177248954773, 0.9468762278556824, 0
u,0.9986699223518372, 0.8790513873100281, 0
u,0.9986699223518372, 0.8804988861083984, 0
u,0.9960784912109375, 0.8804988861083984, 0
u,0.9960784912109375, 0.8804988861083984, 0
u,0.9960784912109375, 0.8280060291290283, 0
u,0.9986699223518372, 0.8790513873100281, 0
u,0.0, 0.0, 0
u,0.0, 0.0, 0
u,0.0, 0.0, 0
u,0.0, 0.0, 0
u,0.0, 0.0, 0
u,0.0, 0.0, 0
u,0.0, 0.0, 0
u,0.0, 0.0, 0
u,0.0, 0.0, 0
u,0.0, 0.0, 0
u,0.0, 0.0, 0
u,0.0, 0.0, 0
u,0.0, 0.0, 0
u,0.0, 0.0, 0
u,0.0, 0.0, 0
u,0.0, 0.0, 0
u,0.0, 0.0, 0
u,0.0, 0.0, 0
u,0.0, 0.0, 0
u,0.0, 0.0, 0
u,0.0, 0.0, 0
u,0.0, 0.0, 0
u,0.0, 0.0, 0
u,0.0, 0.0, 0
u,0.0, 0.0, 0
u,0.0, 0.0, 0
u,0.0, 0.0, 0
u,0.0, 0.0, 0
u,0.0, 0.0, 0
u,0.0, 0.0, 0
u,0.0, 0.0, 0
u,0.0, 0.0, 0
u,0.0, 0.0, 0
u,0.0, 0.0, 0
u,0.0, 0.0, 0
u,0.0, 0.0, 0
u,0.0, 0.0, 0
u,0.0, 0.0, 0
u,0.0, 0.0, 0
u,0.0, 0.0, 0
u,0.0, 0.0, 0
u,0.0, 0.0, 0
u,0.0, 0.0, 0
u,0.0, 0.0, 0
u,0.0, 0.0, 0
u,0.8547220826148987, 0.24494479596614838, 0
u,0.8632562160491943, 0.29217928647994995, 0
u,0.7421569228172302, 0.29217928647994995, 0
u,0.520098090171814, 0.3125039041042328, 0
u,0.520098090171814, 0.26249751448631287, 0
u,0.5241255760192871, 0.31010550260543823, 0
u,0.520098090171814, 0.26249751448631287, 0
u,0.5246195197105408, 0.25983428955078125, 0
u,0.5246195197105408, 0.30981141328811646, 0
u,0.5150548219680786, 0.3123970031738281, 0
u,0.5111451148986816, 0.309246689081192, 0
u,0.5150548219680786, 0.2616327106952667, 0
u,0.5111451148986816, 0.309246689081192, 0
u,0.5102940797805786, 0.3085610866546631, 0
u,0.5150548219680786, 0.2616327106952667, 0
u,0.5343161225318909, 0.7611539959907532, 0
u,0.5347272157669067, 0.9728642702102661, 0
u,0.5308350920677185, 0.980991780757904, 0
u,0.609094500541687, 0.7538071274757385, 0
u,0.6085823774337769, 0.983508288860321, 0
u,0.6046931743621826, 0.9751288890838623, 0
u,0.609094500541687, 0.7538071274757385, 0
u,0.6046931743621826, 0.9751288890838623, 0
u,0.6051684021949768, 0.7620121240615845, 0
u,0.5343161225318909, 0.7611539959907532, 0
u,0.5308350920677185, 0.980991780757904, 0
u,0.5303922295570374, 0.7528538107872009, 0
u,0.609094500541687, 0.7538071274757385, 0
u,0.6051684021949768, 0.7620121240615845, 0
u,0.5343161225318909, 0.7611539959907532, 0
u,0.6051684021949768, 0.7620121240615845, 0
u,0.6046931743621826, 0.9751288890838623, 0
u,0.5347272157669067, 0.9728642702102661, 0
u,0.5308350920677185, 0.980991780757904, 0
u,0.5347272157669067, 0.9728642702102661, 0
u,0.6046931743621826, 0.9751288890838623, 0
u,0.7741519808769226, 0.9757590889930725, 0
u,0.7740306258201599, 0.9896352291107178, 0
u,0.6990488767623901, 0.9763150811195374, 0
u,0.7740306258201599, 0.9896352291107178, 0
u,0.6202961802482605, 0.9879614114761353, 0
u,0.6990488767623901, 0.9763150811195374, 0
u,0.6202976703643799, 0.9869493842124939, 0
u,0.6206545233726501, 0.7469866275787354, 0
u,0.6994947791099548, 0.8773388862609863, 0
u,0.6206545233726501, 0.7469866275787354, 0
u,0.620657205581665, 0.7451903820037842, 0
u,0.7021005153656006, 0.7461435198783875, 0
u,0.6994947791099548, 0.8773388862609863, 0
u,0.6206545233726501, 0.7469866275787354, 0
u,0.7023282051086426, 0.81870037317276, 0
u,0.6202961802482605, 0.9879614114761353, 0
u,0.6202976703643799, 0.9869493842124939, 0
u,0.6990488767623901, 0.9763150811195374, 0
u,0.6206545233726501, 0.7469866275787354, 0
u,0.7021005153656006, 0.7461435198783875, 0
u,0.7023282051086426, 0.81870037317276, 0
u,0.7023282051086426, 0.81870037317276, 0
u,0.759994387626648, 0.8183158040046692, 0
u,0.7600324749946594, 0.8761407732963562, 0
u,0.6994947791099548, 0.8773388862609863, 0
u,0.6990488767623901, 0.9763150811195374, 0
u,0.6202976703643799, 0.9869493842124939, 0
u,0.7750238180160522, 0.8760412931442261, 0
u,0.7750173211097717, 0.8767821192741394, 0
u,0.7600324749946594, 0.8761407732963562, 0
u,0.7750173211097717, 0.8767821192741394, 0
u,0.6994947791099548, 0.8773388862609863, 0
u,0.7600324749946594, 0.8761407732963562, 0
u,0.7741519808769226, 0.9757590889930725, 0
u,0.7780606746673584, 0.9757301807403564, 0
u,0.7740306258201599, 0.9896352291107178, 0
u,0.7780606746673584, 0.9757301807403564, 0
u,0.7778666019439697, 0.997929573059082, 0
u,0.7740306258201599, 0.9896352291107178, 0
u,0.7778666019439697, 0.997929573059082, 0
u,0.6202840209007263, 0.996213972568512, 0
u,0.7740306258201599, 0.9896352291107178, 0
u,0.7755293846130371, 0.8182122111320496, 0
u,0.7794380784034729, 0.8181862235069275, 0
u,0.7789260149002075, 0.8767532110214233, 0
u,0.7020745277404785, 0.7378904819488525, 0
u,0.7021005153656006, 0.7461435198783875, 0
u,0.620657205581665, 0.7451903820037842, 0
u,0.7848073244094849, 0.7160127758979797, 0
u,0.7212498784065247, 0.7164139151573181, 0
u,0.7212479114532471, 0.7159386873245239, 0
u,0.8870165944099426, 0.7159386873245239, 0
u,0.8881636261940002, 0.9950330853462219, 0
u,0.8465723991394043, 0.7938225269317627, 0
u,0.8881636261940002, 0.9950330853462219, 0
u,0.7778918147087097, 0.9950454235076904, 0
u,0.7843942046165466, 0.9756832718849182, 0
u,0.7778918147087097, 0.9950454235076904, 0
u,0.7780606746673584, 0.9757301807403564, 0
u,0.7843942046165466, 0.9756832718849182, 0
u,0.7848265767097473, 0.8767096996307373, 0
u,0.7789260149002075, 0.8767532110214233, 0
u,0.778932511806488, 0.8760154247283936, 0
u,0.8881636261940002, 0.9950330853462219, 0
u,0.7843942046165466, 0.9756832718849182, 0
u,0.8148000836372375, 0.8757774233818054, 0
u,0.7848265767097473, 0.8767096996307373, 0
u,0.778932511806488, 0.8760154247283936, 0
u,0.8148000836372375, 0.8757774233818054, 0
u,0.7848073244094849, 0.7160127758979797, 0
u,0.7212479114532471, 0.7159386873245239, 0
u,0.8870165944099426, 0.7159386873245239, 0
u,0.8465353846549988, 0.7282326221466064, 0
u,0.7848476767539978, 0.728630781173706, 0
u,0.7848073244094849, 0.7160127758979797, 0
u,0.8148000836372375, 0.8757774233818054, 0
u,0.8146541118621826, 0.7938416004180908, 0
u,0.8465723991394043, 0.7938225269317627, 0
u,0.8465353846549988, 0.7282326221466064, 0
u,0.7848073244094849, 0.7160127758979797, 0
u,0.8870165944099426, 0.7159386873245239, 0
u,0.8465723991394043, 0.7938225269317627, 0
u,0.8465353846549988, 0.7282326221466064, 0
u,0.8870165944099426, 0.7159386873245239, 0
u,0.7843942046165466, 0.9756832718849182, 0
u,0.7848265767097473, 0.8767096996307373, 0
u,0.8148000836372375, 0.8757774233818054, 0
u,0.888096272945404, 0.9786579012870789, 0
u,0.8870639801025391, 0.7274665236473083, 0
u,0.9419947266578674, 0.7283555865287781, 0
u,0.7751200199127197, 0.865037202835083, 0
u,0.7652356028556824, 0.8651028275489807, 0
u,0.7652047872543335, 0.8182811141014099, 0
u,0.7848827838897705, 0.7396339178085327, 0
u,0.8413311839103699, 0.7392696142196655, 0
u,0.8094239830970764, 0.7828413248062134, 0
u,0.8413311839103699, 0.7392696142196655, 0
u,0.8413556814193726, 0.78282231092453, 0
u,0.8094239830970764, 0.7828413248062134, 0
u,0.8094239830970764, 0.7828413248062134, 0
u,0.8095700740814209, 0.8648086786270142, 0
u,0.7851340174674988, 0.8181480765342712, 0
u,0.8095700740814209, 0.8648086786270142, 0
u,0.7790287137031555, 0.8650112748146057, 0
u,0.7851340174674988, 0.8181480765342712, 0
u,0.7790287137031555, 0.8650112748146057, 0
u,0.7794380784034729, 0.8181862235069275, 0
u,0.7851340174674988, 0.8181480765342712, 0
u,0.759994387626648, 0.8183158040046692, 0
u,0.7652047872543335, 0.8182811141014099, 0
u,0.7652356028556824, 0.8651028275489807, 0
u,0.7652356028556824, 0.8651028275489807, 0
u,0.7751200199127197, 0.865037202835083, 0
u,0.7750238180160522, 0.8760412931442261, 0
u,0.7600324749946594, 0.8761407732963562, 0
u,0.759994387626648, 0.8183158040046692, 0
u,0.7652356028556824, 0.8651028275489807, 0
u,0.8148000836372375, 0.8757774233818054, 0
u,0.778932511806488, 0.8760154247283936, 0
u,0.8095700740814209, 0.8648086786270142, 0
u,0.778932511806488, 0.8760154247283936, 0
u,0.7790287137031555, 0.8650112748146057, 0
u,0.8095700740814209, 0.8648086786270142, 0
u,0.8146541118621826, 0.7938416004180908, 0
u,0.8148000836372375, 0.8757774233818054, 0
u,0.8095700740814209, 0.8648086786270142, 0
u,0.8413311839103699, 0.7392696142196655, 0
u,0.7848827838897705, 0.7396339178085327, 0
u,0.7848476767539978, 0.728630781173706, 0
u,0.8146541118621826, 0.7938416004180908, 0
u,0.8095700740814209, 0.8648086786270142, 0
u,0.8094239830970764, 0.7828413248062134, 0
u,0.8146541118621826, 0.7938416004180908, 0
u,0.8094239830970764, 0.7828413248062134, 0
u,0.8413556814193726, 0.78282231092453, 0
u,0.8413311839103699, 0.7392696142196655, 0
u,0.7848476767539978, 0.728630781173706, 0
u,0.8465353846549988, 0.7282326221466064, 0
u,0.8465723991394043, 0.7938225269317627, 0
u,0.8146541118621826, 0.7938416004180908, 0
u,0.8413556814193726, 0.78282231092453, 0
u,0.8413556814193726, 0.78282231092453, 0
u,0.8413311839103699, 0.7392696142196655, 0
u,0.8465353846549988, 0.7282326221466064, 0
u,0.7023282051086426, 0.81870037317276, 0
u,0.7020074129104614, 0.7165352702140808, 0
u,0.7848073244094849, 0.7160127758979797, 0
u,0.7069395780563354, 0.9597514867782593, 0
u,0.7069476842880249, 0.957932710647583, 0
u,0.7218694090843201, 0.9580739736557007, 0
u,0.7218694090843201, 0.9580739736557007, 0
u,0.7636979222297668, 0.9584702253341675, 0
u,0.7069395780563354, 0.9597514867782593, 0
u,0.7636979222297668, 0.9584702253341675, 0
u,0.7766528725624084, 0.9585930109024048, 0
u,0.776650071144104, 0.959235429763794, 0
u,0.7216725945472717, 0.8960580229759216, 0
u,0.7218694090843201, 0.9580739736557007, 0
u,0.7069476842880249, 0.957932710647583, 0
u,0.7769381999969482, 0.893273115158081, 0
u,0.7766528725624084, 0.9585930109024048, 0
u,0.7635011076927185, 0.8964539766311646, 0
u,0.7766528725624084, 0.9585930109024048, 0
u,0.7636979222297668, 0.9584702253341675, 0
u,0.7635011076927185, 0.8964539766311646, 0
u,0.7216725945472717, 0.8960580229759216, 0
u,0.7069476842880249, 0.957932710647583, 0
u,0.7072367072105408, 0.8937870264053345, 0
u,0.7769381999969482, 0.893273115158081, 0
u,0.7635011076927185, 0.8964539766311646, 0
u,0.7216725945472717, 0.8960580229759216, 0
u,0.6990488767623901, 0.9763150811195374, 0
u,0.6994947791099548, 0.8773388862609863, 0
u,0.7069395780563354, 0.9597514867782593, 0
u,0.6994947791099548, 0.8773388862609863, 0
u,0.7072367072105408, 0.8937870264053345, 0
u,0.7069395780563354, 0.9597514867782593, 0
u,0.7769381999969482, 0.893273115158081, 0
u,0.7848265767097473, 0.8767096996307373, 0
u,0.7843942046165466, 0.9756832718849182, 0
u,0.6990488767623901, 0.9763150811195374, 0
u,0.7069395780563354, 0.9597514867782593, 0
u,0.7843942046165466, 0.9756832718849182, 0
u,0.7069395780563354, 0.9597514867782593, 0
u,0.776650071144104, 0.959235429763794, 0
u,0.7843942046165466, 0.9756832718849182, 0
u,0.7769381999969482, 0.893273115158081, 0
u,0.7072367072105408, 0.8937870264053345, 0
u,0.6994947791099548, 0.8773388862609863, 0
u,0.7218694090843201, 0.9580739736557007, 0
u,0.7216725945472717, 0.8960580229759216, 0
u,0.7635011076927185, 0.8964539766311646, 0
u,0.9828901290893555, 0.6252588033676147, 0
u,0.9278501868247986, 0.6252588033676147, 0
u,0.9681305885314941, 0.6016438007354736, 0
u,0.9278501868247986, 0.6252588033676147, 0
u,0.9127451777458191, 0.6016438007354736, 0
u,0.9681305885314941, 0.6016438007354736, 0
u,0.6186280250549316, 0.21739129722118378, 0
u,0.6186274886131287, 0.21658030152320862, 0
u,0.6704930067062378, 0.21658030152320862, 0
u,0.8196253776550293, 0.2153209000825882, 0
u,0.8030045032501221, 0.24353300034999847, 0
u,0.8193734884262085, 0.2153209000825882, 0
u,0.8030045032501221, 0.24353300034999847, 0
u,0.7411764860153198, 0.24353300034999847, 0
u,0.7577974200248718, 0.2153209000825882, 0
u,0.47660839557647705, 0.21594859659671783, 0
u,0.47660839557647705, 0.21739129722118378, 0
u,0.4245106875896454, 0.21739129722118378, 0
u,0.1774509996175766, 0.04124090075492859, 0
u,0.5240923166275024, 0.04124090075492859, 0
u,0.5107424855232239, 0.06211179867386818, 0
u,0.5847774744033813, 0.06625259667634964, 0
u,0.6008725762367249, 0.09357230365276337, 0
u,0.1764705926179886, 0.09357230365276337, 0
u,0.0875077024102211, 0.2155791074037552, 0
u,0.0875077024102211, 0.2153209000825882, 0
u,0.15082550048828125, 0.2153209000825882, 0
u,0.15082550048828125, 0.2153209000825882, 0
u,0.15082550048828125, 0.9994379281997681, 0
u,0.0875077024102211, 0.2155791074037552, 0
u,0.15082550048828125, 0.2153209000825882, 0
u,0.23773729801177979, 0.2153209000825882, 0
u,0.23773729801177979, 0.9994379281997681, 0
u,0.23773729801177979, 0.9994379281997681, 0
u,0.23773729801177979, 0.2153209000825882, 0
u,0.30029308795928955, 0.2153692990541458, 0
u,0.23773729801177979, 0.2153209000825882, 0
u,0.30029308795928955, 0.2153209000825882, 0
u,0.30029308795928955, 0.2153692990541458, 0
u,0.0, 0.2153692990541458, 0
u,0.0, 0.2153209000825882, 0
u,0.0035266000777482986, 0.2153777927160263, 0
u,0.0, 0.2153209000825882, 0
u,0.0875077024102211, 0.2153209000825882, 0
u,0.0035266000777482986, 0.2153777927160263, 0
u,0.0875077024102211, 0.2153209000825882, 0
u,0.0875077024102211, 0.2155791074037552, 0
u,0.08367530256509781, 0.2155698984861374, 0
u,0.08367530256509781, 0.2155698984861374, 0
u,0.08367530256509781, 0.3262239992618561, 0
u,0.0035266000777482986, 0.326031893491745, 0
u,0.08367530256509781, 0.2155698984861374, 0
u,0.0035266000777482986, 0.326031893491745, 0
u,0.0035266000777482986, 0.2153777927160263, 0
u,0.5320503115653992, 0.21325050294399261, 0
u,0.5320503115653992, 0.10155139863491058, 0
u,0.6140065789222717, 0.10155139863491058, 0
u,0.4745098054409027, 0.21325050294399261, 0
u,0.4745098054409027, 0.10155139863491058, 0
u,0.5320503115653992, 0.10155139863491058, 0
u,0.7522482872009277, 0.10155139863491058, 0
u,0.7522482872009277, 0.21325050294399261, 0
u,0.670833170413971, 0.21325050294399261, 0
u,0.6140065789222717, 0.10155139863491058, 0
u,0.670833170413971, 0.10155139863491058, 0
u,0.670833170413971, 0.21325050294399261, 0
u,0.7411764860153198, 0.3112266957759857, 0
u,0.9944940805435181, 0.3112266957759857, 0
u,0.7414113879203796, 0.501035213470459, 0
u,0.9944940805435181, 0.3112266957759857, 0
u,0.9944940805435181, 0.501035213470459, 0
u,0.7414113879203796, 0.501035213470459, 0
u,0.829216480255127, 0.30958130955696106, 0
u,0.9944940805435181, 0.30958130955696106, 0
u,0.9944940805435181, 0.3112266957759857, 0
u,0.7411764860153198, 0.3112266957759857, 0
u,0.7411764860153198, 0.2985629141330719, 0
u,0.829216480255127, 0.30958130955696106, 0
u,0.7411764860153198, 0.2985629141330719, 0
u,0.829216480255127, 0.2985629141330719, 0
u,0.829216480255127, 0.30958130955696106, 0
u,0.1774509996175766, 0.095238097012043, 0
u,0.47423630952835083, 0.095238097012043, 0
u,0.47406288981437683, 0.21011589467525482, 0
u,0.47423630952835083, 0.095238097012043, 0
u,0.47423630952835083, 0.21011589467525482, 0
u,0.47406288981437683, 0.21011589467525482, 0
u,0.531372606754303, 0.21596719324588776, 0
u,0.531372606754303, 0.2153209000825882, 0
u,0.6169356107711792, 0.21554520726203918, 0
u,0.4823695123195648, 0.213258296251297, 0
u,0.4823695123195648, 0.21367290616035461, 0
u,0.4794118106365204, 0.21367290616035461, 0
u,0.5098075866699219, 0.2504661977291107, 0
u,0.5101165771484375, 0.2504661977291107, 0
u,0.5101165771484375, 0.25672879815101624, 0
u,0.3019607961177826, 0.3208793103694916, 0
u,0.3019607961177826, 0.21739129722118378, 0
u,0.4183608889579773, 0.21739129722118378, 0
u,0.4183608889579773, 0.21739129722118378, 0
u,0.4183608889579773, 0.32153019309043884, 0
u,0.3019607961177826, 0.3208793103694916, 0
u,0.4233367145061493, 0.21739129722118378, 0
u,0.4233367145061493, 0.32153019309043884, 0
u,0.4183608889579773, 0.32153019309043884, 0
u,0.49146050214767456, 0.25514909625053406, 0
u,0.508227527141571, 0.25514909625053406, 0
u,0.49146050214767456, 0.2603485882282257, 0
u,0.508227527141571, 0.25514909625053406, 0
u,0.508227527141571, 0.3193109929561615, 0
u,0.49146050214767456, 0.2603485882282257, 0
u,0.48725488781929016, 0.3193109929561615, 0
u,0.48725488781929016, 0.2153209000825882, 0
u,0.4875201880931854, 0.2603485882282257, 0
u,0.48725488781929016, 0.2153209000825882, 0
u,0.4875201880931854, 0.2153209000825882, 0
u,0.4875201880931854, 0.2603485882282257, 0
u,0.48725488781929016, 0.3193109929561615, 0
u,0.4875201880931854, 0.2603485882282257, 0
u,0.49146050214767456, 0.2603485882282257, 0
u,0.48586389422416687, 0.32091090083122253, 0
u,0.42549020051956177, 0.32091090083122253, 0
u,0.48586389422416687, 0.32049721479415894, 0
u,0.42549020051956177, 0.32091090083122253, 0
u,0.42549020051956177, 0.21895259618759155, 0
u,0.48586389422416687, 0.32049721479415894, 0
u,0.8928185105323792, 0.29548490047454834, 0
u,0.9853307008743286, 0.29548490047454834, 0
u,0.9853307008743286, 0.29606619477272034, 0
u,0.863725483417511, 0.29606619477272034, 0
u,0.863725483417511, 0.24991880357265472, 0
u,0.8928185105323792, 0.28681430220603943, 0
u,0.863725483417511, 0.24991880357265472, 0
u,0.8953840136528015, 0.24991880357265472, 0
u,0.8928185105323792, 0.28681430220603943, 0
u,0.8953840136528015, 0.24991880357265472, 0
u,0.8953840136528015, 0.28681430220603943, 0
u,0.8928185105323792, 0.28681430220603943, 0
u,0.8928185105323792, 0.29548490047454834, 0
u,0.9853307008743286, 0.29606619477272034, 0
u,0.863725483417511, 0.29606619477272034, 0
u,0.4263187050819397, 0.804367184638977, 0
u,0.5284417867660522, 0.804367184638977, 0
u,0.5284417867660522, 0.8171660900115967, 0
u,0.3019607961177826, 0.5990267992019653, 0
u,0.5284417867660522, 0.5990267992019653, 0
u,0.4263187050819397, 0.6080368161201477, 0
u,0.5284417867660522, 0.5990267992019653, 0
u,0.5284417867660522, 0.6080368161201477, 0
u,0.4263187050819397, 0.6080368161201477, 0
u,0.4263187050819397, 0.804367184638977, 0
u,0.5284417867660522, 0.8171660900115967, 0
u,0.3019607961177826, 0.8171660900115967, 0
u,0.3019607961177826, 0.5990267992019653, 0
u,0.4263187050819397, 0.6080368161201477, 0
u,0.4263187050819397, 0.804367184638977, 0
u,0.5284417867660522, 0.32542309165000916, 0
u,0.5284417867660522, 0.5990267992019653, 0
u,0.3019607961177826, 0.5990267992019653, 0
u,0.5284417867660522, 0.3250516951084137, 0
u,0.5284417867660522, 0.32542309165000916, 0
u,0.3019607961177826, 0.32542309165000916, 0
u,0.5284417867660522, 0.9991713166236877, 0
u,0.3019607961177826, 0.9991713166236877, 0
u,0.3019607961177826, 0.8171660900115967, 0
u,0.04200100153684616, 0.21325050294399261, 0
u,0.04200100153684616, 0.002269499935209751, 0
u,0.13295230269432068, 0.002269499935209751, 0
u,0.0, 0.002269499935209751, 0
u,0.04200100153684616, 0.002269499935209751, 0
u,0.04200100153684616, 0.21325050294399261, 0
u,0.17461250722408295, 0.21325050294399261, 0
u,0.13295230269432068, 0.21325050294399261, 0
u,0.13295230269432068, 0.002269499935209751, 0
u,0.843556821346283, 0.24430640041828156, 0
u,0.8283485770225525, 0.24430640041828156, 0
u,0.8283485770225525, 0.23958919942378998, 0
u,0.8215687274932861, 0.23958919942378998, 0
u,0.8283485770225525, 0.23958919942378998, 0
u,0.8283485770225525, 0.24430640041828156, 0
u,0.9960784912109375, 0.41595208644866943, 0
u,0.9960784912109375, 0.36645960807800293, 0
u,0.9985774159431458, 0.36645960807800293, 0
u,0.9960784912109375, 0.41595208644866943, 0
u,0.9985774159431458, 0.41595208644866943, 0
u,0.9985774159431458, 0.47885051369667053, 0
u,0.9960784912109375, 0.5305957198143005, 0
u,0.9960784912109375, 0.47885051369667053, 0
u,0.9985774159431458, 0.47885051369667053, 0
u,0.9960784912109375, 0.5305957198143005, 0
u,0.9985774159431458, 0.5305957198143005, 0
u,0.9985774159431458, 0.5640159845352173, 0
u,0.9960784912109375, 0.5640159845352173, 0
u,0.9985774159431458, 0.5640159845352173, 0
u,0.9985774159431458, 0.6554908156394958, 0
u,0.9332833886146545, 0.600413978099823, 0
u,0.9117646813392639, 0.600413978099823, 0
u,0.9117646813392639, 0.5762572884559631, 0
u,0.7823383808135986, 0.21325050294399261, 0
u,0.753921627998352, 0.21325050294399261, 0
u,0.753921627998352, 0.01677750051021576, 0
u,0.7823383808135986, 0.21325050294399261, 0
u,0.7823383808135986, 0.01677750051021576, 0
u,0.8130778074264526, 0.01677750051021576, 0
u,0.8130778074264526, 0.21325050294399261, 0
u,0.8130778074264526, 0.01677750051021576, 0
u,0.8383654952049255, 0.01677750051021576, 0
u,0.8629723191261292, 0.21325050294399261, 0
u,0.8383654952049255, 0.21325050294399261, 0
u,0.8383654952049255, 0.01677750051021576, 0
u,0.9118456244468689, 0.21325050294399261, 0
u,0.8629723191261292, 0.21325050294399261, 0
u,0.8629723191261292, 0.01677750051021576, 0
u,0.9332833886146545, 0.5762572884559631, 0
u,0.9117646813392639, 0.5762572884559631, 0
u,0.9117646813392639, 0.5321347713470459, 0
u,0.5303922295570374, 0.6356390118598938, 0
u,0.5303922295570374, 0.6051812767982483, 0
u,0.7475863099098206, 0.6051812767982483, 0
u,0.7475863099098206, 0.6051812767982483, 0
u,0.7475863099098206, 0.504580020904541, 0
u,0.8642575740814209, 0.504580020904541, 0
u,0.8642575740814209, 0.6356390118598938, 0
u,0.5303922295570374, 0.6356390118598938, 0
u,0.7475863099098206, 0.6051812767982483, 0
u,0.8632813096046448, 0.6516454815864563, 0
u,0.5303922295570374, 0.6516454815864563, 0
u,0.5303922295570374, 0.6356390118598938, 0
u,0.8642575740814209, 0.7122153043746948, 0
u,0.8144649267196655, 0.7122153043746948, 0
u,0.8632813096046448, 0.6578313112258911, 0
u,0.8144649267196655, 0.7122153043746948, 0
u,0.8144649267196655, 0.6578313112258911, 0
u,0.8632813096046448, 0.6578313112258911, 0
u,0.8632813096046448, 0.6516454815864563, 0
u,0.5303922295570374, 0.6356390118598938, 0
u,0.8642575740814209, 0.6356390118598938, 0
u,0.8642575740814209, 0.7122153043746948, 0
u,0.8632813096046448, 0.6578313112258911, 0
u,0.8642575740814209, 0.6356390118598938, 0
u,0.8998063206672668, 0.6474283933639526, 0
u,0.8998063206672668, 0.7101448774337769, 0
u,0.897205114364624, 0.6474283933639526, 0
u,0.8998063206672668, 0.7101448774337769, 0
u,0.8666666746139526, 0.7101448774337769, 0
u,0.897205114364624, 0.6474283933639526, 0
u,0.8666666746139526, 0.6285598874092102, 0
u,0.9910053014755249, 0.6285598874092102, 0
u,0.897205114364624, 0.638638973236084, 0
u,0.9910053014755249, 0.6285598874092102, 0
u,0.9910053014755249, 0.638638973236084, 0
u,0.897205114364624, 0.638638973236084, 0
u,0.8666666746139526, 0.6285598874092102, 0
u,0.897205114364624, 0.638638973236084, 0
u,0.897205114364624, 0.6474283933639526, 0
u,0.8933476805686951, 0.5228400826454163, 0
u,0.8933476805686951, 0.5373771786689758, 0
u,0.8911765217781067, 0.5373771786689758, 0
u,0.8911765217781067, 0.5447136163711548, 0
u,0.9099792242050171, 0.5447136163711548, 0
u,0.9099792242050171, 0.6259078979492188, 0
u,0.8665547966957092, 0.5228400826454163, 0
u,0.8933476805686951, 0.5228400826454163, 0
u,0.8911765217781067, 0.5373771786689758, 0
u,0.8911765217781067, 0.5447136163711548, 0
u,0.9099792242050171, 0.6259078979492188, 0
u,0.865686297416687, 0.6259078979492188, 0
u,0.8665547966957092, 0.5228400826454163, 0
u,0.8911765217781067, 0.5373771786689758, 0
u,0.8911765217781067, 0.5447136163711548, 0
u,0.8933476805686951, 0.5093168020248413, 0
u,0.8933476805686951, 0.5173366069793701, 0
u,0.8665547966957092, 0.5173366069793701, 0
u,0.8665547966957092, 0.5228400826454163, 0
u,0.8911765217781067, 0.5447136163711548, 0
u,0.865686297416687, 0.6259078979492188, 0
u,0.865686297416687, 0.5093168020248413, 0
u,0.8933476805686951, 0.5093168020248413, 0
u,0.8665547966957092, 0.5173366069793701, 0
u,0.8665547966957092, 0.5173366069793701, 0
u,0.8665547966957092, 0.5228400826454163, 0
u,0.865686297416687, 0.5093168020248413, 0
u,0.7026481032371521, 0.3707352876663208, 0
u,0.7026481032371521, 0.49935510754585266, 0
u,0.6431803703308105, 0.4796428978443146, 0
u,0.7026481032371521, 0.49935510754585266, 0
u,0.6350705027580261, 0.49935510754585266, 0
u,0.6431803703308105, 0.4796428978443146, 0
u,0.6350705027580261, 0.49935510754585266, 0
u,0.6350705027580261, 0.22153210639953613, 0
u,0.6400853991508484, 0.4796428978443146, 0
u,0.6350705027580261, 0.22153210639953613, 0
u,0.6400853991508484, 0.22153210639953613, 0
u,0.6400853991508484, 0.4796428978443146, 0
u,0.6431803703308105, 0.4796428978443146, 0
u,0.6431803703308105, 0.3707352876663208, 0
u,0.7026481032371521, 0.3707352876663208, 0
u,0.9960784912109375, 0.9976440072059631, 0
u,0.9960784912109375, 0.8804988861083984, 0
u,0.9986699223518372, 0.8804988861083984, 0
u,0.9986699223518372, 0.6588963270187378, 0
u,0.9986699223518372, 0.7108761072158813, 0
u,0.9960784912109375, 0.7108761072158813, 0
u,0.9960784912109375, 0.7108761072158813, 0
u,0.9960784912109375, 0.6583850979804993, 0
u,0.9986699223518372, 0.6588963270187378, 0
u,0.9986699223518372, 0.8280060291290283, 0
u,0.9960784912109375, 0.8280060291290283, 0
u,0.9960784912109375, 0.7108761072158813, 0
u,0.5979592204093933, 0.49935510754585266, 0
u,0.5979592204093933, 0.22153210639953613, 0
u,0.6350705027580261, 0.22153210639953613, 0
u,0.5303922295570374, 0.49935510754585266, 0
u,0.5303922295570374, 0.3707352876663208, 0
u,0.5901920199394226, 0.4796428978443146, 0
u,0.5303922295570374, 0.3707352876663208, 0
u,0.5901920199394226, 0.3707352876663208, 0
u,0.5901920199394226, 0.4796428978443146, 0
u,0.5932871103286743, 0.22153210639953613, 0
u,0.5979592204093933, 0.22153210639953613, 0
u,0.5932871103286743, 0.4796428978443146, 0
u,0.5979592204093933, 0.22153210639953613, 0
u,0.5979592204093933, 0.49935510754585266, 0
u,0.5932871103286743, 0.4796428978443146, 0
u,0.5303922295570374, 0.49935510754585266, 0
u,0.5901920199394226, 0.4796428978443146, 0
u,0.5979592204093933, 0.49935510754585266, 0
u,0.7026481032371521, 0.49935510754585266, 0
u,0.7026481032371521, 0.3707352876663208, 0
u,0.7397605776786804, 0.3707352876663208, 0
u,0.9619070291519165, 0.8264474868774414, 0
u,0.9619070291519165, 0.8761224150657654, 0
u,0.9441177248954773, 0.8761224150657654, 0
u,0.9619070291519165, 0.7556936144828796, 0
u,0.9619070291519165, 0.8264474868774414, 0
u,0.9441177248954773, 0.8264474868774414, 0
u,0.9441177248954773, 0.9468762278556824, 0
u,0.9619070291519165, 0.9468762278556824, 0
u,0.9619070291519165, 0.9965509176254272, 0
u,0.9441177248954773, 0.8761224150657654, 0
u,0.9619070291519165, 0.8761224150657654, 0
u,0.9619070291519165, 0.9468762278556824, 0
