s,149.17236328125, 94.9072265625, -0.36733531951904297
b,151.383544921875, 97.48828125, 4.673387050628662
v,150.69482421875, 94.9072265625, 4.533456325531006
v,149.853271484375, 96.0302734375, 4.533433437347412
v,149.853759765625, 96.0302734375, -0.36731958389282227
v,150.6953125, 94.908203125, -0.3672966957092285
v,149.89208984375, 96.060546875, -0.36731576919555664
v,149.172607421875, 96.9814453125, -0.36733531951904297
v,149.806640625, 97.48828125, -0.36727428436279297
v,150.52783203125, 96.5654296875, -0.36725425720214844
v,150.541259765625, 96.5751953125, -0.36725330352783203
v,151.383544921875, 95.455078125, -0.3672304153442383
v,150.695068359375, 94.908203125, -0.3672966957092285
v,149.853515625, 96.0302734375, -0.36731958389282227
v,149.806396484375, 97.48828125, 4.673360347747803
v,149.17236328125, 96.9814453125, 4.673299312591553
v,150.109130859375, 95.7822265625, 4.673325061798096
v,150.742919921875, 96.2880859375, 4.673387050628662
v,151.38330078125, 95.455078125, 4.533522129058838
v,150.541015625, 96.5751953125, 4.533499240875244
v,150.52734375, 96.5654296875, 4.533498287200928
v,150.742919921875, 96.2880859375, 4.533504962921143
v,150.109130859375, 95.7822265625, 4.533443927764893
v,149.891845703125, 96.060546875, 4.533437252044678
v,149.853271484375, 96.0302734375, 4.533433437347412
v,150.694580078125, 94.9072265625, 4.533456325531006
v,150.109130859375, 95.7822265625, 4.673325061798096
v,149.17236328125, 96.9814453125, 4.673299312591553
v,149.172607421875, 96.9814453125, -0.36733531951904297
v,149.89208984375, 96.060546875, -0.36731576919555664
v,149.891845703125, 96.060546875, 4.533437252044678
v,150.109130859375, 95.7822265625, 4.533443927764893
v,149.17236328125, 96.9814453125, 4.673299312591553
v,149.806396484375, 97.48828125, 4.673360347747803
v,149.806640625, 97.48828125, -0.36727428436279297
v,149.172607421875, 96.9814453125, -0.36733531951904297
v,150.742919921875, 96.2880859375, 4.533504962921143
v,150.52734375, 96.5654296875, 4.533498287200928
v,150.52783203125, 96.5654296875, -0.36725425720214844
v,149.806640625, 97.48828125, -0.36727428436279297
v,149.806396484375, 97.48828125, 4.673360347747803
v,150.742919921875, 96.2880859375, 4.673387050628662
v,150.109130859375, 95.7822265625, 4.533443927764893
v,150.742919921875, 96.2880859375, 4.533504962921143
v,150.742919921875, 96.2880859375, 4.673387050628662
v,150.109130859375, 95.7822265625, 4.673325061798096
v,151.38330078125, 95.455078125, 4.533522129058838
v,150.694580078125, 94.9072265625, 4.533456325531006
v,150.695068359375, 94.908203125, -0.3672966957092285
v,151.383544921875, 95.455078125, -0.3672304153442383
v,150.52783203125, 96.5654296875, -0.36725425720214844
v,150.52734375, 96.5654296875, 4.533498287200928
v,150.541015625, 96.5751953125, 4.533499240875244
v,150.541259765625, 96.5751953125, -0.36725330352783203
v,149.891845703125, 96.060546875, 4.533437252044678
v,149.89208984375, 96.060546875, -0.36731576919555664
v,149.853515625, 96.0302734375, -0.36731958389282227
v,149.853271484375, 96.0302734375, 4.533433437347412
v,150.541259765625, 96.5751953125, -0.36725330352783203
v,150.541015625, 96.5751953125, 4.533499240875244
v,151.38330078125, 95.455078125, 4.533522129058838
v,151.383544921875, 95.455078125, -0.3672304153442383
i,1,3,0
i,9,10,4
i,13,15,12
i,16,20,23
i,26,27,28
i,30,32,33
i,35,37,38
i,41,43,40
i,44,46,47
i,49,51,48
i,53,55,52
i,56,58,59
i,1,2,3
i,4,5,7
i,5,6,7
i,7,8,9
i,10,11,4
i,7,9,4
i,13,14,15
i,17,18,19
i,20,21,22
i,16,17,19
i,20,22,23
i,16,19,20
i,29,24,28
i,24,25,28
i,25,26,28
i,30,31,32
i,39,34,35
i,35,36,37
i,38,39,35
i,41,42,43
i,44,45,46
i,49,50,51
i,53,54,55
i,56,57,58
n,-3.60337233543396, -2.7018332481384277, -0.000797022134065628
n,0.00031811249209567904, 0.00014723814092576504, -4.50379753112793
n,-0.00031527504324913025, -0.00014761505008209497, 4.50379753112793
n,-0.00031594536267220974, -0.0001461205683881417, 4.50379753112793
n,-3.5490009784698486, -2.7728657722473145, -0.00031404689070768654
n,-2.8111512660980225, 3.5187528133392334, -0.00012092613178538159
n,3.5491135120391846, 2.772721529006958, 0.0001526707346783951
n,2.8117382526397705, -3.5182838439941406, 0.0
n,2.79992938041687, -3.52768874168396, 0.00012388121103867888
n,-2.7571041584014893, 3.5612592697143555, -0.00024397285596933216
n,-2.784299373626709, 3.5400378704071045, -0.00024637934984639287
n,3.6000263690948486, 2.706289291381836, 0.00015928104403428733
n,-3.6023693084716797, -2.70317006111145, -0.000318769394652918
n,0.00031521599157713354, 0.0001510272704763338, -4.50379753112793
n,0.00031447529909200966, 0.00014861614909023046, -4.50379753112793
n,0.00031403108732774854, 0.00014415649638976902, -4.50379753112793
n,0.00032511900644749403, 0.00015212237485684454, -4.50379753112793
n,0.0003181507345288992, 0.00014733235002495348, -4.50379753112793
n,-0.00031745427986606956, -0.00015255443577188998, 4.50379753112793
n,-0.00022130545403342694, -7.60565817472525e-05, 4.50379753112793
n,-0.00029829240520484746, -0.00012339846580289304, 4.50379753112793
n,-0.0002548893680796027, -9.969723760150373e-05, 4.50379753112793
n,-0.00032834740704856813, -0.00015442549192812294, 4.50379753112793
n,-0.0003160989726893604, -0.0001467190741095692, 4.50379753112793
n,-3.549269676208496, -2.7725212574005127, 0.0
n,-3.549374580383301, -2.7723872661590576, 0.00042964727617800236
n,-3.549417734146118, -2.7723326683044434, -0.0001526838168501854
n,-2.8111512660980225, 3.5187528133392334, -0.00012092613178538159
n,3.5516326427459717, 2.7694942951202393, 0.0
n,3.5486977100372314, 2.773253917694092, 0.0003140199987683445
n,3.549680233001709, 2.771984815597534, 0.007937232032418251
n,2.8117382526397705, -3.5182836055755615, 0.0
n,2.802112579345703, -3.525954484939575, -0.00037605944089591503
n,-2.7294960021972656, 3.582463264465332, -0.00012076493294443935
n,-2.784299373626709, 3.5400378704071045, -0.0002463793207425624
n,3.6000263690948486, 2.706289291381836, 0.00015928104403428733
u,0.928039014339447, 0.49555158615112305, 0
u,0.0, 0.35353919863700867, 0
u,0.928039014339447, 0.35353919863700867, 0
u,0.0, 0.0, 0
u,0.0, 0.0, 0
u,0.0, 0.0, 0
u,0.6353887915611267, 0.11473129689693451, 0
u,0.2654202878475189, 0.0038628000766038895, 0
u,0.6412553191184998, 0.007585799787193537, 0
u,0.005814199801534414, 0.002445199992507696, 0
u,0.2595205008983612, 0.11098679900169373, 0
u,0.0, 0.11856819689273834, 0
u,0.0, 0.753674328327179, 0
u,0.0, 0.6303083896636963, 0
u,0.9675952196121216, 0.6303083896636963, 0
u,0.9952133297920227, 0.753674328327179, 0
u,0.0, 0.8393527269363403, 0
u,0.0, 0.753674328327179, 0
u,0.9675952196121216, 0.9630041718482971, 0
u,0.0, 0.8393527269363403, 0
u,0.9952133297920227, 0.8393527269363403, 0
u,0.9675952196121216, 0.5073506832122803, 0
u,0.9952133297920227, 0.5930123925209045, 0
u,0.9675952196121216, 0.5930123925209045, 0
u,0.928039014339447, 0.2644841969013214, 0
u,0.0, 0.35353919863700867, 0
u,0.0, 0.2644841969013214, 0
u,0.928039014339447, 0.12080539762973785, 0
u,0.0, 0.1225501000881195, 0
u,0.0, 0.12080539762973785, 0
u,0.0, 0.5005412101745605, 0
u,0.928039014339447, 0.49555158615112305, 0
u,0.928039014339447, 0.5005412101745605, 0
u,0.0, 0.1225501000881195, 0
u,0.928039014339447, 0.2644841969013214, 0
u,0.0, 0.2644841969013214, 0
u,0.928039014339447, 0.49555158615112305, 0
u,0.0, 0.49555158615112305, 0
u,0.0, 0.35353919863700867, 0
u,0.0, 0.0, 0
u,0.0, 0.0, 0
u,0.0, 0.0, 0
u,0.0, 0.0, 0
u,0.0, 0.0, 0
u,0.0, 0.0, 0
u,0.0, 0.0, 0
u,0.0, 0.0, 0
u,0.0, 0.0, 0
u,0.0, 0.0, 0
u,0.0, 0.0, 0
u,0.0, 0.0, 0
u,0.0, 0.0, 0
u,0.0, 0.0, 0
u,0.0, 0.0, 0
u,0.6353887915611267, 0.11473129689693451, 0
u,0.2595205008983612, 0.11098679900169373, 0
u,0.2654202878475189, 0.0038628000766038895, 0
u,0.3520824909210205, 0.002445199992507696, 0
u,0.35197219252586365, 0.004720199853181839, 0
u,0.2654202878475189, 0.0038628000766038895, 0
u,0.2595205008983612, 0.11098679900169373, 0
u,0.3467746078968048, 0.11185599863529205, 0
u,0.3464590013027191, 0.11836230009794235, 0
u,0.005814199801534414, 0.002445199992507696, 0
u,0.3520824909210205, 0.002445199992507696, 0
u,0.2654202878475189, 0.0038628000766038895, 0
u,0.2595205008983612, 0.11098679900169373, 0
u,0.3464590013027191, 0.11836230009794235, 0
u,0.0, 0.11856819689273834, 0
u,0.005814199801534414, 0.002445199992507696, 0
u,0.2654202878475189, 0.0038628000766038895, 0
u,0.2595205008983612, 0.11098679900169373, 0
u,0.9675952196121216, 0.5930123925209045, 0
u,0.9952133297920227, 0.5930123925209045, 0
u,0.9675952196121216, 0.6303083896636963, 0
u,0.9952133297920227, 0.5930123925209045, 0
u,0.9952133297920227, 0.753674328327179, 0
u,0.9675952196121216, 0.6303083896636963, 0
u,0.9952133297920227, 0.753674328327179, 0
u,0.0, 0.753674328327179, 0
u,0.9675952196121216, 0.6303083896636963, 0
u,0.9952133297920227, 0.753674328327179, 0
u,0.9952133297920227, 0.8393527269363403, 0
u,0.0, 0.8393527269363403, 0
u,0.9952133297920227, 1.0, 0
u,0.9675952196121216, 1.0, 0
u,0.9675952196121216, 0.9630041718482971, 0
u,0.9675952196121216, 0.9630041718482971, 0
u,0.0, 0.9630041718482971, 0
u,0.0, 0.8393527269363403, 0
u,0.9952133297920227, 0.8393527269363403, 0
u,0.9952133297920227, 1.0, 0
u,0.9675952196121216, 0.9630041718482971, 0
u,0.9675952196121216, 0.5073506832122803, 0
u,0.9952133297920227, 0.5073506832122803, 0
u,0.9952133297920227, 0.5930123925209045, 0
u,0.928039014339447, 0.2644841969013214, 0
u,0.928039014339447, 0.35353919863700867, 0
u,0.0, 0.35353919863700867, 0
u,0.928039014339447, 0.12080539762973785, 0
u,0.928039014339447, 0.1225501000881195, 0
u,0.0, 0.1225501000881195, 0
u,0.0, 0.5005412101745605, 0
u,0.0, 0.49555158615112305, 0
u,0.928039014339447, 0.49555158615112305, 0
u,0.0, 0.1225501000881195, 0
u,0.928039014339447, 0.1225501000881195, 0
u,0.928039014339447, 0.2644841969013214, 0
