s,67.4453125, 71.0205078125, -1.8735945224761963
b,68.494873046875, 74.21484375, -0.6039366722106934
v,68.002685546875, 71.0205078125, -0.6039934158325195
v,67.445556640625, 71.078125, -0.6039996147155762
v,67.445556640625, 71.078125, -1.8735945224761963
v,68.002685546875, 71.0205078125, -1.8735888004302979
v,68.494873046875, 74.1474609375, -1.8735320568084717
v,68.00244140625, 71.0205078125, -1.8735888004302979
v,67.4453125, 71.078125, -1.8735945224761963
v,67.7685546875, 74.21484375, -1.873539924621582
v,67.4453125, 71.078125, -0.6039996147155762
v,68.00244140625, 71.0205078125, -0.6039934158325195
v,68.494873046875, 74.1474609375, -0.6039366722106934
v,67.7685546875, 74.21484375, -0.6039447784423828
v,67.7685546875, 74.21484375, -0.6039447784423828
v,68.494873046875, 74.1474609375, -0.6039366722106934
v,68.494873046875, 74.1474609375, -1.8735320568084717
v,67.7685546875, 74.21484375, -1.873539924621582
v,68.494873046875, 74.1474609375, -0.6039366722106934
v,68.00244140625, 71.0205078125, -0.6039934158325195
v,68.00244140625, 71.0205078125, -1.8735888004302979
v,68.494873046875, 74.1474609375, -1.8735320568084717
v,67.4453125, 71.078125, -0.6039996147155762
v,67.7685546875, 74.21484375, -0.6039447784423828
v,67.7685546875, 74.21484375, -1.873539924621582
v,67.4453125, 71.078125, -1.8735945224761963
i,1,3,0
i,5,7,4
i,9,11,8
i,12,14,15
i,17,19,16
i,20,22,23
i,1,2,3
i,5,6,7
i,9,10,11
i,12,13,14
i,17,18,19
i,20,21,22
n,-0.46022510528564453, -4.480221271514893, 0.0
n,5.535034870263189e-05, 7.272048242157325e-05, -4.50379753112793
n,-5.538897676160559e-05, -7.272332004504278e-05, 4.50379753112793
n,0.4176507294178009, 4.484390735626221, 0.0
n,4.4489617347717285, -0.7006652355194092, 0.0
n,-4.480070114135742, 0.46169373393058777, 0.0
n,-0.46022510528564453, -4.480221271514893, 0.0
n,5.538897676160559e-05, 7.272332004504278e-05, -4.50379753112793
n,-5.667227378580719e-05, -7.28173108655028e-05, 4.50379753112793
n,0.4176507294178009, 4.484390735626221, 0.0
n,4.4489617347717285, -0.7006651759147644, 0.0
n,-4.480070114135742, 0.46169373393058777, 0.0
u,0.5089756846427917, 1.0, 0
u,0.5824009776115417, 0.4036127030849457, 0
u,0.5824009776115417, 1.0, 0
u,0.0, 0.0, 0
u,0.0, 0.0, 0
u,0.0, 0.0, 0
u,0.002469100058078766, 0.08627759665250778, 0
u,0.45077741146087646, 0.3716813921928406, 0
u,0.002479699905961752, 0.3716813921928406, 0
u,0.09561540186405182, 1.0, 0
u,0.0, 0.4036127030849457, 0
u,0.09561540186405182, 0.4036127030849457, 0
u,0.5824009776115417, 1.0, 0
u,0.9973456263542175, 0.4036127030849457, 0
u,0.9973456263542175, 1.0, 0
u,0.5089756846427917, 1.0, 0
u,0.09561540186405182, 0.4036127030849457, 0
u,0.5089756846427917, 0.4036127030849457, 0
u,0.5089756846427917, 1.0, 0
u,0.5089756846427917, 0.4036127030849457, 0
u,0.5824009776115417, 0.4036127030849457, 0
u,0.0, 0.0, 0
u,0.0, 0.0, 0
u,0.0, 0.0, 0
u,0.002469100058078766, 0.08627759665250778, 0
u,0.4518412947654724, 4.400000034365803e-05, 0
u,0.45077741146087646, 0.3716813921928406, 0
u,0.09561540186405182, 1.0, 0
u,0.0, 1.0, 0
u,0.0, 0.4036127030849457, 0
u,0.5824009776115417, 1.0, 0
u,0.5824009776115417, 0.4036127030849457, 0
u,0.9973456263542175, 0.4036127030849457, 0
u,0.5089756846427917, 1.0, 0
u,0.09561540186405182, 1.0, 0
u,0.09561540186405182, 0.4036127030849457, 0
