s,191.898193359375, 84.9970703125, -0.5761642456054688
b,196.368896484375, 89.125, 5.315822601318359
v,193.725830078125, 85.171875, -0.5760273933410645
v,193.725341796875, 85.1708984375, 3.4261512756347656
v,193.505859375, 84.9970703125, 3.42612361907959
v,193.506103515625, 84.9970703125, -0.5760536193847656
v,196.043701171875, 87.3271484375, -0.5757355690002441
v,196.046142578125, 87.32421875, -0.5757355690002441
v,195.79248046875, 87.1328125, -0.5757660865783691
v,195.79541015625, 87.1298828125, -0.5757660865783691
v,194.078857421875, 85.765625, -0.5759763717651367
v,194.2080078125, 85.6103515625, -0.5759673118591309
v,193.7236328125, 85.173828125, -0.5760273933410645
v,193.7255859375, 85.171875, -0.5760273933410645
v,193.506103515625, 84.9970703125, -0.5760536193847656
v,193.1328125, 85.466796875, -0.5760793685913086
v,193.036376953125, 85.390625, -0.5760912895202637
v,192.388427734375, 86.2060546875, -0.5761351585388184
v,192.44189453125, 86.248046875, -0.5761289596557617
v,192.167724609375, 86.60546875, -0.5761470794677734
v,192.17626953125, 86.611328125, -0.5761456489562988
v,191.8984375, 86.958984375, -0.5761642456054688
v,194.8125, 89.125, -0.5758123397827148
v,195.249755859375, 89.064453125, -0.5757699012756348
v,196.368896484375, 87.5947265625, -0.5756950378417969
v,194.909423828125, 88.06640625, 3.505168914794922
v,194.559814453125, 87.7890625, 3.5051259994506836
v,194.909912109375, 88.0654296875, 3.505168914794922
v,195.775634765625, 87.1533203125, 3.4677257537841797
v,196.045654296875, 87.32421875, 3.0711870193481445
v,194.986083984375, 88.73046875, 3.0711164474487305
v,195.69140625, 87.259765625, 3.471956253051758
v,195.69140625, 87.259765625, 3.471956253051758
v,194.986083984375, 88.73046875, 3.0711164474487305
v,194.95703125, 88.1845703125, 3.502863883972168
v,194.95703125, 88.1845703125, 3.502863883972168
v,194.986083984375, 88.73046875, 3.0711164474487305
v,192.167236328125, 86.6044921875, 3.070775032043457
v,194.677734375, 88.0244140625, 3.461705207824707
v,194.927001953125, 88.22265625, 3.4534740447998047
v,192.441162109375, 86.248046875, 3.484225273132324
v,194.677734375, 88.0244140625, 3.461705207824707
v,192.167236328125, 86.6044921875, 3.070775032043457
v,194.242919921875, 87.537109375, 3.4051713943481445
v,194.48779296875, 87.22265625, 3.4051876068115234
v,194.855224609375, 86.7509765625, 3.40521240234375
v,194.9638671875, 86.611328125, 3.4052200317382812
v,195.638916015625, 87.1474609375, 3.4053030014038086
v,194.91015625, 88.0654296875, 3.4052534103393555
v,194.38623046875, 87.650390625, 3.40518856048584
v,193.93798828125, 85.7958984375, 3.405095100402832
v,194.9638671875, 86.611328125, 3.4052200317382812
v,194.855224609375, 86.7509765625, 3.40521240234375
v,194.281982421875, 86.3046875, 3.4051427841186523
v,194.031982421875, 86.3623046875, 3.405118942260742
v,193.78662109375, 86.677734375, 3.4051027297973633
v,194.48779296875, 87.22265625, 3.4051876068115234
v,194.242919921875, 87.537109375, 3.4051713943481445
v,192.544189453125, 86.1884765625, 3.4049644470214844
v,193.053955078125, 85.546875, 3.404998779296875
v,193.7177734375, 86.07421875, 3.4050798416137695
v,194.007080078125, 85.7099609375, 3.627134323120117
v,195.794921875, 87.1298828125, 3.6273536682128906
v,194.927001953125, 88.22265625, 3.627293586730957
v,192.387939453125, 86.2060546875, 3.626983642578125
v,193.035888671875, 85.390625, 3.627028465270996
v,193.786865234375, 85.9873046875, 3.627120018005371
v,193.7177734375, 86.07421875, 3.6271142959594727
v,193.0537109375, 85.546875, 3.6270341873168945
v,192.544189453125, 86.1884765625, 3.6269989013671875
v,194.909423828125, 88.06640625, 3.6272878646850586
v,195.638671875, 87.1474609375, 3.627338409423828
v,193.93798828125, 85.7958984375, 3.627129554748535
v,193.965576171875, 85.76171875, 3.627131462097168
v,192.17626953125, 86.611328125, 2.401341438293457
v,194.986083984375, 88.73046875, 2.401681900024414
v,196.04345703125, 87.3271484375, 2.4017515182495117
v,196.36865234375, 87.5947265625, 2.401791572570801
v,195.24951171875, 89.064453125, 2.401717185974121
v,194.8125, 89.125, 2.401675224304199
v,191.898193359375, 86.958984375, 2.401322364807129
v,193.376708984375, 85.5634765625, 3.2040910720825195
v,193.486572265625, 85.42578125, 3.205038070678711
v,193.965576171875, 85.76171875, 3.409176826477051
v,193.93798828125, 85.7958984375, 3.4089431762695312
v,193.787109375, 85.9873046875, 3.4076614379882812
v,193.33056640625, 85.6240234375, 3.204087257385254
v,194.007080078125, 85.7099609375, 3.631564140319824
v,193.965576171875, 85.76171875, 3.631211280822754
v,193.486572265625, 85.42578125, 3.427072525024414
v,193.52783203125, 85.3740234375, 3.427432060241699
v,193.55126953125, 85.390625, 3.1871490478515625
v,193.681640625, 85.2265625, 3.1888275146484375
v,194.11572265625, 85.6171875, 2.837460517883301
v,194.026123046875, 85.7255859375, 2.8381195068359375
v,194.007080078125, 85.7099609375, 2.85284423828125
v,193.681640625, 85.22265625, 3.4124631881713867
v,193.683837890625, 85.2236328125, 3.410888671875
v,193.72314453125, 85.173828125, 3.411396026611328
v,194.207763671875, 85.6103515625, 3.019076347351074
v,194.078369140625, 85.765625, 3.020029067993164
v,194.026123046875, 85.7255859375, 3.0601539611816406
v,194.115478515625, 85.6171875, 3.059494972229004
v,193.6796875, 85.2236328125, 3.412445068359375
v,193.52783203125, 85.3740234375, 3.2041015625
v,193.376708984375, 85.5634765625, 3.2040910720825195
v,193.33056640625, 85.6240234375, 3.204087257385254
v,193.184326171875, 85.5087890625, 3.2040700912475586
v,193.51611328125, 85.0908203125, 3.2040929794311523
v,193.681640625, 85.22265625, 3.204113006591797
v,193.6796875, 85.2236328125, 3.204113006591797
v,193.681640625, 85.2265625, 3.204113006591797
v,193.55126953125, 85.390625, 3.204103469848633
v,193.13232421875, 85.466796875, 3.4260988235473633
v,193.505615234375, 84.9970703125, 3.42612361907959
v,193.72509765625, 85.1708984375, 3.4261512756347656
v,193.683837890625, 85.2236328125, 3.4261474609375
v,193.51611328125, 85.0908203125, 3.4261274337768555
v,193.184326171875, 85.5087890625, 3.4261045455932617
v,194.487548828125, 87.22265625, 5.315797805786133
v,193.786376953125, 86.677734375, 5.315711975097656
v,194.03173828125, 86.361328125, 5.315728187561035
v,194.28173828125, 86.3046875, 5.315752983093262
v,194.855224609375, 86.75, 5.315822601318359
v,194.559814453125, 87.7890625, 3.5051259994506836
v,194.38623046875, 87.650390625, 3.40518856048584
v,194.91015625, 88.0654296875, 3.4052534103393555
v,194.909912109375, 88.0654296875, 3.505168914794922
v,194.986083984375, 88.73046875, 3.0711164474487305
v,196.045654296875, 87.32421875, 3.0711870193481445
v,196.046142578125, 87.32421875, -0.5757355690002441
v,196.043701171875, 87.3271484375, -0.5757355690002441
v,196.04345703125, 87.3271484375, 2.4017515182495117
v,194.986083984375, 88.73046875, 2.401681900024414
v,195.7919921875, 87.1328125, 3.071155548095703
v,195.79248046875, 87.1328125, -0.5757660865783691
v,196.046142578125, 87.32421875, -0.5757355690002441
v,196.045654296875, 87.32421875, 3.0711870193481445
v,194.986083984375, 88.73046875, 2.401681900024414
v,192.17626953125, 86.611328125, 2.401341438293457
v,192.17626953125, 86.611328125, -0.5761456489562988
v,192.167724609375, 86.60546875, -0.5761470794677734
v,192.167236328125, 86.6044921875, 3.070775032043457
v,194.986083984375, 88.73046875, 3.0711164474487305
v,192.44189453125, 86.248046875, -0.5761289596557617
v,192.441650390625, 86.248046875, 3.0707931518554688
v,192.167236328125, 86.6044921875, 3.070775032043457
v,192.167724609375, 86.60546875, -0.5761470794677734
v,195.7919921875, 87.1328125, 3.071155548095703
v,196.045654296875, 87.32421875, 3.0711870193481445
v,195.775634765625, 87.1533203125, 3.4677257537841797
v,192.441162109375, 86.248046875, 3.484225273132324
v,192.167236328125, 86.6044921875, 3.070775032043457
v,192.441650390625, 86.248046875, 3.0707931518554688
v,193.786865234375, 85.9873046875, 3.627120018005371
v,193.787109375, 85.9873046875, 3.4076614379882812
v,193.93798828125, 85.7958984375, 3.4089431762695312
v,193.93798828125, 85.7958984375, 3.405095100402832
v,193.7177734375, 86.07421875, 3.4050798416137695
v,193.7177734375, 86.07421875, 3.6271142959594727
v,192.441650390625, 86.248046875, 3.0707931518554688
v,192.44189453125, 86.248046875, -0.5761289596557617
v,192.388427734375, 86.2060546875, -0.5761351585388184
v,192.387939453125, 86.2060546875, 3.626983642578125
v,194.927001953125, 88.22265625, 3.627293586730957
v,194.927001953125, 88.22265625, 3.4534740447998047
v,194.677734375, 88.0244140625, 3.461705207824707
v,192.441162109375, 86.248046875, 3.484225273132324
v,193.787109375, 85.9873046875, 3.4076614379882812
v,193.786865234375, 85.9873046875, 3.627120018005371
v,193.035888671875, 85.390625, 3.627028465270996
v,193.036376953125, 85.390625, -0.5760912895202637
v,193.1328125, 85.466796875, -0.5760793685913086
v,193.13232421875, 85.466796875, 3.4260988235473633
v,193.184326171875, 85.5087890625, 3.4261045455932617
v,193.184326171875, 85.5087890625, 3.2040700912475586
v,193.33056640625, 85.6240234375, 3.204087257385254
v,192.388427734375, 86.2060546875, -0.5761351585388184
v,193.036376953125, 85.390625, -0.5760912895202637
v,193.035888671875, 85.390625, 3.627028465270996
v,192.387939453125, 86.2060546875, 3.626983642578125
v,195.794921875, 87.1298828125, 3.6273536682128906
v,195.79541015625, 87.1298828125, -0.5757660865783691
v,195.79248046875, 87.1328125, -0.5757660865783691
v,195.7919921875, 87.1328125, 3.071155548095703
v,195.775634765625, 87.1533203125, 3.4677257537841797
v,195.69140625, 87.259765625, 3.471956253051758
v,194.95703125, 88.1845703125, 3.502863883972168
v,194.927001953125, 88.22265625, 3.4534740447998047
v,194.927001953125, 88.22265625, 3.627293586730957
v,195.79541015625, 87.1298828125, -0.5757660865783691
v,195.794921875, 87.1298828125, 3.6273536682128906
v,194.007080078125, 85.7099609375, 3.627134323120117
v,194.007080078125, 85.7099609375, 2.85284423828125
v,194.026123046875, 85.7255859375, 2.8381195068359375
v,194.026123046875, 85.7255859375, 3.0601539611816406
v,194.078369140625, 85.765625, 3.020029067993164
v,194.078857421875, 85.765625, -0.5759763717651367
v,193.7177734375, 86.07421875, 3.4050798416137695
v,193.053955078125, 85.546875, 3.404998779296875
v,193.0537109375, 85.546875, 3.6270341873168945
v,193.7177734375, 86.07421875, 3.6271142959594727
v,192.544189453125, 86.1884765625, 3.4049644470214844
v,192.544189453125, 86.1884765625, 3.6269989013671875
v,193.0537109375, 85.546875, 3.6270341873168945
v,193.053955078125, 85.546875, 3.404998779296875
v,194.909423828125, 88.06640625, 3.6272878646850586
v,192.544189453125, 86.1884765625, 3.6269989013671875
v,192.544189453125, 86.1884765625, 3.4049644470214844
v,194.242919921875, 87.537109375, 3.4051713943481445
v,194.38623046875, 87.650390625, 3.40518856048584
v,194.559814453125, 87.7890625, 3.5051259994506836
v,194.909423828125, 88.06640625, 3.505168914794922
v,194.909912109375, 88.0654296875, 3.505168914794922
v,194.91015625, 88.0654296875, 3.4052534103393555
v,195.638916015625, 87.1474609375, 3.4053030014038086
v,195.638671875, 87.1474609375, 3.627338409423828
v,194.909423828125, 88.06640625, 3.6272878646850586
v,194.909423828125, 88.06640625, 3.505168914794922
v,195.638671875, 87.1474609375, 3.627338409423828
v,195.638916015625, 87.1474609375, 3.4053030014038086
v,194.9638671875, 86.611328125, 3.4052200317382812
v,193.93798828125, 85.7958984375, 3.405095100402832
v,193.93798828125, 85.7958984375, 3.4089431762695312
v,193.93798828125, 85.7958984375, 3.627129554748535
v,193.93798828125, 85.7958984375, 3.627129554748535
v,193.93798828125, 85.7958984375, 3.4089431762695312
v,193.965576171875, 85.76171875, 3.409176826477051
v,193.965576171875, 85.76171875, 3.627131462097168
v,194.8125, 89.125, 2.401675224304199
v,195.24951171875, 89.064453125, 2.401717185974121
v,195.249755859375, 89.064453125, -0.5757699012756348
v,194.8125, 89.125, -0.5758123397827148
v,195.24951171875, 89.064453125, 2.401717185974121
v,196.36865234375, 87.5947265625, 2.401791572570801
v,196.368896484375, 87.5947265625, -0.5756950378417969
v,195.249755859375, 89.064453125, -0.5757699012756348
v,196.04345703125, 87.3271484375, 2.4017515182495117
v,196.043701171875, 87.3271484375, -0.5757355690002441
v,196.368896484375, 87.5947265625, -0.5756950378417969
v,196.36865234375, 87.5947265625, 2.401791572570801
v,192.17626953125, 86.611328125, -0.5761456489562988
v,192.17626953125, 86.611328125, 2.401341438293457
v,191.898193359375, 86.958984375, 2.401322364807129
v,191.8984375, 86.958984375, -0.5761642456054688
v,191.8984375, 86.958984375, -0.5761642456054688
v,191.898193359375, 86.958984375, 2.401322364807129
v,194.8125, 89.125, 2.401675224304199
v,194.8125, 89.125, -0.5758123397827148
v,194.007080078125, 85.7099609375, 3.627134323120117
v,193.965576171875, 85.76171875, 3.627131462097168
v,193.965576171875, 85.76171875, 3.631211280822754
v,194.007080078125, 85.7099609375, 3.631564140319824
v,193.376708984375, 85.5634765625, 3.2040910720825195
v,193.52783203125, 85.3740234375, 3.2041015625
v,193.52783203125, 85.3740234375, 3.427432060241699
v,193.486572265625, 85.42578125, 3.427072525024414
v,193.486572265625, 85.42578125, 3.205038070678711
v,193.965576171875, 85.76171875, 3.409176826477051
v,193.486572265625, 85.42578125, 3.205038070678711
v,193.486572265625, 85.42578125, 3.427072525024414
v,193.965576171875, 85.76171875, 3.631211280822754
v,193.965576171875, 85.76171875, 3.627131462097168
v,194.007080078125, 85.7099609375, 3.627134323120117
v,194.007080078125, 85.7099609375, 3.631564140319824
v,193.52783203125, 85.3740234375, 3.427432060241699
v,193.52783203125, 85.3740234375, 3.2041015625
v,193.55126953125, 85.390625, 3.204103469848633
v,193.55126953125, 85.390625, 3.1871490478515625
v,194.007080078125, 85.7099609375, 2.85284423828125
v,194.078857421875, 85.765625, -0.5759763717651367
v,194.078369140625, 85.765625, 3.020029067993164
v,194.207763671875, 85.6103515625, 3.019076347351074
v,194.2080078125, 85.6103515625, -0.5759673118591309
v,194.2080078125, 85.6103515625, -0.5759673118591309
v,194.207763671875, 85.6103515625, 3.019076347351074
v,193.72314453125, 85.173828125, 3.411396026611328
v,193.7236328125, 85.173828125, -0.5760273933410645
v,194.026123046875, 85.7255859375, 3.0601539611816406
v,194.026123046875, 85.7255859375, 2.8381195068359375
v,194.11572265625, 85.6171875, 2.837460517883301
v,194.115478515625, 85.6171875, 3.059494972229004
v,193.6796875, 85.2236328125, 3.412445068359375
v,194.115478515625, 85.6171875, 3.059494972229004
v,194.11572265625, 85.6171875, 2.837460517883301
v,193.681640625, 85.2265625, 3.1888275146484375
v,193.681640625, 85.2265625, 3.204113006591797
v,193.6796875, 85.2236328125, 3.204113006591797
v,193.681640625, 85.22265625, 3.204113006591797
v,193.681640625, 85.22265625, 3.4124631881713867
v,193.6796875, 85.2236328125, 3.412445068359375
v,193.6796875, 85.2236328125, 3.204113006591797
v,193.13232421875, 85.466796875, 3.4260988235473633
v,193.1328125, 85.466796875, -0.5760793685913086
v,193.506103515625, 84.9970703125, -0.5760536193847656
v,193.505615234375, 84.9970703125, 3.42612361907959
v,193.7236328125, 85.173828125, -0.5760273933410645
v,193.72314453125, 85.173828125, 3.411396026611328
v,193.683837890625, 85.2236328125, 3.410888671875
v,193.683837890625, 85.2236328125, 3.4261474609375
v,193.72509765625, 85.1708984375, 3.4261512756347656
v,193.7255859375, 85.171875, -0.5760273933410645
v,193.681640625, 85.2265625, 3.1888275146484375
v,193.55126953125, 85.390625, 3.1871490478515625
v,193.55126953125, 85.390625, 3.204103469848633
v,193.681640625, 85.2265625, 3.204113006591797
v,193.683837890625, 85.2236328125, 3.410888671875
v,193.681640625, 85.22265625, 3.4124631881713867
v,193.681640625, 85.22265625, 3.204113006591797
v,193.51611328125, 85.0908203125, 3.2040929794311523
v,193.51611328125, 85.0908203125, 3.4261274337768555
v,193.683837890625, 85.2236328125, 3.4261474609375
v,193.184326171875, 85.5087890625, 3.4261045455932617
v,193.51611328125, 85.0908203125, 3.4261274337768555
v,193.51611328125, 85.0908203125, 3.2040929794311523
v,193.184326171875, 85.5087890625, 3.2040700912475586
v,194.281982421875, 86.3046875, 3.4051427841186523
v,194.855224609375, 86.7509765625, 3.40521240234375
v,194.855224609375, 86.75, 5.315822601318359
v,194.28173828125, 86.3046875, 5.315752983093262
v,194.03173828125, 86.361328125, 5.315728187561035
v,194.031982421875, 86.3623046875, 3.405118942260742
v,194.281982421875, 86.3046875, 3.4051427841186523
v,194.28173828125, 86.3046875, 5.315752983093262
v,193.786376953125, 86.677734375, 5.315711975097656
v,193.78662109375, 86.677734375, 3.4051027297973633
v,194.031982421875, 86.3623046875, 3.405118942260742
v,194.03173828125, 86.361328125, 5.315728187561035
v,194.487548828125, 87.22265625, 5.315797805786133
v,194.48779296875, 87.22265625, 3.4051876068115234
v,193.78662109375, 86.677734375, 3.4051027297973633
v,193.786376953125, 86.677734375, 5.315711975097656
v,194.855224609375, 86.75, 5.315822601318359
v,194.855224609375, 86.7509765625, 3.40521240234375
v,194.48779296875, 87.22265625, 3.4051876068115234
v,194.487548828125, 87.22265625, 5.315797805786133
i,1,3,0
i,18,20,8
i,23,24,25
i,27,29,26
i,30,31,32
i,34,36,37
i,38,39,40
i,45,46,42
i,53,56,58
i,68,69,61
i,77,78,73
i,82,83,79
i,86,88,85
i,91,92,93
i,100,101,95
i,102,103,105
i,113,114,115
i,118,119,120
i,122,124,125
i,128,129,130
i,132,134,135
i,137,139,140
i,143,145,142
i,146,147,148
i,149,150,151
i,153,155,156
i,158,161,165
i,167,168,172
i,175,177,178
i,184,187,179
i,189,190,194
i,197,199,196
i,201,203,200
i,205,207,209
i,215,216,211
i,221,222,219
i,223,225,226
i,227,229,230
i,232,234,231
i,235,237,238
i,240,242,239
i,243,245,246
i,247,249,250
i,253,254,255
i,258,259,260
i,261,263,265
i,268,270,271
i,273,275,272
i,277,279,276
i,284,285,280
i,286,288,289
i,291,293,290
i,295,297,298
i,300,302,303
i,308,309,305
i,310,312,313
i,314,316,317
i,318,320,321
i,322,324,325
i,326,328,329
i,331,333,330
i,1,2,3
i,4,5,6
i,6,7,8
i,8,9,10
i,10,11,12
i,13,14,16
i,14,15,16
i,10,12,13
i,8,10,13
i,16,17,18
i,18,19,20
i,20,21,6
i,21,22,4
i,6,21,4
i,6,8,20
i,8,13,16
i,18,8,16
i,27,28,29
i,37,33,34
i,34,35,36
i,47,41,42
i,43,44,45
i,47,42,46
i,42,43,45
i,48,49,51
i,49,50,51
i,56,57,58
i,58,48,52
i,48,51,52
i,54,55,53
i,55,56,53
i,58,52,53
i,71,59,69
i,59,60,69
i,63,64,66
i,64,65,66
i,70,71,69
i,62,63,66
i,62,66,67
i,69,60,61
i,62,67,61
i,67,68,61
i,78,72,73
i,73,74,75
i,75,76,73
i,76,77,73
i,84,79,83
i,79,80,82
i,80,81,82
i,86,87,88
i,93,89,90
i,90,91,93
i,101,94,95
i,95,96,100
i,96,97,100
i,97,98,100
i,98,99,100
i,103,104,105
i,105,106,102
i,106,107,108
i,108,109,102
i,109,110,102
i,106,108,102
i,116,111,115
i,111,112,115
i,112,113,115
i,121,117,120
i,117,118,120
i,122,123,124
i,131,126,130
i,126,127,130
i,127,128,130
i,132,133,134
i,141,136,137
i,137,138,139
i,140,141,137
i,143,144,145
i,157,152,153
i,153,154,155
i,156,157,153
i,158,159,160
i,161,162,164
i,162,163,164
i,158,160,161
i,161,164,165
i,174,166,167
i,168,169,171
i,169,170,171
i,173,174,172
i,174,167,172
i,168,171,172
i,175,176,177
i,179,180,182
i,180,181,182
i,185,186,187
i,184,185,187
i,179,182,183
i,183,184,179
i,195,188,194
i,188,189,194
i,190,191,193
i,191,192,193
i,190,193,194
i,197,198,199
i,201,202,203
i,210,204,209
i,204,205,209
i,205,206,207
i,207,208,209
i,211,212,213
i,213,214,211
i,214,215,211
i,222,217,219
i,217,218,219
i,219,220,221
i,223,224,225
i,227,228,229
i,232,233,234
i,235,236,237
i,240,241,242
i,243,244,245
i,247,248,249
i,255,251,252
i,252,253,255
i,260,256,258
i,256,257,258
i,261,262,263
i,263,264,265
i,265,266,267
i,267,261,265
i,268,269,270
i,273,274,275
i,277,278,279
i,280,281,284
i,281,282,283
i,284,281,283
i,286,287,288
i,291,292,293
i,299,294,295
i,295,296,297
i,298,299,295
i,300,301,302
i,309,304,305
i,305,306,307
i,307,308,305
i,310,311,312
i,314,315,316
i,318,319,320
i,322,323,324
i,326,327,328
i,331,332,333
n,2.80841064453125, -3.5209405422210693, -0.0004587237199302763
n,0.0004545637348201126, 0.00012044885806972161, -4.50379753112793
n,-0.00034884948399849236, -0.0002616371202748269, 4.50379753112793
n,2.802332639694214, 2.115302324295044, 2.8207480907440186
n,2.7768023014068604, 2.1083993911743164, 2.8510022163391113
n,-1.9455115795135498, 2.5836830139160156, 3.1342878341674805
n,-1.875638723373413, 2.4037466049194336, 3.3148412704467773
n,-0.0004584663547575474, -0.00011883763363584876, 4.50379753112793
n,-0.00045362248783931136, -0.00011896967043867335, 4.50379753112793
n,-0.0004582222318276763, -0.00011885623098351061, 4.50379753112793
n,-0.0004536137857940048, -0.00012230820721015334, 4.50379753112793
n,-1.1781091690063477, -0.9032197594642639, 4.252110481262207
n,-1.1737022399902344, -0.9101734757423401, 4.251846790313721
n,1.792035460472107, 1.4567195177078247, 3.8666224479675293
n,1.4527578353881836, 1.8421205282211304, 3.844512939453125
n,-0.0004598190716933459, -0.00012486116611398757, 4.50379753112793
n,-0.0004779259325005114, -8.570498903281987e-05, 4.50379753112793
n,-0.0004736848350148648, -0.00013831851538270712, 4.50379753112793
n,2.792097330093384, -3.5338854789733887, 0.00605922844260931
n,3.319993257522583, 3.0433268547058105, 0.00024177339219022542
n,2.7150378227233887, -3.593432664871216, 0.00032284980989061296
n,-2.746548891067505, 3.569406509399414, 0.0005222915788181126
n,-3.572636604309082, -2.7423458099365234, -0.0004248283803462982
n,2.708953857421875, -3.5854289531707764, 0.300765722990036
n,-3.56941294670105, -2.746537446975708, -0.0037440676242113113
n,3.5040295124053955, 2.7785565853118896, -0.5344080924987793
n,-2.81834077835083, 3.512995481491089, -0.0029562448617070913
n,2.8020615577697754, -3.5259950160980225, 0.0013711777282878757
n,-3.526005506515503, -2.802048683166504, -0.000363799772458151
n,3.527092456817627, 2.8006792068481445, -0.0028124069795012474
n,2.800961971282959, -3.5268683433532715, 0.0016181821702048182
n,-2.8011221885681152, 3.5267419815063477, 0.0
n,3.526733875274658, 2.8011322021484375, 0.0
n,2.8003687858581543, -3.5273399353027344, 0.0008150981739163399
n,-3.6030380725860596, -2.7022786140441895, 0.0
n,-2.8018527030944824, 3.5261614322662354, 0.0
n,-3.527604341506958, -2.8000359535217285, 0.0
n,0.619580090045929, 4.460976600646973, 4.511995575740002e-05
n,3.582888126373291, 2.728938579559326, 0.000260918284766376
n,2.865208864212036, -3.474877119064331, 0.00020865441183559597
n,-3.514730930328369, -2.8161780834198, -0.00025595485931262374
n,-2.6871089935302734, 3.614365816116333, -0.00019568450807128102
n,3.5168750286102295, 2.813500165939331, 0.0
n,-3.5240261554718018, -2.804537773132324, 0.0
n,-2.584662914276123, 3.6883208751678467, 0.0
n,2.5842151641845703, -3.688634157180786, -0.0012048621429130435
n,3.4614973068237305, 2.8813581466674805, 0.00041755239362828434
n,3.0173444747924805, -3.3436245918273926, 0.00036397523945197463
n,-3.4758148193359375, -2.8640711307525635, 0.0
n,-3.6030380725860596, 2.7022786140441895, 0.0
n,-2.9921603202819824, -3.366180419921875, 0.0
n,-3.5274851322174072, -2.800185441970825, -0.00038222578587010503
n,3.5464189052581787, 2.7760913372039795, 0.020504219457507133
n,3.5255026817321777, 2.8026814460754395, 0.0
n,-2.806826591491699, 3.522202968597412, -0.0017327412497252226
n,3.5279157161712646, 2.79964280128479, 0.0
n,2.7646918296813965, -3.5553722381591797, 0.00031375879188999534
n,-0.9907236695289612, -4.393478870391846, -0.00011243505286984146
n,-3.559278726577759, -2.759660243988037, -0.0016566857229918242
n,-2.7655208110809326, 3.55472731590271, -0.0003138528554700315
n,3.5555214881896973, 2.7644996643066406, 0.00165845628362149
n,2.799889087677002, -3.5277206897735596, 0.0003033860702998936
n,0.00032426006509922445, 0.0002972383808810264, -4.50379753112793
n,0.0003349753387738019, 0.0002721674682106823, -4.50379753112793
n,0.00044999257079325616, 0.00011657750292215496, -4.50379753112793
n,0.00028375739930197597, 0.0003192270814906806, -4.50379753112793
n,0.00045865285210311413, 0.00011988895857939497, -4.50379753112793
n,0.00044601369882002473, 0.00011113167420262471, -4.50379753112793
n,0.00045245393994264305, 0.00011166419426444918, -4.50379753112793
n,0.0004537684435490519, 0.00011431362509028986, -4.50379753112793
n,0.0005336565664038062, 0.00018011342035606503, -4.50379753112793
n,0.00045355450129136443, 0.00012150737893534824, -4.50379753112793
n,0.00045745170791633427, 0.00012063648318871856, -4.50379753112793
n,0.000458147085737437, 0.00012047175550833344, -4.50379753112793
n,0.0004601922119036317, 0.00012140651233494282, -4.50379753112793
n,0.00045629937085323036, 0.00012006973702227697, -4.50379753112793
n,0.00045345761463977396, 0.00011529630864970386, -4.50379753112793
n,0.00045578513527289033, 0.00012319667439442128, -4.50379753112793
n,2.803412914276123, 2.113077402114868, 2.8213422298431396
n,-1.9507005214691162, 2.5825562477111816, 3.1319897174835205
n,-1.9490435123443604, 2.5839083194732666, 3.131906747817993
n,-0.00046447329805232584, -0.00011915134382434189, 4.50379753112793
n,-0.0004630348412320018, -0.00011435376654844731, 4.50379753112793
n,-0.00045997119741514325, -0.00011808289855252951, 4.50379753112793
n,-0.00045873026829212904, -0.00012286398850847036, 4.50379753112793
n,-0.0004551858582999557, -0.00011963253928115591, 4.50379753112793
n,-0.00045898210373707116, -0.00011120094131911173, 4.50379753112793
n,-0.00045337260235100985, -0.00011640798766165972, 4.50379753112793
n,-0.0004547546850517392, -0.00011320526391500607, 4.50379753112793
n,-0.00046791319618932903, -0.00011101553536718711, 4.50379753112793
n,-0.0004596611252054572, -0.00011539934348547831, 4.50379753112793
n,-0.0004538034845609218, -0.00011850993178086355, 4.50379753112793
n,-0.0004489879938773811, -0.00011949737381655723, 4.50379753112793
n,-0.00048064146540127695, -9.129720274358988e-05, 4.50379753112793
n,-0.0004540017689578235, -0.00012152395356679335, 4.50379753112793
n,-0.0004695808747783303, -9.312795737059787e-05, 4.50379753112793
n,-0.00046295407810248435, -0.00010415410361019894, 4.50379753112793
n,-0.0004455097659956664, -0.00013371137902140617, 4.50379753112793
n,-0.00043430220102891326, -9.714579937281087e-05, 4.50379753112793
n,-0.00045268007670529187, -0.00011570503556868061, 4.50379753112793
n,-0.00045331110595725477, -0.00011560395068954676, 4.50379753112793
n,-0.0004533307801466435, -0.00012156124284956604, 4.50379753112793
n,-0.00045536141260527074, -0.00011918204836547375, 4.50379753112793
n,-0.0004539098299574107, -0.0001217920653289184, 4.50379753112793
n,-0.00046081820619292557, -0.00012434915697667748, 4.50379753112793
n,-0.00045677731395699084, -0.00011942847049795091, 4.50379753112793
n,-0.0004533014725893736, -0.00012217077892273664, 4.50379753112793
n,-1.1748735904693604, -0.9064552187919617, 4.252317428588867
n,-1.1764988899230957, -0.9068240523338318, 4.251789569854736
n,-1.1773043870925903, -0.9058356285095215, 4.251777172088623
n,-1.1765068769454956, -0.9069617390632629, 4.251757621765137
n,1.7999228239059448, 1.4703786373138428, 3.857778310775757
n,1.8014124631881714, 1.469202995300293, 3.8575310707092285
n,1.4744288921356201, 1.6987419128417969, 3.9018619060516357
n,1.8109155893325806, 1.4595296382904053, 3.8567538261413574
n,1.7899835109710693, 1.4797085523605347, 3.8588359355926514
n,1.7910420894622803, 1.4671571254730225, 3.8631350994110107
n,1.8118107318878174, 1.4695158004760742, 3.8525390625
n,-0.00046571323764510453, -0.00010443873179610819, 4.50379753112793
n,-0.00045622073230333626, -0.00011566795001272112, 4.50379753112793
n,-0.0002917975070886314, -0.0003282722318544984, 4.50379753112793
n,-0.00020205201872158796, 0.000151539032231085, 4.50379753112793
n,-0.00042889436008408666, -8.497745875502005e-05, 4.50379753112793
n,-0.0004658136749640107, -0.00011527190508786589, 4.50379753112793
n,-0.000434428482549265, -9.837433026405051e-05, 4.50379753112793
n,-0.00044788644299842417, -0.00011209584044991061, 4.50379753112793
n,-0.00046865077456459403, -0.00010974062024615705, 4.50379753112793
n,-0.00045344929094426334, -0.00011853244359372184, 4.50379753112793
n,-0.00045802033855579793, -0.00011750838166335598, 4.50379753112793
n,2.7948858737945557, -3.531616687774658, 0.022129444405436516
n,3.596893072128296, 2.7104523181915283, 0.0
n,3.596637725830078, 2.7107908725738525, -0.001113210921175778
n,3.4080874919891357, 2.944338798522949, 0.00040526152588427067
n,2.7150378227233887, -3.593432664871216, 0.0003228498680982739
n,-2.711637496948242, 3.5959999561309814, 0.0
n,-2.5827581882476807, 3.689655065536499, -0.00018808538152370602
n,-2.7118284702301025, 3.595855474472046, 0.001257161726243794
n,-3.569413900375366, -2.7465381622314453, -0.0010776362614706159
n,3.525455951690674, 2.8027377128601074, 0.0034832488745450974
n,3.5324854850769043, 2.793874979019165, 0.0
n,3.521164894104004, 2.808129072189331, 0.0
n,-2.7995429039001465, 3.5279955863952637, -0.0003328984894324094
n,-2.800992012023926, 3.5268394947052, 0.006106194574385881
n,-2.798506021499634, 3.528818130493164, 0.0
n,-2.801384449005127, 3.526533603668213, -0.00028903616475872695
n,-2.800921678543091, 3.5268924236297607, 0.007664921227842569
n,2.804570436477661, -3.5239992141723633, 0.002770993858575821
n,2.794466257095337, -3.532017946243286, 0.0002883223060052842
n,2.7940969467163086, -3.5323102474212646, 0.0003027584170922637
n,2.790412187576294, -3.535221576690674, 0.0
n,2.800192356109619, -3.527463912963867, 0.010468671098351479
n,2.8134829998016357, -3.5168559551239014, 0.015179820358753204
n,-3.526005268096924, -2.802049160003662, -0.00036379971425049007
n,3.4672207832336426, 2.874469041824341, 0.00035773456329479814
n,3.495460271835327, 2.8400614261627197, 0.00041565121500752866
n,3.5128862857818604, 2.81847882270813, 0.0
n,3.5280404090881348, 2.799471139907837, 0.009341312572360039
n,3.5273818969726562, 2.8003158569335938, -0.00040969232213683426
n,3.5253210067749023, 2.8029098510742188, 0.00023408318520523608
n,2.8013134002685547, -3.526589870452881, 0.0003378255642019212
n,2.80125093460083, -3.526639699935913, 0.00028902234043926
n,2.8519747257232666, -3.4857470989227295, 0.0
n,2.8519747257232666, -3.4857470989227295, 0.0
n,2.767927646636963, -3.5528504848480225, -0.0046762144193053246
n,-2.800560474395752, 3.527186393737793, -0.0027349223382771015
n,3.527312755584717, 2.800400733947754, 0.0034446413628757
n,2.800673484802246, -3.5270981788635254, 0.0
n,2.8003878593444824, -3.527324676513672, 0.00133206183090806
n,2.8003034591674805, -3.5273916721343994, 0.0
n,2.797830581665039, -3.5293264389038086, 0.01385829783976078
n,-3.5268478393554688, -2.8009777069091797, -0.007653737440705299
n,-3.5266292095184326, -2.801262140274048, -0.0034439738374203444
n,-3.5269248485565186, -2.800891160964966, 0.0011058077216148376
n,-2.8016419410705566, 3.5263285636901855, 0.0015874971868470311
n,-2.800769329071045, 3.5270206928253174, -0.0027351262979209423
n,-2.8018527030944824, 3.5261611938476562, 0.0
n,-3.527604103088379, -2.8000359535217285, 0.0
n,0.619580090045929, 4.460976600646973, 4.5119963033357635e-05
n,3.582888126373291, 2.728938341140747, 0.000260918284766376
n,2.865208864212036, -3.474877119064331, 0.0002086544263875112
n,-3.514730930328369, -2.8161780834198, -0.00025595485931262374
n,-2.6871089935302734, 3.614365816116333, -0.0001956845517270267
n,3.5168747901916504, 2.813499927520752, 0.0
n,-3.5242221355438232, -2.804091691970825, -0.033423926681280136
n,-3.52402663230896, -2.8045380115509033, 0.0
n,-2.584662914276123, 3.6883206367492676, 0.0
n,-2.584662914276123, 3.6883208751678467, 0.0
n,2.5838782787323, -3.688870429992676, 0.0
n,2.5919058322906494, -3.683234453201294, 0.0
n,2.5834648609161377, -3.689159870147705, 0.0
n,2.5834648609161377, -3.689159631729126, 0.0
n,3.461498975753784, 2.881356716156006, 0.0004174408968538046
n,3.017491102218628, -3.343492269515991, 0.0003281745011918247
n,-3.4724130630493164, -2.868192434310913, -0.003391028381884098
n,-3.009518623352051, 3.350642442703247, 0.013657341711223125
n,-3.012533664703369, 3.3479583263397217, -0.002941927406936884
n,-3.0120491981506348, 3.348395347595215, 0.0
n,-2.9921603202819824, -3.366180181503296, 0.0
n,-3.5274853706359863, -2.8001856803894043, -0.0003822258731815964
n,2.9921603202819824, 3.366180181503296, 0.00032541961991228163
n,3.5435376167297363, 2.779844045639038, 0.0
n,3.6003780364990234, 2.7058215141296387, 0.0009765105205588043
n,3.5255026817321777, 2.8026814460754395, 0.0
n,-2.813500165939331, 3.5168750286102295, 0.0
n,-2.806739330291748, 3.522273063659668, 0.0
n,-2.806739330291748, 3.522273063659668, 0.0
n,3.5279157161712646, 2.79964280128479, 0.0
n,2.768040180206299, -3.5527656078338623, -0.0012986434157937765
n,-1.005211591720581, -4.390186309814453, -0.002107009757310152
n,-3.5556085109710693, -2.764387845993042, -0.0004035182064399123
n,-2.7655208110809326, 3.55472731590271, -0.0003138528554700315
n,3.5530593395233154, 2.7676634788513184, 0.0004032289143651724
u,0.32665538787841797, 0.03983889892697334, 0
u,0.15309129655361176, 0.0752594992518425, 0
u,0.15309129655361176, 0.03983889892697334, 0
u,0.0, 0.0, 0
u,0.0, 0.0, 0
u,0.0, 0.0, 0
u,0.9488493204116821, 0.8395767211914062, 0
u,0.923283576965332, 0.8380858898162842, 0
u,0.9488505125045776, 0.8394073247909546, 0
u,0.833838701248169, 0.2670513093471527, 0
u,0.8245751261711121, 0.18140600621700287, 0
u,0.8323147892951965, 0.18231120705604553, 0
u,0.8245751261711121, 0.18140600621700287, 0
u,0.7330716252326965, 0.2670513093471527, 0
u,0.7569999098777771, 0.17428569495677948, 0
u,0.731517493724823, 0.2683005928993225, 0
u,0.6877679228782654, 0.165145605802536, 0
u,0.7085285186767578, 0.16732719540596008, 0
u,0.3287537097930908, 0.03142860159277916, 0
u,0.5145037174224854, 0.041025299578905106, 0
u,0.3287537097930908, 0.14714090526103973, 0
u,0.950189471244812, 0.6439347863197327, 0
u,0.9488509893417358, 0.8393232226371765, 0
u,0.9003565907478333, 0.7702705264091492, 0
u,0.8494672775268555, 0.7687826752662659, 0
u,0.7758663892745972, 0.8294898271560669, 0
u,0.8253763914108276, 0.6956645250320435, 0
u,0.9488493204116821, 0.8395767211914062, 0
u,0.950189471244812, 0.6439347863197327, 0
u,0.9550802111625671, 0.8584573864936829, 0
u,0.9811732172966003, 0.9897999167442322, 0
u,0.7731730937957764, 0.9969666004180908, 0
u,0.9753966927528381, 0.9199048280715942, 0
u,0.6100940704345703, 0.48811250925064087, 0
u,0.6100674867630005, 0.5326135754585266, 0
u,0.5711482167243958, 0.5187218189239502, 0
u,0.4493502974510193, 0.4716368019580841, 0
u,0.4124040901660919, 0.46000000834465027, 0
u,0.44958430528640747, 0.46000000834465027, 0
u,0.6990140080451965, 0.503934919834137, 0
u,0.6988086104393005, 0.5282139182090759, 0
u,0.697108805179596, 0.5281928181648254, 0
u,0.6522328853607178, 0.5099955797195435, 0
u,0.6114292144775391, 0.5099955797195435, 0
u,0.6116008758544922, 0.5094234943389893, 0
u,0.7924255728721619, 0.622035026550293, 0
u,0.7921404838562012, 0.662543773651123, 0
u,0.7814419269561768, 0.6745641231536865, 0
u,0.7943810224533081, 0.5752226710319519, 0
u,0.7943049073219299, 0.5863286852836609, 0
u,0.7820537090301514, 0.5856142044067383, 0
u,0.8494672775268555, 0.7687826752662659, 0
u,0.8496813178062439, 0.7020825147628784, 0
u,0.8591029047966003, 0.6692826747894287, 0
u,0.46003958582878113, 0.4741710126399994, 0
u,0.47740229964256287, 0.46285709738731384, 0
u,0.4774022102355957, 0.4741710126399994, 0
u,0.5024533867835999, 0.45680439472198486, 0
u,0.5024533867835999, 0.45639029145240784, 0
u,0.6117779016494751, 0.45639029145240784, 0
u,0.40744829177856445, 0.5028570890426636, 0
u,0.26692840456962585, 0.46720731258392334, 0
u,0.40744829177856445, 0.46720731258392334, 0
u,0.0349389985203743, 0.9983271956443787, 0
u,0.19033929705619812, 1.0, 0
u,0.0, 1.0, 0
u,0.41216880083084106, 0.5335689187049866, 0
u,0.5692487955093384, 0.47714290022850037, 0
u,0.5692487955093384, 0.5335689187049866, 0
u,0.7788153886795044, 0.5685713887214661, 0
u,0.7703630924224854, 0.5378581881523132, 0
u,0.7920271754264832, 0.5378581881523132, 0
u,0.2657890021800995, 0.5028570890426636, 0
u,0.2394503951072693, 0.5028570890426636, 0
u,0.2537320852279663, 0.4646536111831665, 0
u,0.9391306042671204, 0.056110501289367676, 0
u,0.951774001121521, 0.05650100111961365, 0
u,0.9333527088165283, 0.05650100111961365, 0
u,0.2211769074201584, 0.9868491888046265, 0
u,0.19234539568424225, 0.9971429109573364, 0
u,0.19974589347839355, 0.986932098865509, 0
u,0.15701669454574585, 0.45560160279273987, 0
u,0.15701669454574585, 0.3344463109970093, 0
u,0.165734201669693, 0.35841819643974304, 0
u,0.3393610119819641, 0.202857106924057, 0
u,0.15701669454574585, 0.3344463109970093, 0
u,0.15701669454574585, 0.202857106924057, 0
u,0.14703769981861115, 0.12911750376224518, 0
u,0.15264469385147095, 0.0, 0
u,0.15264469385147095, 0.14659570157527924, 0
u,0.5008419156074524, 0.20514419674873352, 0
u,0.5008419156074524, 0.4571428894996643, 0
u,0.47782760858535767, 0.4470911920070648, 0
u,0.8892098069190979, 0.05650100111961365, 0
u,0.9333527088165283, 0.022857099771499634, 0
u,0.9333527088165283, 0.05650100111961365, 0
u,0.8465449810028076, 0.022857099771499634, 0
u,0.8892098069190979, 0.05650100111961365, 0
u,0.8465449810028076, 0.05650100111961365, 0
u,0.8465449810028076, 0.022857099771499634, 0
u,0.7336273789405823, 0.05650100111961365, 0
u,0.7125722765922546, 0.04136129841208458, 0
u,0.6893383264541626, 0.022857099771499634, 0
u,0.6893383264541626, 0.04136129841208458, 0
u,0.689285397529602, 0.04136129841208458, 0
u,0.5152109861373901, 0.055917900055646896, 0
u,0.5152109861373901, 0.022857099771499634, 0
u,0.5834066867828369, 0.05650100111961365, 0
u,0.26692840456962585, 0.4571428894996643, 0
u,0.27643030881881714, 0.4627639949321747, 0
u,0.26692840456962585, 0.4627639949321747, 0
u,0.625426709651947, 0.5400000214576721, 0
u,0.6486247777938843, 0.9956433773040771, 0
u,0.625426709651947, 0.9956433773040771, 0
u,0.7456896901130676, 0.5400000214576721, 0
u,0.6486247777938843, 0.9956433773040771, 0
u,0.6486247777938843, 0.5400000214576721, 0
u,0.7678319811820984, 0.5400000214576721, 0
u,0.7456896901130676, 0.9956433773040771, 0
u,0.7456896901130676, 0.5400000214576721, 0
u,0.41118741035461426, 0.5400000214576721, 0
u,0.43454408645629883, 0.9956433773040771, 0
u,0.41118741035461426, 0.9956433773040771, 0
u,0.43454408645629883, 0.9956433773040771, 0
u,0.625426709651947, 0.5400000214576721, 0
u,0.625426709651947, 0.9956433773040771, 0
u,0.21444280445575714, 0.46000000834465027, 0
u,0.21197250485420227, 0.4595603048801422, 0
u,0.21444280445575714, 0.45952269434928894, 0
u,0.7546613812446594, 0.5364274978637695, 0
u,0.754676878452301, 0.527991771697998, 0
u,0.764317512512207, 0.527991771697998, 0
u,0.7045841217041016, 0.5, 0
u,0.7376139163970947, 0.5, 0
u,0.7375422716140747, 0.5005977153778076, 0
u,0.7544413805007935, 0.5002238154411316, 0
u,0.7504495978355408, 0.5342857241630554, 0
u,0.7459840774536133, 0.5326215028762817, 0
u,0.5152109861373901, 0.06216840073466301, 0
u,0.6441580057144165, 0.08332560211420059, 0
u,0.5152109861373901, 0.08332560211420059, 0
u,0.6441580057144165, 0.08332560211420059, 0
u,0.5152109861373901, 0.15142859518527985, 0
u,0.5152109861373901, 0.08332560211420059, 0
u,0.23702490329742432, 0.4950774013996124, 0
u,0.22578759491443634, 0.474782794713974, 0
u,0.2321355938911438, 0.46571430563926697, 0
u,0.19607119262218475, 0.4930965006351471, 0
u,0.19595159590244293, 0.493265300989151, 0
u,0.1913640946149826, 0.46571430563926697, 0
u,0.2013992965221405, 0.45754000544548035, 0
u,0.19234620034694672, 0.4571428894996643, 0
u,0.2013992965221405, 0.4571428894996643, 0
u,0.15309129655361176, 0.1510280966758728, 0
u,0.32665538787841797, 0.0752594992518425, 0
u,0.32665538787841797, 0.1510280966758728, 0
u,0.3260155916213989, 0.03943819925189018, 0
u,0.32665538787841797, 0.03142860159277916, 0
u,0.32665538787841797, 0.03983889892697334, 0
u,0.21091020107269287, 0.4598200023174286, 0
u,0.20314030349254608, 0.4581710994243622, 0
u,0.21091020107269287, 0.4581710994243622, 0
u,0.6380749940872192, 0.46361181139945984, 0
u,0.6491717100143433, 0.46361181139945984, 0
u,0.6490359902381897, 0.4656783938407898, 0
u,0.6104022860527039, 0.46361181139945984, 0
u,0.6380749940872192, 0.4971429109573364, 0
u,0.6104022860527039, 0.4971429109573364, 0
u,0.14142189919948578, 0.4571428894996643, 0
u,0.10210149735212326, 0.1561090052127838, 0
u,0.14142189919948578, 0.1561090052127838, 0
u,0.15529750287532806, 0.1561090052127838, 0
u,0.14142189919948578, 0.4571428894996643, 0
u,0.14142189919948578, 0.1561090052127838, 0
u,0.021646199747920036, 0.1561090052127838, 0
u,0.0, 0.4571428894996643, 0
u,0.0, 0.1561090052127838, 0
u,0.06972890347242355, 0.1561090052127838, 0
u,0.021646199747920036, 0.4571428894996643, 0
u,0.021646199747920036, 0.1561090052127838, 0
u,0.10210149735212326, 0.4571428894996643, 0
u,0.06972890347242355, 0.1561090052127838, 0
u,0.10210149735212326, 0.1561090052127838, 0
u,0.32665538787841797, 0.03983889892697334, 0
u,0.32665538787841797, 0.0752594992518425, 0
u,0.15309129655361176, 0.0752594992518425, 0
u,0.0, 0.0, 0
u,0.0, 0.0, 0
u,0.0, 0.0, 0
u,0.0, 0.0, 0
u,0.0, 0.0, 0
u,0.0, 0.0, 0
u,0.0, 0.0, 0
u,0.0, 0.0, 0
u,0.0, 0.0, 0
u,0.0, 0.0, 0
u,0.0, 0.0, 0
u,0.0, 0.0, 0
u,0.0, 0.0, 0
u,0.0, 0.0, 0
u,0.0, 0.0, 0
u,0.0, 0.0, 0
u,0.0, 0.0, 0
u,0.0, 0.0, 0
u,0.0, 0.0, 0
u,0.0, 0.0, 0
u,0.0, 0.0, 0
u,0.0, 0.0, 0
u,0.0, 0.0, 0
u,0.0, 0.0, 0
u,0.0, 0.0, 0
u,0.0, 0.0, 0
u,0.0, 0.0, 0
u,0.0, 0.0, 0
u,0.0, 0.0, 0
u,0.0, 0.0, 0
u,0.0, 0.0, 0
u,0.0, 0.0, 0
u,0.0, 0.0, 0
u,0.0, 0.0, 0
u,0.0, 0.0, 0
u,0.0, 0.0, 0
u,0.0, 0.0, 0
u,0.0, 0.0, 0
u,0.0, 0.0, 0
u,0.0, 0.0, 0
u,0.0, 0.0, 0
u,0.0, 0.0, 0
u,0.0, 0.0, 0
u,0.0, 0.0, 0
u,0.0, 0.0, 0
u,0.0, 0.0, 0
u,0.0, 0.0, 0
u,0.0, 0.0, 0
u,0.833838701248169, 0.2670513093471527, 0
u,0.7330716252326965, 0.2670513093471527, 0
u,0.8245751261711121, 0.18140600621700287, 0
u,0.7085285186767578, 0.16732719540596008, 0
u,0.708606481552124, 0.15428569912910461, 0
u,0.731517493724823, 0.2683005928993225, 0
u,0.731517493724823, 0.2683005928993225, 0
u,0.5014721155166626, 0.2683005928993225, 0
u,0.6877679228782654, 0.165145605802536, 0
u,0.9105960726737976, 0.837346076965332, 0
u,0.9001157283782959, 0.8367350101470947, 0
u,0.9003565907478333, 0.7702705264091492, 0
u,0.9007182717323303, 0.6705189943313599, 0
u,0.9008252024650574, 0.6410443186759949, 0
u,0.950189471244812, 0.6439347863197327, 0
u,0.9105960726737976, 0.837346076965332, 0
u,0.9003565907478333, 0.7702705264091492, 0
u,0.9488509893417358, 0.8393232226371765, 0
u,0.9003565907478333, 0.7702705264091492, 0
u,0.9007182717323303, 0.6705189943313599, 0
u,0.950189471244812, 0.6439347863197327, 0
u,0.8257859945297241, 0.6366502046585083, 0
u,0.9008252024650574, 0.6410443186759949, 0
u,0.8591029047966003, 0.6692826747894287, 0
u,0.9008252024650574, 0.6410443186759949, 0
u,0.9007182717323303, 0.6705189943313599, 0
u,0.8591029047966003, 0.6692826747894287, 0
u,0.7758663892745972, 0.8294898271560669, 0
u,0.7768037915229797, 0.692808985710144, 0
u,0.8253763914108276, 0.6956645250320435, 0
u,0.8253763914108276, 0.6956645250320435, 0
u,0.8257859945297241, 0.6366502046585083, 0
u,0.8496813178062439, 0.7020825147628784, 0
u,0.8257859945297241, 0.6366502046585083, 0
u,0.8591029047966003, 0.6692826747894287, 0
u,0.8496813178062439, 0.7020825147628784, 0
u,0.9003565907478333, 0.7702705264091492, 0
u,0.9001157283782959, 0.8367350101470947, 0
u,0.8494672775268555, 0.7687826752662659, 0
u,0.9001157283782959, 0.8367350101470947, 0
u,0.7758663892745972, 0.8294898271560669, 0
u,0.8494672775268555, 0.7687826752662659, 0
u,0.8253763914108276, 0.6956645250320435, 0
u,0.8496813178062439, 0.7020825147628784, 0
u,0.8494672775268555, 0.7687826752662659, 0
u,0.8258373141288757, 0.6292663812637329, 0
u,0.8259145021438599, 0.6181402802467346, 0
u,0.950189471244812, 0.6439347863197327, 0
u,0.8259145021438599, 0.6181402802467346, 0
u,0.9566739797592163, 0.6257970929145813, 0
u,0.950189471244812, 0.6439347863197327, 0
u,0.7705730199813843, 0.6739252209663391, 0
u,0.8255047798156738, 0.6771546006202698, 0
u,0.7768037915229797, 0.692808985710144, 0
u,0.8255047798156738, 0.6771546006202698, 0
u,0.8253763914108276, 0.6956645250320435, 0
u,0.7768037915229797, 0.692808985710144, 0
u,0.8257859945297241, 0.6366502046585083, 0
u,0.8258373141288757, 0.6292663812637329, 0
u,0.950189471244812, 0.6439347863197327, 0
u,0.7693818211555481, 0.8476290702819824, 0
u,0.7705730199813843, 0.6739252209663391, 0
u,0.7768037915229797, 0.692808985710144, 0
u,0.7693818211555481, 0.8476290702819824, 0
u,0.7768037915229797, 0.692808985710144, 0
u,0.7758663892745972, 0.8294898271560669, 0
u,0.950189471244812, 0.6439347863197327, 0
u,0.9566739797592163, 0.6257970929145813, 0
u,0.9550802111625671, 0.8584573864936829, 0
u,0.7693818211555481, 0.8476290702819824, 0
u,0.7758663892745972, 0.8294898271560669, 0
u,0.9550802111625671, 0.8584573864936829, 0
u,0.7758663892745972, 0.8294898271560669, 0
u,0.9488493204116821, 0.8395767211914062, 0
u,0.9550802111625671, 0.8584573864936829, 0
u,0.7731730937957764, 0.9969666004180908, 0
u,0.7738028168678284, 0.9228848218917847, 0
u,0.9753966927528381, 0.9199048280715942, 0
u,0.9753966927528381, 0.9199048280715942, 0
u,0.9748725891113281, 0.6269084215164185, 0
u,0.9989842772483826, 0.629607081413269, 0
u,0.9989842772483826, 0.629607081413269, 0
u,0.9989842772483826, 0.937568187713623, 0
u,0.9753966927528381, 0.9199048280715942, 0
u,0.9989842772483826, 0.937568187713623, 0
u,0.9811732172966003, 0.9897999167442322, 0
u,0.9753966927528381, 0.9199048280715942, 0
u,0.5712156891822815, 0.5326135754585266, 0
u,0.5711482167243958, 0.5187218189239502, 0
u,0.6100674867630005, 0.5326135754585266, 0
u,0.5711482167243958, 0.5187218189239502, 0
u,0.5711708068847656, 0.4864397943019867, 0
u,0.6100940704345703, 0.48811250925064087, 0
u,0.5711708068847656, 0.4864397943019867, 0
u,0.6100988984107971, 0.47999998927116394, 0
u,0.6100940704345703, 0.48811250925064087, 0
u,0.4493502974510193, 0.4716368019580841, 0
u,0.41216880083084106, 0.4716368019580841, 0
u,0.4124040901660919, 0.46000000834465027, 0
u,0.697108805179596, 0.5281928181648254, 0
u,0.6584886908531189, 0.5335028171539307, 0
u,0.6584886908531189, 0.4971429109573364, 0
u,0.6584886908531189, 0.4971429109573364, 0
u,0.6990140080451965, 0.503934919834137, 0
u,0.697108805179596, 0.5281928181648254, 0
u,0.6114292144775391, 0.5099955797195435, 0
u,0.6114193201065063, 0.509451687335968, 0
u,0.6116008758544922, 0.5094234943389893, 0
u,0.6116008758544922, 0.5094234943389893, 0
u,0.6113836765289307, 0.49843528866767883, 0
u,0.6522328853607178, 0.5099955797195435, 0
u,0.6113836765289307, 0.49843528866767883, 0
u,0.656738817691803, 0.49843528866767883, 0
u,0.6522328853607178, 0.5099955797195435, 0
u,0.656738817691803, 0.49843528866767883, 0
u,0.6571356058120728, 0.5335677266120911, 0
u,0.6522328853607178, 0.5099955797195435, 0
u,0.6571356058120728, 0.5335677266120911, 0
u,0.6525071859359741, 0.5342857241630554, 0
u,0.6522328853607178, 0.5099955797195435, 0
u,0.7921404838562012, 0.662543773651123, 0
u,0.7921177744865417, 0.6751918196678162, 0
u,0.7814419269561768, 0.6745641231536865, 0
u,0.7814419269561768, 0.6745641231536865, 0
u,0.7820537090301514, 0.5856142044067383, 0
u,0.7924255728721619, 0.622035026550293, 0
u,0.7820537090301514, 0.5856142044067383, 0
u,0.7941551804542542, 0.5863199830055237, 0
u,0.7941508889198303, 0.5868433713912964, 0
u,0.7941508889198303, 0.5868433713912964, 0
u,0.7943012118339539, 0.5868794918060303, 0
u,0.7924255728721619, 0.622035026550293, 0
u,0.7943012118339539, 0.5868794918060303, 0
u,0.7940618991851807, 0.6218448281288147, 0
u,0.7924255728721619, 0.622035026550293, 0
u,0.7820537090301514, 0.5856142044067383, 0
u,0.7941508889198303, 0.5868433713912964, 0
u,0.7924255728721619, 0.622035026550293, 0
u,0.7814419269561768, 0.6745641231536865, 0
u,0.7776272892951965, 0.6743398904800415, 0
u,0.7820537090301514, 0.5856142044067383, 0
u,0.7776272892951965, 0.6743398904800415, 0
u,0.7783154845237732, 0.5742856860160828, 0
u,0.7820537090301514, 0.5856142044067383, 0
u,0.7783154845237732, 0.5742856860160828, 0
u,0.7943810224533081, 0.5752226710319519, 0
u,0.7820537090301514, 0.5856142044067383, 0
u,0.9007182717323303, 0.6705189943313599, 0
u,0.9003565907478333, 0.7702705264091492, 0
u,0.8591029047966003, 0.6692826747894287, 0
u,0.9003565907478333, 0.7702705264091492, 0
u,0.8494672775268555, 0.7687826752662659, 0
u,0.8591029047966003, 0.6692826747894287, 0
u,0.46003958582878113, 0.4741710126399994, 0
u,0.4514229893684387, 0.46285709738731384, 0
u,0.47740229964256287, 0.46285709738731384, 0
u,0.6117779016494751, 0.2685714066028595, 0
u,0.6363574862480164, 0.2685714066028595, 0
u,0.6117779016494751, 0.45639029145240784, 0
u,0.6363574862480164, 0.2685714066028595, 0
u,0.6363574862480164, 0.45680439472198486, 0
u,0.6117779016494751, 0.45639029145240784, 0
u,0.6363574862480164, 0.45680439472198486, 0
u,0.5024533867835999, 0.45680439472198486, 0
u,0.6117779016494751, 0.45639029145240784, 0
u,0.40744829177856445, 0.5028570890426636, 0
u,0.26692840456962585, 0.5028570890426636, 0
u,0.26692840456962585, 0.46720731258392334, 0
u,0.0, 0.46352338790893555, 0
u,0.0349389985203743, 0.46352338790893555, 0
u,0.0349389985203743, 0.9983271956443787, 0
u,0.0349389985203743, 0.9983271956443787, 0
u,0.19033929705619812, 0.9983271956443787, 0
u,0.19033929705619812, 1.0, 0
u,0.0, 1.0, 0
u,0.0, 0.46352338790893555, 0
u,0.0349389985203743, 0.9983271956443787, 0
u,0.41216880083084106, 0.5335689187049866, 0
u,0.41216880083084106, 0.47714290022850037, 0
u,0.5692487955093384, 0.47714290022850037, 0
u,0.9333527088165283, 0.022857099771499634, 0
u,0.9391306042671204, 0.022857099771499634, 0
u,0.9391306042671204, 0.056110501289367676, 0
u,0.9391306042671204, 0.056110501289367676, 0
u,0.951774001121521, 0.055917900055646896, 0
u,0.951774001121521, 0.05650100111961365, 0
u,0.9333527088165283, 0.05650100111961365, 0
u,0.9333527088165283, 0.022857099771499634, 0
u,0.9391306042671204, 0.056110501289367676, 0
u,0.2211769074201584, 0.9868491888046265, 0
u,0.41022178530693054, 0.9868491888046265, 0
u,0.41022178530693054, 0.9971429109573364, 0
u,0.19234539568424225, 0.9971429109573364, 0
u,0.19234539568424225, 0.5077661275863647, 0
u,0.20092740654945374, 0.5558667778968811, 0
u,0.19234539568424225, 0.5077661275863647, 0
u,0.2013556957244873, 0.5077661275863647, 0
u,0.20092740654945374, 0.5558667778968811, 0
u,0.2211769074201584, 0.9868491888046265, 0
u,0.41022178530693054, 0.9971429109573364, 0
u,0.19234539568424225, 0.9971429109573364, 0
u,0.19234539568424225, 0.9971429109573364, 0
u,0.20092740654945374, 0.5558667778968811, 0
u,0.19974589347839355, 0.986932098865509, 0
u,0.17536669969558716, 0.3819645941257477, 0
u,0.16653749346733093, 0.45560160279273987, 0
u,0.15701669454574585, 0.45560160279273987, 0
u,0.15701669454574585, 0.3344463109970093, 0
u,0.3393610119819641, 0.3344463109970093, 0
u,0.165734201669693, 0.3500049114227295, 0
u,0.3393610119819641, 0.3344463109970093, 0
u,0.3393610119819641, 0.3500049114227295, 0
u,0.165734201669693, 0.3500049114227295, 0
u,0.17536669969558716, 0.35841819643974304, 0
u,0.17536669969558716, 0.3819645941257477, 0
u,0.165734201669693, 0.35841819643974304, 0
u,0.17536669969558716, 0.3819645941257477, 0
u,0.15701669454574585, 0.45560160279273987, 0
u,0.165734201669693, 0.35841819643974304, 0
u,0.15701669454574585, 0.3344463109970093, 0
u,0.165734201669693, 0.3500049114227295, 0
u,0.165734201669693, 0.35841819643974304, 0
u,0.3393610119819641, 0.202857106924057, 0
u,0.3393610119819641, 0.3344463109970093, 0
u,0.15701669454574585, 0.3344463109970093, 0
u,0.15264469385147095, 0.14659570157527924, 0
u,0.0009814000222831964, 0.14659570157527924, 0
u,0.13257519900798798, 0.14612850546836853, 0
u,0.0009814000222831964, 0.14659570157527924, 0
u,0.0009814000222831964, 0.14612850546836853, 0
u,0.13257519900798798, 0.14612850546836853, 0
u,0.14815479516983032, 0.005025600083172321, 0
u,0.1463727056980133, 0.0, 0
u,0.15264469385147095, 0.0, 0
u,0.14703769981861115, 0.12911750376224518, 0
u,0.14815479516983032, 0.005025600083172321, 0
u,0.15264469385147095, 0.0, 0
u,0.15264469385147095, 0.14659570157527924, 0
u,0.13257519900798798, 0.14612850546836853, 0
u,0.14688479900360107, 0.14333020150661469, 0
u,0.14688479900360107, 0.14333020150661469, 0
u,0.14703769981861115, 0.12911750376224518, 0
u,0.15264469385147095, 0.14659570157527924, 0
u,0.3415113091468811, 0.4470911920070648, 0
u,0.3415113091468811, 0.20514419674873352, 0
u,0.47782760858535767, 0.4470911920070648, 0
u,0.3415113091468811, 0.20514419674873352, 0
u,0.5008419156074524, 0.20514419674873352, 0
u,0.47782760858535767, 0.4470911920070648, 0
u,0.5008419156074524, 0.4571428894996643, 0
u,0.4714902937412262, 0.4571428894996643, 0
u,0.47934889793395996, 0.4544442892074585, 0
u,0.4714902937412262, 0.4571428894996643, 0
u,0.47093209624290466, 0.4544442892074585, 0
u,0.47934889793395996, 0.4544442892074585, 0
u,0.5008419156074524, 0.4571428894996643, 0
u,0.47934889793395996, 0.4544442892074585, 0
u,0.47782760858535767, 0.4470911920070648, 0
u,0.8892098069190979, 0.05650100111961365, 0
u,0.8892098069190979, 0.022857099771499634, 0
u,0.9333527088165283, 0.022857099771499634, 0
u,0.8465449810028076, 0.022857099771499634, 0
u,0.8892098069190979, 0.022857099771499634, 0
u,0.8892098069190979, 0.05650100111961365, 0
u,0.6893383264541626, 0.04136129841208458, 0
u,0.6893383264541626, 0.022857099771499634, 0
u,0.7125722765922546, 0.04136129841208458, 0
u,0.6893383264541626, 0.022857099771499634, 0
u,0.8465449810028076, 0.022857099771499634, 0
u,0.7125722765922546, 0.04136129841208458, 0
u,0.8465449810028076, 0.022857099771499634, 0
u,0.8465449810028076, 0.05650100111961365, 0
u,0.7336273789405823, 0.05650100111961365, 0
u,0.7336273789405823, 0.05650100111961365, 0
u,0.724102795124054, 0.05650100111961365, 0
u,0.7125722765922546, 0.04136129841208458, 0
u,0.689285397529602, 0.04136129841208458, 0
u,0.6892591714859009, 0.05650100111961365, 0
u,0.6282690167427063, 0.05650100111961365, 0
u,0.6282690167427063, 0.05650100111961365, 0
u,0.6282690167427063, 0.022857099771499634, 0
u,0.689285397529602, 0.04136129841208458, 0
u,0.6282690167427063, 0.022857099771499634, 0
u,0.6893383264541626, 0.022857099771499634, 0
u,0.689285397529602, 0.04136129841208458, 0
u,0.5152109861373901, 0.022857099771499634, 0
u,0.6282690167427063, 0.022857099771499634, 0
u,0.5834066867828369, 0.05650100111961365, 0
u,0.6282690167427063, 0.022857099771499634, 0
u,0.6282690167427063, 0.05650100111961365, 0
u,0.5834066867828369, 0.05650100111961365, 0
u,0.5834066867828369, 0.05650100111961365, 0
u,0.5152109861373901, 0.05650100111961365, 0
u,0.5152109861373901, 0.055917900055646896, 0
u,0.26692840456962585, 0.4571428894996643, 0
u,0.27644041180610657, 0.4571428894996643, 0
u,0.27643030881881714, 0.4627639949321747, 0
u,0.625426709651947, 0.5400000214576721, 0
u,0.6486247777938843, 0.5400000214576721, 0
u,0.6486247777938843, 0.9956433773040771, 0
u,0.7456896901130676, 0.5400000214576721, 0
u,0.7456896901130676, 0.9956433773040771, 0
u,0.6486247777938843, 0.9956433773040771, 0
u,0.7678319811820984, 0.5400000214576721, 0
u,0.7678319811820984, 0.9956433773040771, 0
u,0.7456896901130676, 0.9956433773040771, 0
u,0.41118741035461426, 0.5400000214576721, 0
u,0.43454408645629883, 0.5400000214576721, 0
u,0.43454408645629883, 0.9956433773040771, 0
u,0.43454408645629883, 0.9956433773040771, 0
u,0.43454408645629883, 0.5400000214576721, 0
u,0.625426709651947, 0.5400000214576721, 0
u,0.21444280445575714, 0.46000000834465027, 0
u,0.21197250485420227, 0.46000000834465027, 0
u,0.21197250485420227, 0.4595603048801422, 0
u,0.764317512512207, 0.527991771697998, 0
u,0.7643582820892334, 0.5057142972946167, 0
u,0.7643582820892334, 0.5364274978637695, 0
u,0.7643582820892334, 0.5364274978637695, 0
u,0.7546613812446594, 0.5364274978637695, 0
u,0.764317512512207, 0.527991771697998, 0
u,0.7375422716140747, 0.5005977153778076, 0
u,0.7337167263031006, 0.532532274723053, 0
u,0.7045841217041016, 0.5, 0
u,0.7337167263031006, 0.532532274723053, 0
u,0.7006868720054626, 0.532532274723053, 0
u,0.7045841217041016, 0.5, 0
u,0.7544413805007935, 0.5002238154411316, 0
u,0.7545300126075745, 0.5002238154411316, 0
u,0.7504495978355408, 0.5342857241630554, 0
u,0.7504495978355408, 0.5342857241630554, 0
u,0.7459840774536133, 0.5342857241630554, 0
u,0.7459840774536133, 0.5326215028762817, 0
u,0.7459840774536133, 0.5326215028762817, 0
u,0.7456451058387756, 0.5326215028762817, 0
u,0.738959789276123, 0.5002238154411316, 0
u,0.738959789276123, 0.5002238154411316, 0
u,0.7544413805007935, 0.5002238154411316, 0
u,0.7459840774536133, 0.5326215028762817, 0
u,0.5152109861373901, 0.06216840073466301, 0
u,0.6441925168037415, 0.06216840073466301, 0
u,0.6441580057144165, 0.08332560211420059, 0
u,0.6441580057144165, 0.08332560211420059, 0
u,0.6582319140434265, 0.15142859518527985, 0
u,0.5152109861373901, 0.15142859518527985, 0
u,0.23702490329742432, 0.4950774013996124, 0
u,0.2306768000125885, 0.5041459202766418, 0
u,0.22578759491443634, 0.474782794713974, 0
u,0.1913640946149826, 0.46571430563926697, 0
u,0.22578759491443634, 0.474782794713974, 0
u,0.19607119262218475, 0.4930965006351471, 0
u,0.22578759491443634, 0.474782794713974, 0
u,0.2306768000125885, 0.5041459202766418, 0
u,0.19640779495239258, 0.49511799216270447, 0
u,0.19607119262218475, 0.4930965006351471, 0
u,0.22578759491443634, 0.474782794713974, 0
u,0.19640779495239258, 0.49511799216270447, 0
u,0.2013992965221405, 0.45754000544548035, 0
u,0.19234539568424225, 0.45754000544548035, 0
u,0.19234620034694672, 0.4571428894996643, 0
u,0.15309129655361176, 0.1510280966758728, 0
u,0.15309129655361176, 0.0752594992518425, 0
u,0.32665538787841797, 0.0752594992518425, 0
u,0.15309129655361176, 0.03983889892697334, 0
u,0.15309129655361176, 0.03943819925189018, 0
u,0.3260155916213989, 0.03943819925189018, 0
u,0.3260155916213989, 0.03943819925189018, 0
u,0.32599368691444397, 0.03142860159277916, 0
u,0.32665538787841797, 0.03142860159277916, 0
u,0.32665538787841797, 0.03983889892697334, 0
u,0.15309129655361176, 0.03983889892697334, 0
u,0.3260155916213989, 0.03943819925189018, 0
u,0.21091020107269287, 0.4598200023174286, 0
u,0.20314030349254608, 0.46000000834465027, 0
u,0.20314030349254608, 0.4581710994243622, 0
u,0.6491717100143433, 0.46361181139945984, 0
u,0.6491717100143433, 0.46591630578041077, 0
u,0.6490359902381897, 0.4656783938407898, 0
u,0.6490359902381897, 0.4656783938407898, 0
u,0.6490359902381897, 0.4971429109573364, 0
u,0.6380749940872192, 0.4971429109573364, 0
u,0.6380749940872192, 0.4971429109573364, 0
u,0.6380749940872192, 0.46361181139945984, 0
u,0.6490359902381897, 0.4656783938407898, 0
u,0.6104022860527039, 0.46361181139945984, 0
u,0.6380749940872192, 0.46361181139945984, 0
u,0.6380749940872192, 0.4971429109573364, 0
u,0.14142189919948578, 0.4571428894996643, 0
u,0.10210149735212326, 0.4571428894996643, 0
u,0.10210149735212326, 0.1561090052127838, 0
u,0.15529750287532806, 0.1561090052127838, 0
u,0.15529750287532806, 0.4571428894996643, 0
u,0.14142189919948578, 0.4571428894996643, 0
u,0.021646199747920036, 0.1561090052127838, 0
u,0.021646199747920036, 0.4571428894996643, 0
u,0.0, 0.4571428894996643, 0
u,0.06972890347242355, 0.1561090052127838, 0
u,0.06972890347242355, 0.4571428894996643, 0
u,0.021646199747920036, 0.4571428894996643, 0
u,0.10210149735212326, 0.4571428894996643, 0
u,0.06972890347242355, 0.4571428894996643, 0
u,0.06972890347242355, 0.1561090052127838, 0
