s,103.988525390625, 158.2763671875, -1.7135798931121826
b,108.815185546875, 163.0810546875, 4.7134222984313965
v,106.885009765625, 161.0185546875, 4.7134222984313965
v,106.885009765625, 161.0185546875, 4.342625141143799
v,106.4375, 161.2412109375, 4.342625141143799
v,106.4375, 161.2412109375, 4.7134222984313965
v,107.24609375, 158.455078125, -1.7135608196258545
v,107.241943359375, 158.45703125, -1.7135608196258545
v,107.152099609375, 158.2763671875, -1.713578701019287
v,105.375, 159.1611328125, -1.7135798931121826
v,105.465087890625, 159.341796875, -1.7135627269744873
v,105.070556640625, 159.5390625, -1.713562250137329
v,104.9931640625, 159.3828125, -1.7135775089263916
v,104.0693359375, 159.8427734375, -1.7135765552520752
v,104.146728515625, 159.9990234375, -1.713561773300171
v,103.98876953125, 160.078125, -1.7135612964630127
v,104.301513671875, 160.54296875, -1.7135131359100342
v,105.56298828125, 163.0810546875, -1.713263750076294
v,106.4677734375, 162.6298828125, -1.713263988494873
v,106.03369140625, 161.794921875, -1.7133479118347168
v,107.276611328125, 161.17578125, -1.7133479118347168
v,107.71044921875, 162.0107421875, -1.713263988494873
v,108.815185546875, 161.4609375, -1.7132627964019775
v,107.553466796875, 158.921875, -1.713512659072876
v,105.010986328125, 159.568359375, 1.6036381721496582
v,104.2060546875, 159.96875, 1.6036386489868164
v,104.158447265625, 159.873046875, 1.6036295890808105
v,104.963134765625, 159.4716796875, 1.6036286354064941
v,104.069091796875, 159.8427734375, 1.8256583213806152
v,104.992919921875, 159.3828125, 1.825657844543457
v,105.070556640625, 159.5390625, 1.8256731033325195
v,105.010986328125, 159.568359375, 1.8256731033325195
v,104.963134765625, 159.4716796875, 1.8256635665893555
v,104.158447265625, 159.873046875, 1.8256645202636719
v,104.2060546875, 159.96875, 1.8256735801696777
v,104.146484375, 159.998046875, 1.8256735801696777
v,107.24609375, 158.455078125, 2.4581007957458496
v,107.553466796875, 158.921875, 3.1948647499084473
v,107.4140625, 158.9912109375, 3.195044994354248
v,104.30126953125, 160.5419921875, 3.1990771293640137
v,103.988525390625, 160.0771484375, 2.4620003700256348
v,107.18212890625, 158.486328125, 1.6014189720153809
v,105.5244140625, 159.3125, 1.6014175415039062
v,105.464111328125, 159.19140625, 1.6014060974121094
v,107.121826171875, 158.365234375, 1.601407527923584
v,105.5244140625, 159.3125, 1.8234529495239258
v,105.46484375, 159.341796875, 1.8234529495239258
v,105.374755859375, 159.1611328125, 1.8234353065490723
v,107.15185546875, 158.2763671875, 1.8234367370605469
v,107.24169921875, 158.4560546875, 1.8234539031982422
v,107.18212890625, 158.486328125, 1.8234539031982422
v,107.121826171875, 158.365234375, 1.823441982269287
v,105.464111328125, 159.19140625, 1.8234410285949707
v,104.4404296875, 160.47265625, 2.975862979888916
v,107.4140625, 158.9912109375, 2.975862979888916
v,108.6064453125, 161.390625, 2.9760985374450684
v,107.77783203125, 161.8037109375, 2.976097583770752
v,107.343994140625, 160.9677734375, 2.9760146141052246
v,107.263427734375, 161.0078125, 2.9760146141052246
v,106.973876953125, 160.4248046875, 2.9759573936462402
v,105.787353515625, 161.015625, 2.975956439971924
v,105.79833984375, 161.0380859375, 2.975959300994873
v,105.626220703125, 161.1240234375, 2.975959300994873
v,105.90478515625, 161.6845703125, 2.9760146141052246
v,105.82275390625, 161.7255859375, 2.9760146141052246
v,106.256591796875, 162.560546875, 2.976097583770752
v,105.6328125, 162.8720703125, 2.976097583770752
v,105.90478515625, 161.6845703125, 3.1980490684509277
v,105.963623046875, 161.802734375, 3.1980605125427246
v,107.322265625, 161.1259765625, 3.1980605125427246
v,107.263427734375, 161.0078125, 3.1980490684509277
v,107.343994140625, 160.9677734375, 3.1980490684509277
v,107.77783203125, 161.8037109375, 3.1981329917907715
v,108.6064453125, 161.390625, 3.198133945465088
v,107.4140625, 158.9912109375, 3.1978983879089355
v,107.553466796875, 158.921875, 3.1978983879089355
v,108.81494140625, 161.4599609375, 3.198148250579834
v,107.71044921875, 162.0107421875, 3.198146343231201
v,107.2763671875, 161.1748046875, 3.1980624198913574
v,106.03369140625, 161.7939453125, 3.1980624198913574
v,106.467529296875, 162.62890625, 3.198146343231201
v,105.562744140625, 163.080078125, 3.1981472969055176
v,104.30126953125, 160.5419921875, 3.197897434234619
v,104.4404296875, 160.47265625, 3.197897434234619
v,105.6328125, 162.8720703125, 3.1981329917907715
v,106.256591796875, 162.560546875, 3.1981329917907715
v,105.82275390625, 161.7255859375, 3.1980490684509277
v,105.79833984375, 161.0380859375, 3.7874960899353027
v,106.135498046875, 161.716796875, 3.787562847137451
v,105.963623046875, 161.802734375, 3.787562847137451
v,105.626220703125, 161.1240234375, 3.7874960899353027
v,106.98486328125, 161.21875, 4.342644214630127
v,106.884765625, 161.0185546875, 4.342625141143799
v,106.766357421875, 160.78125, 4.342601299285889
v,106.695556640625, 160.6376953125, 4.342587947845459
v,106.943603515625, 160.5146484375, 4.342587947845459
v,107.23291015625, 161.095703125, 4.342644214630127
v,106.319091796875, 161.00390625, 4.342601299285889
v,106.437255859375, 161.2412109375, 4.342625141143799
v,106.884765625, 161.0185546875, 4.342625141143799
v,106.98486328125, 161.21875, 4.342644214630127
v,106.16552734375, 161.626953125, 4.342644214630127
v,105.876708984375, 161.0458984375, 4.342587947845459
v,106.695556640625, 160.6376953125, 4.342587947845459
v,106.766357421875, 160.78125, 4.342601299285889
v,106.16552734375, 161.626953125, 4.56467866897583
v,107.23291015625, 161.095703125, 4.56467866897583
v,106.943603515625, 160.5146484375, 4.564622402191162
v,106.9736328125, 160.4248046875, 4.564616680145264
v,107.322021484375, 161.1259765625, 4.564685344696045
v,106.135498046875, 161.716796875, 4.564685344696045
v,105.787353515625, 161.015625, 4.564616680145264
v,105.876708984375, 161.0458984375, 4.564622402191162
v,106.9736328125, 160.4248046875, 4.564616680145264
v,106.943603515625, 160.5146484375, 4.564622402191162
v,105.876708984375, 161.0458984375, 4.564622402191162
v,105.787353515625, 161.015625, 4.564616680145264
v,106.884765625, 161.0185546875, 4.7134222984313965
v,106.437255859375, 161.2412109375, 4.7134222984313965
v,106.319091796875, 161.00390625, 4.713399410247803
v,106.766357421875, 160.78125, 4.713399410247803
v,105.010986328125, 159.568359375, 1.8256731033325195
v,105.010986328125, 159.568359375, 1.6036381721496582
v,104.963134765625, 159.4716796875, 1.6036286354064941
v,104.963134765625, 159.4716796875, 1.8256635665893555
v,104.158447265625, 159.873046875, 1.8256645202636719
v,104.963134765625, 159.4716796875, 1.8256635665893555
v,104.963134765625, 159.4716796875, 1.6036286354064941
v,104.158447265625, 159.873046875, 1.6036295890808105
v,104.2060546875, 159.96875, 1.6036386489868164
v,104.2060546875, 159.96875, 1.8256735801696777
v,104.158447265625, 159.873046875, 1.8256645202636719
v,104.158447265625, 159.873046875, 1.6036295890808105
v,105.070556640625, 159.5390625, -1.713562250137329
v,105.070556640625, 159.5390625, 1.8256731033325195
v,104.992919921875, 159.3828125, 1.825657844543457
v,104.9931640625, 159.3828125, -1.7135775089263916
v,104.992919921875, 159.3828125, 1.825657844543457
v,104.069091796875, 159.8427734375, 1.8256583213806152
v,104.0693359375, 159.8427734375, -1.7135765552520752
v,104.9931640625, 159.3828125, -1.7135775089263916
v,104.146484375, 159.998046875, 1.8256735801696777
v,104.146728515625, 159.9990234375, -1.713561773300171
v,104.0693359375, 159.8427734375, -1.7135765552520752
v,104.069091796875, 159.8427734375, 1.8256583213806152
v,107.18212890625, 158.486328125, 1.8234539031982422
v,107.24169921875, 158.4560546875, 1.8234539031982422
v,107.241943359375, 158.45703125, -1.7135608196258545
v,107.24609375, 158.455078125, -1.7135608196258545
v,107.24609375, 158.455078125, 2.4581007957458496
v,103.988525390625, 160.0771484375, 2.4620003700256348
v,103.98876953125, 160.078125, -1.7135612964630127
v,104.146728515625, 159.9990234375, -1.713561773300171
v,104.146484375, 159.998046875, 1.8256735801696777
v,104.2060546875, 159.96875, 1.8256735801696777
v,104.2060546875, 159.96875, 1.6036386489868164
v,105.010986328125, 159.568359375, 1.6036381721496582
v,105.010986328125, 159.568359375, 1.8256731033325195
v,105.070556640625, 159.5390625, 1.8256731033325195
v,105.070556640625, 159.5390625, -1.713562250137329
v,105.465087890625, 159.341796875, -1.7135627269744873
v,105.46484375, 159.341796875, 1.8234529495239258
v,105.5244140625, 159.3125, 1.8234529495239258
v,105.5244140625, 159.3125, 1.6014175415039062
v,107.18212890625, 158.486328125, 1.6014189720153809
v,103.988525390625, 160.0771484375, 2.4620003700256348
v,104.30126953125, 160.5419921875, 3.1990771293640137
v,104.30126953125, 160.5419921875, 3.197897434234619
v,104.301513671875, 160.54296875, -1.7135131359100342
v,103.98876953125, 160.078125, -1.7135612964630127
v,107.553466796875, 158.921875, 3.1948647499084473
v,107.24609375, 158.455078125, 2.4581007957458496
v,107.24609375, 158.455078125, -1.7135608196258545
v,107.553466796875, 158.921875, -1.713512659072876
v,104.30126953125, 160.5419921875, 3.1990771293640137
v,107.4140625, 158.9912109375, 3.195044994354248
v,107.4140625, 158.9912109375, 2.975862979888916
v,104.4404296875, 160.47265625, 2.975862979888916
v,104.4404296875, 160.47265625, 3.197897434234619
v,104.30126953125, 160.5419921875, 3.197897434234619
v,107.18212890625, 158.486328125, 1.8234539031982422
v,107.18212890625, 158.486328125, 1.6014189720153809
v,107.121826171875, 158.365234375, 1.601407527923584
v,107.121826171875, 158.365234375, 1.823441982269287
v,105.464111328125, 159.19140625, 1.6014060974121094
v,105.464111328125, 159.19140625, 1.8234410285949707
v,107.121826171875, 158.365234375, 1.823441982269287
v,107.121826171875, 158.365234375, 1.601407527923584
v,105.5244140625, 159.3125, 1.6014175415039062
v,105.5244140625, 159.3125, 1.8234529495239258
v,105.464111328125, 159.19140625, 1.8234410285949707
v,105.464111328125, 159.19140625, 1.6014060974121094
v,107.241943359375, 158.45703125, -1.7135608196258545
v,107.24169921875, 158.4560546875, 1.8234539031982422
v,107.15185546875, 158.2763671875, 1.8234367370605469
v,107.152099609375, 158.2763671875, -1.713578701019287
v,107.152099609375, 158.2763671875, -1.713578701019287
v,107.15185546875, 158.2763671875, 1.8234367370605469
v,105.374755859375, 159.1611328125, 1.8234353065490723
v,105.375, 159.1611328125, -1.7135798931121826
v,105.374755859375, 159.1611328125, 1.8234353065490723
v,105.46484375, 159.341796875, 1.8234529495239258
v,105.465087890625, 159.341796875, -1.7135627269744873
v,105.375, 159.1611328125, -1.7135798931121826
v,105.56298828125, 163.0810546875, -1.713263750076294
v,104.301513671875, 160.54296875, -1.7135131359100342
v,104.30126953125, 160.5419921875, 3.197897434234619
v,105.562744140625, 163.080078125, 3.1981472969055176
v,106.467529296875, 162.62890625, 3.198146343231201
v,106.4677734375, 162.6298828125, -1.713263988494873
v,105.56298828125, 163.0810546875, -1.713263750076294
v,105.562744140625, 163.080078125, 3.1981472969055176
v,106.467529296875, 162.62890625, 3.198146343231201
v,106.03369140625, 161.7939453125, 3.1980624198913574
v,106.03369140625, 161.794921875, -1.7133479118347168
v,106.4677734375, 162.6298828125, -1.713263988494873
v,107.2763671875, 161.1748046875, 3.1980624198913574
v,107.276611328125, 161.17578125, -1.7133479118347168
v,106.03369140625, 161.794921875, -1.7133479118347168
v,106.03369140625, 161.7939453125, 3.1980624198913574
v,107.71044921875, 162.0107421875, -1.713263988494873
v,107.276611328125, 161.17578125, -1.7133479118347168
v,107.2763671875, 161.1748046875, 3.1980624198913574
v,107.71044921875, 162.0107421875, 3.198146343231201
v,108.81494140625, 161.4599609375, 3.198148250579834
v,108.815185546875, 161.4609375, -1.7132627964019775
v,107.71044921875, 162.0107421875, -1.713263988494873
v,107.71044921875, 162.0107421875, 3.198146343231201
v,108.81494140625, 161.4599609375, 3.198148250579834
v,107.553466796875, 158.921875, 3.1978983879089355
v,107.553466796875, 158.921875, 3.1948647499084473
v,107.553466796875, 158.921875, -1.713512659072876
v,108.815185546875, 161.4609375, -1.7132627964019775
v,107.4140625, 158.9912109375, 3.195044994354248
v,107.553466796875, 158.921875, 3.1948647499084473
v,107.553466796875, 158.921875, 3.1978983879089355
v,107.4140625, 158.9912109375, 3.1978983879089355
v,105.6328125, 162.8720703125, 3.1981329917907715
v,104.4404296875, 160.47265625, 3.197897434234619
v,104.4404296875, 160.47265625, 2.975862979888916
v,105.6328125, 162.8720703125, 2.976097583770752
v,106.256591796875, 162.560546875, 3.1981329917907715
v,105.6328125, 162.8720703125, 3.1981329917907715
v,105.6328125, 162.8720703125, 2.976097583770752
v,106.256591796875, 162.560546875, 2.976097583770752
v,105.82275390625, 161.7255859375, 2.9760146141052246
v,105.82275390625, 161.7255859375, 3.1980490684509277
v,106.256591796875, 162.560546875, 3.1981329917907715
v,106.256591796875, 162.560546875, 2.976097583770752
v,105.90478515625, 161.6845703125, 2.9760146141052246
v,105.90478515625, 161.6845703125, 3.1980490684509277
v,105.82275390625, 161.7255859375, 3.1980490684509277
v,105.82275390625, 161.7255859375, 2.9760146141052246
v,107.263427734375, 161.0078125, 3.1980490684509277
v,107.263427734375, 161.0078125, 2.9760146141052246
v,107.343994140625, 160.9677734375, 2.9760146141052246
v,107.343994140625, 160.9677734375, 3.1980490684509277
v,107.77783203125, 161.8037109375, 3.1981329917907715
v,107.343994140625, 160.9677734375, 3.1980490684509277
v,107.343994140625, 160.9677734375, 2.9760146141052246
v,107.77783203125, 161.8037109375, 2.976097583770752
v,108.6064453125, 161.390625, 3.198133945465088
v,107.77783203125, 161.8037109375, 3.1981329917907715
v,107.77783203125, 161.8037109375, 2.976097583770752
v,108.6064453125, 161.390625, 2.9760985374450684
v,107.4140625, 158.9912109375, 3.1978983879089355
v,108.6064453125, 161.390625, 3.198133945465088
v,108.6064453125, 161.390625, 2.9760985374450684
v,107.4140625, 158.9912109375, 2.975862979888916
v,107.4140625, 158.9912109375, 3.195044994354248
v,105.79833984375, 161.0380859375, 2.975959300994873
v,105.79833984375, 161.0380859375, 3.7874960899353027
v,105.626220703125, 161.1240234375, 3.7874960899353027
v,105.626220703125, 161.1240234375, 2.975959300994873
v,105.626220703125, 161.1240234375, 2.975959300994873
v,105.626220703125, 161.1240234375, 3.7874960899353027
v,105.963623046875, 161.802734375, 3.787562847137451
v,105.963623046875, 161.802734375, 3.1980605125427246
v,105.90478515625, 161.6845703125, 3.1980490684509277
v,105.90478515625, 161.6845703125, 2.9760146141052246
v,107.263427734375, 161.0078125, 2.9760146141052246
v,107.263427734375, 161.0078125, 3.1980490684509277
v,107.322265625, 161.1259765625, 3.1980605125427246
v,107.322021484375, 161.1259765625, 4.564685344696045
v,106.9736328125, 160.4248046875, 4.564616680145264
v,106.973876953125, 160.4248046875, 2.9759573936462402
v,107.23291015625, 161.095703125, 4.56467866897583
v,106.16552734375, 161.626953125, 4.56467866897583
v,106.16552734375, 161.626953125, 4.342644214630127
v,106.98486328125, 161.21875, 4.342644214630127
v,107.23291015625, 161.095703125, 4.342644214630127
v,106.943603515625, 160.5146484375, 4.564622402191162
v,107.23291015625, 161.095703125, 4.56467866897583
v,107.23291015625, 161.095703125, 4.342644214630127
v,106.943603515625, 160.5146484375, 4.342587947845459
v,105.876708984375, 161.0458984375, 4.342587947845459
v,105.876708984375, 161.0458984375, 4.564622402191162
v,106.943603515625, 160.5146484375, 4.564622402191162
v,106.943603515625, 160.5146484375, 4.342587947845459
v,106.695556640625, 160.6376953125, 4.342587947845459
v,106.16552734375, 161.626953125, 4.56467866897583
v,105.876708984375, 161.0458984375, 4.564622402191162
v,105.876708984375, 161.0458984375, 4.342587947845459
v,106.16552734375, 161.626953125, 4.342644214630127
v,106.973876953125, 160.4248046875, 2.9759573936462402
v,106.9736328125, 160.4248046875, 4.564616680145264
v,105.787353515625, 161.015625, 4.564616680145264
v,105.787353515625, 161.015625, 2.975956439971924
v,106.135498046875, 161.716796875, 3.787562847137451
v,105.79833984375, 161.0380859375, 3.7874960899353027
v,105.79833984375, 161.0380859375, 2.975959300994873
v,105.787353515625, 161.015625, 2.975956439971924
v,105.787353515625, 161.015625, 4.564616680145264
v,106.135498046875, 161.716796875, 4.564685344696045
v,107.322265625, 161.1259765625, 3.1980605125427246
v,105.963623046875, 161.802734375, 3.1980605125427246
v,105.963623046875, 161.802734375, 3.787562847137451
v,106.135498046875, 161.716796875, 3.787562847137451
v,106.135498046875, 161.716796875, 4.564685344696045
v,107.322021484375, 161.1259765625, 4.564685344696045
v,106.319091796875, 161.00390625, 4.342601299285889
v,106.766357421875, 160.78125, 4.342601299285889
v,106.766357421875, 160.78125, 4.713399410247803
v,106.319091796875, 161.00390625, 4.713399410247803
v,106.437255859375, 161.2412109375, 4.7134222984313965
v,106.437255859375, 161.2412109375, 4.342625141143799
v,106.319091796875, 161.00390625, 4.342601299285889
v,106.319091796875, 161.00390625, 4.713399410247803
v,106.766357421875, 160.78125, 4.713399410247803
v,106.766357421875, 160.78125, 4.342601299285889
v,106.884765625, 161.0185546875, 4.342625141143799
v,106.884765625, 161.0185546875, 4.7134222984313965
i,1,3,0
i,14,17,9
i,22,24,25
i,26,27,31
i,36,37,38
i,39,41,42
i,49,50,45
i,58,60,51
i,66,67,77
i,86,88,85
i,93,94,90
i,96,99,100
i,103,104,107
i,112,114,111
i,115,117,118
i,120,122,119
i,124,126,123
i,127,129,130
i,131,133,134
i,135,137,138
i,139,141,142
i,148,156,159
i,165,166,163
i,169,171,168
i,172,173,176
i,179,181,178
i,183,185,182
i,186,188,189
i,191,193,190
i,194,196,197
i,199,201,198
i,203,205,202
i,207,209,206
i,210,212,213
i,215,217,214
i,218,220,221
i,223,225,222
i,228,229,230
i,231,233,234
i,236,238,235
i,240,242,239
i,244,246,243
i,248,250,247
i,252,254,251
i,256,258,255
i,260,262,259
i,265,266,267
i,269,271,268
i,274,275,276
i,282,283,279
i,285,286,287
i,289,291,292
i,295,296,297
i,299,301,298
i,303,305,302
i,307,309,310
i,315,316,317
i,319,321,318
i,323,325,322
i,326,328,329
i,1,2,3
i,21,4,5
i,5,6,7
i,5,7,8
i,20,21,18
i,21,5,8
i,18,21,8
i,18,19,20
i,15,16,17
i,14,15,17
i,17,18,8
i,17,8,9
i,9,10,11
i,12,13,14
i,9,11,12
i,12,14,9
i,22,23,24
i,27,28,30
i,28,29,30
i,32,33,31
i,33,26,31
i,27,30,31
i,38,34,36
i,34,35,36
i,39,40,41
i,50,43,44
i,46,47,49
i,47,48,49
i,50,44,45
i,46,49,45
i,52,53,55
i,53,54,55
i,55,56,57
i,63,64,62
i,64,51,62
i,60,61,62
i,52,55,57
i,58,59,60
i,52,57,51
i,57,58,51
i,60,62,51
i,84,65,66
i,67,68,69
i,83,84,66
i,67,69,70
i,80,81,82
i,72,73,71
i,73,74,71
i,79,80,82
i,79,82,83
i,71,74,75
i,70,71,75
i,70,75,76
i,78,79,83
i,77,78,83
i,67,70,76
i,77,83,66
i,67,76,77
i,86,87,88
i,94,89,90
i,90,91,93
i,91,92,93
i,96,97,98
i,100,101,95
i,101,102,95
i,96,98,99
i,100,95,96
i,104,105,106
i,108,109,110
i,108,110,103
i,104,106,107
i,108,103,107
i,112,113,114
i,115,116,117
i,120,121,122
i,124,125,126
i,127,128,129
i,131,132,133
i,135,136,137
i,139,140,141
i,144,145,146
i,148,149,151
i,149,150,151
i,144,146,147
i,161,162,143
i,143,144,147
i,147,148,160
i,148,151,152
i,152,153,155
i,153,154,155
i,148,152,155
i,156,148,155
i,161,143,160
i,143,147,160
i,156,157,159
i,157,158,159
i,159,160,148
i,167,163,166
i,163,164,165
i,169,170,171
i,173,174,175
i,176,177,172
i,173,175,176
i,179,180,181
i,183,184,185
i,186,187,188
i,191,192,193
i,194,195,196
i,199,200,201
i,203,204,205
i,207,208,209
i,210,211,212
i,215,216,217
i,218,219,220
i,223,224,225
i,230,226,228
i,226,227,228
i,231,232,233
i,236,237,238
i,240,241,242
i,244,245,246
i,248,249,250
i,252,253,254
i,256,257,258
i,260,261,262
i,267,263,264
i,264,265,267
i,269,270,271
i,277,272,276
i,272,273,276
i,273,274,276
i,283,278,279
i,279,280,281
i,281,282,279
i,288,284,287
i,284,285,287
i,289,290,291
i,297,293,294
i,294,295,297
i,299,300,301
i,303,304,305
i,311,306,307
i,307,308,309
i,310,311,307
i,317,312,315
i,312,313,315
i,313,314,315
i,319,320,321
i,323,324,325
i,326,327,328
n,2.007906675338745, 4.031439304351807, 0.0
n,0.00017399538774043322, 0.00035353051498532295, -4.50379753112793
n,-0.00017013752949424088, -0.00035117604420520365, 4.50379753112793
n,-0.00017818115884438157, -0.0003657358174677938, 4.50379753112793
n,-1.6009548902511597, -3.2205991744995117, 2.710880994796753
n,-0.00017213993123732507, -0.00033866078592836857, 4.50379753112793
n,-0.00017862294043879956, -0.0003539861645549536, 4.50379753112793
n,-0.0001700071879895404, -0.0003581884375307709, 4.50379753112793
n,-0.00014499692770186812, -0.00029120215913280845, 4.50379753112793
n,-0.0001775750279193744, -0.00035604689037427306, 4.50379753112793
n,-0.0001737366837915033, -0.00035334459971636534, 4.50379753112793
n,-0.00017688801744952798, -0.00035184199805371463, 4.50379753112793
n,-0.0001779563317541033, -0.00035721901804208755, 4.50379753112793
n,-0.000178614238393493, -0.0003587366081774235, 4.50379753112793
n,-0.00017301632033195347, -0.0003472107637207955, 4.50379753112793
n,-4.031944751739502, 2.0068914890289307, 0.0
n,2.007638692855835, 4.0315728187561035, 0.0
n,4.035563945770264, -1.9996037483215332, 0.0
n,4.0350213050842285, -2.0006980895996094, 0.00024720520013943315
n,-2.0092387199401855, -4.03077507019043, -0.00012309581506997347
n,-4.0305681228637695, 2.0096547603607178, -0.0002469323808327317
n,-2.0124335289001465, -4.029163360595703, -0.012135983444750309
n,-3.7365617752075195, 2.5144176483154297, 0.000279066851362586
n,3.763688087463379, -2.473629951477051, 0.0
n,2.0071675777435303, 4.029297828674316, -0.1422310173511505
n,-4.0340657234191895, 2.0026254653930664, 0.0
n,2.008040189743042, 4.031372547149658, 0.0
n,4.0340657234191895, -2.0026254653930664, 0.0
n,4.034093379974365, -2.0025699138641357, -0.00024375366047024727
n,-2.008845329284668, -4.030971527099609, -0.0011115972883999348
n,-4.034092903137207, 2.002570152282715, 0.0002437536313664168
n,-4.032994270324707, 2.004781484603882, 0.00017598128761164844
n,2.0095207691192627, 4.030634880065918, 0.0008005014387890697
n,3.996710777282715, -2.0761733055114746, -0.0001901904761325568
n,2.0085315704345703, 4.031128406524658, 0.0008005448617041111
n,-3.997591495513916, 2.074476480484009, -0.00017648725770413876
n,2.0097274780273438, 4.030531883239746, 0.0008004923583939672
n,4.033130168914795, -2.0045084953308105, 0.0
n,-2.0091350078582764, -4.030827522277832, 0.0
n,4.033119201660156, -2.004530191421509, 0.0
n,-2.0113577842712402, -4.029718399047852, 0.0
n,-3.996711254119873, 2.0761733055114746, 0.0
n,-2.005620241165161, -4.032577037811279, 0.0
n,-2.03578782081604, -4.01743221282959, 0.0
n,3.997591733932495, -2.074476480484009, 0.0
n,-2.0082507133483887, -4.031268119812012, 0.0
n,-4.033119201660156, 2.004530191421509, 0.0
n,-2.0100977420806885, -4.0303473472595215, 0.0
n,-4.03127908706665, 2.0082290172576904, 0.0
n,4.03302526473999, -2.0047192573547363, 0.0005504544824361801
n,-2.0098910331726074, -4.030450344085693, 0.0
n,-4.031923294067383, 2.006934881210327, 0.0
n,2.0028676986694336, 4.033945083618164, 0.0
n,4.032523155212402, -2.0057289600372314, 0.0
n,-2.007082939147949, -4.031849384307861, -0.0002739402116276324
n,-4.0437517166137695, 1.982993721961975, 0.0
n,2.0070831775665283, 4.031849384307861, 0.0
n,-2.0086865425109863, -4.031050682067871, 0.0
n,-4.032724857330322, 2.005324125289917, 0.0
n,4.031257152557373, -2.008272171020508, 0.0
n,2.007906675338745, 4.031439304351807, 0.0
n,0.0002075901284115389, 0.0003286843711975962, -4.50379753112793
n,0.00017913943156599998, 0.00035300152376294136, -4.50379753112793
n,0.00017632149683777243, 0.0003455315309111029, -4.50379753112793
n,0.00018393852224107832, 0.00035186068271286786, -4.50379753112793
n,0.00017785071395337582, 0.00034860309096984565, -4.50379753112793
n,0.00017836804909165949, 0.0003511766844894737, -4.50379753112793
n,0.000182964708073996, 0.0003571107517927885, -4.50379753112793
n,0.00017737977032084018, 0.00036001193802803755, -4.50379753112793
n,0.00017099958495236933, 0.0003576769377104938, -4.50379753112793
n,0.00017609480710234493, 0.0003534227726049721, -4.50379753112793
n,0.00017205199401360005, 0.0003543602069839835, -4.50379753112793
n,0.00017248162475880235, 0.00035430185380391777, -4.50379753112793
n,0.00016576690541114658, 0.0003561553603503853, -4.50379753112793
n,0.00016925379168242216, 0.0003436849801801145, -4.50379753112793
n,0.00017426411795895547, 0.00035373627906665206, -4.50379753112793
n,-0.00017025377019308507, -0.00035150162875652313, 4.50379753112793
n,-0.0001693330123089254, -0.00035562782431952655, 4.50379753112793
n,-0.0001729742216411978, -0.0003497640718705952, 4.50379753112793
n,-0.00017312898125965148, -0.00035007696715183556, 4.50379753112793
n,-0.00018303988326806575, -0.00035101681714877486, 4.50379753112793
n,-0.00017295927682425827, -0.0003568424435798079, 4.50379753112793
n,-1.600942611694336, -3.220379590988159, 2.711148977279663
n,-1.6015477180480957, -3.220121383666992, 2.7110986709594727
n,-0.00017213993123732507, -0.00033866078592836857, 4.50379753112793
n,-0.00017463814583607018, -0.00035312859108671546, 4.50379753112793
n,-0.00019993957539554685, -0.0003231781884096563, 4.50379753112793
n,-0.0001787383371265605, -0.0003510931564960629, 4.50379753112793
n,-0.00017892061441671103, -0.0003531101392582059, 4.50379753112793
n,-0.00015823844296392053, -0.00030921032885089517, 4.50379753112793
n,-0.00018472014926373959, -0.00035024102544412017, 4.50379753112793
n,-0.00018245230603497475, -0.0003570062108337879, 4.50379753112793
n,-0.00017750565893948078, -0.0003502904437482357, 4.50379753112793
n,-0.00017921681865118444, -0.00035905768163502216, 4.50379753112793
n,-0.00017003978427965194, -0.00035753738484345376, 4.50379753112793
n,-0.00017645925981923938, -0.00035479574580676854, 4.50379753112793
n,-0.00017793159349821508, -0.00034999960917048156, 4.50379753112793
n,-0.00020336701709311455, -0.0004077611374668777, 4.50379753112793
n,-0.00017523141286801547, -0.0003491701791062951, 4.50379753112793
n,-0.00017516055959276855, -0.0003454058605711907, 4.50379753112793
n,-0.00017086554726120085, -0.0003566260274965316, 4.50379753112793
n,-0.0001804687490221113, -0.0003628573613241315, 4.50379753112793
n,-0.0001831874978961423, -0.00036150295636616647, 4.50379753112793
n,-0.00018388248281553388, -0.0003566339728422463, 4.50379753112793
n,-0.00017574589583091438, -0.00036048635956831276, 4.50379753112793
n,-0.00017658925207797438, -0.00035428220871835947, 4.50379753112793
n,-0.00017658925207797438, -0.00035428220871835947, 4.50379753112793
n,-0.00019600499945227057, -0.0003459984727669507, 4.50379753112793
n,-0.0001582257100380957, -0.00036477833054959774, 4.50379753112793
n,-0.00018688516865950078, -0.00037442106986418366, 4.50379753112793
n,-0.00018936862761620432, -0.00036592831020243466, 4.50379753112793
n,-0.00018054444808512926, -0.00035317643778398633, 4.50379753112793
n,-0.00018625347001943737, -0.0003550336405169219, 4.50379753112793
n,-0.0001736272097332403, -0.0003567142703104764, 4.50379753112793
n,-0.00017157476395368576, -0.00036302750231698155, 4.50379753112793
n,-0.00019919588521588594, -0.00034471540129743516, 4.50379753112793
n,-0.00015450679347850382, -0.0003679943911265582, 4.50379753112793
n,-0.00014748761896044016, -0.0002960080455522984, 4.50379753112793
n,-0.00017773167928680778, -0.00035591216874308884, 4.50379753112793
n,-0.0001742616732371971, -0.00035097773070447147, 4.50379753112793
n,-0.00018928563804365695, -0.0003551577392499894, 4.50379753112793
n,-0.000169949940755032, -0.00034229352604597807, 4.50379753112793
n,-0.00017469980230089277, -0.00035075913183391094, 4.50379753112793
n,-0.00017079882672987878, -0.0003424135793466121, 4.50379753112793
n,-0.0001704440510366112, -0.000342048704624176, 4.50379753112793
n,-0.00017468040459789336, -0.0003502879699226469, 4.50379753112793
n,-0.00017282528278883547, -0.00036351560265757143, 4.50379753112793
n,-0.00016922342183534056, -0.0003555911243893206, 4.50379753112793
n,-0.00017937207303475589, -0.0003517816076055169, 4.50379753112793
n,-0.00016880701878108084, -0.00035586138255894184, 4.50379753112793
n,-0.00017992022912949324, -0.0003514535492286086, 4.50379753112793
n,-0.00017883437976706773, -0.0003592443827074021, 4.50379753112793
n,-0.00017771418788470328, -0.0003566604864317924, 4.50379753112793
n,-0.00017301214393228292, -0.00034737068926915526, 4.50379753112793
n,-4.031944751739502, 2.0068914890289307, 0.0
n,2.007638692855835, 4.0315728187561035, 0.0
n,4.035563945770264, -1.9996037483215332, 0.0
n,4.032789707183838, -2.005192756652832, 0.0
n,-2.0092387199401855, -4.03077507019043, -0.00012309581506997347
n,-4.035021781921387, 2.0006980895996094, 0.0002430851018289104
n,-2.404996156692505, -3.807910919189453, -0.0010811852989718318
n,-2.0149805545806885, -4.027907848358154, -0.0009412887739017606
n,-2.0119481086730957, -4.029423713684082, -0.0011107107857242227
n,-1.6726683378219604, -4.181671142578125, 0.0
n,-2.008040189743042, -4.031372547149658, 0.0
n,-2.0432960987091064, -4.013617515563965, 0.0029918747022747993
n,-2.0081474781036377, -4.031318664550781, -0.001095074461773038
n,-1.9965227842330933, -4.037086486816406, 0.004782272037118673
n,-2.007205009460449, -4.0317888259887695, 0.0
n,-2.007205009460449, -4.0317888259887695, 0.0
n,-2.007205009460449, -4.0317888259887695, 0.00022502696083392948
n,-1.9965028762817383, -4.037041187286377, 0.021630026400089264
n,-2.008040428161621, -4.031373023986816, 0.0
n,-2.008040189743042, -4.031372547149658, -0.0014593161176890135
n,-2.0123863220214844, -4.029204845428467, 0.0
n,-2.011500835418701, -4.029647350311279, -0.00012331173638813198
n,-1.9964675903320312, -4.036974906921387, 0.033777281641960144
n,-3.7363572120666504, 2.5147218704223633, 0.0003283198457211256
n,-3.7363576889038086, 2.5147221088409424, 0.0
n,3.7636878490448, -2.4736297130584717, 0.0
n,2.0082783699035645, 4.031254291534424, 0.0
n,2.0091352462768555, 4.030827522277832, 0.0
n,2.0082783699035645, 4.031254291534424, 0.0
n,-4.034065246582031, 2.0026254653930664, 0.0
n,2.008040189743042, 4.031372547149658, 0.0
n,4.0340657234191895, -2.0026252269744873, 0.0
n,4.03025484085083, -2.0102832317352295, 0.00024706812109798193
n,-2.0072686672210693, -4.03175687789917, -0.00012305229029152542
n,-4.03025484085083, 2.0102832317352295, -0.00024706812109798193
n,-4.032994270324707, 2.004781484603882, 0.00017598130216356367
n,2.0095207691192627, 4.030634880065918, 0.0008005013223737478
n,3.996710777282715, -2.0761730670928955, -0.0001901904761325568
n,2.0085315704345703, 4.031128406524658, 0.0008005448617041111
n,-3.996710777282715, 2.0761730670928955, 0.0001901904761325568
n,2.0071914196014404, 4.031795501708984, 8.861428068485111e-05
n,4.032994270324707, -2.0047810077667236, -0.00017598122940398753
n,4.032994270324707, -2.004781484603882, 0.0
n,-2.0091350078582764, -4.030827045440674, 0.0
n,4.033119201660156, -2.004530191421509, 0.0
n,-2.0113577842712402, -4.029718399047852, 0.0
n,-3.996711254119873, 2.0761733055114746, 0.0
n,-2.005620241165161, -4.032577037811279, 0.0
n,-2.03578782081604, -4.01743221282959, 0.0
n,3.997591733932495, -2.074476480484009, 0.0
n,-2.0082507133483887, -4.031268119812012, 0.0
n,-4.033119201660156, 2.004530191421509, 0.0
n,-4.033119201660156, 2.004530191421509, 0.0
n,-2.0100977420806885, -4.0303473472595215, 0.0
n,-4.032679080963135, 2.0054149627685547, 0.0
n,-4.032679080963135, 2.005415439605713, 0.0
n,-4.032435417175293, 2.0059046745300293, 0.0005803870153613389
n,4.033108711242676, -2.0045511722564697, 0.0
n,4.031278610229492, -2.0082290172576904, 0.0006396094686351717
n,4.032801151275635, -2.0051705837249756, 0.0003104227071162313
n,-2.0028676986694336, -4.033945083618164, 0.0
n,-2.0082576274871826, -4.031257629394531, 0.007512026000767946
n,-4.031923294067383, 2.006934881210327, 0.0
n,2.010317325592041, 4.030238151550293, 0.0
n,2.0085842609405518, 4.031094074249268, -0.007967625744640827
n,4.032523155212402, -2.0057289600372314, 0.0
n,-2.0073769092559814, -4.031702995300293, 0.0
n,-4.032949924468994, 2.004871129989624, 0.0
n,-4.0437517166137695, 1.982993721961975, 0.0
n,-4.033298015594482, 2.0041699409484863, 0.0007632402121089399
n,2.006916046142578, 4.031932830810547, 0.0003184206725563854
n,2.00746488571167, 4.031659126281738, 0.0016982888337224722
n,2.0121266841888428, 4.029334545135498, 0.0
n,-2.0086865425109863, -4.031050682067871, 0.0
n,-4.032724857330322, 2.005323886871338, 0.0
n,4.031257152557373, -2.008272409439087, 0.0
u,0.6705178022384644, 0.4748491048812866, 0
u,0.6413043737411499, 0.43074649572372437, 0
u,0.6705178022384644, 0.43074649572372437, 0
u,0.0, 0.0, 0
u,0.0, 0.0, 0
u,0.0, 0.0, 0
u,0.061469998210668564, 0.025605900213122368, 0
u,0.009924200363457203, 0.013067999854683876, 0
u,0.06147339940071106, 0.013065599836409092, 0
u,0.006108500063419342, 0.005292799789458513, 0
u,0.06529410183429718, 0.005290200002491474, 0
u,0.009924200363457203, 0.013067999854683876, 0
u,0.2606464922428131, 0.02768779918551445, 0
u,0.2606464922428131, 0.4125787913799286, 0
u,0.21047429740428925, 0.42052319645881653, 0
u,0.20054149627685547, 0.025604499503970146, 0
u,0.0943697988986969, 0.009787400253117085, 0
u,0.20055049657821655, 0.009787400253117085, 0
u,0.20055049657821655, 0.009787400253117085, 0
u,0.0943697988986969, 0.009787400253117085, 0
u,0.09055399894714355, 0.0020121000707149506, 0
u,0.06428950279951096, 0.21734170615673065, 0
u,0.053261399269104004, 0.22023889422416687, 0
u,0.009051499888300896, 0.0904935970902443, 0
u,0.05322730168700218, 0.30867838859558105, 0
u,0.1402468979358673, 0.3086831867694855, 0
u,0.057033900171518326, 0.3114359974861145, 0
u,0.06424909830093384, 0.3086790144443512, 0
u,0.053261399269104004, 0.22023889422416687, 0
u,0.0642881989479065, 0.22024290263652802, 0
u,0.1364603042602539, 0.2250995934009552, 0
u,0.13643139600753784, 0.300907701253891, 0
u,0.12055490165948868, 0.2746868133544922, 0
u,0.09188459813594818, 0.27470481395721436, 0
u,0.06807109713554382, 0.3009040057659149, 0
u,0.06810460239648819, 0.22511599957942963, 0
u,0.06807109713554382, 0.3009040057659149, 0
u,0.13643139600753784, 0.300907701253891, 0
u,0.1402468979358673, 0.3086831867694855, 0
u,0.1364603042602539, 0.2250995934009552, 0
u,0.06428950279951096, 0.21734170615673065, 0
u,0.1402817964553833, 0.21732330322265625, 0
u,0.12055490165948868, 0.2746868133544922, 0
u,0.0919015035033226, 0.24370770156383514, 0
u,0.1205592006444931, 0.24371060729026794, 0
u,0.9211227893829346, 0.44869211316108704, 0
u,0.9154840707778931, 0.42496219277381897, 0
u,0.9211227893829346, 0.42496219277381897, 0
u,0.9154840707778931, 0.42496219277381897, 0
u,0.8682863116264343, 0.44869211316108704, 0
u,0.8682863116264343, 0.42496219277381897, 0
u,0.8626481890678406, 0.44869211316108704, 0
u,0.8682863116264343, 0.42496219277381897, 0
u,0.8682863116264343, 0.44869211316108704, 0
u,0.4657720923423767, 0.03379260003566742, 0
u,0.4563837945461273, 0.4225352108478546, 0
u,0.4563837945461273, 0.03379260003566742, 0
u,0.4563837945461273, 0.4225352108478546, 0
u,0.4006916880607605, 0.03379260003566742, 0
u,0.4563837945461273, 0.03379260003566742, 0
u,0.3913044035434723, 0.4225352108478546, 0
u,0.4006916880607605, 0.03379260003566742, 0
u,0.4006916880607605, 0.4225352108478546, 0
u,0.7500001192092896, 0.9088634252548218, 0
u,0.8154407739639282, 0.8387364745140076, 0
u,0.8392868041992188, 0.8384919166564941, 0
u,0.7500571012496948, 0.9114688038825989, 0
u,0.9876015186309814, 0.9114688038825989, 0
u,0.7856469750404358, 0.9666808843612671, 0
u,0.999977171421051, 0.5798249244689941, 0
u,0.97826087474823, 0.9094566702842712, 0
u,0.97826087474823, 0.5216119289398193, 0
u,0.9624506235122681, 0.9114688038825989, 0
u,0.9624506235122681, 0.49932861328125, 0
u,0.9625089168548584, 0.8930522799491882, 0
u,0.8609341979026794, 0.44869211316108704, 0
u,0.8537914156913757, 0.4248600900173187, 0
u,0.8609341979026794, 0.4248600900173187, 0
u,0.7561551928520203, 0.4248600900173187, 0
u,0.8537914156913757, 0.44869211316108704, 0
u,0.7561551928520203, 0.44869211316108704, 0
u,0.7490118741989136, 0.44869211316108704, 0
u,0.7561551928520203, 0.4248600900173187, 0
u,0.7561551928520203, 0.44869211316108704, 0
u,0.3900828957557678, 0.4225352108478546, 0
u,0.3791545033454895, 0.03311200067400932, 0
u,0.3900828957557678, 0.03311200067400932, 0
u,0.3791545033454895, 0.03311200067400932, 0
u,0.27179861068725586, 0.4225352108478546, 0
u,0.27179861068725586, 0.03311200067400932, 0
u,0.2608695924282074, 0.4225352108478546, 0
u,0.27179861068725586, 0.03311200067400932, 0
u,0.27179861068725586, 0.4225352108478546, 0
u,0.0, 1.0, 0
u,0.1622523069381714, 0.4275049865245819, 0
u,0.1622523069381714, 1.0, 0
u,0.22011449933052063, 1.0, 0
u,0.1622523069381714, 0.4275049865245819, 0
u,0.22011449933052063, 0.4275049865245819, 0
u,0.22011449933052063, 0.4275049865245819, 0
u,0.2740117907524109, 1.0, 0
u,0.22011449933052063, 1.0, 0
u,0.3535088896751404, 1.0, 0
u,0.2740117907524109, 0.4275049865245819, 0
u,0.3535088896751404, 0.4275049865245819, 0
u,0.40740638971328735, 1.0, 0
u,0.3535088896751404, 0.4275049865245819, 0
u,0.40740638971328735, 0.4275049865245819, 0
u,0.4780530035495758, 1.0, 0
u,0.40740638971328735, 0.4275049865245819, 0
u,0.4780530035495758, 0.4275049865245819, 0
u,0.6403110027313232, 0.42785850167274475, 0
u,0.6403110027313232, 1.0, 0
u,0.4780530035495758, 1.0, 0
u,0.6422924995422363, 0.42456749081611633, 0
u,0.6508492827415466, 0.4248872995376587, 0
u,0.6422924995422363, 0.4248872995376587, 0
u,0.7474139928817749, 0.9698188900947571, 0
u,0.7351778745651245, 0.6692103743553162, 0
u,0.7474139928817749, 0.6692103743553162, 0
u,0.7474139928817749, 0.6692103743553162, 0
u,0.7351778745651245, 0.5909808874130249, 0
u,0.7474139928817749, 0.5909808874130249, 0
u,0.7474139928817749, 0.4853265881538391, 0
u,0.7351778745651245, 0.5909808874130249, 0
u,0.7351778745651245, 0.4853265881538391, 0
u,0.7474139928817749, 0.4750291109085083, 0
u,0.7351778745651245, 0.4853265881538391, 0
u,0.7351778745651245, 0.4750291109085083, 0
u,0.7351778745651245, 0.9729924201965332, 0
u,0.7401456236839294, 0.9979879260063171, 0
u,0.7351778745651245, 0.9979879260063171, 0
u,0.7401456236839294, 0.9979879260063171, 0
u,0.7921978235244751, 0.9729924201965332, 0
u,0.7921978235244751, 0.9979879260063171, 0
u,0.7921978235244751, 0.9979879260063171, 0
u,0.8433923125267029, 0.9729924201965332, 0
u,0.8433923125267029, 0.9979879260063171, 0
u,0.8433923125267029, 0.9729924201965332, 0
u,0.9915041923522949, 0.9729924201965332, 0
u,0.9915041923522949, 0.9976667761802673, 0
u,0.46739131212234497, 0.4224019944667816, 0
u,0.5120735168457031, 0.40083709359169006, 0
u,0.5120735168457031, 0.4224019944667816, 0
u,0.46739131212234497, 0.3158954083919525, 0
u,0.49984851479530334, 0.3158954083919525, 0
u,0.49984851479530334, 0.3306719958782196, 0
u,0.6413043737411499, 0.7273774743080139, 0
u,0.7337564826011658, 0.7273774743080139, 0
u,0.7208352088928223, 0.8045063018798828, 0
u,0.9606075882911682, 0.6920763850212097, 0
u,0.9476284980773926, 0.6920763850212097, 0
u,0.9476284980773926, 0.5831106901168823, 0
u,0.9606075882911682, 0.47283700108528137, 0
u,0.9476284980773926, 0.5501384139060974, 0
u,0.9476284980773926, 0.47283700108528137, 0
u,0.9606075882911682, 0.9112855792045593, 0
u,0.9476284980773926, 0.9112855792045593, 0
u,0.9476284980773926, 0.8782750964164734, 0
u,0.9606075882911682, 0.7693570256233215, 0
u,0.9476284980773926, 0.6920763850212097, 0
u,0.9606075882911682, 0.6920763850212097, 0
u,0.6413043737411499, 0.7273774743080139, 0
u,0.7337564826011658, 0.5702946782112122, 0
u,0.7337564826011658, 0.7273774743080139, 0
u,0.6865290999412537, 0.5673496127128601, 0
u,0.7337564826011658, 0.5702946782112122, 0
u,0.6413043737411499, 0.5702946782112122, 0
u,0.6865290999412537, 0.977216899394989, 0
u,0.6413043737411499, 0.977216899394989, 0
u,0.6413043737411499, 0.8201225996017456, 0
u,0.6860185861587524, 0.4748491048812866, 0
u,0.7152193784713745, 0.43074649572372437, 0
u,0.7152193784713745, 0.4748491048812866, 0
u,0.7307307124137878, 0.4748491048812866, 0
u,0.7152193784713745, 0.43074649572372437, 0
u,0.7307307124137878, 0.43074649572372437, 0
u,0.6860185861587524, 0.43074649572372437, 0
u,0.6705178022384644, 0.4748491048812866, 0
u,0.6705178022384644, 0.43074649572372437, 0
u,0.6705178022384644, 0.4748491048812866, 0
u,0.6413043737411499, 0.4748491048812866, 0
u,0.6413043737411499, 0.43074649572372437, 0
u,0.0, 0.0, 0
u,0.0, 0.0, 0
u,0.0, 0.0, 0
u,0.0, 0.0, 0
u,0.0, 0.0, 0
u,0.0, 0.0, 0
u,0.0, 0.0, 0
u,0.0, 0.0, 0
u,0.0, 0.0, 0
u,0.0, 0.0, 0
u,0.0, 0.0, 0
u,0.0, 0.0, 0
u,0.0, 0.0, 0
u,0.0, 0.0, 0
u,0.0, 0.0, 0
u,0.0, 0.0, 0
u,0.0, 0.0, 0
u,0.0, 0.0, 0
u,0.0, 0.0, 0
u,0.0, 0.0, 0
u,0.0, 0.0, 0
u,0.0, 0.0, 0
u,0.0, 0.0, 0
u,0.0, 0.0, 0
u,0.0, 0.0, 0
u,0.0, 0.0, 0
u,0.0, 0.0, 0
u,0.0, 0.0, 0
u,0.0, 0.0, 0
u,0.0, 0.0, 0
u,0.0, 0.0, 0
u,0.0, 0.0, 0
u,0.0, 0.0, 0
u,0.0, 0.0, 0
u,0.0, 0.0, 0
u,0.0, 0.0, 0
u,0.0, 0.0, 0
u,0.0, 0.0, 0
u,0.0, 0.0, 0
u,0.0, 0.0, 0
u,0.0, 0.0, 0
u,0.0, 0.0, 0
u,0.0, 0.0, 0
u,0.0, 0.0, 0
u,0.0, 0.0, 0
u,0.061469998210668564, 0.025605900213122368, 0
u,0.009919900447130203, 0.02560649998486042, 0
u,0.009924200363457203, 0.013067999854683876, 0
u,0.06529410183429718, 0.005290200002491474, 0
u,0.0652884989976883, 0.025605900213122368, 0
u,0.06147339940071106, 0.013065599836409092, 0
u,0.0652884989976883, 0.025605900213122368, 0
u,0.061469998210668564, 0.025605900213122368, 0
u,0.06147339940071106, 0.013065599836409092, 0
u,0.009919900447130203, 0.02560649998486042, 0
u,0.00610130000859499, 0.02560660056769848, 0
u,0.009924200363457203, 0.013067999854683876, 0
u,0.00610130000859499, 0.02560660056769848, 0
u,0.006108500063419342, 0.005292799789458513, 0
u,0.009924200363457203, 0.013067999854683876, 0
u,0.06529410183429718, 0.005290200002491474, 0
u,0.06147339940071106, 0.013065599836409092, 0
u,0.009924200363457203, 0.013067999854683876, 0
u,0.21047429740428925, 0.42052319645881653, 0
u,0.21049609780311584, 0.017747899517416954, 0
u,0.2606464922428131, 0.02768779918551445, 0
u,0.21049609780311584, 0.017747899517416954, 0
u,0.2606464922428131, 0.010489099659025669, 0
u,0.2606464922428131, 0.02768779918551445, 0
u,0.20054149627685547, 0.025604499503970146, 0
u,0.09436430037021637, 0.02560560032725334, 0
u,0.0943697988986969, 0.009787400253117085, 0
u,0.0943697988986969, 0.009787400253117085, 0
u,0.09436430037021637, 0.02560560032725334, 0
u,0.09054580330848694, 0.02560560032725334, 0
u,0.20437340438365936, 0.0020121000707149506, 0
u,0.2043599933385849, 0.025604499503970146, 0
u,0.20055049657821655, 0.009787400253117085, 0
u,0.2043599933385849, 0.025604499503970146, 0
u,0.20054149627685547, 0.025604499503970146, 0
u,0.20055049657821655, 0.009787400253117085, 0
u,0.0943697988986969, 0.009787400253117085, 0
u,0.09054580330848694, 0.02560560032725334, 0
u,0.09055399894714355, 0.0020121000707149506, 0
u,0.20437340438365936, 0.0020121000707149506, 0
u,0.20055049657821655, 0.009787400253117085, 0
u,0.09055399894714355, 0.0020121000707149506, 0
u,0.1995358020067215, 0.09046579897403717, 0
u,0.1993965059518814, 0.4031795859336853, 0
u,0.1454036980867386, 0.293300598859787, 0
u,0.1993965059518814, 0.4031795859336853, 0
u,0.14631329476833344, 0.403184711933136, 0
u,0.1454036980867386, 0.293300598859787, 0
u,0.1454036980867386, 0.293300598859787, 0
u,0.14025279879570007, 0.29330021142959595, 0
u,0.1402817964553833, 0.21732330322265625, 0
u,0.04888220131397247, 0.40318191051483154, 0
u,0.00891759991645813, 0.403194785118103, 0
u,0.047972600907087326, 0.29329290986061096, 0
u,0.00891759991645813, 0.403194785118103, 0
u,0.009051499888300896, 0.0904935970902443, 0
u,0.047972600907087326, 0.29329290986061096, 0
u,0.053261399269104004, 0.22023889422416687, 0
u,0.05323319882154465, 0.293293297290802, 0
u,0.047972600907087326, 0.29329290986061096, 0
u,0.1995358020067215, 0.09046579897403717, 0
u,0.1454036980867386, 0.293300598859787, 0
u,0.1402817964553833, 0.21732330322265625, 0
u,0.06428950279951096, 0.21734170615673065, 0
u,0.0642881989479065, 0.22024290263652802, 0
u,0.053261399269104004, 0.22023889422416687, 0
u,0.1995358020067215, 0.09046579897403717, 0
u,0.1402817964553833, 0.21732330322265625, 0
u,0.009051499888300896, 0.0904935970902443, 0
u,0.1402817964553833, 0.21732330322265625, 0
u,0.06428950279951096, 0.21734170615673065, 0
u,0.009051499888300896, 0.0904935970902443, 0
u,0.053261399269104004, 0.22023889422416687, 0
u,0.047972600907087326, 0.29329290986061096, 0
u,0.009051499888300896, 0.0904935970902443, 0
u,0.047972600907087326, 0.29329290986061096, 0
u,0.05323319882154465, 0.293293297290802, 0
u,0.05322730168700218, 0.30867838859558105, 0
u,0.1402468979358673, 0.3086831867694855, 0
u,0.14025279879570007, 0.29330021142959595, 0
u,0.1454036980867386, 0.293300598859787, 0
u,0.04888220131397247, 0.40318191051483154, 0
u,0.047972600907087326, 0.29329290986061096, 0
u,0.05322730168700218, 0.30867838859558105, 0
u,0.1402468979358673, 0.3086831867694855, 0
u,0.1454036980867386, 0.293300598859787, 0
u,0.14631329476833344, 0.403184711933136, 0
u,0.00014170000213198364, 0.09049490094184875, 0
u,0.009051499888300896, 0.0904935970902443, 0
u,0.00891759991645813, 0.403194785118103, 0
u,0.1995358020067215, 0.09046579897403717, 0
u,0.2084456980228424, 0.0904645025730133, 0
u,0.1993965059518814, 0.4031795859336853, 0
u,0.2084456980228424, 0.0904645025730133, 0
u,0.2082982063293457, 0.42132121324539185, 0
u,0.1993965059518814, 0.4031795859336853, 0
u,0.0, 0.4213399887084961, 0
u,0.00014170000213198364, 0.09049490094184875, 0
u,0.00891759991645813, 0.403194785118103, 0
u,0.0, 0.4213399887084961, 0
u,0.00891759991645813, 0.403194785118103, 0
u,0.04888220131397247, 0.40318191051483154, 0
u,0.1993965059518814, 0.4031795859336853, 0
u,0.2082982063293457, 0.42132121324539185, 0
u,0.1375523954629898, 0.4213277995586395, 0
u,0.14631329476833344, 0.403184711933136, 0
u,0.1993965059518814, 0.4031795859336853, 0
u,0.1375523954629898, 0.4213277995586395, 0
u,0.14631329476833344, 0.403184711933136, 0
u,0.1375523954629898, 0.4213277995586395, 0
u,0.13664279878139496, 0.3114422857761383, 0
u,0.057943399995565414, 0.42132139205932617, 0
u,0.0, 0.4213399887084961, 0
u,0.04888220131397247, 0.40318191051483154, 0
u,0.057033900171518326, 0.3114359974861145, 0
u,0.057943399995565414, 0.42132139205932617, 0
u,0.04888220131397247, 0.40318191051483154, 0
u,0.1402468979358673, 0.3086831867694855, 0
u,0.14631329476833344, 0.403184711933136, 0
u,0.13664279878139496, 0.3114422857761383, 0
u,0.057033900171518326, 0.3114359974861145, 0
u,0.04888220131397247, 0.40318191051483154, 0
u,0.05322730168700218, 0.30867838859558105, 0
u,0.1402468979358673, 0.3086831867694855, 0
u,0.13664279878139496, 0.3114422857761383, 0
u,0.057033900171518326, 0.3114359974861145, 0
u,0.06424909830093384, 0.3086790144443512, 0
u,0.05322730168700218, 0.30867838859558105, 0
u,0.053261399269104004, 0.22023889422416687, 0
u,0.13643139600753784, 0.300907701253891, 0
u,0.120551198720932, 0.30090680718421936, 0
u,0.12055490165948868, 0.2746868133544922, 0
u,0.12055490165948868, 0.2746868133544922, 0
u,0.1205592006444931, 0.24371060729026794, 0
u,0.1364603042602539, 0.2250995934009552, 0
u,0.1205592006444931, 0.24371060729026794, 0
u,0.12056180089712143, 0.22510339319705963, 0
u,0.1364603042602539, 0.2250995934009552, 0
u,0.09188459813594818, 0.27470481395721436, 0
u,0.12055490165948868, 0.2746868133544922, 0
u,0.120551198720932, 0.30090680718421936, 0
u,0.06810460239648819, 0.22511599957942963, 0
u,0.12056180089712143, 0.22510339319705963, 0
u,0.0919015035033226, 0.24370770156383514, 0
u,0.12056180089712143, 0.22510339319705963, 0
u,0.1205592006444931, 0.24371060729026794, 0
u,0.0919015035033226, 0.24370770156383514, 0
u,0.09188459813594818, 0.27470481395721436, 0
u,0.120551198720932, 0.30090680718421936, 0
u,0.06807109713554382, 0.3009040057659149, 0
u,0.06810460239648819, 0.22511599957942963, 0
u,0.0919015035033226, 0.24370770156383514, 0
u,0.09188459813594818, 0.27470481395721436, 0
u,0.13643139600753784, 0.300907701253891, 0
u,0.1364603042602539, 0.2250995934009552, 0
u,0.1402817964553833, 0.21732330322265625, 0
u,0.06424909830093384, 0.3086790144443512, 0
u,0.06428950279951096, 0.21734170615673065, 0
u,0.06810460239648819, 0.22511599957942963, 0
u,0.06424909830093384, 0.3086790144443512, 0
u,0.06810460239648819, 0.22511599957942963, 0
u,0.06807109713554382, 0.3009040057659149, 0
u,0.13643139600753784, 0.300907701253891, 0
u,0.1402817964553833, 0.21732330322265625, 0
u,0.1402468979358673, 0.3086831867694855, 0
u,0.06424909830093384, 0.3086790144443512, 0
u,0.06807109713554382, 0.3009040057659149, 0
u,0.1402468979358673, 0.3086831867694855, 0
u,0.1364603042602539, 0.2250995934009552, 0
u,0.06810460239648819, 0.22511599957942963, 0
u,0.06428950279951096, 0.21734170615673065, 0
u,0.12055490165948868, 0.2746868133544922, 0
u,0.09188459813594818, 0.27470481395721436, 0
u,0.0919015035033226, 0.24370770156383514, 0
u,0.9211227893829346, 0.44869211316108704, 0
u,0.9154840707778931, 0.44869211316108704, 0
u,0.9154840707778931, 0.42496219277381897, 0
u,0.9154840707778931, 0.42496219277381897, 0
u,0.9154840707778931, 0.44869211316108704, 0
u,0.8682863116264343, 0.44869211316108704, 0
u,0.8626481890678406, 0.44869211316108704, 0
u,0.8626481890678406, 0.42496219277381897, 0
u,0.8682863116264343, 0.42496219277381897, 0
u,0.4657720923423767, 0.03379260003566742, 0
u,0.4657720923423767, 0.4225352108478546, 0
u,0.4563837945461273, 0.4225352108478546, 0
u,0.4563837945461273, 0.4225352108478546, 0
u,0.4006916880607605, 0.4225352108478546, 0
u,0.4006916880607605, 0.03379260003566742, 0
u,0.3913044035434723, 0.4225352108478546, 0
u,0.3913044035434723, 0.03379260003566742, 0
u,0.4006916880607605, 0.03379260003566742, 0
u,0.9467415809631348, 0.8384919166564941, 0
u,0.9467415809631348, 0.44869211316108704, 0
u,0.9470003247261047, 0.44869211316108704, 0
u,0.7500001192092896, 0.9088634252548218, 0
u,0.7500001192092896, 0.44869211316108704, 0
u,0.7595608234405518, 0.8387364745140076, 0
u,0.7500001192092896, 0.44869211316108704, 0
u,0.7595608234405518, 0.44869211316108704, 0
u,0.7595608234405518, 0.8387364745140076, 0
u,0.9467415809631348, 0.8384919166564941, 0
u,0.9470003247261047, 0.44869211316108704, 0
u,0.9470003247261047, 0.9084336757659912, 0
u,0.8428919911384583, 0.8140223026275635, 0
u,0.9431365132331848, 0.8140223026275635, 0
u,0.9431365132331848, 0.8384919166564941, 0
u,0.9431365132331848, 0.8384919166564941, 0
u,0.9467415809631348, 0.8384919166564941, 0
u,0.9470003247261047, 0.9084336757659912, 0
u,0.9470003247261047, 0.9084336757659912, 0
u,0.7500001192092896, 0.9088634252548218, 0
u,0.8428919911384583, 0.8384919166564941, 0
u,0.7500001192092896, 0.9088634252548218, 0
u,0.7595608234405518, 0.8387364745140076, 0
u,0.7631660103797913, 0.8387364745140076, 0
u,0.7631660103797913, 0.8387364745140076, 0
u,0.7631660103797913, 0.8142669796943665, 0
u,0.8118357062339783, 0.8387364745140076, 0
u,0.7631660103797913, 0.8142669796943665, 0
u,0.8118357062339783, 0.8142669796943665, 0
u,0.8118357062339783, 0.8387364745140076, 0
u,0.7500001192092896, 0.9088634252548218, 0
u,0.7631660103797913, 0.8387364745140076, 0
u,0.8118357062339783, 0.8387364745140076, 0
u,0.8154407739639282, 0.8387364745140076, 0
u,0.7500001192092896, 0.9088634252548218, 0
u,0.8118357062339783, 0.8387364745140076, 0
u,0.8428919911384583, 0.8140223026275635, 0
u,0.9431365132331848, 0.8384919166564941, 0
u,0.8428919911384583, 0.8384919166564941, 0
u,0.9431365132331848, 0.8384919166564941, 0
u,0.9470003247261047, 0.9084336757659912, 0
u,0.8428919911384583, 0.8384919166564941, 0
u,0.8154407739639282, 0.8387364745140076, 0
u,0.8154407739639282, 0.44869211316108704, 0
u,0.8392868041992188, 0.8384919166564941, 0
u,0.8154407739639282, 0.44869211316108704, 0
u,0.8392868041992188, 0.44869211316108704, 0
u,0.8392868041992188, 0.8384919166564941, 0
u,0.8392868041992188, 0.8384919166564941, 0
u,0.8428919911384583, 0.8384919166564941, 0
u,0.7500001192092896, 0.9088634252548218, 0
u,0.9876015186309814, 0.9666808843612671, 0
u,0.7856469750404358, 0.9666808843612671, 0
u,0.9876015186309814, 0.9114688038825989, 0
u,0.7856469750404358, 0.9666808843612671, 0
u,0.7500001192092896, 0.9114688038825989, 0
u,0.7500571012496948, 0.9114688038825989, 0
u,0.999977171421051, 0.5798249244689941, 0
u,0.999977171421051, 0.9094566702842712, 0
u,0.97826087474823, 0.9094566702842712, 0
u,0.9624506235122681, 0.49932861328125, 0
u,0.9752051830291748, 0.4992985129356384, 0
u,0.9754294157028198, 0.893021821975708, 0
u,0.9625089168548584, 0.8930522799491882, 0
u,0.9625192880630493, 0.9114686250686646, 0
u,0.9624506235122681, 0.9114688038825989, 0
u,0.9624506235122681, 0.49932861328125, 0
u,0.9754294157028198, 0.893021821975708, 0
u,0.9625089168548584, 0.8930522799491882, 0
u,0.8609341979026794, 0.44869211316108704, 0
u,0.8537914156913757, 0.44869211316108704, 0
u,0.8537914156913757, 0.4248600900173187, 0
u,0.7561551928520203, 0.4248600900173187, 0
u,0.8537914156913757, 0.4248600900173187, 0
u,0.8537914156913757, 0.44869211316108704, 0
u,0.7490118741989136, 0.44869211316108704, 0
u,0.7490118741989136, 0.4248600900173187, 0
u,0.7561551928520203, 0.4248600900173187, 0
u,0.3900828957557678, 0.4225352108478546, 0
u,0.3791545033454895, 0.4225352108478546, 0
u,0.3791545033454895, 0.03311200067400932, 0
u,0.3791545033454895, 0.03311200067400932, 0
u,0.3791545033454895, 0.4225352108478546, 0
u,0.27179861068725586, 0.4225352108478546, 0
u,0.2608695924282074, 0.4225352108478546, 0
u,0.2608695924282074, 0.03311200067400932, 0
u,0.27179861068725586, 0.03311200067400932, 0
u,0.0, 1.0, 0
u,0.0, 0.4275049865245819, 0
u,0.1622523069381714, 0.4275049865245819, 0
u,0.22011449933052063, 1.0, 0
u,0.1622523069381714, 1.0, 0
u,0.1622523069381714, 0.4275049865245819, 0
u,0.22011449933052063, 0.4275049865245819, 0
u,0.2740117907524109, 0.4275049865245819, 0
u,0.2740117907524109, 1.0, 0
u,0.3535088896751404, 1.0, 0
u,0.2740117907524109, 1.0, 0
u,0.2740117907524109, 0.4275049865245819, 0
u,0.40740638971328735, 1.0, 0
u,0.3535088896751404, 1.0, 0
u,0.3535088896751404, 0.4275049865245819, 0
u,0.4780530035495758, 1.0, 0
u,0.40740638971328735, 1.0, 0
u,0.40740638971328735, 0.4275049865245819, 0
u,0.4780530035495758, 1.0, 0
u,0.4780530035495758, 0.4275049865245819, 0
u,0.6403110027313232, 0.42785850167274475, 0
u,0.4780530035495758, 0.4275049865245819, 0
u,0.6403110027313232, 0.4275049865245819, 0
u,0.6403110027313232, 0.42785850167274475, 0
u,0.6422924995422363, 0.42456749081611633, 0
u,0.6508492827415466, 0.42454731464385986, 0
u,0.6508492827415466, 0.4248872995376587, 0
u,0.7474139928817749, 0.9698188900947571, 0
u,0.7351778745651245, 0.9698188900947571, 0
u,0.7351778745651245, 0.6692103743553162, 0
u,0.7474139928817749, 0.6692103743553162, 0
u,0.7351778745651245, 0.6692103743553162, 0
u,0.7351778745651245, 0.5909808874130249, 0
u,0.7474139928817749, 0.4853265881538391, 0
u,0.7474139928817749, 0.5909808874130249, 0
u,0.7351778745651245, 0.5909808874130249, 0
u,0.7474139928817749, 0.4750291109085083, 0
u,0.7474139928817749, 0.4853265881538391, 0
u,0.7351778745651245, 0.4853265881538391, 0
u,0.7351778745651245, 0.9729924201965332, 0
u,0.7401456236839294, 0.9729924201965332, 0
u,0.7401456236839294, 0.9979879260063171, 0
u,0.7401456236839294, 0.9979879260063171, 0
u,0.7401456236839294, 0.9729924201965332, 0
u,0.7921978235244751, 0.9729924201965332, 0
u,0.7921978235244751, 0.9979879260063171, 0
u,0.7921978235244751, 0.9729924201965332, 0
u,0.8433923125267029, 0.9729924201965332, 0
u,0.9915041923522949, 0.9976667761802673, 0
u,0.9915041923522949, 0.9979879260063171, 0
u,0.8433923125267029, 0.9979879260063171, 0
u,0.8433923125267029, 0.9979879260063171, 0
u,0.8433923125267029, 0.9729924201965332, 0
u,0.9915041923522949, 0.9976667761802673, 0
u,0.46739131212234497, 0.4224019944667816, 0
u,0.46739131212234497, 0.40083709359169006, 0
u,0.5120735168457031, 0.40083709359169006, 0
u,0.5120735168457031, 0.3306719958782196, 0
u,0.5120735168457031, 0.40083709359169006, 0
u,0.49984851479530334, 0.3306719958782196, 0
u,0.5120735168457031, 0.40083709359169006, 0
u,0.46739131212234497, 0.40083709359169006, 0
u,0.49984851479530334, 0.3306719958782196, 0
u,0.46739131212234497, 0.40083709359169006, 0
u,0.46739131212234497, 0.3158954083919525, 0
u,0.49984851479530334, 0.3306719958782196, 0
u,0.7337564826011658, 0.7273774743080139, 0
u,0.7337564826011658, 0.8045063018798828, 0
u,0.7208352088928223, 0.8045063018798828, 0
u,0.7208352088928223, 0.8045063018798828, 0
u,0.7208352088928223, 0.8201225996017456, 0
u,0.6413043737411499, 0.8201225996017456, 0
u,0.6413043737411499, 0.8201225996017456, 0
u,0.6413043737411499, 0.7273774743080139, 0
u,0.7208352088928223, 0.8045063018798828, 0
u,0.9476284980773926, 0.5501384139060974, 0
u,0.9606075882911682, 0.5501384139060974, 0
u,0.9476284980773926, 0.5831106901168823, 0
u,0.9606075882911682, 0.5501384139060974, 0
u,0.9606075882911682, 0.6920763850212097, 0
u,0.9476284980773926, 0.5831106901168823, 0
u,0.9606075882911682, 0.47283700108528137, 0
u,0.9606075882911682, 0.5501384139060974, 0
u,0.9476284980773926, 0.5501384139060974, 0
u,0.9476284980773926, 0.8782750964164734, 0
u,0.9476284980773926, 0.7693570256233215, 0
u,0.9606075882911682, 0.7693570256233215, 0
u,0.9606075882911682, 0.7693570256233215, 0
u,0.9606075882911682, 0.9112855792045593, 0
u,0.9476284980773926, 0.8782750964164734, 0
u,0.9606075882911682, 0.7693570256233215, 0
u,0.9476284980773926, 0.7693570256233215, 0
u,0.9476284980773926, 0.6920763850212097, 0
u,0.6413043737411499, 0.7273774743080139, 0
u,0.6413043737411499, 0.5702946782112122, 0
u,0.7337564826011658, 0.5702946782112122, 0
u,0.6413043737411499, 0.47757259011268616, 0
u,0.6865290999412537, 0.47757259011268616, 0
u,0.6865290999412537, 0.5673496127128601, 0
u,0.6865290999412537, 0.5673496127128601, 0
u,0.7337564826011658, 0.5673496127128601, 0
u,0.7337564826011658, 0.5702946782112122, 0
u,0.6413043737411499, 0.5702946782112122, 0
u,0.6413043737411499, 0.47757259011268616, 0
u,0.6865290999412537, 0.5673496127128601, 0
u,0.6413043737411499, 0.8201225996017456, 0
u,0.7208352088928223, 0.8201225996017456, 0
u,0.6865290999412537, 0.977216899394989, 0
u,0.7208352088928223, 0.8201225996017456, 0
u,0.7208352088928223, 1.0, 0
u,0.6865290999412537, 0.977216899394989, 0
u,0.7208352088928223, 1.0, 0
u,0.6865290999412537, 1.0, 0
u,0.6865290999412537, 0.977216899394989, 0
u,0.6860185861587524, 0.4748491048812866, 0
u,0.6860185861587524, 0.43074649572372437, 0
u,0.7152193784713745, 0.43074649572372437, 0
u,0.7307307124137878, 0.4748491048812866, 0
u,0.7152193784713745, 0.4748491048812866, 0
u,0.7152193784713745, 0.43074649572372437, 0
u,0.6860185861587524, 0.43074649572372437, 0
u,0.6860185861587524, 0.4748491048812866, 0
u,0.6705178022384644, 0.4748491048812866, 0
