s,55.850341796875, 103.1953125, -1.5704219341278076
b,60.816650390625, 106.298828125, 7.769785404205322
v,55.8974609375, 105.3447265625, 7.769776821136475
v,57.97509765625, 105.3154296875, 7.769785404205322
v,57.97509765625, 105.3154296875, 5.642691135406494
v,57.9423828125, 105.31640625, 5.642691135406494
v,57.9423828125, 105.31640625, 5.69819974899292
v,57.875732421875, 105.3173828125, 5.69819974899292
v,57.875732421875, 105.3173828125, 5.050967693328857
v,55.950439453125, 105.3447265625, 5.050960063934326
v,55.950439453125, 105.3447265625, 5.6060471534729
v,55.8974609375, 105.345703125, 5.6060471534729
v,60.734130859375, 103.1953125, -1.570397138595581
v,55.850341796875, 103.236328125, -1.5704219341278076
v,55.882568359375, 106.298828125, -1.5703027248382568
v,60.816650390625, 105.890625, -1.5702919960021973
v,57.88671875, 105.5068359375, 5.050975322723389
v,57.546630859375, 105.501953125, 5.050974369049072
v,56.104248046875, 105.4775390625, 5.050966739654541
v,55.95166015625, 105.474609375, 5.050965785980225
v,55.9501953125, 105.3447265625, 5.050960063934326
v,57.87548828125, 105.3173828125, 5.050967693328857
v,57.935546875, 103.2958984375, 5.0508904457092285
v,60.65869140625, 103.2734375, 5.050906658172607
v,60.739013671875, 105.896484375, 5.051008701324463
v,55.960205078125, 106.2919921875, 5.050998210906982
v,55.95166015625, 105.474609375, 5.050965785980225
v,56.104248046875, 105.4775390625, 5.050966739654541
v,56.09765625, 105.8779296875, 5.05098295211792
v,57.539794921875, 105.9013671875, 5.050989627838135
v,57.546630859375, 105.501953125, 5.050974369049072
v,57.88671875, 105.5068359375, 5.050975322723389
v,57.914794921875, 105.982421875, 5.050994396209717
v,60.617431640625, 105.826171875, 5.051005840301514
v,60.46826171875, 103.29296875, 5.050905704498291
v,58.0751953125, 103.3662109375, 5.050893306732178
v,58.188232421875, 105.0908203125, 5.050961017608643
v,57.970947265625, 105.103515625, 5.050960063934326
v,60.65869140625, 103.2734375, 5.605993747711182
v,57.935546875, 103.2958984375, 5.605977535247803
v,57.93505859375, 103.26953125, 5.605976581573486
v,55.858642578125, 103.2998046875, 5.605968952178955
v,55.897216796875, 105.345703125, 5.6060471534729
v,55.9501953125, 105.3447265625, 5.6060471534729
v,55.960205078125, 106.2919921875, 5.606085300445557
v,55.882568359375, 106.298828125, 5.606085300445557
v,55.850341796875, 103.2353515625, 5.605966091156006
v,60.734130859375, 103.1953125, 5.605990886688232
v,60.816650390625, 105.8896484375, 5.606095790863037
v,60.739013671875, 105.896484375, 5.606095790863037
v,60.41650390625, 103.546875, 5.642637729644775
v,60.125, 103.54296875, 5.642634868621826
v,59.167724609375, 103.5283203125, 5.642629146575928
v,58.1513671875, 103.5126953125, 5.642622470855713
v,58.14599609375, 103.4296875, 5.642619609832764
v,60.40576171875, 103.361328125, 5.6426310539245605
v,57.942138671875, 105.31640625, 5.642691135406494
v,57.974853515625, 105.3154296875, 5.642691135406494
v,57.97216796875, 105.169921875, 5.642686367034912
v,58.2587890625, 105.1533203125, 5.6426873207092285
v,58.1513671875, 103.5126953125, 5.642622470855713
v,59.167724609375, 103.5283203125, 5.642629146575928
v,59.15869140625, 104.14453125, 5.6426520347595215
v,60.1162109375, 104.1591796875, 5.642658710479736
v,60.125, 103.54296875, 5.642634868621826
v,60.41650390625, 103.546875, 5.642637729644775
v,60.547119140625, 105.7626953125, 5.642725467681885
v,59.6923828125, 105.8134765625, 5.642720699310303
v,59.656005859375, 105.1025390625, 5.642693042755127
v,58.71142578125, 105.1494140625, 5.642688274383545
v,58.748291015625, 105.8681640625, 5.6427178382873535
v,57.977294921875, 105.912109375, 5.642714977264404
v,60.617431640625, 105.826171875, 5.698235988616943
v,57.914794921875, 105.982421875, 5.698226451873779
v,57.87548828125, 105.3173828125, 5.69819974899292
v,57.942138671875, 105.31640625, 5.69819974899292
v,57.977294921875, 105.912109375, 5.69822359085083
v,58.748291015625, 105.8681640625, 5.698226451873779
v,58.750732421875, 105.9169921875, 5.698228359222412
v,59.6953125, 105.8701171875, 5.698232173919678
v,59.6923828125, 105.8134765625, 5.6982293128967285
v,60.547119140625, 105.7626953125, 5.6982340812683105
v,60.40576171875, 103.361328125, 5.698139667510986
v,58.14599609375, 103.4296875, 5.6981282234191895
v,58.2587890625, 105.1533203125, 5.698195934295654
v,57.97216796875, 105.169921875, 5.698194980621338
v,57.970947265625, 105.103515625, 5.698192119598389
v,58.188232421875, 105.0908203125, 5.698192119598389
v,58.0751953125, 103.3662109375, 5.69812536239624
v,60.46826171875, 103.29296875, 5.698136806488037
v,57.546630859375, 105.501953125, 5.374034404754639
v,57.539794921875, 105.9013671875, 5.374050617218018
v,56.09765625, 105.8779296875, 5.374042987823486
v,56.104248046875, 105.4775390625, 5.374027729034424
v,58.80078125, 105.5888671875, 6.597457408905029
v,58.922119140625, 105.6591796875, 6.5974602699279785
v,59.076904296875, 105.7470703125, 6.5974650382995605
v,59.21484375, 105.8271484375, 6.597468852996826
v,58.81396484375, 105.8466796875, 6.597466945648193
v,58.921630859375, 105.322265625, 6.597446918487549
v,58.86083984375, 105.490234375, 6.597453594207764
v,58.922119140625, 105.6591796875, 6.5974602699279785
v,58.80078125, 105.5888671875, 6.597457408905029
v,58.78125, 105.2119140625, 6.597442150115967
v,59.593017578125, 105.171875, 6.597445011138916
v,59.62548828125, 105.806640625, 6.597470760345459
v,59.21484375, 105.8271484375, 6.597468852996826
v,59.076904296875, 105.7470703125, 6.5974650382995605
v,59.2529296875, 105.7158203125, 6.5974650382995605
v,59.36767578125, 105.5791015625, 6.597459316253662
v,59.367431640625, 105.400390625, 6.597452640533447
v,59.25244140625, 105.2646484375, 6.597446918487549
v,59.076171875, 105.2333984375, 6.5974440574646
v,59.593017578125, 105.171875, 6.652953624725342
v,58.78125, 105.2119140625, 6.652950763702393
v,58.81396484375, 105.8466796875, 6.652975559234619
v,58.750732421875, 105.9169921875, 6.652978420257568
v,58.711181640625, 105.1494140625, 6.652947902679443
v,59.656005859375, 105.1025390625, 6.652951717376709
v,59.6953125, 105.8701171875, 6.652981281280518
v,59.62548828125, 105.806640625, 6.652979373931885
v,58.81396484375, 105.8466796875, 6.652975559234619
v,59.62548828125, 105.806640625, 6.652979373931885
v,59.6953125, 105.8701171875, 6.652981281280518
v,58.750732421875, 105.9169921875, 6.652978420257568
v,58.922119140625, 105.6591796875, 7.193623065948486
v,58.86083984375, 105.490234375, 7.1936163902282715
v,58.921630859375, 105.322265625, 7.193610668182373
v,59.076171875, 105.2333984375, 7.193607807159424
v,59.25244140625, 105.2646484375, 7.193609714508057
v,59.367431640625, 105.400390625, 7.1936163902282715
v,59.36767578125, 105.5791015625, 7.193623065948486
v,59.2529296875, 105.7158203125, 7.193627834320068
v,59.076904296875, 105.7470703125, 7.193628787994385
v,60.125, 103.54296875, 5.914628505706787
v,60.1162109375, 104.1591796875, 5.914652347564697
v,59.15869140625, 104.14453125, 5.914645671844482
v,59.167724609375, 103.5283203125, 5.914621829986572
v,56.0498046875, 105.1875, 7.59214448928833
v,56.01708984375, 103.4521484375, 7.592076778411865
v,57.78271484375, 103.427734375, 7.59208345413208
v,57.81640625, 105.1630859375, 7.592151165008545
v,56.0498046875, 105.1875, 7.769772052764893
v,57.81640625, 105.1630859375, 7.769778728485107
v,57.974853515625, 105.3154296875, 7.769785404205322
v,55.897216796875, 105.3447265625, 7.769776821136475
v,57.81640625, 105.1630859375, 7.769778728485107
v,57.78271484375, 103.427734375, 7.769711971282959
v,57.93505859375, 103.26953125, 7.769705295562744
v,57.974853515625, 105.3154296875, 7.769785404205322
v,57.78271484375, 103.427734375, 7.769711971282959
v,56.01708984375, 103.4521484375, 7.769704341888428
v,55.858642578125, 103.2998046875, 7.769698619842529
v,57.93505859375, 103.26953125, 7.769705295562744
v,56.01708984375, 103.4521484375, 7.769704341888428
v,56.0498046875, 105.1875, 7.769772052764893
v,55.897216796875, 105.3447265625, 7.769776821136475
v,55.858642578125, 103.2998046875, 7.769698619842529
v,60.816650390625, 105.8896484375, 5.606095790863037
v,60.816650390625, 105.890625, -1.5702919960021973
v,55.882568359375, 106.298828125, -1.5703027248382568
v,55.882568359375, 106.298828125, 5.606085300445557
v,55.960205078125, 106.2919921875, 5.606085300445557
v,55.960205078125, 106.2919921875, 5.050998210906982
v,60.739013671875, 105.896484375, 5.051008701324463
v,60.739013671875, 105.896484375, 5.606095790863037
v,60.816650390625, 105.8896484375, 5.606095790863037
v,60.734130859375, 103.1953125, 5.605990886688232
v,60.734130859375, 103.1953125, -1.570397138595581
v,60.816650390625, 105.890625, -1.5702919960021973
v,60.734130859375, 103.1953125, -1.570397138595581
v,60.734130859375, 103.1953125, 5.605990886688232
v,55.850341796875, 103.2353515625, 5.605966091156006
v,55.850341796875, 103.236328125, -1.5704219341278076
v,55.882568359375, 106.298828125, -1.5703027248382568
v,55.850341796875, 103.236328125, -1.5704219341278076
v,55.850341796875, 103.2353515625, 5.605966091156006
v,55.882568359375, 106.298828125, 5.606085300445557
v,60.65869140625, 103.2734375, 5.605993747711182
v,60.739013671875, 105.896484375, 5.606095790863037
v,60.739013671875, 105.896484375, 5.051008701324463
v,60.65869140625, 103.2734375, 5.050906658172607
v,60.65869140625, 103.2734375, 5.050906658172607
v,57.935546875, 103.2958984375, 5.0508904457092285
v,57.935546875, 103.2958984375, 5.605977535247803
v,60.65869140625, 103.2734375, 5.605993747711182
v,55.9501953125, 105.3447265625, 5.6060471534729
v,55.9501953125, 105.3447265625, 5.050960063934326
v,55.95166015625, 105.474609375, 5.050965785980225
v,55.960205078125, 106.2919921875, 5.050998210906982
v,55.960205078125, 106.2919921875, 5.606085300445557
v,60.46826171875, 103.29296875, 5.698136806488037
v,60.46826171875, 103.29296875, 5.050905704498291
v,60.617431640625, 105.826171875, 5.051005840301514
v,60.617431640625, 105.826171875, 5.698235988616943
v,59.6923828125, 105.8134765625, 5.6982293128967285
v,59.6923828125, 105.8134765625, 5.642720699310303
v,60.547119140625, 105.7626953125, 5.642725467681885
v,60.547119140625, 105.7626953125, 5.6982340812683105
v,57.977294921875, 105.912109375, 5.642714977264404
v,58.748291015625, 105.8681640625, 5.6427178382873535
v,58.748291015625, 105.8681640625, 5.698226451873779
v,57.977294921875, 105.912109375, 5.69822359085083
v,60.40576171875, 103.361328125, 5.698139667510986
v,60.547119140625, 105.7626953125, 5.6982340812683105
v,60.547119140625, 105.7626953125, 5.642725467681885
v,60.41650390625, 103.546875, 5.642637729644775
v,60.40576171875, 103.361328125, 5.6426310539245605
v,58.14599609375, 103.4296875, 5.6981282234191895
v,60.40576171875, 103.361328125, 5.698139667510986
v,60.40576171875, 103.361328125, 5.6426310539245605
v,58.14599609375, 103.4296875, 5.642619609832764
v,58.2587890625, 105.1533203125, 5.698195934295654
v,58.14599609375, 103.4296875, 5.6981282234191895
v,58.14599609375, 103.4296875, 5.642619609832764
v,58.1513671875, 103.5126953125, 5.642622470855713
v,58.2587890625, 105.1533203125, 5.6426873207092285
v,57.97216796875, 105.169921875, 5.642686367034912
v,57.97216796875, 105.169921875, 5.698194980621338
v,58.2587890625, 105.1533203125, 5.698195934295654
v,58.2587890625, 105.1533203125, 5.6426873207092285
v,57.942138671875, 105.31640625, 5.69819974899292
v,57.942138671875, 105.31640625, 5.642691135406494
v,57.977294921875, 105.912109375, 5.642714977264404
v,57.977294921875, 105.912109375, 5.69822359085083
v,58.0751953125, 103.3662109375, 5.69812536239624
v,58.0751953125, 103.3662109375, 5.050893306732178
v,60.46826171875, 103.29296875, 5.050905704498291
v,60.46826171875, 103.29296875, 5.698136806488037
v,58.188232421875, 105.0908203125, 5.698192119598389
v,58.188232421875, 105.0908203125, 5.050961017608643
v,58.0751953125, 103.3662109375, 5.050893306732178
v,58.0751953125, 103.3662109375, 5.69812536239624
v,58.188232421875, 105.0908203125, 5.050961017608643
v,58.188232421875, 105.0908203125, 5.698192119598389
v,57.970947265625, 105.103515625, 5.698192119598389
v,57.970947265625, 105.103515625, 5.050960063934326
v,57.87548828125, 105.3173828125, 5.050967693328857
v,57.87548828125, 105.3173828125, 5.69819974899292
v,57.914794921875, 105.982421875, 5.698226451873779
v,57.914794921875, 105.982421875, 5.050994396209717
v,57.88671875, 105.5068359375, 5.050975322723389
v,60.617431640625, 105.826171875, 5.698235988616943
v,60.617431640625, 105.826171875, 5.051005840301514
v,57.914794921875, 105.982421875, 5.050994396209717
v,57.914794921875, 105.982421875, 5.698226451873779
v,56.09765625, 105.8779296875, 5.05098295211792
v,56.104248046875, 105.4775390625, 5.050966739654541
v,56.104248046875, 105.4775390625, 5.374027729034424
v,56.09765625, 105.8779296875, 5.374042987823486
v,57.539794921875, 105.9013671875, 5.050989627838135
v,56.09765625, 105.8779296875, 5.05098295211792
v,56.09765625, 105.8779296875, 5.374042987823486
v,57.539794921875, 105.9013671875, 5.374050617218018
v,57.546630859375, 105.501953125, 5.050974369049072
v,57.539794921875, 105.9013671875, 5.050989627838135
v,57.539794921875, 105.9013671875, 5.374050617218018
v,57.546630859375, 105.501953125, 5.374034404754639
v,56.104248046875, 105.4775390625, 5.050966739654541
v,57.546630859375, 105.501953125, 5.050974369049072
v,57.546630859375, 105.501953125, 5.374034404754639
v,56.104248046875, 105.4775390625, 5.374027729034424
v,58.71142578125, 105.1494140625, 5.642688274383545
v,59.656005859375, 105.1025390625, 5.642693042755127
v,59.656005859375, 105.1025390625, 6.652951717376709
v,58.711181640625, 105.1494140625, 6.652947902679443
v,59.593017578125, 105.171875, 6.652953624725342
v,59.62548828125, 105.806640625, 6.652979373931885
v,59.62548828125, 105.806640625, 6.597470760345459
v,59.593017578125, 105.171875, 6.597445011138916
v,58.78125, 105.2119140625, 6.652950763702393
v,59.593017578125, 105.171875, 6.652953624725342
v,59.593017578125, 105.171875, 6.597445011138916
v,58.78125, 105.2119140625, 6.597442150115967
v,58.81396484375, 105.8466796875, 6.652975559234619
v,58.78125, 105.2119140625, 6.652950763702393
v,58.78125, 105.2119140625, 6.597442150115967
v,58.80078125, 105.5888671875, 6.597457408905029
v,58.81396484375, 105.8466796875, 6.597466945648193
v,59.62548828125, 105.806640625, 6.652979373931885
v,58.81396484375, 105.8466796875, 6.652975559234619
v,58.81396484375, 105.8466796875, 6.597466945648193
v,59.21484375, 105.8271484375, 6.597468852996826
v,59.62548828125, 105.806640625, 6.597470760345459
v,58.71142578125, 105.1494140625, 5.642688274383545
v,58.711181640625, 105.1494140625, 6.652947902679443
v,58.750732421875, 105.9169921875, 6.652978420257568
v,58.750732421875, 105.9169921875, 5.698228359222412
v,58.748291015625, 105.8681640625, 5.698226451873779
v,58.748291015625, 105.8681640625, 5.6427178382873535
v,59.6953125, 105.8701171875, 5.698232173919678
v,58.750732421875, 105.9169921875, 5.698228359222412
v,58.750732421875, 105.9169921875, 6.652978420257568
v,59.6953125, 105.8701171875, 6.652981281280518
v,59.6923828125, 105.8134765625, 5.642720699310303
v,59.6923828125, 105.8134765625, 5.6982293128967285
v,59.6953125, 105.8701171875, 5.698232173919678
v,59.6953125, 105.8701171875, 6.652981281280518
v,59.656005859375, 105.1025390625, 6.652951717376709
v,59.656005859375, 105.1025390625, 5.642693042755127
v,59.2529296875, 105.7158203125, 6.5974650382995605
v,59.076904296875, 105.7470703125, 6.5974650382995605
v,59.076904296875, 105.7470703125, 7.193628787994385
v,59.2529296875, 105.7158203125, 7.193627834320068
v,59.36767578125, 105.5791015625, 7.193623065948486
v,59.36767578125, 105.5791015625, 6.597459316253662
v,59.2529296875, 105.7158203125, 6.5974650382995605
v,59.2529296875, 105.7158203125, 7.193627834320068
v,59.367431640625, 105.400390625, 7.1936163902282715
v,59.367431640625, 105.400390625, 6.597452640533447
v,59.36767578125, 105.5791015625, 6.597459316253662
v,59.36767578125, 105.5791015625, 7.193623065948486
v,59.25244140625, 105.2646484375, 7.193609714508057
v,59.25244140625, 105.2646484375, 6.597446918487549
v,59.367431640625, 105.400390625, 6.597452640533447
v,59.367431640625, 105.400390625, 7.1936163902282715
v,59.076171875, 105.2333984375, 7.193607807159424
v,59.076171875, 105.2333984375, 6.5974440574646
v,59.25244140625, 105.2646484375, 6.597446918487549
v,59.25244140625, 105.2646484375, 7.193609714508057
v,58.921630859375, 105.322265625, 7.193610668182373
v,58.921630859375, 105.322265625, 6.597446918487549
v,59.076171875, 105.2333984375, 6.5974440574646
v,59.076171875, 105.2333984375, 7.193607807159424
v,58.86083984375, 105.490234375, 7.1936163902282715
v,58.86083984375, 105.490234375, 6.597453594207764
v,58.921630859375, 105.322265625, 6.597446918487549
v,58.921630859375, 105.322265625, 7.193610668182373
v,58.922119140625, 105.6591796875, 7.193623065948486
v,58.922119140625, 105.6591796875, 6.5974602699279785
v,58.86083984375, 105.490234375, 6.597453594207764
v,58.86083984375, 105.490234375, 7.1936163902282715
v,59.076904296875, 105.7470703125, 7.193628787994385
v,59.076904296875, 105.7470703125, 6.5974650382995605
v,58.922119140625, 105.6591796875, 6.5974602699279785
v,58.922119140625, 105.6591796875, 7.193623065948486
v,59.167724609375, 103.5283203125, 5.642629146575928
v,59.167724609375, 103.5283203125, 5.914621829986572
v,59.15869140625, 104.14453125, 5.914645671844482
v,59.15869140625, 104.14453125, 5.6426520347595215
v,59.15869140625, 104.14453125, 5.6426520347595215
v,59.15869140625, 104.14453125, 5.914645671844482
v,60.1162109375, 104.1591796875, 5.914652347564697
v,60.1162109375, 104.1591796875, 5.642658710479736
v,60.1162109375, 104.1591796875, 5.642658710479736
v,60.1162109375, 104.1591796875, 5.914652347564697
v,60.125, 103.54296875, 5.914628505706787
v,60.125, 103.54296875, 5.642634868621826
v,60.125, 103.54296875, 5.642634868621826
v,60.125, 103.54296875, 5.914628505706787
v,59.167724609375, 103.5283203125, 5.914621829986572
v,59.167724609375, 103.5283203125, 5.642629146575928
v,57.970947265625, 105.103515625, 5.050960063934326
v,57.970947265625, 105.103515625, 5.698192119598389
v,57.97216796875, 105.169921875, 5.698194980621338
v,57.97216796875, 105.169921875, 5.642686367034912
v,57.974853515625, 105.3154296875, 5.642691135406494
v,57.974853515625, 105.3154296875, 7.769785404205322
v,57.93505859375, 103.26953125, 7.769705295562744
v,57.93505859375, 103.26953125, 5.605976581573486
v,57.935546875, 103.2958984375, 5.605977535247803
v,57.935546875, 103.2958984375, 5.0508904457092285
v,57.81640625, 105.1630859375, 7.769778728485107
v,56.0498046875, 105.1875, 7.769772052764893
v,56.0498046875, 105.1875, 7.59214448928833
v,57.81640625, 105.1630859375, 7.592151165008545
v,57.78271484375, 103.427734375, 7.769711971282959
v,57.81640625, 105.1630859375, 7.769778728485107
v,57.81640625, 105.1630859375, 7.592151165008545
v,57.78271484375, 103.427734375, 7.59208345413208
v,56.01708984375, 103.4521484375, 7.769704341888428
v,57.78271484375, 103.427734375, 7.769711971282959
v,57.78271484375, 103.427734375, 7.59208345413208
v,56.01708984375, 103.4521484375, 7.592076778411865
v,56.0498046875, 105.1875, 7.769772052764893
v,56.01708984375, 103.4521484375, 7.769704341888428
v,56.01708984375, 103.4521484375, 7.592076778411865
v,56.0498046875, 105.1875, 7.59214448928833
v,55.858642578125, 103.2998046875, 5.605968952178955
v,57.93505859375, 103.26953125, 5.605976581573486
v,57.93505859375, 103.26953125, 7.769705295562744
v,55.858642578125, 103.2998046875, 7.769698619842529
v,55.897216796875, 105.345703125, 5.6060471534729
v,55.858642578125, 103.2998046875, 5.605968952178955
v,55.858642578125, 103.2998046875, 7.769698619842529
v,55.897216796875, 105.3447265625, 7.769776821136475
i,5,6,8
i,11,13,10
i,18,19,15
i,31,21,22
i,39,40,44
i,50,52,53
i,61,62,63
i,81,86,87
i,88,90,91
i,94,95,96
i,102,108,109
i,112,115,116
i,120,122,119
i,130,131,127
i,132,134,135
i,136,138,139
i,141,143,140
i,144,146,147
i,149,151,148
i,152,154,155
i,161,162,157
i,164,166,167
i,168,170,171
i,173,175,172
i,176,178,179
i,180,182,183
i,186,187,188
i,189,191,192
i,193,195,196
i,198,200,197
i,202,203,204
i,206,208,209
i,211,212,213
i,216,218,215
i,219,221,222
i,223,225,226
i,228,230,227
i,231,233,234
i,237,238,239
i,241,243,240
i,244,246,247
i,248,250,251
i,253,255,252
i,257,259,256
i,260,262,263
i,264,266,267
i,268,270,271
i,273,274,275
i,278,279,280
i,284,285,286
i,288,290,291
i,296,297,293
i,299,301,298
i,302,304,305
i,306,308,309
i,310,312,313
i,314,316,317
i,319,321,318
i,323,325,322
i,327,329,326
i,331,333,330
i,335,337,334
i,339,341,338
i,342,344,345
i,346,348,349
i,355,356,351
i,361,363,360
i,364,366,367
i,368,370,371
i,373,375,372
i,377,379,376
i,381,383,380
i,9,0,8
i,0,1,5
i,8,0,5
i,1,2,4
i,2,3,4
i,6,7,8
i,1,4,5
i,11,12,13
i,19,14,15
i,15,16,18
i,16,17,18
i,23,24,26
i,24,25,26
i,34,35,33
i,35,20,33
i,23,26,27
i,27,28,29
i,27,29,30
i,33,20,32
i,20,21,32
i,23,27,30
i,31,32,21
i,23,30,22
i,30,31,22
i,36,37,38
i,46,47,36
i,41,42,40
i,42,43,40
i,45,46,36
i,45,36,38
i,40,43,44
i,45,38,44
i,38,39,44
i,53,48,49
i,50,51,52
i,53,49,50
i,69,54,55
i,55,56,57
i,57,58,60
i,58,59,60
i,69,55,57
i,67,68,57
i,68,69,57
i,64,65,66
i,63,64,61
i,64,66,61
i,66,67,60
i,67,57,60
i,60,61,66
i,71,72,74
i,72,73,74
i,74,75,76
i,83,84,85
i,77,78,79
i,71,74,76
i,71,76,77
i,82,83,85
i,81,82,85
i,70,71,77
i,70,77,79
i,81,85,86
i,70,79,87
i,79,80,87
i,80,81,87
i,88,89,90
i,96,92,93
i,93,94,96
i,98,99,100
i,103,104,106
i,104,105,106
i,98,100,101
i,97,98,101
i,103,106,107
i,103,107,108
i,110,97,101
i,110,101,102
i,102,103,108
i,109,110,102
i,112,113,115
i,113,114,115
i,116,117,118
i,116,118,111
i,116,111,112
i,120,121,122
i,131,123,124
i,124,125,127
i,125,126,127
i,127,128,129
i,124,127,131
i,129,130,127
i,132,133,134
i,136,137,138
i,141,142,143
i,144,145,146
i,149,150,151
i,152,153,154
i,163,156,162
i,156,157,162
i,158,159,161
i,159,160,161
i,158,161,157
i,164,165,166
i,168,169,170
i,173,174,175
i,176,177,178
i,180,181,182
i,188,184,186
i,184,185,186
i,189,190,191
i,193,194,195
i,198,199,200
i,205,201,204
i,201,202,204
i,206,207,208
i,214,210,213
i,210,211,213
i,216,217,218
i,219,220,221
i,223,224,225
i,228,229,230
i,231,232,233
i,239,235,236
i,236,237,239
i,241,242,243
i,244,245,246
i,248,249,250
i,253,254,255
i,257,258,259
i,260,261,262
i,264,265,266
i,268,269,270
i,276,272,275
i,272,273,275
i,281,277,280
i,277,278,280
i,287,282,286
i,282,283,286
i,283,284,286
i,288,289,290
i,297,292,293
i,293,294,295
i,295,296,293
i,299,300,301
i,302,303,304
i,306,307,308
i,310,311,312
i,314,315,316
i,319,320,321
i,323,324,325
i,327,328,329
i,331,332,333
i,335,336,337
i,339,340,341
i,342,343,344
i,346,347,348
i,359,350,358
i,350,351,358
i,352,353,354
i,352,354,355
i,357,358,356
i,358,351,356
i,351,352,355
i,361,362,363
i,364,365,366
i,368,369,370
i,373,374,375
i,377,378,379
i,381,382,383
n,0.06492017209529877, 4.503329753875732, 0.0
n,2.450168176437728e-05, 0.00017478209338150918, -4.50379753112793
n,-2.0441131709958427e-05, -0.0001809388486435637, 4.50379753112793
n,-2.42291916947579e-05, -0.00017524462600704283, 4.50379753112793
n,-4.4862390495836735e-05, -0.00017254764679819345, 4.50379753112793
n,-2.8719565307255834e-05, -0.00016767458873800933, 4.50379753112793
n,-3.668462886707857e-05, -0.00017373661103192717, 4.50379753112793
n,-2.6841471481020562e-05, -0.00014865444973111153, 4.50379753112793
n,-1.8261642253492028e-05, -0.00017202881281264126, 4.50379753112793
n,-2.8474660211941227e-05, -0.0001898231275845319, 4.50379753112793
n,-2.5218598239007406e-05, -0.00017477649089414626, 4.50379753112793
n,-2.4038083211053163e-05, -0.0001563006080687046, 4.50379753112793
n,-2.8257534722797573e-05, -0.0001882772339740768, 4.50379753112793
n,-9.770170436240733e-06, -0.00017726623627822846, 4.50379753112793
n,-2.920412771345582e-05, -0.00017363904044032097, 4.50379753112793
n,-1.97713070519967e-05, -0.00017545631271786988, 4.50379753112793
n,-1.9620296370703727e-05, -0.00016484920342918485, 4.50379753112793
n,-2.4205271984101273e-05, -0.00017478638619650155, 4.50379753112793
n,-2.2159123545861803e-05, -0.00019056122982874513, 4.50379753112793
n,-1.4365746210387442e-06, -0.00017344034858979285, 4.50379753112793
n,0.37145817279815674, 4.488452911376953, 0.00023923159460537136
n,4.501682758331299, -0.13800621032714844, 0.00011933690257137641
n,-0.03759199008345604, -4.503640651702881, -0.0005443007685244083
n,-4.5035505294799805, 0.04719098284840584, 0.0
n,-4.501680374145508, 0.13807238638401031, 0.0
n,0.037294283509254456, 4.503643035888672, 0.0
n,4.503556251525879, -0.046613238751888275, 0.0
n,4.496009826660156, -0.26474279165267944, 0.0
n,-0.26467272639274597, -4.49601411819458, 0.0
n,-0.25794896483421326, -4.496404647827148, 0.0
n,-4.496004581451416, 0.26483312249183655, 0.0
n,0.13650764524936676, 4.501728534698486, 0.0
n,4.494082450866699, -0.2956632971763611, 0.0
n,0.2584904730319977, 4.496373653411865, 0.0
n,4.4959917068481445, -0.265047550201416, 0.0
n,-0.13704587519168854, -4.501711845397949, 0.0
n,-4.494171619415283, 0.2943015694618225, 0.0
n,-0.2692062556743622, -4.495744705200195, 0.0
n,-4.496018886566162, 0.26459234952926636, 0.0
n,0.2597142457962036, 4.496302604675293, 0.0
n,-4.503201484680176, -0.07326249033212662, 0.0
n,-0.07583127170801163, 4.503159046173096, 0.0
n,4.5031609535217285, 0.07570390403270721, 0.0
n,0.07581987977027893, -4.503159046173096, 0.0
n,-0.22707097232341766, -4.498069763183594, -4.873600846622139e-05
n,-4.497899055480957, 0.2304251790046692, 0.0
n,0.22586765885353088, 4.4981303215026855, 0.0
n,4.497757434844971, -0.23317864537239075, 0.0
n,-0.2238168865442276, -4.498232841491699, 0.0
n,-4.498564720153809, 0.21703602373600006, 0.0
n,0.22717498242855072, 4.4980645179748535, 0.0
n,4.497901439666748, -0.2303803265094757, 0.0
n,0.7864323258399963, 4.434604644775391, 0.0
n,3.4536337852478027, 2.8907790184020996, 0.0
n,4.503794193267822, -0.005465769674628973, 0.0
n,3.439175844192505, -2.9079654216766357, 0.0
n,0.7864323258399963, -4.434604644775391, 0.0
n,-2.253331184387207, -3.899575710296631, 0.0
n,-4.234706401824951, -1.5334440469741821, 0.0
n,-4.231204986572266, 1.543081283569336, 0.0
n,-2.234509229660034, 3.9103915691375732, 0.0
n,-4.5033063888549805, -0.06650452315807343, 0.0
n,-0.06934373080730438, 4.5032639503479, 0.0
n,4.503329753875732, 0.06492141634225845, 0.0
n,0.0693594440817833, -4.503263473510742, 0.0
n,4.502941608428955, -0.08780641108751297, 1.4984701920184307e-05
n,-0.06411236524581909, -4.503341197967529, 0.0
n,-4.5029425621032715, 0.08776349574327469, 0.0
n,0.06415172666311264, 4.503340721130371, 0.0
n,4.502996444702148, -0.08495157212018967, 0.0
n,-0.06583795696496964, -4.503316402435303, 0.0
n,-4.502996444702148, 0.08494418859481812, 3.4049589885398746e-05
n,0.07382282614707947, 4.503191947937012, 0.0018050894141197205
n,0.06391720473766327, 4.5033440589904785, 0.0007001050980761647
n,0.0648442879319191, 4.503330230712891, 0.0015855494420975447
n,0.11926405131816864, 4.502218246459961, 0.0
n,0.11926405876874924, 4.502218246459961, 0.0
n,0.06492016464471817, 4.503329753875732, 0.0
n,0.05848594009876251, 4.503417491912842, 0.000961101904977113
n,2.418362782918848e-05, 0.00017537720850668848, -4.50379753112793
n,-1.967875323316548e-05, -0.0001795814314391464, 4.50379753112793
n,-2.082150967908092e-05, -0.00017707097867969424, 4.50379753112793
n,-2.202686846430879e-05, -0.00017567261238582432, 4.50379753112793
n,-2.125312494172249e-05, -0.0001818727469071746, 4.50379753112793
n,-2.1925192413618788e-05, -0.00018162906053476036, 4.50379753112793
n,-2.8040854886057787e-05, -0.0001750662922859192, 4.50379753112793
n,-2.245026371383574e-05, -0.00017473082698415965, 4.50379753112793
n,-1.8116135834134184e-05, -0.0001808325614547357, 4.50379753112793
n,-1.979373519134242e-05, -0.00017206446500495076, 4.50379753112793
n,-2.3357104510068893e-05, -0.00017519708489999175, 4.50379753112793
n,-2.7335983759257942e-05, -0.0001648983161430806, 4.50379753112793
n,-2.7208112442167476e-05, -7.154275954235345e-05, 4.50379753112793
n,-2.0269513697712682e-05, -0.0001895477471407503, 4.50379753112793
n,-3.7623587559210137e-05, -0.00017546082381159067, 4.50379753112793
n,-3.0730010621482506e-05, -0.00025557781918905675, 4.50379753112793
n,-2.808486533467658e-05, -0.00016856860020197928, 4.50379753112793
n,-2.7786845748778433e-05, -0.00014143052976578474, 4.50379753112793
n,-1.5731564417365007e-05, -0.00017550525080878288, 4.50379753112793
n,-2.9707352950936183e-06, -0.00018121485481970012, 4.50379753112793
n,-1.6119871361297555e-05, -0.00018034105596598238, 4.50379753112793
n,-2.9061589884804562e-05, -0.00017470086459070444, 4.50379753112793
n,-2.7735912226489745e-05, -0.00017341937927994877, 4.50379753112793
n,0.00017386469698976725, -0.00017740226758178324, 4.50379753112793
n,-2.242013579234481e-05, 2.84081634163158e-05, 4.50379753112793
n,-1.9105704268440604e-05, -0.00017585426394362003, 4.50379753112793
n,-3.685530464281328e-05, -0.00016226741718128324, 4.50379753112793
n,-2.7211212000111118e-05, -0.00018339882080908865, 4.50379753112793
n,-2.5661322069936432e-05, -0.000144940844620578, 4.50379753112793
n,-4.741169959743274e-06, -0.00017897917132358998, 4.50379753112793
n,-2.231333746749442e-05, -0.00015664832608308643, 4.50379753112793
n,-2.2579150027013384e-05, -0.0001751966483425349, 4.50379753112793
n,-2.7456562747829594e-05, -0.00016742724983487278, 4.50379753112793
n,-3.500469756545499e-05, -0.00017885820125229657, 4.50379753112793
n,-1.8236951291328296e-05, -0.00017966247105505317, 4.50379753112793
n,-2.4887669496820308e-05, -0.00017510623729322106, 4.50379753112793
n,-3.264183033024892e-05, -0.00017533042409922928, 4.50379753112793
n,-3.924995689885691e-05, -0.0001749947405187413, 4.50379753112793
n,-3.130813274765387e-05, -0.00017712838598527014, 4.50379753112793
n,-2.9082228138577193e-05, -0.00017612033116165549, 4.50379753112793
n,-1.8172577256336808e-05, -0.00017126559396274388, 4.50379753112793
n,-2.9159926270949654e-05, -0.000176079964148812, 4.50379753112793
n,-1.5633289876859635e-05, -0.00017684228077996522, 4.50379753112793
n,-2.3262539343704702e-06, -0.00017912154726218432, 4.50379753112793
n,-2.8044451028108597e-05, -0.00023013328609522432, 4.50379753112793
n,-1.0383819244452752e-05, -0.00017340977501589805, 4.50379753112793
n,-3.41698614647612e-05, -0.00020128718460910022, 4.50379753112793
n,-2.8326829124125652e-05, -0.00018816460215020925, 4.50379753112793
n,-2.0721074179164134e-05, -9.04052794794552e-05, 4.50379753112793
n,-2.5683659259811975e-05, -0.00021527417993638664, 4.50379753112793
n,-6.307063449639827e-05, -0.00017295419820584357, 4.50379753112793
n,-3.70924717572052e-05, -0.00034894741838797927, 4.50379753112793
n,-2.7731397494790144e-05, -0.00014988415932748467, 4.50379753112793
n,-3.4792049063980812e-06, -0.0001744634355418384, 4.50379753112793
n,-4.343935870565474e-06, -0.0001759147271513939, 4.50379753112793
n,-9.542655789118726e-06, -0.00017574905359651893, 4.50379753112793
n,-2.9518387236748822e-05, -0.00019401800818741322, 4.50379753112793
n,-2.074801886919886e-05, -0.00018162115884479135, 4.50379753112793
n,-2.3900671294541098e-05, -0.00017588720947969705, 4.50379753112793
n,-2.2991634978097863e-05, -0.00017536462110001594, 4.50379753112793
n,-2.6271320166415535e-05, -0.00017178981215693057, 4.50379753112793
n,-2.776964902295731e-05, -0.0001813520648283884, 4.50379753112793
n,-3.244603067287244e-05, -0.0001829595712479204, 4.50379753112793
n,-4.020846608909778e-05, -0.00018033092783298343, 4.50379753112793
n,-1.6132429664139636e-05, -0.00018721248488873243, 4.50379753112793
n,-2.597502498247195e-05, -0.00018876351532526314, 4.50379753112793
n,-4.184827776043676e-05, -0.00017075463256333023, 4.50379753112793
n,-2.6507716029300354e-05, -0.00017397785268258303, 4.50379753112793
n,-2.7106032575829886e-05, -0.00016549548308830708, 4.50379753112793
n,-2.926009074144531e-05, -0.00017875675985123962, 4.50379753112793
n,-3.053992259083316e-05, -0.00019430874090176076, 4.50379753112793
n,-2.807835016938043e-06, -0.00018011091742664576, 4.50379753112793
n,-1.6859288734849542e-05, -0.00017803990340325981, 4.50379753112793
n,-1.7479213738624821e-06, -0.00017882208339869976, 4.50379753112793
n,-1.595009962329641e-05, -0.0001794386189430952, 4.50379753112793
n,-2.8373457098496147e-05, -0.0001907361001940444, 4.50379753112793
n,-2.3950044123921543e-05, -0.00015433892258442938, 4.50379753112793
n,-5.5835382227087393e-05, -0.0001610080653335899, 4.50379753112793
n,-1.746448288031388e-05, -0.000165023491717875, 4.50379753112793
n,-1.5773530321894214e-05, -0.00015540145977865905, 4.50379753112793
n,-6.31374423392117e-05, -0.00017072880291379988, 4.50379753112793
n,-2.8465959985624067e-05, -0.00018405479204375297, 4.50379753112793
n,-4.5434815547196195e-05, -0.00017721488256938756, 4.50379753112793
n,-2.9197673939052038e-05, -0.00017362867947667837, 4.50379753112793
n,-1.9783619791269302e-05, -0.0001754684344632551, 4.50379753112793
n,-2.0890074665658176e-05, -0.00017822874360717833, 4.50379753112793
n,-4.548122433334356e-06, -0.00017355500312987715, 4.50379753112793
n,-1.880708077806048e-05, -0.00015542833716608584, 4.50379753112793
n,-3.0351427994901314e-05, -0.00017526907322462648, 4.50379753112793
n,0.4020896553993225, 4.485813140869141, 0.0
n,0.39814692735671997, 4.486164093017578, 0.0005542184808291495
n,0.40097543597221375, 4.485912799835205, 0.0
n,0.40097543597221375, 4.485912322998047, 0.0
n,0.3716040849685669, 4.488440990447998, 0.0003469871880952269
n,4.501692295074463, -0.13768859207630157, 0.0
n,-0.03679221495985985, -4.503647327423096, 0.0
n,-4.5035505294799805, 0.047177623957395554, 5.701791451429017e-06
n,-4.501680374145508, 0.13807238638401031, 0.0
n,0.037294283509254456, 4.503643035888672, 0.0
n,4.503547668457031, -0.047427523881196976, 0.001198574434965849
n,4.503491401672363, -0.05254073068499565, 0.0
n,4.496009826660156, -0.26474279165267944, 0.0
n,-0.26467272639274597, -4.49601411819458, 0.0
n,-0.25794896483421326, -4.496404647827148, 0.0
n,-4.496133804321289, 0.2626246511936188, 0.0
n,-4.496009349822998, 0.26466190814971924, 0.006837214808911085
n,0.13650764524936676, 4.501728534698486, 0.0
n,4.494194507598877, -0.29395169019699097, 0.0
n,4.49418830871582, -0.29403355717658997, 0.002429670188575983
n,0.2584904730319977, 4.496373653411865, 0.0
n,4.4959917068481445, -0.265047550201416, 0.0
n,-0.13704587519168854, -4.501711845397949, 0.0
n,-4.494171619415283, 0.2943015694618225, 0.0
n,-0.2692062556743622, -4.495744705200195, 0.0
n,-4.495882987976074, 0.2668789029121399, 0.0
n,-4.495980262756348, 0.265245258808136, -0.0004811234539374709
n,0.259714275598526, 4.496303081512451, 0.0
n,-4.503201484680176, -0.07326249033212662, 0.0
n,-0.07583127915859222, 4.503159046173096, 0.0
n,4.5031609535217285, 0.07570390403270721, 0.0
n,0.07581987977027893, -4.503159046173096, 0.0
n,-0.227122962474823, -4.4980669021606445, 0.0
n,-4.497899055480957, 0.2304251790046692, 0.0
n,0.22586765885353088, 4.4981303215026855, 0.0
n,4.4979119300842285, -0.2301783710718155, 0.0
n,4.497812747955322, -0.23195719718933105, 0.008304774761199951
n,-0.22798851132392883, -4.49802303314209, 0.0
n,-0.2259264886379242, -4.498101234436035, -0.015284597873687744
n,-4.497807025909424, 0.2322237193584442, 0.0
n,-4.497802734375, 0.23229816555976868, -0.0009653588058426976
n,-4.497791767120361, 0.23251298069953918, -0.0008033350459299982
n,0.22717498242855072, 4.4980645179748535, 0.0
n,4.497901439666748, -0.2303803265094757, 0.0
n,4.498178482055664, -0.22490893304347992, 0.0
n,4.497921943664551, -0.2299785315990448, 0.0003001052245963365
n,0.7864322662353516, 4.434604167938232, 0.0
n,3.453634262084961, 2.8907792568206787, 0.0
n,4.503794193267822, -0.005465769674628973, 0.0
n,3.439175844192505, -2.9079654216766357, 0.0
n,0.7864322662353516, -4.434604167938232, 0.0
n,-2.253331184387207, -3.899575710296631, 0.0
n,-4.234706401824951, -1.5334441661834717, 0.0
n,-4.231204986572266, 1.5430811643600464, 0.0
n,-2.234509229660034, 3.910391330718994, 0.0
n,-4.5033063888549805, -0.06650452315807343, 0.0
n,-0.06934373080730438, 4.5032639503479, 0.0
n,4.503329753875732, 0.06492141634225845, 0.0
n,0.0693594366312027, -4.503263473510742, 0.0
n,4.502936840057373, -0.0880492627620697, 0.0
n,4.502936840057373, -0.0880492627620697, 0.0
n,4.502954959869385, -0.087110735476017, 0.0
n,4.502954959869385, -0.087110735476017, 0.0
n,4.503211498260498, -0.07263244688510895, 0.0
n,4.502936840057373, -0.08803948760032654, -0.00019150697335135192
n,4.502920627593994, -0.08887343108654022, 0.00012403067375998944
n,-0.06411236524581909, -4.503341197967529, 0.0
n,-4.502942085266113, 0.08776349574327469, 0.0
n,0.06415172666311264, 4.503340244293213, 0.0
n,4.502996444702148, -0.08495157212018967, 0.0
n,-0.06583795696496964, -4.503316402435303, 0.0
n,-4.502995491027832, 0.08498019725084305, 0.0
u,0.45004329085350037, 0.19959010183811188, 0
u,0.45004329085350037, 0.2614172101020813, 0
u,0.34369030594825745, 0.2083922028541565, 0
u,0.0, 0.0, 0
u,0.0, 0.0, 0
u,0.0, 0.0, 0
u,0.5580736994743347, 0.2207881063222885, 0
u,0.6691992878913879, 0.2200412005186081, 0
u,0.6500962972640991, 0.23813749849796295, 0
u,0.8271363973617554, 0.27370381355285645, 0
u,0.8310607075691223, 0.01898909918963909, 0
u,0.8341131806373596, 0.28086069226264954, 0
u,0.5540211796760559, 0.01654979959130287, 0
u,0.5550121068954468, 0.22080859541893005, 0
u,0.5535889863967896, 0.010204100050032139, 0
u,0.7448636889457703, 0.042775899171829224, 0
u,0.6859546899795532, 0.031951598823070526, 0
u,0.8163945078849792, 0.027466999366879463, 0
u,0.7992135286331177, 0.10682450234889984, 0
u,0.8001019954681396, 0.04525500163435936, 0
u,0.8169136047363281, 0.046009499579668045, 0
u,0.6859546899795532, 0.031951598823070526, 0
u,0.6818981170654297, 0.02544110082089901, 0
u,0.8200532793998718, 0.020691299811005592, 0
u,0.6500962972640991, 0.23813749849796295, 0
u,0.5662614703178406, 0.27413490414619446, 0
u,0.5668758153915405, 0.2342078983783722, 0
u,0.7382810711860657, 0.2642940878868103, 0
u,0.7461894154548645, 0.27235808968544006, 0
u,0.7230411171913147, 0.27396640181541443, 0
u,0.7684022784233093, 0.20732639729976654, 0
u,0.7552515864372253, 0.22995339334011078, 0
u,0.7486932873725891, 0.2161823958158493, 0
u,0.7215316295623779, 0.2105596959590912, 0
u,0.7175325155258179, 0.2041817009449005, 0
u,0.7720866799354553, 0.2004183977842331, 0
u,0.7698969841003418, 0.2707110047340393, 0
u,0.7193582057952881, 0.28087618947029114, 0
u,0.7230411171913147, 0.27396640181541443, 0
u,0.7484555244445801, 0.26135608553886414, 0
u,0.7382810711860657, 0.2642940878868103, 0
u,0.7486932873725891, 0.2161823958158493, 0
u,0.8001019954681396, 0.04525500163435936, 0
u,0.7439600825309753, 0.10431990027427673, 0
u,0.7448636889457703, 0.042775899171829224, 0
u,0.5639063119888306, 0.20523540675640106, 0
u,0.6649838089942932, 0.03131619840860367, 0
u,0.6658878922462463, 0.20454999804496765, 0
u,0.6658878922462463, 0.20454999804496765, 0
u,0.5550121068954468, 0.22080859541893005, 0
u,0.5639063119888306, 0.20523540675640106, 0
u,0.6658878922462463, 0.20454999804496765, 0
u,0.6738722920417786, 0.015742799267172813, 0
u,0.6749383211135864, 0.2200026959180832, 0
u,0.5630658268928528, 0.03200240060687065, 0
u,0.6738722920417786, 0.015742799267172813, 0
u,0.6649838089942932, 0.03131619840860367, 0
u,0.5630658268928528, 0.03200240060687065, 0
u,0.5550121068954468, 0.22080859541893005, 0
u,0.5540211796760559, 0.01654979959130287, 0
u,0.16983559727668762, 0.3801417052745819, 0
u,0.4291397035121918, 0.3801417052745819, 0
u,0.4333471953868866, 0.9993492960929871, 0
u,0.4333471953868866, 0.3282313048839569, 0
u,0.5791230797767639, 0.9993492960929871, 0
u,0.4333471953868866, 0.9993492960929871, 0
u,0.5791230797767639, 0.9993492960929871, 0
u,0.8432124853134155, 0.3282313048839569, 0
u,0.8432124853134155, 0.9993492960929871, 0
u,0.0, 0.9993492960929871, 0
u,0.1656228005886078, 0.3282313048839569, 0
u,0.1656228005886078, 0.9993492960929871, 0
u,0.8554571866989136, 0.7528706789016724, 0
u,0.8843775987625122, 0.5164014101028442, 0
u,0.8843775987625122, 0.7528706789016724, 0
u,0.8843775987625122, 0.7528706789016724, 0
u,0.8554571866989136, 0.9982993006706238, 0
u,0.8554571866989136, 0.7528706789016724, 0
u,0.9665684103965759, 0.8284652829170227, 0
u,0.9665684103965759, 0.7517006993293762, 0
u,0.9967054724693298, 0.7517006993293762, 0
u,0.31829190254211426, 0.2636055052280426, 0
u,0.18166430294513702, 0.32387229800224304, 0
u,0.18166430294513702, 0.2636055052280426, 0
u,0.9719520211219788, 0.31802719831466675, 0
u,0.9244384169578552, 0.3233555853366852, 0
u,0.9244384169578552, 0.31802719831466675, 0
u,0.8554571866989136, 0.38435378670692444, 0
u,0.8584501147270203, 0.45638808608055115, 0
u,0.8554571866989136, 0.45638808608055115, 0
u,0.9244384169578552, 0.31802719831466675, 0
u,0.9244384169578552, 0.3233555853366852, 0
u,0.8012052774429321, 0.3233555853366852, 0
u,0.6654123067855835, 0.31802719831466675, 0
u,0.7908828854560852, 0.3233555853366852, 0
u,0.6654123067855835, 0.3233555853366852, 0
u,0.6654123067855835, 0.31802719831466675, 0
u,0.6654123067855835, 0.3233555853366852, 0
u,0.6608502864837646, 0.3233555853366852, 0
u,0.5535889863967896, 0.31802719831466675, 0
u,0.5695353746414185, 0.3233555853366852, 0
u,0.5535889863967896, 0.3233555853366852, 0
u,0.8584501147270203, 0.5120869874954224, 0
u,0.8554571866989136, 0.45638808608055115, 0
u,0.8584501147270203, 0.45638808608055115, 0
u,0.44720131158828735, 0.2636055052280426, 0
u,0.31829190254211426, 0.32387229800224304, 0
u,0.31829190254211426, 0.2636055052280426, 0
u,0.5403040051460266, 0.32387229800224304, 0
u,0.44720131158828735, 0.2636055052280426, 0
u,0.5403040051460266, 0.2636055052280426, 0
u,0.5403040051460266, 0.32387229800224304, 0
u,0.5520216822624207, 0.2636055052280426, 0
u,0.5520216822624207, 0.32387229800224304, 0
u,0.03589719906449318, 0.2636055052280426, 0
u,0.03589719906449318, 0.32387229800224304, 0
u,0.01027270033955574, 0.32387229800224304, 0
u,0.18166430294513702, 0.32387229800224304, 0
u,0.03589719906449318, 0.2636055052280426, 0
u,0.18166430294513702, 0.2636055052280426, 0
u,0.8859391212463379, 0.8631343841552734, 0
u,0.9034407138824463, 0.8256394863128662, 0
u,0.9034407138824463, 0.8631343841552734, 0
u,0.8859391212463379, 0.9982993006706238, 0
u,0.9034407138824463, 0.8631343841552734, 0
u,0.9034407138824463, 0.9982993006706238, 0
u,0.8859391212463379, 0.6529964804649353, 0
u,0.9034407138824463, 0.6904677152633667, 0
u,0.8859391212463379, 0.6904677152633667, 0
u,0.8859391212463379, 0.6904677152633667, 0
u,0.9034407138824463, 0.8256394863128662, 0
u,0.8859391212463379, 0.8256394863128662, 0
u,0.9046214818954468, 0.9260013103485107, 0
u,0.9593142867088318, 0.837414026260376, 0
u,0.9593142867088318, 0.9260013103485107, 0
u,0.9637513160705566, 0.7981321811676025, 0
u,0.960668683052063, 0.8591790795326233, 0
u,0.960668683052063, 0.7981321811676025, 0
u,0.9637513160705566, 0.7200576066970825, 0
u,0.960668683052063, 0.7981321811676025, 0
u,0.960668683052063, 0.7200576066970825, 0
u,0.9637513160705566, 0.9982993006706238, 0
u,0.960668683052063, 0.9982993006706238, 0
u,0.960668683052063, 0.9621171951293945, 0
u,0.9637513160705566, 0.9372302293777466, 0
u,0.960668683052063, 0.9372302293777466, 0
u,0.960668683052063, 0.8986703753471375, 0
u,0.9593142867088318, 0.9980102181434631, 0
u,0.9076266288757324, 0.9980102181434631, 0
u,0.9076266288757324, 0.9933434128761292, 0
u,0.9076266288757324, 0.765430212020874, 0
u,0.9593142867088318, 0.6768708229064941, 0
u,0.9593142867088318, 0.765430212020874, 0
u,0.9593142867088318, 0.837414026260376, 0
u,0.9046214818954468, 0.837414026260376, 0
u,0.9076266288757324, 0.7707421183586121, 0
u,0.9980847835540771, 0.914030909538269, 0
u,0.9655851125717163, 0.8971772193908691, 0
u,0.9980847835540771, 0.8971772193908691, 0
u,0.9655851125717163, 0.8803235292434692, 0
u,0.9980847835540771, 0.8971772193908691, 0
u,0.9655851125717163, 0.8971772193908691, 0
u,0.9655851125717163, 0.8634697794914246, 0
u,0.9980847835540771, 0.8803235292434692, 0
u,0.9655851125717163, 0.8803235292434692, 0
u,0.9655851125717163, 0.8466162085533142, 0
u,0.9980847835540771, 0.8634697794914246, 0
u,0.9655851125717163, 0.8634697794914246, 0
u,0.9655851125717163, 0.9814456105232239, 0
u,0.9980847835540771, 0.9982993006706238, 0
u,0.9655851125717163, 0.9982993006706238, 0
u,0.9980847835540771, 0.9645919799804688, 0
u,0.9655851125717163, 0.9814456105232239, 0
u,0.9655851125717163, 0.9645919799804688, 0
u,0.9980847835540771, 0.9477382898330688, 0
u,0.9655851125717163, 0.9645919799804688, 0
u,0.9655851125717163, 0.9477382898330688, 0
u,0.9980847835540771, 0.930884599685669, 0
u,0.9655851125717163, 0.9477382898330688, 0
u,0.9655851125717163, 0.930884599685669, 0
u,0.9980847835540771, 0.914030909538269, 0
u,0.9655851125717163, 0.930884599685669, 0
u,0.9655851125717163, 0.914030909538269, 0
u,0.9006906151771545, 0.5918020009994507, 0
u,0.8859391212463379, 0.6496598720550537, 0
u,0.8859391212463379, 0.5918020009994507, 0
u,0.9006906151771545, 0.35425838828086853, 0
u,0.8859391212463379, 0.4441021978855133, 0
u,0.8859391212463379, 0.35425838828086853, 0
u,0.8859391212463379, 0.4441021978855133, 0
u,0.9006906151771545, 0.5019834041595459, 0
u,0.8859391212463379, 0.5019834041595459, 0
u,0.8859391212463379, 0.5019834041595459, 0
u,0.9006906151771545, 0.5918020009994507, 0
u,0.8859391212463379, 0.5918020009994507, 0
u,0.0, 0.0017007000278681517, 0
u,0.11302880197763443, 0.0017007000278681517, 0
u,0.011725099757313728, 0.19959010183811188, 0
u,0.854356586933136, 0.6681081056594849, 0
u,0.8446410894393921, 0.5009300112724304, 0
u,0.854356586933136, 0.5009300112724304, 0
u,0.854356586933136, 0.33673471212387085, 0
u,0.8446410894393921, 0.5009300112724304, 0
u,0.8446410894393921, 0.33673471212387085, 0
u,0.854356586933136, 0.832301676273346, 0
u,0.8446410894393921, 0.9993754029273987, 0
u,0.8446410894393921, 0.832301676273346, 0
u,0.854356586933136, 0.832301676273346, 0
u,0.8446410894393921, 0.6681081056594849, 0
u,0.854356586933136, 0.6681081056594849, 0
u,0.11302880197763443, 0.2083922028541565, 0
u,0.22773249447345734, 0.0017007000278681517, 0
u,0.22773249447345734, 0.2083922028541565, 0
u,0.22773249447345734, 0.2083922028541565, 0
u,0.340760201215744, 0.0017007000278681517, 0
u,0.340760201215744, 0.2083922028541565, 0
u,0.340760201215744, 0.2083922028541565, 0
u,0.340760201215744, 0.0017007000278681517, 0
u,0.34369030594825745, 0.2083922028541565, 0
u,0.340760201215744, 0.0017007000278681517, 0
u,0.45553579926490784, 0.0017007000278681517, 0
u,0.45004329085350037, 0.19959010183811188, 0
u,0.34369030594825745, 0.2083922028541565, 0
u,0.340760201215744, 0.0017007000278681517, 0
u,0.45004329085350037, 0.19959010183811188, 0
u,0.45553579926490784, 0.0017007000278681517, 0
u,0.45553579926490784, 0.20489250123500824, 0
u,0.45372581481933594, 0.19959010183811188, 0
u,0.45553579926490784, 0.20489250123500824, 0
u,0.45372581481933594, 0.20489250123500824, 0
u,0.45372581481933594, 0.19959010183811188, 0
u,0.45004329085350037, 0.2614172101020813, 0
u,0.34369030594825745, 0.2614172101020813, 0
u,0.34369030594825745, 0.2083922028541565, 0
u,0.45553579926490784, 0.0017007000278681517, 0
u,0.45372581481933594, 0.19959010183811188, 0
u,0.45004329085350037, 0.19959010183811188, 0
u,0.0, 0.0, 0
u,0.0, 0.0, 0
u,0.0, 0.0, 0
u,0.6691992878913879, 0.2200412005186081, 0
u,0.669731616973877, 0.23906469345092773, 0
u,0.6500962972640991, 0.23813749849796295, 0
u,0.6500962972640991, 0.23813749849796295, 0
u,0.5668758153915405, 0.2342078983783722, 0
u,0.5580736994743347, 0.2207881063222885, 0
u,0.5668758153915405, 0.2342078983783722, 0
u,0.5580736994743347, 0.23379220068454742, 0
u,0.5580736994743347, 0.2207881063222885, 0
u,0.5580736994743347, 0.3153873085975647, 0
u,0.5580736994743347, 0.23379220068454742, 0
u,0.5662614703178406, 0.27413490414619446, 0
u,0.5580736994743347, 0.23379220068454742, 0
u,0.5668758153915405, 0.2342078983783722, 0
u,0.5662614703178406, 0.27413490414619446, 0
u,0.6873745918273926, 0.19779430329799652, 0
u,0.6748276948928833, 0.19881360232830048, 0
u,0.6818981170654297, 0.02544110082089901, 0
u,0.6748276948928833, 0.19881360232830048, 0
u,0.6738861799240112, 0.0184067003428936, 0
u,0.6818981170654297, 0.02544110082089901, 0
u,0.5580736994743347, 0.3153873085975647, 0
u,0.5662614703178406, 0.27413490414619446, 0
u,0.6494780778884888, 0.27803918719291687, 0
u,0.6494780778884888, 0.27803918719291687, 0
u,0.6500962972640991, 0.23813749849796295, 0
u,0.669731616973877, 0.23906469345092773, 0
u,0.6494780778884888, 0.27803918719291687, 0
u,0.669731616973877, 0.23906469345092773, 0
u,0.6710593104362488, 0.28651729226112366, 0
u,0.6818981170654297, 0.02544110082089901, 0
u,0.6738861799240112, 0.0184067003428936, 0
u,0.8200532793998718, 0.020691299811005592, 0
u,0.6738861799240112, 0.0184067003428936, 0
u,0.8310607075691223, 0.01898909918963909, 0
u,0.8200532793998718, 0.020691299811005592, 0
u,0.5580736994743347, 0.3153873085975647, 0
u,0.6494780778884888, 0.27803918719291687, 0
u,0.6710593104362488, 0.28651729226112366, 0
u,0.8271363973617554, 0.27370381355285645, 0
u,0.8200532793998718, 0.020691299811005592, 0
u,0.8310607075691223, 0.01898909918963909, 0
u,0.5580736994743347, 0.3153873085975647, 0
u,0.6710593104362488, 0.28651729226112366, 0
u,0.8341131806373596, 0.28086069226264954, 0
u,0.6710593104362488, 0.28651729226112366, 0
u,0.8271363973617554, 0.27370381355285645, 0
u,0.8341131806373596, 0.28086069226264954, 0
u,0.8310607075691223, 0.01898909918963909, 0
u,0.6738861799240112, 0.0184067003428936, 0
u,0.6738722920417786, 0.015742799267172813, 0
u,0.8385922908782959, 0.28030040860176086, 0
u,0.8341131806373596, 0.28086069226264954, 0
u,0.8310607075691223, 0.01898909918963909, 0
u,0.5580736994743347, 0.2207881063222885, 0
u,0.5580736994743347, 0.3153873085975647, 0
u,0.5550121068954468, 0.22080859541893005, 0
u,0.5580736994743347, 0.3153873085975647, 0
u,0.5535889863967896, 0.3159481883049011, 0
u,0.5550121068954468, 0.22080859541893005, 0
u,0.8354560732841492, 0.011248799972236156, 0
u,0.8385922908782959, 0.28030040860176086, 0
u,0.8310607075691223, 0.01898909918963909, 0
u,0.8354560732841492, 0.011248799972236156, 0
u,0.8310607075691223, 0.01898909918963909, 0
u,0.6738722920417786, 0.015742799267172813, 0
u,0.5550121068954468, 0.22080859541893005, 0
u,0.5535889863967896, 0.3159481883049011, 0
u,0.5535889863967896, 0.010204100050032139, 0
u,0.8354560732841492, 0.011248799972236156, 0
u,0.6738722920417786, 0.015742799267172813, 0
u,0.5535889863967896, 0.010204100050032139, 0
u,0.6738722920417786, 0.015742799267172813, 0
u,0.5540211796760559, 0.01654979959130287, 0
u,0.5535889863967896, 0.010204100050032139, 0
u,0.8163945078849792, 0.027466999366879463, 0
u,0.8169136047363281, 0.046009499579668045, 0
u,0.8001019954681396, 0.04525500163435936, 0
u,0.7448636889457703, 0.042775899171829224, 0
u,0.6862151026725769, 0.0401436984539032, 0
u,0.6859546899795532, 0.031951598823070526, 0
u,0.8163945078849792, 0.027466999366879463, 0
u,0.8001019954681396, 0.04525500163435936, 0
u,0.7448636889457703, 0.042775899171829224, 0
u,0.6747133135795593, 0.27956119179725647, 0
u,0.6730471253395081, 0.22001530230045319, 0
u,0.6749383211135864, 0.2200026959180832, 0
u,0.6749383211135864, 0.2200026959180832, 0
u,0.6748623847961426, 0.20546670258045197, 0
u,0.6914253830909729, 0.20412109792232513, 0
u,0.6914253830909729, 0.20412109792232513, 0
u,0.6862151026725769, 0.0401436984539032, 0
u,0.7439600825309753, 0.10431990027427673, 0
u,0.6862151026725769, 0.0401436984539032, 0
u,0.7448636889457703, 0.042775899171829224, 0
u,0.7439600825309753, 0.10431990027427673, 0
u,0.6747133135795593, 0.27956119179725647, 0
u,0.6749383211135864, 0.2200026959180832, 0
u,0.6914253830909729, 0.20412109792232513, 0
u,0.7175325155258179, 0.2041817009449005, 0
u,0.7192400097846985, 0.27590569853782654, 0
u,0.6914253830909729, 0.20412109792232513, 0
u,0.7192400097846985, 0.27590569853782654, 0
u,0.6747133135795593, 0.27956119179725647, 0
u,0.6914253830909729, 0.20412109792232513, 0
u,0.823110818862915, 0.26737821102142334, 0
u,0.7737612724304199, 0.2714296877384186, 0
u,0.7720866799354553, 0.2004183977842331, 0
u,0.8169136047363281, 0.046009499579668045, 0
u,0.823110818862915, 0.26737821102142334, 0
u,0.7992135286331177, 0.10682450234889984, 0
u,0.823110818862915, 0.26737821102142334, 0
u,0.7720866799354553, 0.2004183977842331, 0
u,0.7992135286331177, 0.10682450234889984, 0
u,0.7720866799354553, 0.2004183977842331, 0
u,0.7175325155258179, 0.2041817009449005, 0
u,0.7439600825309753, 0.10431990027427673, 0
u,0.7175325155258179, 0.2041817009449005, 0
u,0.6914253830909729, 0.20412109792232513, 0
u,0.7439600825309753, 0.10431990027427673, 0
u,0.7439600825309753, 0.10431990027427673, 0
u,0.7992135286331177, 0.10682450234889984, 0
u,0.7720866799354553, 0.2004183977842331, 0
u,0.6710593104362488, 0.28651729226112366, 0
u,0.6691992878913879, 0.2200412005186081, 0
u,0.6747133135795593, 0.27956119179725647, 0
u,0.6691992878913879, 0.2200412005186081, 0
u,0.6730471253395081, 0.22001530230045319, 0
u,0.6747133135795593, 0.27956119179725647, 0
u,0.6747133135795593, 0.27956119179725647, 0
u,0.7192400097846985, 0.27590569853782654, 0
u,0.7193582057952881, 0.28087618947029114, 0
u,0.6748623847961426, 0.20546670258045197, 0
u,0.6748276948928833, 0.19881360232830048, 0
u,0.6873745918273926, 0.19779430329799652, 0
u,0.773894727230072, 0.2770872116088867, 0
u,0.7737612724304199, 0.2714296877384186, 0
u,0.823110818862915, 0.26737821102142334, 0
u,0.6710593104362488, 0.28651729226112366, 0
u,0.6747133135795593, 0.27956119179725647, 0
u,0.7193582057952881, 0.28087618947029114, 0
u,0.6710593104362488, 0.28651729226112366, 0
u,0.7193582057952881, 0.28087618947029114, 0
u,0.773894727230072, 0.2770872116088867, 0
u,0.6914253830909729, 0.20412109792232513, 0
u,0.6748623847961426, 0.20546670258045197, 0
u,0.6873745918273926, 0.19779430329799652, 0
u,0.6859546899795532, 0.031951598823070526, 0
u,0.6914253830909729, 0.20412109792232513, 0
u,0.6873745918273926, 0.19779430329799652, 0
u,0.8271363973617554, 0.27370381355285645, 0
u,0.6710593104362488, 0.28651729226112366, 0
u,0.773894727230072, 0.2770872116088867, 0
u,0.8271363973617554, 0.27370381355285645, 0
u,0.773894727230072, 0.2770872116088867, 0
u,0.823110818862915, 0.26737821102142334, 0
u,0.6859546899795532, 0.031951598823070526, 0
u,0.6873745918273926, 0.19779430329799652, 0
u,0.6818981170654297, 0.02544110082089901, 0
u,0.8271363973617554, 0.27370381355285645, 0
u,0.823110818862915, 0.26737821102142334, 0
u,0.8200532793998718, 0.020691299811005592, 0
u,0.823110818862915, 0.26737821102142334, 0
u,0.8163945078849792, 0.027466999366879463, 0
u,0.8200532793998718, 0.020691299811005592, 0
u,0.8163945078849792, 0.027466999366879463, 0
u,0.6859546899795532, 0.031951598823070526, 0
u,0.8200532793998718, 0.020691299811005592, 0
u,0.6500962972640991, 0.23813749849796295, 0
u,0.6494780778884888, 0.27803918719291687, 0
u,0.5662614703178406, 0.27413490414619446, 0
u,0.7230411171913147, 0.27396640181541443, 0
u,0.7224258780479431, 0.24812670052051544, 0
u,0.7293950915336609, 0.25523319840431213, 0
u,0.7293950915336609, 0.25523319840431213, 0
u,0.7382810711860657, 0.2642940878868103, 0
u,0.7230411171913147, 0.27396640181541443, 0
u,0.7259554862976074, 0.238413006067276, 0
u,0.7293950915336609, 0.25523319840431213, 0
u,0.7224258780479431, 0.24812670052051544, 0
u,0.7698969841003418, 0.2707110047340393, 0
u,0.7461894154548645, 0.27235808968544006, 0
u,0.7484555244445801, 0.26135608553886414, 0
u,0.7461894154548645, 0.27235808968544006, 0
u,0.7382810711860657, 0.2642940878868103, 0
u,0.7484555244445801, 0.26135608553886414, 0
u,0.7259554862976074, 0.238413006067276, 0
u,0.7224258780479431, 0.24812670052051544, 0
u,0.7215316295623779, 0.2105596959590912, 0
u,0.7295715808868408, 0.22170400619506836, 0
u,0.7259554862976074, 0.238413006067276, 0
u,0.7215316295623779, 0.2105596959590912, 0
u,0.7698969841003418, 0.2707110047340393, 0
u,0.7484555244445801, 0.26135608553886414, 0
u,0.7551578283309937, 0.24779389798641205, 0
u,0.7698969841003418, 0.2707110047340393, 0
u,0.7551578283309937, 0.24779389798641205, 0
u,0.7552515864372253, 0.22995339334011078, 0
u,0.7385513782501221, 0.21292440593242645, 0
u,0.7295715808868408, 0.22170400619506836, 0
u,0.7215316295623779, 0.2105596959590912, 0
u,0.7385513782501221, 0.21292440593242645, 0
u,0.7215316295623779, 0.2105596959590912, 0
u,0.7684022784233093, 0.20732639729976654, 0
u,0.7684022784233093, 0.20732639729976654, 0
u,0.7698969841003418, 0.2707110047340393, 0
u,0.7552515864372253, 0.22995339334011078, 0
u,0.7486932873725891, 0.2161823958158493, 0
u,0.7385513782501221, 0.21292440593242645, 0
u,0.7684022784233093, 0.20732639729976654, 0
u,0.7215316295623779, 0.2105596959590912, 0
u,0.7230411171913147, 0.27396640181541443, 0
u,0.7175325155258179, 0.2041817009449005, 0
u,0.7230411171913147, 0.27396640181541443, 0
u,0.7193582057952881, 0.28087618947029114, 0
u,0.7175325155258179, 0.2041817009449005, 0
u,0.7720866799354553, 0.2004183977842331, 0
u,0.773894727230072, 0.2770872116088867, 0
u,0.7698969841003418, 0.2707110047340393, 0
u,0.7720866799354553, 0.2004183977842331, 0
u,0.7698969841003418, 0.2707110047340393, 0
u,0.7684022784233093, 0.20732639729976654, 0
u,0.7720866799354553, 0.2004183977842331, 0
u,0.7684022784233093, 0.20732639729976654, 0
u,0.7215316295623779, 0.2105596959590912, 0
u,0.7698969841003418, 0.2707110047340393, 0
u,0.773894727230072, 0.2770872116088867, 0
u,0.7193582057952881, 0.28087618947029114, 0
u,0.7382810711860657, 0.2642940878868103, 0
u,0.7293950915336609, 0.25523319840431213, 0
u,0.7259554862976074, 0.238413006067276, 0
u,0.7259554862976074, 0.238413006067276, 0
u,0.7295715808868408, 0.22170400619506836, 0
u,0.7486932873725891, 0.2161823958158493, 0
u,0.7295715808868408, 0.22170400619506836, 0
u,0.7385513782501221, 0.21292440593242645, 0
u,0.7486932873725891, 0.2161823958158493, 0
u,0.7486932873725891, 0.2161823958158493, 0
u,0.7552515864372253, 0.22995339334011078, 0
u,0.7551578283309937, 0.24779389798641205, 0
u,0.7259554862976074, 0.238413006067276, 0
u,0.7486932873725891, 0.2161823958158493, 0
u,0.7382810711860657, 0.2642940878868103, 0
u,0.7551578283309937, 0.24779389798641205, 0
u,0.7484555244445801, 0.26135608553886414, 0
u,0.7486932873725891, 0.2161823958158493, 0
u,0.8001019954681396, 0.04525500163435936, 0
u,0.7992135286331177, 0.10682450234889984, 0
u,0.7439600825309753, 0.10431990027427673, 0
u,0.5639063119888306, 0.20523540675640106, 0
u,0.5630658268928528, 0.03200240060687065, 0
u,0.6649838089942932, 0.03131619840860367, 0
u,0.6658878922462463, 0.20454999804496765, 0
u,0.6749383211135864, 0.2200026959180832, 0
u,0.5550121068954468, 0.22080859541893005, 0
u,0.6658878922462463, 0.20454999804496765, 0
u,0.6649838089942932, 0.03131619840860367, 0
u,0.6738722920417786, 0.015742799267172813, 0
u,0.5630658268928528, 0.03200240060687065, 0
u,0.5540211796760559, 0.01654979959130287, 0
u,0.6738722920417786, 0.015742799267172813, 0
u,0.5630658268928528, 0.03200240060687065, 0
u,0.5639063119888306, 0.20523540675640106, 0
u,0.5550121068954468, 0.22080859541893005, 0
u,0.4291397035121918, 0.3282313048839569, 0
u,0.4333471953868866, 0.3282313048839569, 0
u,0.4291397035121918, 0.3801417052745819, 0
u,0.4333471953868866, 0.3282313048839569, 0
u,0.4333471953868866, 0.9993492960929871, 0
u,0.4291397035121918, 0.3801417052745819, 0
u,0.1656228005886078, 0.9993492960929871, 0
u,0.1656228005886078, 0.3282313048839569, 0
u,0.16983559727668762, 0.3801417052745819, 0
u,0.1656228005886078, 0.3282313048839569, 0
u,0.16983559727668762, 0.3282313048839569, 0
u,0.16983559727668762, 0.3801417052745819, 0
u,0.1656228005886078, 0.9993492960929871, 0
u,0.16983559727668762, 0.3801417052745819, 0
u,0.4333471953868866, 0.9993492960929871, 0
u,0.4333471953868866, 0.3282313048839569, 0
u,0.5791230797767639, 0.3282313048839569, 0
u,0.5791230797767639, 0.9993492960929871, 0
u,0.5791230797767639, 0.9993492960929871, 0
u,0.5791230797767639, 0.3282313048839569, 0
u,0.8432124853134155, 0.3282313048839569, 0
u,0.0, 0.9993492960929871, 0
u,0.0, 0.3282313048839569, 0
u,0.1656228005886078, 0.3282313048839569, 0
u,0.8554571866989136, 0.7528706789016724, 0
u,0.8554571866989136, 0.5164014101028442, 0
u,0.8843775987625122, 0.5164014101028442, 0
u,0.8843775987625122, 0.7528706789016724, 0
u,0.8843775987625122, 0.9982993006706238, 0
u,0.8554571866989136, 0.9982993006706238, 0
u,0.9967054724693298, 0.7517006993293762, 0
u,0.9967054724693298, 0.8406996726989746, 0
u,0.9665684103965759, 0.8284652829170227, 0
u,0.9967054724693298, 0.8406996726989746, 0
u,0.9665684103965759, 0.8406996726989746, 0
u,0.9665684103965759, 0.8284652829170227, 0
u,0.31829190254211426, 0.2636055052280426, 0
u,0.31829190254211426, 0.32387229800224304, 0
u,0.18166430294513702, 0.32387229800224304, 0
u,0.9719520211219788, 0.31802719831466675, 0
u,0.9719520211219788, 0.3233555853366852, 0
u,0.9244384169578552, 0.3233555853366852, 0
u,0.8554571866989136, 0.38435378670692444, 0
u,0.8584501147270203, 0.38435378670692444, 0
u,0.8584501147270203, 0.45638808608055115, 0
u,0.7908828854560852, 0.3233555853366852, 0
u,0.7908828854560852, 0.31802719831466675, 0
u,0.8012052774429321, 0.3233555853366852, 0
u,0.7908828854560852, 0.31802719831466675, 0
u,0.9244384169578552, 0.31802719831466675, 0
u,0.8012052774429321, 0.3233555853366852, 0
u,0.6654123067855835, 0.31802719831466675, 0
u,0.7908828854560852, 0.31802719831466675, 0
u,0.7908828854560852, 0.3233555853366852, 0
u,0.5695353746414185, 0.3233555853366852, 0
u,0.5695353746414185, 0.31802719831466675, 0
u,0.6608502864837646, 0.3233555853366852, 0
u,0.5695353746414185, 0.31802719831466675, 0
u,0.6654123067855835, 0.31802719831466675, 0
u,0.6608502864837646, 0.3233555853366852, 0
u,0.5535889863967896, 0.31802719831466675, 0
u,0.5695353746414185, 0.31802719831466675, 0
u,0.5695353746414185, 0.3233555853366852, 0
u,0.8584501147270203, 0.5120869874954224, 0
u,0.8554571866989136, 0.5120869874954224, 0
u,0.8554571866989136, 0.45638808608055115, 0
u,0.44720131158828735, 0.2636055052280426, 0
u,0.44720131158828735, 0.32387229800224304, 0
u,0.31829190254211426, 0.32387229800224304, 0
u,0.5403040051460266, 0.32387229800224304, 0
u,0.44720131158828735, 0.32387229800224304, 0
u,0.44720131158828735, 0.2636055052280426, 0
u,0.5403040051460266, 0.32387229800224304, 0
u,0.5403040051460266, 0.2636055052280426, 0
u,0.5520216822624207, 0.2636055052280426, 0
u,0.01027270033955574, 0.32387229800224304, 0
u,0.0, 0.32387229800224304, 0
u,0.0, 0.2636055052280426, 0
u,0.0, 0.2636055052280426, 0
u,0.03589719906449318, 0.2636055052280426, 0
u,0.01027270033955574, 0.32387229800224304, 0
u,0.18166430294513702, 0.32387229800224304, 0
u,0.03589719906449318, 0.32387229800224304, 0
u,0.03589719906449318, 0.2636055052280426, 0
u,0.8859391212463379, 0.8631343841552734, 0
u,0.8859391212463379, 0.8256394863128662, 0
u,0.9034407138824463, 0.8256394863128662, 0
u,0.8859391212463379, 0.9982993006706238, 0
u,0.8859391212463379, 0.8631343841552734, 0
u,0.9034407138824463, 0.8631343841552734, 0
u,0.8859391212463379, 0.6529964804649353, 0
u,0.9034407138824463, 0.6529964804649353, 0
u,0.9034407138824463, 0.6904677152633667, 0
u,0.8859391212463379, 0.6904677152633667, 0
u,0.9034407138824463, 0.6904677152633667, 0
u,0.9034407138824463, 0.8256394863128662, 0
u,0.9046214818954468, 0.9260013103485107, 0
u,0.9046214818954468, 0.837414026260376, 0
u,0.9593142867088318, 0.837414026260376, 0
u,0.9637513160705566, 0.7981321811676025, 0
u,0.9637513160705566, 0.8591790795326233, 0
u,0.960668683052063, 0.8591790795326233, 0
u,0.9637513160705566, 0.7200576066970825, 0
u,0.9637513160705566, 0.7981321811676025, 0
u,0.960668683052063, 0.7981321811676025, 0
u,0.960668683052063, 0.9372302293777466, 0
u,0.9637513160705566, 0.9372302293777466, 0
u,0.960668683052063, 0.9621171951293945, 0
u,0.9637513160705566, 0.9372302293777466, 0
u,0.9637513160705566, 0.9982993006706238, 0
u,0.960668683052063, 0.9621171951293945, 0
u,0.960668683052063, 0.8591790795326233, 0
u,0.9637513160705566, 0.8591790795326233, 0
u,0.960668683052063, 0.8986703753471375, 0
u,0.9637513160705566, 0.8591790795326233, 0
u,0.9637513160705566, 0.9372302293777466, 0
u,0.960668683052063, 0.8986703753471375, 0
u,0.9046214818954468, 0.9933434128761292, 0
u,0.9046214818954468, 0.9260013103485107, 0
u,0.9076266288757324, 0.9933434128761292, 0
u,0.9046214818954468, 0.9260013103485107, 0
u,0.9593142867088318, 0.9260013103485107, 0
u,0.9076266288757324, 0.9933434128761292, 0
u,0.9593142867088318, 0.9260013103485107, 0
u,0.9593142867088318, 0.9980102181434631, 0
u,0.9076266288757324, 0.9933434128761292, 0
u,0.9076266288757324, 0.765430212020874, 0
u,0.9076266288757324, 0.6768708229064941, 0
u,0.9593142867088318, 0.6768708229064941, 0
u,0.9046214818954468, 0.837414026260376, 0
u,0.9046214818954468, 0.7707421183586121, 0
u,0.9076266288757324, 0.7707421183586121, 0
u,0.9076266288757324, 0.7707421183586121, 0
u,0.9076266288757324, 0.765430212020874, 0
u,0.9593142867088318, 0.765430212020874, 0
u,0.9593142867088318, 0.765430212020874, 0
u,0.9593142867088318, 0.837414026260376, 0
u,0.9076266288757324, 0.7707421183586121, 0
u,0.9980847835540771, 0.914030909538269, 0
u,0.9655851125717163, 0.914030909538269, 0
u,0.9655851125717163, 0.8971772193908691, 0
u,0.9655851125717163, 0.8803235292434692, 0
u,0.9980847835540771, 0.8803235292434692, 0
u,0.9980847835540771, 0.8971772193908691, 0
u,0.9655851125717163, 0.8634697794914246, 0
u,0.9980847835540771, 0.8634697794914246, 0
u,0.9980847835540771, 0.8803235292434692, 0
u,0.9655851125717163, 0.8466162085533142, 0
u,0.9980847835540771, 0.8466162085533142, 0
u,0.9980847835540771, 0.8634697794914246, 0
u,0.9655851125717163, 0.9814456105232239, 0
u,0.9980847835540771, 0.9814456105232239, 0
u,0.9980847835540771, 0.9982993006706238, 0
u,0.9980847835540771, 0.9645919799804688, 0
u,0.9980847835540771, 0.9814456105232239, 0
u,0.9655851125717163, 0.9814456105232239, 0
u,0.9980847835540771, 0.9477382898330688, 0
u,0.9980847835540771, 0.9645919799804688, 0
u,0.9655851125717163, 0.9645919799804688, 0
u,0.9980847835540771, 0.930884599685669, 0
u,0.9980847835540771, 0.9477382898330688, 0
u,0.9655851125717163, 0.9477382898330688, 0
u,0.9980847835540771, 0.914030909538269, 0
u,0.9980847835540771, 0.930884599685669, 0
u,0.9655851125717163, 0.930884599685669, 0
u,0.9006906151771545, 0.5918020009994507, 0
u,0.9006906151771545, 0.6496598720550537, 0
u,0.8859391212463379, 0.6496598720550537, 0
u,0.9006906151771545, 0.35425838828086853, 0
u,0.9006906151771545, 0.4441021978855133, 0
u,0.8859391212463379, 0.4441021978855133, 0
u,0.8859391212463379, 0.4441021978855133, 0
u,0.9006906151771545, 0.4441021978855133, 0
u,0.9006906151771545, 0.5019834041595459, 0
u,0.8859391212463379, 0.5019834041595459, 0
u,0.9006906151771545, 0.5019834041595459, 0
u,0.9006906151771545, 0.5918020009994507, 0
u,0.11155480146408081, 0.2614172101020813, 0
u,0.011725099757313728, 0.2614172101020813, 0
u,0.11155480146408081, 0.2083922028541565, 0
u,0.011725099757313728, 0.2614172101020813, 0
u,0.011725099757313728, 0.19959010183811188, 0
u,0.11155480146408081, 0.2083922028541565, 0
u,0.008043600246310234, 0.19959010183811188, 0
u,0.008043600246310234, 0.20489250123500824, 0
u,0.0, 0.20489250123500824, 0
u,0.008043600246310234, 0.19959010183811188, 0
u,0.0, 0.20489250123500824, 0
u,0.0, 0.0017007000278681517, 0
u,0.11302880197763443, 0.2083922028541565, 0
u,0.11155480146408081, 0.2083922028541565, 0
u,0.11302880197763443, 0.0017007000278681517, 0
u,0.11155480146408081, 0.2083922028541565, 0
u,0.011725099757313728, 0.19959010183811188, 0
u,0.11302880197763443, 0.0017007000278681517, 0
u,0.011725099757313728, 0.19959010183811188, 0
u,0.008043600246310234, 0.19959010183811188, 0
u,0.0, 0.0017007000278681517, 0
u,0.854356586933136, 0.6681081056594849, 0
u,0.8446410894393921, 0.6681081056594849, 0
u,0.8446410894393921, 0.5009300112724304, 0
u,0.854356586933136, 0.33673471212387085, 0
u,0.854356586933136, 0.5009300112724304, 0
u,0.8446410894393921, 0.5009300112724304, 0
u,0.854356586933136, 0.832301676273346, 0
u,0.854356586933136, 0.9993754029273987, 0
u,0.8446410894393921, 0.9993754029273987, 0
u,0.854356586933136, 0.832301676273346, 0
u,0.8446410894393921, 0.832301676273346, 0
u,0.8446410894393921, 0.6681081056594849, 0
u,0.11302880197763443, 0.2083922028541565, 0
u,0.11302880197763443, 0.0017007000278681517, 0
u,0.22773249447345734, 0.0017007000278681517, 0
u,0.22773249447345734, 0.2083922028541565, 0
u,0.22773249447345734, 0.0017007000278681517, 0
u,0.340760201215744, 0.0017007000278681517, 0
