s,207.171142578125, 63.0029296875, -0.883368968963623
b,210.19091796875, 67.224609375, 2.530440330505371
v,208.989013671875, 66.73046875, -0.8831520080566406
v,209.514892578125, 67.125, -0.8830885887145996
v,209.529541015625, 67.10546875, -0.883087158203125
v,209.6875, 67.224609375, -0.8830680847167969
v,210.19091796875, 66.55859375, -0.8830194473266602
v,210.011474609375, 63.76953125, -0.8830699920654297
v,208.93359375, 63.0029296875, -0.8831982612609863
v,208.73193359375, 63.287109375, -0.8832182884216309
v,208.718994140625, 63.2783203125, -0.8832192420959473
v,208.360107421875, 63.787109375, -0.8832545280456543
v,208.35595703125, 63.783203125, -0.8832550048828125
v,207.171630859375, 65.4560546875, -0.883368968963623
v,208.983642578125, 66.73828125, -0.883152961730957
v,209.885986328125, 66.630859375, 0.8874530792236328
v,209.66015625, 63.943359375, 0.8873987197875977
v,208.7314453125, 63.287109375, 0.8872871398925781
v,208.93310546875, 63.0029296875, 0.8873081207275391
v,210.01123046875, 63.76953125, 0.8874359130859375
v,210.1904296875, 66.55859375, 0.887486457824707
v,209.68701171875, 67.224609375, 0.8874378204345703
v,209.529052734375, 67.10546875, 0.8874187469482422
v,208.71875, 63.2783203125, 1.4801197052001953
v,209.66015625, 63.943359375, 1.4802312850952148
v,209.8857421875, 66.630859375, 1.4802865982055664
v,209.51416015625, 67.125, 1.480250358581543
v,208.988525390625, 66.73046875, 1.4801864624023438
v,209.2939453125, 66.2998046875, 1.4802160263061523
v,209.112060546875, 64.318359375, 1.480173110961914
v,208.359619140625, 63.7861328125, 1.4800844192504883
v,208.967041015625, 66.6455078125, 2.5304079055786133
v,209.22509765625, 66.2802734375, 2.53043270111084
v,209.04833984375, 64.35546875, 2.5303916931152344
v,209.112060546875, 64.318359375, 2.530398368835449
v,209.293701171875, 66.2998046875, 2.530440330505371
v,208.98291015625, 66.73828125, 2.5304107666015625
v,207.171142578125, 65.4560546875, 2.5301952362060547
v,207.263916015625, 65.4404296875, 2.5302047729492188
v,207.263916015625, 65.4404296875, 2.3525772094726562
v,208.37109375, 63.876953125, 2.3526830673217773
v,209.04833984375, 64.35546875, 2.352764129638672
v,209.22509765625, 66.2802734375, 2.352804183959961
v,208.967041015625, 66.6455078125, 2.3527793884277344
v,207.171142578125, 65.4560546875, 2.5301952362060547
v,208.355224609375, 63.783203125, 2.530308723449707
v,209.112060546875, 64.318359375, 2.530398368835449
v,209.04833984375, 64.35546875, 2.5303916931152344
v,208.37109375, 63.876953125, 2.53031063079834
v,207.263916015625, 65.4404296875, 2.5302047729492188
v,210.1904296875, 66.55859375, 0.887486457824707
v,210.01123046875, 63.76953125, 0.8874359130859375
v,210.011474609375, 63.76953125, -0.8830699920654297
v,210.190673828125, 66.55859375, -0.8830194473266602
v,210.011474609375, 63.76953125, -0.8830699920654297
v,210.01123046875, 63.76953125, 0.8874359130859375
v,208.93310546875, 63.0029296875, 0.8873081207275391
v,208.933349609375, 63.0029296875, -0.8831982612609863
v,208.7314453125, 63.287109375, 0.8872871398925781
v,208.731689453125, 63.287109375, -0.8832182884216309
v,208.933349609375, 63.0029296875, -0.8831982612609863
v,208.93310546875, 63.0029296875, 0.8873081207275391
v,209.529296875, 67.10546875, -0.883087158203125
v,209.529052734375, 67.10546875, 0.8874187469482422
v,209.68701171875, 67.224609375, 0.8874378204345703
v,209.687255859375, 67.224609375, -0.8830680847167969
v,209.687255859375, 67.224609375, -0.8830680847167969
v,209.68701171875, 67.224609375, 0.8874378204345703
v,210.1904296875, 66.55859375, 0.887486457824707
v,210.190673828125, 66.55859375, -0.8830194473266602
v,209.66015625, 63.943359375, 1.4802312850952148
v,208.71875, 63.2783203125, 1.4801197052001953
v,208.71875, 63.2783203125, -0.8832192420959473
v,208.731689453125, 63.287109375, -0.8832182884216309
v,208.7314453125, 63.287109375, 0.8872871398925781
v,209.66015625, 63.943359375, 0.8873987197875977
v,208.71875, 63.2783203125, 1.4801197052001953
v,208.359619140625, 63.7861328125, 1.4800844192504883
v,208.360107421875, 63.787109375, -0.8832545280456543
v,208.71875, 63.2783203125, -0.8832192420959473
v,208.988525390625, 66.73046875, 1.4801864624023438
v,209.51416015625, 67.125, 1.480250358581543
v,209.5146484375, 67.125, -0.8830885887145996
v,208.98876953125, 66.73046875, -0.8831520080566406
v,209.885986328125, 66.630859375, 0.8874530792236328
v,209.529052734375, 67.10546875, 0.8874187469482422
v,209.529296875, 67.10546875, -0.883087158203125
v,209.5146484375, 67.125, -0.8830885887145996
v,209.51416015625, 67.125, 1.480250358581543
v,209.8857421875, 66.630859375, 1.4802865982055664
v,209.8857421875, 66.630859375, 1.4802865982055664
v,209.66015625, 63.943359375, 1.4802312850952148
v,209.66015625, 63.943359375, 0.8873987197875977
v,209.885986328125, 66.630859375, 0.8874530792236328
v,209.293701171875, 66.2998046875, 2.530440330505371
v,209.2939453125, 66.2998046875, 1.4802160263061523
v,208.988525390625, 66.73046875, 1.4801864624023438
v,208.98876953125, 66.73046875, -0.8831520080566406
v,208.9833984375, 66.73828125, -0.883152961730957
v,208.98291015625, 66.73828125, 2.5304107666015625
v,209.112060546875, 64.318359375, 2.530398368835449
v,208.355224609375, 63.783203125, 2.530308723449707
v,208.355712890625, 63.783203125, -0.8832550048828125
v,208.360107421875, 63.787109375, -0.8832545280456543
v,208.359619140625, 63.7861328125, 1.4800844192504883
v,209.112060546875, 64.318359375, 1.480173110961914
v,208.355712890625, 63.783203125, -0.8832550048828125
v,208.355224609375, 63.783203125, 2.530308723449707
v,207.171142578125, 65.4560546875, 2.5301952362060547
v,207.17138671875, 65.4560546875, -0.883368968963623
v,207.171142578125, 65.4560546875, 2.5301952362060547
v,208.98291015625, 66.73828125, 2.5304107666015625
v,208.9833984375, 66.73828125, -0.883152961730957
v,207.17138671875, 65.4560546875, -0.883368968963623
v,209.293701171875, 66.2998046875, 2.530440330505371
v,209.112060546875, 64.318359375, 2.530398368835449
v,209.112060546875, 64.318359375, 1.480173110961914
v,209.2939453125, 66.2998046875, 1.4802160263061523
v,208.967041015625, 66.6455078125, 2.5304079055786133
v,207.263916015625, 65.4404296875, 2.5302047729492188
v,207.263916015625, 65.4404296875, 2.3525772094726562
v,208.967041015625, 66.6455078125, 2.3527793884277344
v,209.22509765625, 66.2802734375, 2.53043270111084
v,208.967041015625, 66.6455078125, 2.5304079055786133
v,208.967041015625, 66.6455078125, 2.3527793884277344
v,209.22509765625, 66.2802734375, 2.352804183959961
v,209.04833984375, 64.35546875, 2.5303916931152344
v,209.22509765625, 66.2802734375, 2.53043270111084
v,209.22509765625, 66.2802734375, 2.352804183959961
v,209.04833984375, 64.35546875, 2.352764129638672
v,208.37109375, 63.876953125, 2.53031063079834
v,209.04833984375, 64.35546875, 2.5303916931152344
v,209.04833984375, 64.35546875, 2.352764129638672
v,208.37109375, 63.876953125, 2.3526830673217773
v,207.263916015625, 65.4404296875, 2.5302047729492188
v,208.37109375, 63.876953125, 2.53031063079834
v,208.37109375, 63.876953125, 2.3526830673217773
v,207.263916015625, 65.4404296875, 2.3525772094726562
i,11,0,9
i,14,17,18
i,24,25,26
i,29,30,33
i,40,37,39
i,44,45,46
i,49,51,48
i,52,54,55
i,56,58,59
i,60,62,63
i,64,66,67
i,70,71,72
i,75,77,74
i,78,80,81
i,83,85,86
i,89,91,88
i,94,96,97
i,100,101,102
i,105,107,104
i,108,110,111
i,113,115,112
i,117,119,116
i,121,123,120
i,124,126,127
i,128,130,131
i,132,134,135
i,0,1,2
i,2,3,4
i,4,5,0
i,5,6,7
i,7,8,9
i,5,7,9
i,0,2,4
i,11,12,0
i,9,10,11
i,5,9,0
i,14,15,16
i,18,19,13
i,19,20,13
i,14,16,17
i,18,13,14
i,28,21,27
i,21,22,27
i,22,23,26
i,23,24,26
i,22,26,27
i,30,31,33
i,31,32,33
i,34,35,36
i,34,36,29
i,34,29,33
i,41,37,40
i,37,38,39
i,47,42,46
i,42,43,46
i,43,44,46
i,49,50,51
i,52,53,54
i,56,57,58
i,60,61,62
i,64,65,66
i,73,68,72
i,68,69,72
i,69,70,72
i,75,76,77
i,78,79,80
i,87,82,83
i,83,84,85
i,86,87,83
i,89,90,91
i,97,92,94
i,92,93,94
i,94,95,96
i,103,98,102
i,98,99,102
i,99,100,102
i,105,106,107
i,108,109,110
i,113,114,115
i,117,118,119
i,121,122,123
i,124,125,126
i,128,129,130
i,132,133,134
n,0.0005026410799473524, 4.943201201967895e-05, -4.50379753112793
n,-0.0005027135484851897, -4.975376577931456e-05, 4.50379753112793
n,-0.0005119245033711195, -5.283508653519675e-05, 4.50379753112793
n,-0.0004891721182502806, -4.270725548849441e-05, 4.50379753112793
n,-0.0005001939716748893, -4.9189642595592886e-05, 4.50379753112793
n,-0.0005048282910138369, -4.268459451850504e-05, 4.50379753112793
n,4.494513511657715, -0.289032906293869, 0.0005504355649463832
n,2.610231876373291, -3.6702699661254883, 0.000319670740282163
n,-3.674328327178955, -2.60451602935791, -0.00044998881639912724
n,-2.7086009979248047, 3.598287582397461, -0.000331717892549932
n,3.5929079055786133, 2.715733289718628, 0.00044001737842336297
n,2.6924777030944824, -3.610367774963379, 0.00032974331406876445
n,-3.6784133911132812, -2.598742723464966, -0.0003374860098119825
n,-2.7034668922424316, 3.6021463871002197, -0.0002480369003023952
n,3.612471580505371, 2.6896543502807617, 0.0006628718110732734
n,4.48799991607666, -0.3768964409828186, 0.0016415014397352934
n,3.6807620525360107, 2.5954153537750244, 0.0004676069365814328
n,2.813500165939331, -3.5168750286102295, -0.0007743964088149369
n,-3.675358772277832, -2.6030616760253906, -0.00046692052274011075
n,-2.6022355556488037, 3.675943613052368, -0.0001652950159041211
n,4.484969615936279, -0.41138404607772827, 0.00092597323236987
n,2.602039337158203, -3.6760826110839844, 0.0
n,-3.6781256198883057, -2.5991508960723877, 0.0
n,-4.484947681427002, 0.4116252660751343, 0.0
n,-2.599482774734497, 3.6778910160064697, 0.0
n,3.675809860229492, 2.602424383163452, 0.0
n,0.0004884396912530065, 7.417892629746348e-05, -4.50379753112793
n,0.0005045437719672918, 5.206883724895306e-05, -4.50379753112793
n,0.000503753253724426, 4.9002883315552026e-05, -4.50379753112793
n,0.000505396572407335, 4.31282605859451e-05, -4.50379753112793
n,0.00044516799971461296, 2.8301628844928928e-06, -4.50379753112793
n,0.0005040699616074562, 4.664874359150417e-05, -4.50379753112793
n,0.0005041200201958418, 5.155679536983371e-05, -4.50379753112793
n,0.0005918264505453408, -7.770270894980058e-05, -4.50379753112793
n,0.00043743583955802023, 2.9851646559109213e-06, -4.50379753112793
n,0.0005040959804318845, 4.912122676614672e-05, -4.50379753112793
n,-0.000510052137542516, -3.972367267124355e-05, 4.50379753112793
n,-0.0005148669006302953, -5.700824476662092e-05, 4.50379753112793
n,-0.0004940102808177471, -5.0010286940960214e-05, 4.50379753112793
n,-0.0005011564353480935, -4.6602632210124284e-05, 4.50379753112793
n,-0.0005126485484652221, -4.773875480168499e-05, 4.50379753112793
n,-0.0005000911187380552, -4.558002183330245e-05, 4.50379753112793
n,-0.0005035586073063314, -4.426959640113637e-05, 4.50379753112793
n,-0.0005070784827694297, -4.966712003806606e-05, 4.50379753112793
n,-0.0005041433614678681, -5.4911153711145744e-05, 4.50379753112793
n,-0.0005072777858003974, -4.969810470356606e-05, 4.50379753112793
n,-0.00048646426876075566, -5.24309252796229e-05, 4.50379753112793
n,-0.0005088013713248074, -4.961387821822427e-05, 4.50379753112793
n,-0.0005016357754357159, -4.9786311137722805e-05, 4.50379753112793
n,-0.000512066122610122, -3.5976754588773474e-05, 4.50379753112793
n,-0.0004866359813604504, -4.031413482152857e-05, 4.50379753112793
n,-0.0004997642827220261, -5.019221862312406e-05, 4.50379753112793
n,-0.0005002109101042151, -4.921753497910686e-05, 4.50379753112793
n,-0.000501719827298075, -5.02858565596398e-05, 4.50379753112793
n,-0.0004882356442976743, -4.0041293686954305e-05, 4.50379753112793
n,-0.0005084663862362504, -3.659072535810992e-05, 4.50379753112793
n,4.494513511657715, -0.28903284668922424, 0.0005504356813617051
n,2.61023211479187, -3.670269727706909, 0.00031967079848982394
n,-3.674328327178955, -2.6045162677764893, -0.00044998893281444907
n,-2.7086007595062256, 3.598287343978882, -0.00033171780523844063
n,3.592907667160034, 2.715733051300049, 0.0004400174948386848
n,2.5976686477661133, -3.6791720390319824, 0.0
n,2.5989933013916016, -3.6782355308532715, -0.0031095603480935097
n,2.6998484134674072, -3.6048591136932373, 0.00024770491290837526
n,-3.6812381744384766, -2.5947396755218506, -0.0016277356771752238
n,-2.7041800022125244, 3.6016108989715576, -0.0004962045350112021
n,3.599086284637451, 2.7075390815734863, 0.0013163782423362136
n,3.6218466758728027, 2.6770169734954834, 0.00044356146827340126
n,3.600004196166992, 2.7063188552856445, -0.00021252235455904156
n,4.487969398498535, -0.37725594639778137, 0.0
n,3.6757800579071045, 2.6024670600891113, 0.00038845211383886635
n,3.675354242324829, 2.6030678749084473, 0.0007588189328089356
n,3.699284315109253, 2.5689473152160645, 0.0003394008963368833
n,2.6019210815429688, -3.676166534423828, 0.0
n,2.600407123565674, -3.6772372722625732, 0.0016271849162876606
n,2.3705894947052, -3.82942533493042, 0.0003011615772265941
n,-3.675583839416504, -2.6027441024780273, -0.00023347450769506395
n,-2.602442741394043, 3.6757967472076416, -0.00033061637077480555
n,4.484925270080566, -0.4118708670139313, 0.0
n,2.602039337158203, -3.6760826110839844, 0.0
n,-3.6781256198883057, -2.5991508960723877, 0.0
n,-4.484947681427002, 0.4116252660751343, 0.0
n,-2.599482774734497, 3.6778910160064697, 0.0
n,3.675809860229492, 2.602424383163452, 0.0
u,0.0, 0.0, 0
u,0.0, 0.0, 0
u,0.0, 0.0, 0
u,0.13941429555416107, 0.04785099998116493, 0
u,0.1617380976676941, 0.0022778999991714954, 0
u,0.3746025860309601, 0.28823038935661316, 0
u,0.3478285074234009, 0.40088948607444763, 0
u,0.26853978633880615, 0.39874160289764404, 0
u,0.2683523893356323, 0.3290207087993622, 0
u,0.26048341393470764, 0.3912290930747986, 0
u,0.26032501459121704, 0.33229169249534607, 0
u,0.2683523893356323, 0.3290207087993622, 0
u,0.26032501459121704, 0.33229169249534607, 0
u,0.008729900233447552, 0.39207589626312256, 0
u,0.10816139727830887, 0.13892939686775208, 0
u,0.11183790117502213, 0.1301296055316925, 0
u,0.10816139727830887, 0.13892939686775208, 0
u,0.008059400133788586, 0.13928620517253876, 0
u,0.4137217104434967, 0.763438880443573, 0
u,0.11163470149040222, 0.9726650714874268, 0
u,0.11163470149040222, 0.763438880443573, 0
u,0.4137217104434967, 0.9726650714874268, 0
u,0.5566995143890381, 0.763438880443573, 0
u,0.5566995143890381, 0.9726650714874268, 0
u,0.5943496227264404, 0.763438880443573, 0
u,0.5566995143890381, 0.9726650714874268, 0
u,0.5566995143890381, 0.763438880443573, 0
u,0.0, 0.9726650714874268, 0
u,0.02138040028512478, 0.763438880443573, 0
u,0.02138040028512478, 0.9726650714874268, 0
u,0.02138040028512478, 0.9726650714874268, 0
u,0.11163470149040222, 0.763438880443573, 0
u,0.11163470149040222, 0.9726650714874268, 0
u,0.5992875099182129, 0.5561997890472412, 0
u,0.6005082726478577, 0.5561997890472412, 0
u,0.6005082726478577, 0.709492027759552, 0
u,0.550000011920929, 0.7608199715614319, 0
u,0.5992875099182129, 0.5561997890472412, 0
u,0.5992875099182129, 0.7608199715614319, 0
u,0.8937500715255737, 0.7890347838401794, 0
u,0.94684237241745, 0.9977220892906189, 0
u,0.8937500715255737, 0.9977220892906189, 0
u,0.9488415122032166, 0.8413830995559692, 0
u,0.94684237241745, 0.9977220892906189, 0
u,0.94684237241745, 0.7890347838401794, 0
u,0.8903084993362427, 0.9023867249488831, 0
u,0.5979167222976685, 0.9726650714874268, 0
u,0.5979167222976685, 0.9023867249488831, 0
u,0.49658098816871643, 0.5127214789390564, 0
u,0.4956792891025543, 0.759204089641571, 0
u,0.4956792891025543, 0.403189092874527, 0
u,0.08842390030622482, 0.759204089641571, 0
u,0.08791910111904144, 0.759204089641571, 0
u,0.08791910111904144, 0.5127214789390564, 0
u,0.08842390030622482, 0.403189092874527, 0
u,0.28392449021339417, 0.759204089641571, 0
u,0.08842390030622482, 0.759204089641571, 0
u,0.28392449021339417, 0.403189092874527, 0
u,0.4956792891025543, 0.759204089641571, 0
u,0.28392449021339417, 0.759204089641571, 0
u,0.814167320728302, 0.7749286890029907, 0
u,0.5979167222976685, 0.8997722268104553, 0
u,0.5979167222976685, 0.7749286890029907, 0
u,0.28670281171798706, 0.9780219197273254, 0
u,0.0505606010556221, 1.0, 0
u,0.0505606010556221, 0.9780219197273254, 0
u,0.0505606010556221, 0.9780219197273254, 0
u,0.0, 1.0, 0
u,0.0, 0.9780219197273254, 0
u,0.5974578857421875, 0.9780219197273254, 0
u,0.8162885904312134, 1.0, 0
u,0.5974578857421875, 1.0, 0
u,0.5035632848739624, 0.9780219197273254, 0
u,0.5974578857421875, 1.0, 0
u,0.5035632848739624, 1.0, 0
u,0.28670281171798706, 0.9780219197273254, 0
u,0.5035632848739624, 1.0, 0
u,0.28670281171798706, 1.0, 0
u,0.0, 0.0, 0
u,0.0, 0.0, 0
u,0.0, 0.0, 0
u,0.0, 0.0, 0
u,0.0, 0.0, 0
u,0.0, 0.0, 0
u,0.0, 0.0, 0
u,0.0, 0.0, 0
u,0.0, 0.0, 0
u,0.0, 0.0, 0
u,0.0, 0.0, 0
u,0.0, 0.0, 0
u,0.0, 0.0, 0
u,0.0, 0.0, 0
u,0.0, 0.0, 0
u,0.0, 0.0, 0
u,0.0, 0.0, 0
u,0.0, 0.0, 0
u,0.0, 0.0, 0
u,0.0, 0.0, 0
u,0.0, 0.0, 0
u,0.0, 0.0, 0
u,0.0, 0.0, 0
u,0.0, 0.0, 0
u,0.0, 0.0, 0
u,0.0, 0.0, 0
u,0.0, 0.0, 0
u,0.0, 0.0, 0
u,0.0, 0.0, 0
u,0.0, 0.0, 0
u,0.13941429555416107, 0.04785099998116493, 0
u,0.002196999965235591, 0.04841339960694313, 0
u,0.0021385999862104654, 0.0024612999986857176, 0
u,0.3746025860309601, 0.28823038935661316, 0
u,0.37176090478897095, 0.398342490196228, 0
u,0.34971579909324646, 0.31928879022598267, 0
u,0.37176090478897095, 0.398342490196228, 0
u,0.3479039967060089, 0.3976253867149353, 0
u,0.34971579909324646, 0.31928879022598267, 0
u,0.13941429555416107, 0.04785099998116493, 0
u,0.0021385999862104654, 0.0024612999986857176, 0
u,0.1617380976676941, 0.0022778999991714954, 0
u,0.3746025860309601, 0.28823038935661316, 0
u,0.34971579909324646, 0.31928879022598267, 0
u,0.13941429555416107, 0.04785099998116493, 0
u,0.0006383999716490507, 0.13052600622177124, 0
u,0.0003369000041857362, 0.04842109978199005, 0
u,0.11183790117502213, 0.1301296055316925, 0
u,0.0003369000041857362, 0.04842109978199005, 0
u,0.13941429555416107, 0.04785099998116493, 0
u,0.11183790117502213, 0.1301296055316925, 0
u,0.13941429555416107, 0.04785099998116493, 0
u,0.34971579909324646, 0.31928879022598267, 0
u,0.2683523893356323, 0.3290207087993622, 0
u,0.34971579909324646, 0.31928879022598267, 0
u,0.3478285074234009, 0.40088948607444763, 0
u,0.2683523893356323, 0.3290207087993622, 0
u,0.13941429555416107, 0.04785099998116493, 0
u,0.2683523893356323, 0.3290207087993622, 0
u,0.11183790117502213, 0.1301296055316925, 0
u,0.26032501459121704, 0.33229169249534607, 0
u,0.10816139727830887, 0.13892939686775208, 0
u,0.2683523893356323, 0.3290207087993622, 0
u,0.10816139727830887, 0.13892939686775208, 0
u,0.11183790117502213, 0.1301296055316925, 0
u,0.2683523893356323, 0.3290207087993622, 0
u,0.2685430943965912, 0.39998871088027954, 0
u,0.0007170999888330698, 0.40088948607444763, 0
u,0.008729900233447552, 0.39207589626312256, 0
u,0.2685430943965912, 0.39998871088027954, 0
u,0.008729900233447552, 0.39207589626312256, 0
u,0.26048341393470764, 0.3912290930747986, 0
u,0.2685430943965912, 0.39998871088027954, 0
u,0.26048341393470764, 0.3912290930747986, 0
u,0.2683523893356323, 0.3290207087993622, 0
u,0.26048341393470764, 0.3912290930747986, 0
u,0.008729900233447552, 0.39207589626312256, 0
u,0.26032501459121704, 0.33229169249534607, 0
u,0.008729900233447552, 0.39207589626312256, 0
u,0.008059400133788586, 0.13928620517253876, 0
u,0.10816139727830887, 0.13892939686775208, 0
u,0.008729900233447552, 0.39207589626312256, 0
u,0.0007170999888330698, 0.40088948607444763, 0
u,0.008059400133788586, 0.13928620517253876, 0
u,0.0007170999888330698, 0.40088948607444763, 0
u,0.0, 0.13052819669246674, 0
u,0.008059400133788586, 0.13928620517253876, 0
u,0.0, 0.13052819669246674, 0
u,0.11183790117502213, 0.1301296055316925, 0
u,0.008059400133788586, 0.13928620517253876, 0
u,0.4137217104434967, 0.763438880443573, 0
u,0.4137217104434967, 0.9726650714874268, 0
u,0.11163470149040222, 0.9726650714874268, 0
u,0.4137217104434967, 0.9726650714874268, 0
u,0.4137217104434967, 0.763438880443573, 0
u,0.5566995143890381, 0.763438880443573, 0
u,0.5943496227264404, 0.763438880443573, 0
u,0.5943496227264404, 0.9726650714874268, 0
u,0.5566995143890381, 0.9726650714874268, 0
u,0.0, 0.9726650714874268, 0
u,0.0, 0.763438880443573, 0
u,0.02138040028512478, 0.763438880443573, 0
u,0.02138040028512478, 0.9726650714874268, 0
u,0.02138040028512478, 0.763438880443573, 0
u,0.11163470149040222, 0.763438880443573, 0
u,0.6905726194381714, 0.709492027759552, 0
u,0.6905726194381714, 0.7608199715614319, 0
u,0.6005082726478577, 0.709492027759552, 0
u,0.6905726194381714, 0.7608199715614319, 0
u,0.5992875099182129, 0.7608199715614319, 0
u,0.6005082726478577, 0.709492027759552, 0
u,0.5992875099182129, 0.7608199715614319, 0
u,0.5992875099182129, 0.5561997890472412, 0
u,0.6005082726478577, 0.709492027759552, 0
u,0.550000011920929, 0.7608199715614319, 0
u,0.550000011920929, 0.5561997890472412, 0
u,0.5992875099182129, 0.5561997890472412, 0
u,0.8937500715255737, 0.7890347838401794, 0
u,0.94684237241745, 0.7890347838401794, 0
u,0.94684237241745, 0.9977220892906189, 0
u,0.9968165159225464, 0.7890347838401794, 0
u,0.9968165159225464, 0.8413830995559692, 0
u,0.9488415122032166, 0.8413830995559692, 0
u,0.9488415122032166, 0.8413830995559692, 0
u,0.9488415122032166, 0.9977220892906189, 0
u,0.94684237241745, 0.9977220892906189, 0
u,0.94684237241745, 0.7890347838401794, 0
u,0.9968165159225464, 0.7890347838401794, 0
u,0.9488415122032166, 0.8413830995559692, 0
u,0.8903084993362427, 0.9023867249488831, 0
u,0.8903084993362427, 0.9726650714874268, 0
u,0.5979167222976685, 0.9726650714874268, 0
u,0.4956792891025543, 0.403189092874527, 0
u,0.5469967722892761, 0.403189092874527, 0
u,0.49658098816871643, 0.5127214789390564, 0
u,0.5469967722892761, 0.403189092874527, 0
u,0.5469967722892761, 0.5127214789390564, 0
u,0.49658098816871643, 0.5127214789390564, 0
u,0.49658098816871643, 0.5127214789390564, 0
u,0.49658098816871643, 0.759204089641571, 0
u,0.4956792891025543, 0.759204089641571, 0
u,0.0, 0.5127214789390564, 0
u,0.0, 0.403189092874527, 0
u,0.08791910111904144, 0.5127214789390564, 0
u,0.0, 0.403189092874527, 0
u,0.08842390030622482, 0.403189092874527, 0
u,0.08791910111904144, 0.5127214789390564, 0
u,0.08842390030622482, 0.403189092874527, 0
u,0.08842390030622482, 0.759204089641571, 0
u,0.08791910111904144, 0.5127214789390564, 0
u,0.08842390030622482, 0.403189092874527, 0
u,0.28392449021339417, 0.403189092874527, 0
u,0.28392449021339417, 0.759204089641571, 0
u,0.28392449021339417, 0.403189092874527, 0
u,0.4956792891025543, 0.403189092874527, 0
u,0.4956792891025543, 0.759204089641571, 0
u,0.814167320728302, 0.7749286890029907, 0
u,0.814167320728302, 0.8997722268104553, 0
u,0.5979167222976685, 0.8997722268104553, 0
u,0.28670281171798706, 0.9780219197273254, 0
u,0.28670281171798706, 1.0, 0
u,0.0505606010556221, 1.0, 0
u,0.0505606010556221, 0.9780219197273254, 0
u,0.0505606010556221, 1.0, 0
u,0.0, 1.0, 0
u,0.5974578857421875, 0.9780219197273254, 0
u,0.8162885904312134, 0.9780219197273254, 0
u,0.8162885904312134, 1.0, 0
u,0.5035632848739624, 0.9780219197273254, 0
u,0.5974578857421875, 0.9780219197273254, 0
u,0.5974578857421875, 1.0, 0
u,0.28670281171798706, 0.9780219197273254, 0
u,0.5035632848739624, 0.9780219197273254, 0
u,0.5035632848739624, 1.0, 0
