s,156.931640625, 86.6494140625, 0.12948274612426758
b,160.69677734375, 90.978515625, 7.989863872528076
v,157.65185546875, 89.7548828125, 7.989782810211182
v,157.652099609375, 89.7548828125, 7.482431888580322
v,158.635986328125, 88.5478515625, 7.482472896575928
v,158.635986328125, 88.5478515625, 7.989822864532471
v,160.155517578125, 88.3388671875, 0.12967824935913086
v,160.1318359375, 88.3193359375, 0.12967586517333984
v,160.69677734375, 87.630859375, 0.1297001838684082
v,160.194091796875, 87.2138671875, 0.12965059280395508
v,160.2412109375, 87.1552734375, 0.1296529769897461
v,159.622802734375, 86.6494140625, 0.1295919418334961
v,157.318115234375, 89.4541015625, 0.12949275970458984
v,157.424072265625, 89.541015625, 0.1295027732849121
v,156.932373046875, 90.1181640625, 0.12948274612426758
v,157.98681640625, 90.978515625, 0.12958669662475586
v,160.079833984375, 88.27734375, 6.807590961456299
v,159.626220703125, 87.9052734375, 6.807545185089111
v,160.1513671875, 87.2646484375, 6.8075690269470215
v,160.602783203125, 87.6396484375, 6.807613849639893
v,160.079833984375, 88.27734375, 7.362677097320557
v,160.602783203125, 87.6396484375, 7.362700939178467
v,160.1513671875, 87.2646484375, 7.362656116485596
v,160.193603515625, 87.212890625, 7.3626580238342285
v,160.6962890625, 87.630859375, 7.362707614898682
v,160.131103515625, 88.3193359375, 7.362681865692139
v,157.61279296875, 89.5244140625, 7.637847423553467
v,157.121337890625, 90.1005859375, 7.637826442718506
v,157.9677734375, 90.791015625, 7.637909412384033
v,157.986572265625, 90.978515625, 7.6379170417785645
v,156.931640625, 90.1181640625, 7.637813091278076
v,157.42333984375, 89.541015625, 7.637834072113037
v,157.317626953125, 89.4541015625, 7.637823581695557
v,159.622314453125, 86.6494140625, 7.6379218101501465
v,160.24072265625, 87.1552734375, 7.6379828453063965
v,159.6259765625, 87.9052734375, 7.637955188751221
v,159.438720703125, 87.923828125, 7.637941837310791
v,160.05322265625, 87.173828125, 7.637969493865967
v,159.640625, 86.8359375, 7.637928485870361
v,157.505126953125, 89.435546875, 7.637836933135986
v,159.8740234375, 87.02734375, 7.482527256011963
v,158.6357421875, 88.5478515625, 7.482472896575928
v,157.65185546875, 89.7548828125, 7.482431888580322
v,157.270751953125, 90.2236328125, 7.48241662979126
v,157.121337890625, 90.1005859375, 7.482401371002197
v,157.61279296875, 89.5244140625, 7.482421398162842
v,157.505126953125, 89.435546875, 7.482411861419678
v,159.640625, 86.8359375, 7.482503414154053
v,158.073974609375, 90.1064453125, 7.482473850250244
v,159.057373046875, 88.8974609375, 7.48251485824585
v,158.6357421875, 88.5478515625, 7.482472896575928
v,159.8740234375, 87.02734375, 7.482527256011963
v,160.05322265625, 87.173828125, 7.482543468475342
v,159.438720703125, 87.923828125, 7.482516765594482
v,159.967529296875, 88.3564453125, 7.482569217681885
v,157.9677734375, 90.791015625, 7.482486248016357
v,157.270751953125, 90.2236328125, 7.48241662979126
v,157.65185546875, 89.7548828125, 7.482431888580322
v,157.9677734375, 90.791015625, 7.637909412384033
v,159.967529296875, 88.3564453125, 7.637994289398193
v,159.438720703125, 87.923828125, 7.637941837310791
v,159.6259765625, 87.9052734375, 7.637955188751221
v,160.155029296875, 88.3388671875, 7.638007640838623
v,157.986572265625, 90.978515625, 7.6379170417785645
v,158.6357421875, 88.5478515625, 7.989822864532471
v,159.057373046875, 88.8974609375, 7.989863872528076
v,158.073974609375, 90.1064453125, 7.989822864532471
v,157.651611328125, 89.7548828125, 7.989782810211182
v,160.1513671875, 87.2646484375, 6.8075690269470215
v,160.1513671875, 87.2646484375, 7.362656116485596
v,160.602783203125, 87.6396484375, 7.362700939178467
v,160.602783203125, 87.6396484375, 6.807613849639893
v,160.079833984375, 88.27734375, 7.362677097320557
v,160.079833984375, 88.27734375, 6.807590961456299
v,160.602783203125, 87.6396484375, 6.807613849639893
v,160.602783203125, 87.6396484375, 7.362700939178467
v,160.1318359375, 88.3193359375, 0.12967586517333984
v,160.131103515625, 88.3193359375, 7.362681865692139
v,160.6962890625, 87.630859375, 7.362707614898682
v,160.69677734375, 87.630859375, 0.1297001838684082
v,160.193603515625, 87.212890625, 7.3626580238342285
v,160.194091796875, 87.2138671875, 0.12965059280395508
v,160.69677734375, 87.630859375, 0.1297001838684082
v,160.6962890625, 87.630859375, 7.362707614898682
v,160.079833984375, 88.27734375, 7.362677097320557
v,160.131103515625, 88.3193359375, 7.362681865692139
v,160.1318359375, 88.3193359375, 0.12967586517333984
v,160.155517578125, 88.3388671875, 0.12967824935913086
v,160.155029296875, 88.3388671875, 7.638007640838623
v,159.6259765625, 87.9052734375, 7.637955188751221
v,159.626220703125, 87.9052734375, 6.807545185089111
v,160.079833984375, 88.27734375, 6.807590961456299
v,159.622314453125, 86.6494140625, 7.6379218101501465
v,157.317626953125, 89.4541015625, 7.637823581695557
v,157.318115234375, 89.4541015625, 0.12949275970458984
v,159.622802734375, 86.6494140625, 0.1295919418334961
v,157.317626953125, 89.4541015625, 7.637823581695557
v,157.42333984375, 89.541015625, 7.637834072113037
v,157.424072265625, 89.541015625, 0.1295027732849121
v,157.318115234375, 89.4541015625, 0.12949275970458984
v,157.42333984375, 89.541015625, 7.637834072113037
v,156.931640625, 90.1181640625, 7.637813091278076
v,156.932373046875, 90.1181640625, 0.12948274612426758
v,157.424072265625, 89.541015625, 0.1295027732849121
v,156.931640625, 90.1181640625, 7.637813091278076
v,157.986572265625, 90.978515625, 7.6379170417785645
v,157.98681640625, 90.978515625, 0.12958669662475586
v,156.932373046875, 90.1181640625, 0.12948274612426758
v,157.98681640625, 90.978515625, 0.12958669662475586
v,157.986572265625, 90.978515625, 7.6379170417785645
v,160.155029296875, 88.3388671875, 7.638007640838623
v,160.155517578125, 88.3388671875, 0.12967824935913086
v,159.6259765625, 87.9052734375, 7.637955188751221
v,160.24072265625, 87.1552734375, 7.6379828453063965
v,160.2412109375, 87.1552734375, 0.1296529769897461
v,160.194091796875, 87.2138671875, 0.12965059280395508
v,160.193603515625, 87.212890625, 7.3626580238342285
v,160.1513671875, 87.2646484375, 7.362656116485596
v,160.1513671875, 87.2646484375, 6.8075690269470215
v,159.626220703125, 87.9052734375, 6.807545185089111
v,160.2412109375, 87.1552734375, 0.1296529769897461
v,160.24072265625, 87.1552734375, 7.6379828453063965
v,159.622314453125, 86.6494140625, 7.6379218101501465
v,159.622802734375, 86.6494140625, 0.1295919418334961
v,159.640625, 86.8359375, 7.637928485870361
v,160.05322265625, 87.173828125, 7.637969493865967
v,160.05322265625, 87.173828125, 7.482543468475342
v,159.8740234375, 87.02734375, 7.482527256011963
v,159.640625, 86.8359375, 7.482503414154053
v,157.505126953125, 89.435546875, 7.637836933135986
v,159.640625, 86.8359375, 7.637928485870361
v,159.640625, 86.8359375, 7.482503414154053
v,157.505126953125, 89.435546875, 7.482411861419678
v,157.61279296875, 89.5244140625, 7.637847423553467
v,157.505126953125, 89.435546875, 7.637836933135986
v,157.505126953125, 89.435546875, 7.482411861419678
v,157.61279296875, 89.5244140625, 7.482421398162842
v,157.121337890625, 90.1005859375, 7.637826442718506
v,157.61279296875, 89.5244140625, 7.637847423553467
v,157.61279296875, 89.5244140625, 7.482421398162842
v,157.121337890625, 90.1005859375, 7.482401371002197
v,157.9677734375, 90.791015625, 7.637909412384033
v,157.121337890625, 90.1005859375, 7.637826442718506
v,157.121337890625, 90.1005859375, 7.482401371002197
v,157.270751953125, 90.2236328125, 7.48241662979126
v,157.9677734375, 90.791015625, 7.482486248016357
v,159.967529296875, 88.3564453125, 7.482569217681885
v,159.967529296875, 88.3564453125, 7.637994289398193
v,157.9677734375, 90.791015625, 7.637909412384033
v,157.9677734375, 90.791015625, 7.482486248016357
v,159.438720703125, 87.923828125, 7.637941837310791
v,159.967529296875, 88.3564453125, 7.637994289398193
v,159.967529296875, 88.3564453125, 7.482569217681885
v,159.438720703125, 87.923828125, 7.482516765594482
v,160.05322265625, 87.173828125, 7.637969493865967
v,159.438720703125, 87.923828125, 7.637941837310791
v,159.438720703125, 87.923828125, 7.482516765594482
v,160.05322265625, 87.173828125, 7.482543468475342
v,157.651611328125, 89.7548828125, 7.989782810211182
v,158.073974609375, 90.1064453125, 7.989822864532471
v,158.073974609375, 90.1064453125, 7.482473850250244
v,157.65185546875, 89.7548828125, 7.482431888580322
v,159.057373046875, 88.8974609375, 7.989863872528076
v,159.057373046875, 88.8974609375, 7.48251485824585
v,158.073974609375, 90.1064453125, 7.482473850250244
v,158.073974609375, 90.1064453125, 7.989822864532471
v,158.6357421875, 88.5478515625, 7.482472896575928
v,159.057373046875, 88.8974609375, 7.48251485824585
v,159.057373046875, 88.8974609375, 7.989863872528076
v,158.6357421875, 88.5478515625, 7.989822864532471
i,0,2,3
i,5,7,9
i,15,17,14
i,19,21,22
i,31,35,36
i,40,42,43
i,47,52,53
i,57,59,60
i,63,65,62
i,67,69,66
i,70,72,73
i,74,76,77
i,78,80,81
i,82,83,86
i,90,92,93
i,94,96,97
i,99,101,98
i,102,104,105
i,106,108,109
i,111,114,115
i,118,120,121
i,123,124,125
i,127,129,130
i,132,134,131
i,135,137,138
i,140,141,142
i,144,146,147
i,148,150,151
i,153,155,152
i,156,158,159
i,161,163,160
i,165,167,164
i,0,1,2
i,13,4,11
i,4,5,11
i,5,6,7
i,7,8,9
i,9,10,5
i,10,11,5
i,11,12,13
i,15,16,17
i,23,18,19
i,19,20,21
i,22,23,19
i,37,24,29
i,24,25,29
i,25,26,27
i,29,30,37
i,30,31,36
i,37,30,36
i,32,33,35
i,33,34,35
i,25,27,28
i,25,28,29
i,31,32,35
i,45,38,39
i,40,41,42
i,45,39,44
i,39,40,43
i,43,44,39
i,48,49,51
i,49,50,51
i,47,48,51
i,53,54,46
i,54,55,46
i,47,51,52
i,53,46,47
i,61,56,57
i,57,58,59
i,60,61,57
i,63,64,65
i,67,68,69
i,70,71,72
i,74,75,76
i,78,79,80
i,83,84,85
i,86,87,82
i,87,88,82
i,88,89,82
i,83,85,86
i,90,91,92
i,94,95,96
i,99,100,101
i,102,103,104
i,106,107,108
i,117,110,115
i,110,111,115
i,111,112,114
i,112,113,114
i,115,116,117
i,118,119,120
i,126,122,125
i,122,123,125
i,127,128,129
i,132,133,134
i,135,136,137
i,143,139,142
i,139,140,142
i,144,145,146
i,148,149,150
i,153,154,155
i,156,157,158
i,161,162,163
i,165,166,167
n,-3.4911601543426514, -2.8453457355499268, 0.0
n,0.0003395356179680675, 0.0001225952000822872, -4.50379753112793
n,-0.00035066669806838036, -0.00012612182763405144, 4.50379753112793
n,-0.0003379598492756486, -0.00012292565952520818, 4.50379753112793
n,-0.00033791863825172186, -0.00012965346104465425, 4.50379753112793
n,-0.00034965763916261494, -0.00013926421524956822, 4.50379753112793
n,-0.00034592419979162514, -0.0001305667101405561, 4.50379753112793
n,-0.0003383009461686015, -0.00013265456072986126, 4.50379753112793
n,-0.0003340064431540668, -0.00012055661500198767, 4.50379753112793
n,-2.8763787746429443, 3.4656364917755127, 0.0
n,-3.4819445610046387, -2.8566155433654785, 0.0
n,3.4822757244110107, 2.8562116622924805, 0.00020878315262962133
n,2.8800270557403564, -3.4626052379608154, 0.00017267475777771324
n,2.870272636413574, -3.4706859588623047, -0.008119272068142891
n,-3.4799389839172363, -2.8590590953826904, -0.0002009923045989126
n,-2.8720574378967285, 3.4692184925079346, -0.0002488239551894367
n,-3.4293322563171387, -2.9195668697357178, -0.0006343573913909495
n,-2.846970558166504, 3.489835262298584, -0.0002466505393385887
n,3.4803028106689453, 2.8586158752441406, 0.0002010133321164176
n,3.4954562187194824, 2.840057849884033, -0.006882136221975088
n,2.853238344192505, -3.484712600708008, 0.00016479571058880538
n,-2.8524343967437744, 3.4853708744049072, 0.0
n,3.4799582958221436, 2.8590352535247803, 0.0
n,2.861128568649292, -3.4782350063323975, 0.003991503734141588
n,3.4278018474578857, 2.921363592147827, 0.0
n,2.8528010845184326, -3.4850704669952393, 0.0
n,-3.4803545475006104, -2.8585526943206787, 0.0
n,-2.8523638248443604, 3.48542857170105, 0.0
n,-3.4842209815979004, -2.8538389205932617, 0.0
n,-2.8815107345581055, 3.4613707065582275, -0.0012314970372244716
n,3.492774248123169, 2.8433640003204346, 0.0
n,2.8781774044036865, -3.4641425609588623, 0.0
n,-3.4914674758911133, -2.844968795776367, -0.0014921796973794699
n,0.0003452705277595669, 0.00012754688214045018, -4.50379753112793
n,0.0003579653275664896, 0.00015637108299415559, -4.50379753112793
n,0.0003457459097262472, 0.00012294467887841165, -4.50379753112793
n,0.0003632801817730069, 9.85679289442487e-05, -4.50379753112793
n,0.00034198458888567984, 0.00012184879597043619, -4.50379753112793
n,0.00033862891723401845, 0.000113526257337071, -4.50379753112793
n,0.00033875423832796514, 0.00013009911344852298, -4.50379753112793
n,-0.0003488185175228864, -0.00011932100460398942, 4.50379753112793
n,-0.00034790835343301296, -0.00011787486437242478, 4.50379753112793
n,-0.00033510400680825114, -0.00012566399527713656, 4.50379753112793
n,-0.00033677445026114583, -0.00011015283962478861, 4.50379753112793
n,-0.00033231344423256814, -0.00011345109669491649, 4.50379753112793
n,-0.00033333897590637207, -0.00012523123587016016, 4.50379753112793
n,-0.00033605200587771833, -0.00012944814807269722, 4.50379753112793
n,-0.0003367734607309103, -0.00011692513362504542, 4.50379753112793
n,-0.000348525820299983, -0.00012860992865171283, 4.50379753112793
n,-0.0003369067853782326, -0.00011829791037598625, 4.50379753112793
n,-0.00033639746834523976, -0.00011305329098831862, 4.50379753112793
n,-0.00033736796467565, -0.00011362027726136148, 4.50379753112793
n,-0.00033374314079992473, -0.00013172393664717674, 4.50379753112793
n,-0.00033313973108306527, -0.0001251238281838596, 4.50379753112793
n,-0.00033800280652940273, -0.00012958435399923474, 4.50379753112793
n,-0.00035360042238608, -0.00012741908722091466, 4.50379753112793
n,-0.0003478646103758365, -0.00013651515473611653, 4.50379753112793
n,-0.00033399107633158565, -0.00011590244685066864, 4.50379753112793
n,-0.0003557698510121554, -0.00013823019980918616, 4.50379753112793
n,-0.0003318596864119172, -0.00011318930773995817, 4.50379753112793
n,-0.0003329543978907168, -0.0001106037016143091, 4.50379753112793
n,-0.00033474850351922214, -0.00011147472832817584, 4.50379753112793
n,-0.00034619838697835803, -0.00012765602150466293, 4.50379753112793
n,-0.00034206113195978105, -0.00013087636034470052, 4.50379753112793
n,-0.00034221255918964744, -0.00013191501784604043, 4.50379753112793
n,-0.00034358492121100426, -0.00012663319648709148, 4.50379753112793
n,-0.0003480810846667737, -0.00013180793030187488, 4.50379753112793
n,-0.0003470454830676317, -0.00012835388770326972, 4.50379753112793
n,-0.00033923477167263627, -0.00013194882194511592, 4.50379753112793
n,-0.00033715771860443056, -0.00012088334187865257, 4.50379753112793
n,-0.00033375664497725666, -0.00012014682579319924, 4.50379753112793
n,-2.8763787746429443, 3.465636730194092, 0.0
n,-3.4819447994232178, -2.8566155433654785, 0.0
n,3.481738328933716, 2.8568673133850098, 0.0003131264238618314
n,2.876490592956543, -3.465543746948242, -0.00024309713626280427
n,2.8291544914245605, -3.50429368019104, 0.0002544370072428137
n,2.8550829887390137, -3.483201265335083, -0.0011692290427163243
n,2.8557777404785156, -3.4826319217681885, 0.0007456803577952087
n,2.856323480606079, -3.482184410095215, 0.0
n,2.812356472015381, -3.517789602279663, 0.0001624344731681049
n,-3.479806900024414, -2.859219551086426, -0.0003014769754372537
n,-2.8550829887390137, 3.483201503753662, 0.00015500810695812106
n,-3.4271657466888428, -2.922109842300415, -0.00029691634699702263
n,-2.8466196060180664, 3.490121841430664, -0.00016441340267192572
n,3.4803028106689453, 2.8586158752441406, 0.0002010133321164176
n,3.4814682006835938, 2.857196092605591, 0.0009090560488402843
n,3.4821064472198486, 2.8564157485961914, 0.0039421203546226025
n,3.4785678386688232, 2.8607265949249268, 0.0003013696987181902
n,3.4938647747039795, 2.842024564743042, 0.0005502704880200326
n,3.4818549156188965, 2.8567252159118652, 0.0
n,2.853837013244629, -3.484222173690796, 0.00024724542163312435
n,-2.851269006729126, 3.4863245487213135, 0.0
n,-2.8517749309539795, 3.485910177230835, -0.001268202206119895
n,3.4799585342407227, 2.859035015106201, 0.0
n,2.857692241668701, -3.4810612201690674, 0.0
n,3.428436279296875, 2.9206154346466064, 0.004782943520694971
n,2.8451688289642334, -3.491304397583008, 0.0
n,2.8465123176574707, -3.49019455909729, -0.010077481158077717
n,-3.4803545475006104, -2.8585526943206787, 0.0
n,-2.8523638248443604, 3.48542857170105, 0.0
n,-3.4842209815979004, -2.8538389205932617, 0.0
n,-2.880636692047119, 3.4620983600616455, 0.0
n,3.492774248123169, 2.8433640003204346, 0.0
n,2.8781776428222656, -3.4641430377960205, 0.0
u,0.9647390842437744, 0.7183086276054382, 0
u,0.9972882270812988, 0.9236900210380554, 0
u,0.9647390842437744, 0.9236900210380554, 0
u,0.0, 0.0, 0
u,0.0, 0.0, 0
u,0.0, 0.0, 0
u,0.9053763151168823, 0.4029029905796051, 0
u,0.9548547267913818, 0.2598307132720947, 0
u,0.9548829197883606, 0.4028039872646332, 0
u,0.9548547267913818, 0.2598307132720947, 0
u,0.9053220748901367, 0.24769070744514465, 0
u,0.9604731798171997, 0.24834629893302917, 0
u,0.8378589749336243, 0.23501190543174744, 0
u,0.8940842151641846, 0.25792279839515686, 0
u,0.8490982055664062, 0.2580758035182953, 0
u,0.8757302165031433, 0.8681790232658386, 0
u,0.859639585018158, 0.9728984236717224, 0
u,0.860805094242096, 0.8415002822875977, 0
u,0.9214801788330078, 0.5985832810401917, 0
u,0.9518488049507141, 0.42591211199760437, 0
u,0.9518488049507141, 0.9723036885261536, 0
u,0.9518488049507141, 0.42591211199760437, 0
u,0.9053763151168823, 0.4029029905796051, 0
u,0.9630903005599976, 0.40278759598731995, 0
u,0.9214801788330078, 0.5985832810401917, 0
u,0.8757302165031433, 0.8681790232658386, 0
u,0.8752071261405945, 0.5980467200279236, 0
u,0.8377997279167175, 0.23121510446071625, 0
u,0.8753908276557922, 0.14952610433101654, 0
u,0.8753908276557922, 0.23121510446071625, 0
u,0.8377997279167175, 0.03478259965777397, 0
u,0.8753908276557922, 0.14952610433101654, 0
u,0.8377997279167175, 0.14952610433101654, 0
u,0.8350561857223511, 0.07536230236291885, 0
u,0.7796956896781921, 0.9993053078651428, 0
u,0.7796956896781921, 0.07536230236291885, 0
u,0.7390692234039307, 0.9993053078651428, 0
u,0.7796956896781921, 0.07536230236291885, 0
u,0.7796956896781921, 0.9993053078651428, 0
u,0.03677999973297119, 0.9637318253517151, 0
u,0.040955800563097, 0.9637318253517151, 0
u,0.042877499014139175, 0.9992023706436157, 0
u,0.6261798739433289, 0.9992023706436157, 0
u,0.3985747992992401, 0.031883999705314636, 0
u,0.6261798739433289, 0.031883999705314636, 0
u,0.3985747992992401, 0.9992023706436157, 0
u,0.38998860120773315, 0.031883999705314636, 0
u,0.3985747992992401, 0.031883999705314636, 0
u,0.3424525856971741, 0.9992023706436157, 0
u,0.38998860120773315, 0.031883999705314636, 0
u,0.38998860120773315, 0.9992023706436157, 0
u,0.3424525856971741, 0.9992023706436157, 0
u,0.25708961486816406, 0.031883999705314636, 0
u,0.3424525856971741, 0.031883999705314636, 0
u,0.25708961486816406, 0.031883999705314636, 0
u,0.042877499014139175, 0.9992023706436157, 0
u,0.042877499014139175, 0.031883999705314636, 0
u,0.676297128200531, 0.9992023706436157, 0
u,0.6809635162353516, 0.9637318253517151, 0
u,0.6851394772529602, 0.9637318253517151, 0
u,0.676297128200531, 0.031883999705314636, 0
u,0.6261798739433289, 0.9992023706436157, 0
u,0.6261798739433289, 0.031883999705314636, 0
u,0.4012260138988495, 0.026086900383234024, 0
u,0.4012260138988495, 0.004354199860244989, 0
u,0.41697850823402405, 0.004354199860244989, 0
u,0.6664159297943115, 0.026086900383234024, 0
u,0.4375, 0.004354199860244989, 0
u,0.6664159297943115, 0.004354199860244989, 0
u,0.6664159297943115, 0.026086900383234024, 0
u,0.6758996844291687, 0.004354199860244989, 0
u,0.6758996844291687, 0.026086900383234024, 0
u,0.7274643778800964, 0.026086900383234024, 0
u,0.6758996844291687, 0.004354199860244989, 0
u,0.7274643778800964, 0.004354199860244989, 0
u,0.0, 0.026086900383234024, 0
u,0.0, 0.004354199860244989, 0
u,0.013137999922037125, 0.004354199860244989, 0
u,0.28873708844184875, 0.004354199860244989, 0
u,0.0743521973490715, 0.026086900383234024, 0
u,0.0743521973490715, 0.004354199860244989, 0
u,0.3352676033973694, 0.026086900383234024, 0
u,0.28873708844184875, 0.004354199860244989, 0
u,0.3352676033973694, 0.004354199860244989, 0
u,0.3352676033973694, 0.026086900383234024, 0
u,0.4012260138988495, 0.004354199860244989, 0
u,0.4012260138988495, 0.026086900383234024, 0
u,0.9647390842437744, 0.7183086276054382, 0
u,0.9972882270812988, 0.6459556221961975, 0
u,0.9972882270812988, 0.7183086276054382, 0
u,0.9972882270812988, 0.44057971239089966, 0
u,0.9647390842437744, 0.6459556221961975, 0
u,0.9647390842437744, 0.44057971239089966, 0
u,0.9972882270812988, 0.9959911108016968, 0
u,0.9647390842437744, 0.9236900210380554, 0
u,0.9972882270812988, 0.9236900210380554, 0
u,0.9647390842437744, 0.7183086276054382, 0
u,0.9972882270812988, 0.7183086276054382, 0
u,0.9972882270812988, 0.9236900210380554, 0
u,0.0, 0.0, 0
u,0.0, 0.0, 0
u,0.0, 0.0, 0
u,0.0, 0.0, 0
u,0.0, 0.0, 0
u,0.0, 0.0, 0
u,0.0, 0.0, 0
u,0.0, 0.0, 0
u,0.0, 0.0, 0
u,0.0, 0.0, 0
u,0.0, 0.0, 0
u,0.0, 0.0, 0
u,0.0, 0.0, 0
u,0.0, 0.0, 0
u,0.0, 0.0, 0
u,0.0, 0.0, 0
u,0.0, 0.0, 0
u,0.0, 0.0, 0
u,0.0, 0.0, 0
u,0.0, 0.0, 0
u,0.0, 0.0, 0
u,0.9053763151168823, 0.4029029905796051, 0
u,0.9053261280059814, 0.25924190878868103, 0
u,0.9548547267913818, 0.2598307132720947, 0
u,0.9605035781860352, 0.4027928113937378, 0
u,0.9548829197883606, 0.4028039872646332, 0
u,0.9548547267913818, 0.2598307132720947, 0
u,0.9548547267913818, 0.2598307132720947, 0
u,0.9053261280059814, 0.25924190878868103, 0
u,0.9053220748901367, 0.24769070744514465, 0
u,0.9604731798171997, 0.24834629893302917, 0
u,0.9605035781860352, 0.4027928113937378, 0
u,0.9548547267913818, 0.2598307132720947, 0
u,0.8490434288978577, 0.8415017127990723, 0
u,0.860805094242096, 0.8415002822875977, 0
u,0.8493567705154419, 0.864603579044342, 0
u,0.860805094242096, 0.8415002822875977, 0
u,0.859639585018158, 0.9728984236717224, 0
u,0.8493567705154419, 0.864603579044342, 0
u,0.859639585018158, 0.9728984236717224, 0
u,0.9518488049507141, 0.9723036885261536, 0
u,0.9630903005599976, 0.9953333139419556, 0
u,0.8493567705154419, 0.864603579044342, 0
u,0.8377997279167175, 0.8646051287651062, 0
u,0.8490434288978577, 0.8415017127990723, 0
u,0.8377997279167175, 0.8646051287651062, 0
u,0.8378589749336243, 0.23501190543174744, 0
u,0.8490982055664062, 0.2580758035182953, 0
u,0.8490434288978577, 0.8415017127990723, 0
u,0.8377997279167175, 0.8646051287651062, 0
u,0.8490982055664062, 0.2580758035182953, 0
u,0.905317485332489, 0.2347826063632965, 0
u,0.9053763151168823, 0.4029029905796051, 0
u,0.8940842151641846, 0.25792279839515686, 0
u,0.9053763151168823, 0.4029029905796051, 0
u,0.8941429257392883, 0.4260275065898895, 0
u,0.8940842151641846, 0.25792279839515686, 0
u,0.859639585018158, 0.9728984236717224, 0
u,0.9630903005599976, 0.9953333139419556, 0
u,0.8481907248497009, 0.9960743188858032, 0
u,0.859639585018158, 0.9728984236717224, 0
u,0.8481907248497009, 0.9960743188858032, 0
u,0.8493567705154419, 0.864603579044342, 0
u,0.8378589749336243, 0.23501190543174744, 0
u,0.905317485332489, 0.2347826063632965, 0
u,0.8940842151641846, 0.25792279839515686, 0
u,0.8490982055664062, 0.2580758035182953, 0
u,0.8745483756065369, 0.25798919796943665, 0
u,0.8752071261405945, 0.5980467200279236, 0
u,0.8757302165031433, 0.8681790232658386, 0
u,0.8759328722953796, 0.9727932810783386, 0
u,0.859639585018158, 0.9728984236717224, 0
u,0.8490982055664062, 0.2580758035182953, 0
u,0.8752071261405945, 0.5980467200279236, 0
u,0.8490434288978577, 0.8415017127990723, 0
u,0.8752071261405945, 0.5980467200279236, 0
u,0.8757302165031433, 0.8681790232658386, 0
u,0.860805094242096, 0.8415002822875977, 0
u,0.860805094242096, 0.8415002822875977, 0
u,0.8490434288978577, 0.8415017127990723, 0
u,0.8752071261405945, 0.5980467200279236, 0
u,0.8752071261405945, 0.5980467200279236, 0
u,0.8745483756065369, 0.25798919796943665, 0
u,0.8941429257392883, 0.4260275065898895, 0
u,0.8745483756065369, 0.25798919796943665, 0
u,0.8940842151641846, 0.25792279839515686, 0
u,0.8941429257392883, 0.4260275065898895, 0
u,0.9214801788330078, 0.5985832810401917, 0
u,0.8752071261405945, 0.5980467200279236, 0
u,0.8941429257392883, 0.4260275065898895, 0
u,0.9518488049507141, 0.9723036885261536, 0
u,0.8759328722953796, 0.9727932810783386, 0
u,0.9220367074012756, 0.868708074092865, 0
u,0.8759328722953796, 0.9727932810783386, 0
u,0.8757302165031433, 0.8681790232658386, 0
u,0.9220367074012756, 0.868708074092865, 0
u,0.9214801788330078, 0.5985832810401917, 0
u,0.8941429257392883, 0.4260275065898895, 0
u,0.9518488049507141, 0.42591211199760437, 0
u,0.9518488049507141, 0.9723036885261536, 0
u,0.9220367074012756, 0.868708074092865, 0
u,0.9214801788330078, 0.5985832810401917, 0
u,0.9630903005599976, 0.9953333139419556, 0
u,0.9518488049507141, 0.9723036885261536, 0
u,0.9518488049507141, 0.42591211199760437, 0
u,0.9518488049507141, 0.42591211199760437, 0
u,0.8941429257392883, 0.4260275065898895, 0
u,0.9053763151168823, 0.4029029905796051, 0
u,0.9630903005599976, 0.40278759598731995, 0
u,0.9630903005599976, 0.9953333139419556, 0
u,0.9518488049507141, 0.42591211199760437, 0
u,0.9214801788330078, 0.5985832810401917, 0
u,0.9220367074012756, 0.868708074092865, 0
u,0.8757302165031433, 0.8681790232658386, 0
u,0.8377997279167175, 0.23121510446071625, 0
u,0.8377997279167175, 0.14952610433101654, 0
u,0.8753908276557922, 0.14952610433101654, 0
u,0.8377997279167175, 0.03478259965777397, 0
u,0.8753908276557922, 0.03478259965777397, 0
u,0.8753908276557922, 0.14952610433101654, 0
u,0.8350561857223511, 0.07536230236291885, 0
u,0.8350561857223511, 0.9993053078651428, 0
u,0.7796956896781921, 0.9993053078651428, 0
u,0.7390692234039307, 0.9993053078651428, 0
u,0.7390692234039307, 0.07536230236291885, 0
u,0.7796956896781921, 0.07536230236291885, 0
u,0.040955800563097, 0.9637318253517151, 0
u,0.040955800563097, 0.031883999705314636, 0
u,0.042877499014139175, 0.031883999705314636, 0
u,0.042877499014139175, 0.9992023706436157, 0
u,0.0, 0.9992023706436157, 0
u,0.03677999973297119, 0.9637318253517151, 0
u,0.0, 0.9992023706436157, 0
u,0.0, 0.8922184705734253, 0
u,0.03677999973297119, 0.9637318253517151, 0
u,0.0, 0.8922184705734253, 0
u,0.03677999973297119, 0.8922184705734253, 0
u,0.03677999973297119, 0.9637318253517151, 0
u,0.040955800563097, 0.9637318253517151, 0
u,0.042877499014139175, 0.031883999705314636, 0
u,0.042877499014139175, 0.9992023706436157, 0
u,0.6261798739433289, 0.9992023706436157, 0
u,0.3985747992992401, 0.9992023706436157, 0
u,0.3985747992992401, 0.031883999705314636, 0
u,0.3985747992992401, 0.9992023706436157, 0
u,0.38998860120773315, 0.9992023706436157, 0
u,0.38998860120773315, 0.031883999705314636, 0
u,0.3424525856971741, 0.9992023706436157, 0
u,0.3424525856971741, 0.031883999705314636, 0
u,0.38998860120773315, 0.031883999705314636, 0
u,0.3424525856971741, 0.9992023706436157, 0
u,0.25708961486816406, 0.9992023706436157, 0
u,0.25708961486816406, 0.031883999705314636, 0
u,0.25708961486816406, 0.031883999705314636, 0
u,0.25708961486816406, 0.9992023706436157, 0
u,0.042877499014139175, 0.9992023706436157, 0
u,0.737074613571167, 0.8922184705734253, 0
u,0.737074613571167, 0.9992023706436157, 0
u,0.6851394772529602, 0.9637318253517151, 0
u,0.737074613571167, 0.9992023706436157, 0
u,0.676297128200531, 0.9992023706436157, 0
u,0.6851394772529602, 0.9637318253517151, 0
u,0.676297128200531, 0.9992023706436157, 0
u,0.676297128200531, 0.031883999705314636, 0
u,0.6809635162353516, 0.9637318253517151, 0
u,0.676297128200531, 0.031883999705314636, 0
u,0.6809635162353516, 0.031883999705314636, 0
u,0.6809635162353516, 0.9637318253517151, 0
u,0.6851394772529602, 0.9637318253517151, 0
u,0.6851394772529602, 0.8922184705734253, 0
u,0.737074613571167, 0.8922184705734253, 0
u,0.676297128200531, 0.031883999705314636, 0
u,0.676297128200531, 0.9992023706436157, 0
u,0.6261798739433289, 0.9992023706436157, 0
u,0.4375, 0.004354199860244989, 0
u,0.4375, 0.026086900383234024, 0
u,0.41697850823402405, 0.004354199860244989, 0
u,0.4375, 0.026086900383234024, 0
u,0.4012260138988495, 0.026086900383234024, 0
u,0.41697850823402405, 0.004354199860244989, 0
u,0.6664159297943115, 0.026086900383234024, 0
u,0.4375, 0.026086900383234024, 0
u,0.4375, 0.004354199860244989, 0
u,0.6664159297943115, 0.026086900383234024, 0
u,0.6664159297943115, 0.004354199860244989, 0
u,0.6758996844291687, 0.004354199860244989, 0
u,0.7274643778800964, 0.026086900383234024, 0
u,0.6758996844291687, 0.026086900383234024, 0
u,0.6758996844291687, 0.004354199860244989, 0
u,0.0743521973490715, 0.004354199860244989, 0
u,0.0743521973490715, 0.026086900383234024, 0
u,0.013137999922037125, 0.004354199860244989, 0
u,0.0743521973490715, 0.026086900383234024, 0
u,0.0, 0.026086900383234024, 0
u,0.013137999922037125, 0.004354199860244989, 0
u,0.28873708844184875, 0.004354199860244989, 0
u,0.28873708844184875, 0.026086900383234024, 0
u,0.0743521973490715, 0.026086900383234024, 0
u,0.3352676033973694, 0.026086900383234024, 0
u,0.28873708844184875, 0.026086900383234024, 0
u,0.28873708844184875, 0.004354199860244989, 0
u,0.3352676033973694, 0.026086900383234024, 0
u,0.3352676033973694, 0.004354199860244989, 0
u,0.4012260138988495, 0.004354199860244989, 0
u,0.9647390842437744, 0.7183086276054382, 0
u,0.9647390842437744, 0.6459556221961975, 0
u,0.9972882270812988, 0.6459556221961975, 0
u,0.9972882270812988, 0.44057971239089966, 0
u,0.9972882270812988, 0.6459556221961975, 0
u,0.9647390842437744, 0.6459556221961975, 0
u,0.9972882270812988, 0.9959911108016968, 0
u,0.9647390842437744, 0.9959911108016968, 0
u,0.9647390842437744, 0.9236900210380554, 0
