s,156.903076171875, 126.5400390625, -1.0950260162353516
b,161.82080078125, 132.4638671875, 9.927084922790527
v,160.986083984375, 127.7490234375, 9.1132230758667
v,160.83837890625, 127.9306640625, 9.113221168518066
v,160.83837890625, 127.9306640625, 8.780167579650879
v,160.986083984375, 127.7490234375, 8.780169486999512
v,161.82080078125, 130.37890625, -1.0946173667907715
v,161.283203125, 129.9248046875, -1.0946850776672363
v,161.746826171875, 129.376953125, -1.094679832458496
v,161.559814453125, 129.21875, -1.094703197479248
v,161.58056640625, 128.869140625, -1.0947213172912598
v,161.393310546875, 128.7119140625, -1.0947446823120117
v,161.4755859375, 128.560546875, -1.0947470664978027
v,161.44287109375, 128.3876953125, -1.0947589874267578
v,161.307373046875, 128.2109375, -1.0947794914245605
v,160.962890625, 127.919921875, -1.094822883605957
v,161.111572265625, 127.736328125, -1.0948209762573242
v,159.635986328125, 126.541015625, -1.095001220703125
v,156.90380859375, 129.822265625, -1.0950260162353516
v,160.09619140625, 132.4638671875, -1.0946307182312012
v,160.04736328125, 128.36328125, 9.542820930480957
v,160.41943359375, 127.9091796875, 9.54282283782959
v,161.121337890625, 128.5087890625, 9.542912483215332
v,160.894287109375, 128.7861328125, 9.5429105758667
v,160.370849609375, 128.3388671875, 9.54284381866455
v,160.225830078125, 128.515625, 9.542841911315918
v,160.821044921875, 129.7744140625, 9.927081108093262
v,159.863525390625, 128.9580078125, 9.926960945129395
v,160.370849609375, 128.3388671875, 9.92696475982666
v,161.328125, 129.15625, 9.927084922790527
v,159.215576171875, 131.7353515625, 8.780259132385254
v,160.821044921875, 129.7744140625, 8.78027057647705
v,161.328369140625, 129.15625, 8.780274391174316
v,161.485107421875, 128.96484375, 8.78027629852295
v,161.468017578125, 129.2568359375, 8.780289649963379
v,161.62109375, 129.38671875, 8.78031063079834
v,161.1572265625, 129.9345703125, 8.780304908752441
v,161.695556640625, 130.3896484375, 8.780373573303223
v,160.02685546875, 132.40625, 8.780360221862793
v,159.215576171875, 131.7353515625, 8.780259132385254
v,156.971435546875, 129.8779296875, 8.779982566833496
v,159.6474609375, 126.6640625, 8.78000545501709
v,160.98583984375, 127.7490234375, 8.780169486999512
v,160.838134765625, 127.9306640625, 8.780167579650879
v,161.24267578125, 128.271484375, 8.780217170715332
v,161.363525390625, 128.4228515625, 8.78023624420166
v,161.381591796875, 128.544921875, 8.780243873596191
v,161.280029296875, 128.732421875, 8.780245780944824
v,161.48828125, 128.908203125, 8.780274391174316
v,161.485107421875, 128.96484375, 8.78027629852295
v,161.328369140625, 129.15625, 8.780274391174316
v,160.894287109375, 128.7861328125, 8.780219078063965
v,161.12158203125, 128.5087890625, 8.78022289276123
v,160.41943359375, 127.9091796875, 8.780135154724121
v,160.04736328125, 128.36328125, 8.780131340026855
v,160.225830078125, 128.515625, 8.780152320861816
v,159.863525390625, 128.9580078125, 8.780150413513184
v,160.821044921875, 129.7744140625, 8.78027057647705
v,161.74609375, 129.376953125, 9.113371849060059
v,161.282470703125, 129.923828125, 9.11336612701416
v,161.820068359375, 130.37890625, 9.113434791564941
v,160.095458984375, 132.462890625, 9.113421440124512
v,160.02685546875, 132.40625, 9.113411903381348
v,161.695556640625, 130.3896484375, 9.113425254821777
v,161.1572265625, 129.9345703125, 9.113358497619629
v,161.620849609375, 129.38671875, 9.113362312316895
v,161.468017578125, 129.2568359375, 9.113343238830566
v,161.48828125, 128.908203125, 9.113326072692871
v,161.280029296875, 128.732421875, 9.113299369812012
v,161.381591796875, 128.544921875, 9.113297462463379
v,161.363525390625, 128.4228515625, 9.113287925720215
v,161.24267578125, 128.271484375, 9.11327075958252
v,160.838134765625, 127.9306640625, 9.113221168518066
v,160.98583984375, 127.7490234375, 9.1132230758667
v,159.6474609375, 126.6640625, 9.113059043884277
v,156.971435546875, 129.8779296875, 9.11303424835205
v,156.903076171875, 129.8212890625, 9.11302661895752
v,159.63525390625, 126.5400390625, 9.113051414489746
v,161.11083984375, 127.7353515625, 9.11323070526123
v,160.962158203125, 127.919921875, 9.113228797912598
v,161.306640625, 128.2099609375, 9.11327075958252
v,161.442138671875, 128.3876953125, 9.113293647766113
v,161.474609375, 128.5595703125, 9.11330509185791
v,161.392578125, 128.7109375, 9.113306999206543
v,161.57958984375, 128.869140625, 9.11333179473877
v,161.55908203125, 129.2177734375, 9.113347053527832
v,161.12158203125, 128.5087890625, 8.78022289276123
v,161.121337890625, 128.5087890625, 9.542912483215332
v,160.41943359375, 127.9091796875, 9.54282283782959
v,160.41943359375, 127.9091796875, 8.780135154724121
v,160.41943359375, 127.9091796875, 8.780135154724121
v,160.41943359375, 127.9091796875, 9.54282283782959
v,160.04736328125, 128.36328125, 9.542820930480957
v,160.04736328125, 128.36328125, 8.780131340026855
v,160.04736328125, 128.36328125, 8.780131340026855
v,160.04736328125, 128.36328125, 9.542820930480957
v,160.225830078125, 128.515625, 9.542841911315918
v,160.225830078125, 128.515625, 8.780152320861816
v,160.894287109375, 128.7861328125, 8.780219078063965
v,160.894287109375, 128.7861328125, 9.5429105758667
v,161.121337890625, 128.5087890625, 9.542912483215332
v,161.12158203125, 128.5087890625, 8.78022289276123
v,160.370849609375, 128.3388671875, 9.54284381866455
v,160.894287109375, 128.7861328125, 9.5429105758667
v,160.894287109375, 128.7861328125, 8.780219078063965
v,161.328369140625, 129.15625, 8.780274391174316
v,161.328125, 129.15625, 9.927084922790527
v,160.370849609375, 128.3388671875, 9.92696475982666
v,160.370849609375, 128.3388671875, 9.92696475982666
v,159.863525390625, 128.9580078125, 9.926960945129395
v,159.863525390625, 128.9580078125, 8.780150413513184
v,160.225830078125, 128.515625, 8.780152320861816
v,160.225830078125, 128.515625, 9.542841911315918
v,160.370849609375, 128.3388671875, 9.54284381866455
v,160.821044921875, 129.7744140625, 9.927081108093262
v,160.821044921875, 129.7744140625, 8.78027057647705
v,159.863525390625, 128.9580078125, 8.780150413513184
v,159.863525390625, 128.9580078125, 9.926960945129395
v,161.328125, 129.15625, 9.927084922790527
v,161.328369140625, 129.15625, 8.780274391174316
v,160.821044921875, 129.7744140625, 8.78027057647705
v,160.821044921875, 129.7744140625, 9.927081108093262
v,160.095458984375, 132.462890625, 9.113421440124512
v,160.09619140625, 132.4638671875, -1.0946307182312012
v,156.90380859375, 129.822265625, -1.0950260162353516
v,156.903076171875, 129.8212890625, 9.11302661895752
v,156.971435546875, 129.8779296875, 9.11303424835205
v,156.971435546875, 129.8779296875, 8.779982566833496
v,159.215576171875, 131.7353515625, 8.780259132385254
v,160.02685546875, 132.40625, 8.780360221862793
v,160.02685546875, 132.40625, 9.113411903381348
v,160.095458984375, 132.462890625, 9.113421440124512
v,161.820068359375, 130.37890625, 9.113434791564941
v,161.82080078125, 130.37890625, -1.0946173667907715
v,160.09619140625, 132.4638671875, -1.0946307182312012
v,161.82080078125, 130.37890625, -1.0946173667907715
v,161.820068359375, 130.37890625, 9.113434791564941
v,161.282470703125, 129.923828125, 9.11336612701416
v,161.283203125, 129.9248046875, -1.0946850776672363
v,161.282470703125, 129.923828125, 9.11336612701416
v,161.74609375, 129.376953125, 9.113371849060059
v,161.746826171875, 129.376953125, -1.094679832458496
v,161.283203125, 129.9248046875, -1.0946850776672363
v,161.746826171875, 129.376953125, -1.094679832458496
v,161.74609375, 129.376953125, 9.113371849060059
v,161.55908203125, 129.2177734375, 9.113347053527832
v,161.559814453125, 129.21875, -1.094703197479248
v,161.559814453125, 129.21875, -1.094703197479248
v,161.55908203125, 129.2177734375, 9.113347053527832
v,161.57958984375, 128.869140625, 9.11333179473877
v,161.58056640625, 128.869140625, -1.0947213172912598
v,161.58056640625, 128.869140625, -1.0947213172912598
v,161.57958984375, 128.869140625, 9.11333179473877
v,161.392578125, 128.7109375, 9.113306999206543
v,161.393310546875, 128.7119140625, -1.0947446823120117
v,161.393310546875, 128.7119140625, -1.0947446823120117
v,161.392578125, 128.7109375, 9.113306999206543
v,161.474609375, 128.5595703125, 9.11330509185791
v,161.4755859375, 128.560546875, -1.0947470664978027
v,161.4755859375, 128.560546875, -1.0947470664978027
v,161.474609375, 128.5595703125, 9.11330509185791
v,161.442138671875, 128.3876953125, 9.113293647766113
v,161.44287109375, 128.3876953125, -1.0947589874267578
v,161.44287109375, 128.3876953125, -1.0947589874267578
v,161.442138671875, 128.3876953125, 9.113293647766113
v,161.306640625, 128.2099609375, 9.11327075958252
v,161.307373046875, 128.2109375, -1.0947794914245605
v,161.307373046875, 128.2109375, -1.0947794914245605
v,161.306640625, 128.2099609375, 9.11327075958252
v,160.962158203125, 127.919921875, 9.113228797912598
v,160.962890625, 127.919921875, -1.094822883605957
v,160.962890625, 127.919921875, -1.094822883605957
v,160.962158203125, 127.919921875, 9.113228797912598
v,161.11083984375, 127.7353515625, 9.11323070526123
v,161.111572265625, 127.736328125, -1.0948209762573242
v,161.111572265625, 127.736328125, -1.0948209762573242
v,161.11083984375, 127.7353515625, 9.11323070526123
v,159.63525390625, 126.5400390625, 9.113051414489746
v,159.635986328125, 126.541015625, -1.095001220703125
v,156.90380859375, 129.822265625, -1.0950260162353516
v,159.635986328125, 126.541015625, -1.095001220703125
v,159.63525390625, 126.5400390625, 9.113051414489746
v,156.903076171875, 129.8212890625, 9.11302661895752
v,161.695556640625, 130.3896484375, 9.113425254821777
v,160.02685546875, 132.40625, 9.113411903381348
v,160.02685546875, 132.40625, 8.780360221862793
v,161.695556640625, 130.3896484375, 8.780373573303223
v,161.1572265625, 129.9345703125, 9.113358497619629
v,161.695556640625, 130.3896484375, 9.113425254821777
v,161.695556640625, 130.3896484375, 8.780373573303223
v,161.1572265625, 129.9345703125, 8.780304908752441
v,161.620849609375, 129.38671875, 9.113362312316895
v,161.1572265625, 129.9345703125, 9.113358497619629
v,161.1572265625, 129.9345703125, 8.780304908752441
v,161.62109375, 129.38671875, 8.78031063079834
v,161.468017578125, 129.2568359375, 9.113343238830566
v,161.620849609375, 129.38671875, 9.113362312316895
v,161.62109375, 129.38671875, 8.78031063079834
v,161.468017578125, 129.2568359375, 8.780289649963379
v,161.48828125, 128.908203125, 9.113326072692871
v,161.468017578125, 129.2568359375, 9.113343238830566
v,161.468017578125, 129.2568359375, 8.780289649963379
v,161.485107421875, 128.96484375, 8.78027629852295
v,161.48828125, 128.908203125, 8.780274391174316
v,161.280029296875, 128.732421875, 9.113299369812012
v,161.48828125, 128.908203125, 9.113326072692871
v,161.48828125, 128.908203125, 8.780274391174316
v,161.280029296875, 128.732421875, 8.780245780944824
v,161.381591796875, 128.544921875, 9.113297462463379
v,161.280029296875, 128.732421875, 9.113299369812012
v,161.280029296875, 128.732421875, 8.780245780944824
v,161.381591796875, 128.544921875, 8.780243873596191
v,161.363525390625, 128.4228515625, 9.113287925720215
v,161.381591796875, 128.544921875, 9.113297462463379
v,161.381591796875, 128.544921875, 8.780243873596191
v,161.363525390625, 128.4228515625, 8.78023624420166
v,161.24267578125, 128.271484375, 9.11327075958252
v,161.363525390625, 128.4228515625, 9.113287925720215
v,161.363525390625, 128.4228515625, 8.78023624420166
v,161.24267578125, 128.271484375, 8.780217170715332
v,160.838134765625, 127.9306640625, 9.113221168518066
v,161.24267578125, 128.271484375, 9.11327075958252
v,161.24267578125, 128.271484375, 8.780217170715332
v,160.838134765625, 127.9306640625, 8.780167579650879
v,159.6474609375, 126.6640625, 9.113059043884277
v,160.98583984375, 127.7490234375, 9.1132230758667
v,160.98583984375, 127.7490234375, 8.780169486999512
v,159.6474609375, 126.6640625, 8.78000545501709
v,156.971435546875, 129.8779296875, 9.11303424835205
v,159.6474609375, 126.6640625, 9.113059043884277
v,159.6474609375, 126.6640625, 8.78000545501709
v,156.971435546875, 129.8779296875, 8.779982566833496
i,1,3,0
i,5,9,13
i,20,21,22
i,25,27,24
i,30,32,34
i,41,50,51
i,81,66,67
i,84,86,87
i,88,90,91
i,93,95,92
i,96,98,99
i,101,103,104
i,108,109,110
i,113,115,112
i,116,118,119
i,121,122,126
i,130,132,129
i,134,136,133
i,138,140,137
i,142,144,141
i,145,147,148
i,150,152,149
i,154,156,153
i,157,159,160
i,161,163,164
i,165,167,168
i,170,172,169
i,174,176,173
i,178,180,177
i,182,184,181
i,185,187,188
i,190,192,189
i,194,196,193
i,198,199,200
i,202,204,205
i,206,208,209
i,210,212,213
i,214,216,217
i,218,220,221
i,222,224,225
i,226,228,229
i,1,2,3
i,17,4,5
i,5,6,7
i,7,8,9
i,9,10,11
i,11,12,9
i,12,13,9
i,13,14,15
i,15,16,13
i,16,17,5
i,13,16,5
i,5,7,9
i,23,18,22
i,18,19,22
i,19,20,22
i,25,26,27
i,36,28,34
i,28,29,34
i,30,31,32
i,29,30,34
i,34,35,36
i,32,33,34
i,55,37,54
i,37,38,54
i,39,40,51
i,40,41,51
i,41,42,50
i,42,43,50
i,43,44,50
i,44,45,50
i,45,46,47
i,47,48,45
i,48,49,45
i,52,53,54
i,52,54,38
i,45,49,50
i,51,52,39
i,52,38,39
i,58,59,61
i,59,60,61
i,57,58,61
i,72,73,74
i,77,78,69
i,78,79,68
i,79,80,67
i,80,81,67
i,57,61,62
i,57,62,63
i,72,74,75
i,71,72,75
i,56,57,63
i,71,75,76
i,71,76,77
i,56,63,83
i,63,64,83
i,83,64,65
i,70,71,77
i,69,70,77
i,82,83,65
i,68,69,78
i,81,82,65
i,81,65,66
i,67,68,79
i,84,85,86
i,88,89,90
i,93,94,95
i,96,97,98
i,105,100,101
i,101,102,103
i,104,105,101
i,111,106,110
i,106,107,110
i,107,108,110
i,113,114,115
i,116,117,118
i,128,120,127
i,120,121,127
i,122,123,125
i,123,124,125
i,122,125,126
i,126,127,121
i,130,131,132
i,134,135,136
i,138,139,140
i,142,143,144
i,145,146,147
i,150,151,152
i,154,155,156
i,157,158,159
i,161,162,163
i,165,166,167
i,170,171,172
i,174,175,176
i,178,179,180
i,182,183,184
i,185,186,187
i,190,191,192
i,194,195,196
i,201,197,200
i,197,198,200
i,202,203,204
i,206,207,208
i,210,211,212
i,214,215,216
i,218,219,220
i,222,223,224
i,226,227,228
n,-3.4985156059265137, -2.836296796798706, 0.0
n,0.00034928126842714846, 0.0002533485530875623, -4.50379753112793
n,-0.000348254427080974, -0.00025737224495969713, 4.50379753112793
n,-0.00035145782749168575, -0.00025110470596700907, 4.50379753112793
n,-0.00031468956149183214, -0.0002457181108184159, 4.50379753112793
n,-0.00035147430025972426, -0.0002502148854546249, 4.50379753112793
n,-0.000387336389394477, -0.0002509799669496715, 4.50379753112793
n,2.9240565299987793, -3.4255051612854004, 0.0
n,-3.4821841716766357, -2.8563232421875, 0.0
n,-2.9276065826416016, 3.422471523284912, 0.0
n,3.484776258468628, 2.853160858154297, 0.0009907145285978913
n,2.924539566040039, -3.425093173980713, 0.0005529516492970288
n,-3.4841485023498535, -2.8539273738861084, 0.0
n,-2.923358201980591, 3.4261012077331543, 0.0
n,3.4830243587493896, 2.8552987575531006, 0.0
n,-2.8708393573760986, 3.470227003097534, -3.047288555535488e-05
n,3.469834566116333, 2.8713133335113525, 0.0005387734272517264
n,2.904646873474121, -3.441978931427002, 0.0001850942353485152
n,3.436587333679199, 2.9110238552093506, 0.00046632549492642283
n,2.905970811843872, -3.4408609867095947, 0.00018517860735300928
n,4.495996952056885, 0.2649625837802887, 0.0003820008132606745
n,2.904003858566284, -3.442521333694458, 0.00024673770531080663
n,3.955383062362671, 2.153865098953247, 0.0005190701340325177
n,4.425900459289551, -0.8340265154838562, 0.0003760450636036694
n,3.5733964443206787, -2.7413554191589355, -5.209035862208111e-06
n,2.909581184387207, -3.4378087520599365, 0.00024721157387830317
n,3.4949536323547363, 2.8406851291656494, 0.00029694754630327225
n,2.8357627391815186, -3.498948812484741, -5.6347362260567024e-05
n,-3.461411952972412, -2.8814609050750732, -0.0005389200523495674
n,-3.469801187515259, -2.8713536262512207, 0.0
n,-2.908385992050171, 3.4388203620910645, 0.0
n,-3.43658709526062, -2.9110233783721924, -0.0022373616229742765
n,-2.918994903564453, 3.429819345474243, 0.0
n,-4.4960832595825195, -0.26349449157714844, 0.0
n,-2.906785249710083, 3.440173387527466, 0.0
n,-3.9582326412200928, -2.1486239433288574, 0.0
n,-4.454661846160889, 0.6634602546691895, 0.0
n,-3.5163819789886475, 2.8141162395477295, 0.0
n,-2.90264892578125, 3.443664073944092, 0.0
n,-2.8361122608184814, 3.4986653327941895, 0.0
n,3.4613289833068848, 2.881561040878296, 0.0
n,-3.4985156059265137, -2.836296796798706, 0.0
n,0.000348919682437554, 0.00025930439005605876, -4.50379753112793
n,0.00034797852276824415, 0.0002525396994315088, -4.50379753112793
n,0.0003454943362157792, 0.000255006569204852, -4.50379753112793
n,0.0003510065726004541, 0.0002543303126003593, -4.50379753112793
n,0.00034430751111358404, 0.0002533021033741534, -4.50379753112793
n,0.0003517090517561883, 0.00025202895631082356, -4.50379753112793
n,0.00035152165219187737, 0.00024402598501183093, -4.50379753112793
n,0.00034354798845015466, 0.00025169874425046146, -4.50379753112793
n,0.00034459223388694227, 0.0002572811208665371, -4.50379753112793
n,0.0003446669434197247, 0.00025408552028238773, -4.50379753112793
n,0.0003502720210235566, 0.00025343848392367363, -4.50379753112793
n,-0.0003485804481897503, -0.0002422375400783494, 4.50379753112793
n,-0.00034938519820570946, -0.00025295084924437106, 4.50379753112793
n,-0.00034925894578918815, -0.0002529365010559559, 4.50379753112793
n,-0.0003514857089612633, -0.0002508989127818495, 4.50379753112793
n,-0.0003500313323456794, -0.0002588300558272749, 4.50379753112793
n,-0.0003525303036440164, -0.0002615249250084162, 4.50379753112793
n,-0.00032744905911386013, -0.00022800876467954367, 4.50379753112793
n,-0.0003557487216312438, -0.0002547469921410084, 4.50379753112793
n,-0.00034851121017709374, -0.0002581349399406463, 4.50379753112793
n,-0.0003683259419631213, -0.000270321499556303, 4.50379753112793
n,-0.0003466656489763409, -0.0002567209885455668, 4.50379753112793
n,-0.00034254364436492324, -0.0002557590196374804, 4.50379753112793
n,-0.00035281534655950963, -0.0002468235034029931, 4.50379753112793
n,-0.0003518300363793969, -0.00024334562476724386, 4.50379753112793
n,-0.000325466797221452, -0.0002629745868034661, 4.50379753112793
n,-0.0003503721090964973, -0.0002757009060587734, 4.50379753112793
n,-0.0003449912474025041, -0.00026055023772642016, 4.50379753112793
n,-0.00034923048224300146, -0.00023029514704830945, 4.50379753112793
n,-0.00034052622504532337, -0.0002903066633734852, 4.50379753112793
n,-0.0003708745935000479, -0.0002635253476910293, 4.50379753112793
n,-0.0003536645381245762, -0.0002654874406289309, 4.50379753112793
n,-0.0003441568114794791, -0.0002474089269526303, 4.50379753112793
n,-0.0003394210652913898, -0.0002459453826304525, 4.50379753112793
n,-0.0003487984649837017, -0.00023060073726810515, 4.50379753112793
n,-0.00034660729579627514, -0.000250672223046422, 4.50379753112793
n,-0.0003422543522901833, -0.00025169714353978634, 4.50379753112793
n,-0.0003284684498794377, -0.00024252505681943148, 4.50379753112793
n,-0.0003460354346316308, -0.00025608614669181406, 4.50379753112793
n,-0.00033178014564327896, -0.000279080995824188, 4.50379753112793
n,-0.0003466415510047227, -0.0002553494705352932, 4.50379753112793
n,-0.00035078852670267224, -0.00024048134218901396, 4.50379753112793
n,-0.00040171018918044865, -0.00025164399994537234, 4.50379753112793
n,-0.000371964939404279, -0.00024053874949458987, 4.50379753112793
n,-0.0003701314562931657, -0.0002521059359423816, 4.50379753112793
n,-0.0003278427175246179, -0.00028257298981770873, 4.50379753112793
n,-0.00032367202220484614, -0.00023235063417814672, 4.50379753112793
n,-0.0003019333234988153, -0.0002164953330066055, 4.50379753112793
n,-0.0003839056007564068, -0.0002084702136926353, 4.50379753112793
n,-0.00032367202220484614, -0.00023235063417814672, 4.50379753112793
n,-0.0003330650506541133, -0.0002652646217029542, 4.50379753112793
n,-0.0003288197622168809, -0.00022450996038969606, 4.50379753112793
n,-0.000328135269228369, -0.00028609580476768315, 4.50379753112793
n,-0.0003677388303913176, -0.0002716252638492733, 4.50379753112793
n,-0.00035397533793002367, -0.00023951049661263824, 4.50379753112793
n,-0.0003285501734353602, -0.00022447231458500028, 4.50379753112793
n,-0.00033141396124847233, -0.00025591894518584013, 4.50379753112793
n,-0.000353209296008572, -0.00023968536697793752, 4.50379753112793
n,-0.00036975860712118447, -0.0002601861488074064, 4.50379753112793
n,-0.00035799891338683665, -0.00025088770780712366, 4.50379753112793
n,-0.00038481454248540103, -0.0002378915378358215, 4.50379753112793
n,-0.0004018999170511961, -0.00025207444559782743, 4.50379753112793
n,2.92457914352417, -3.4250590801239014, 0.0008314516744576395
n,-3.4821841716766357, -2.8563232421875, 0.0
n,-2.9276065826416016, 3.422471523284912, 0.0
n,3.4861106872558594, 2.851529598236084, 0.0
n,2.926126003265381, -3.4237372875213623, 0.0
n,2.9239771366119385, -3.425572633743286, 0.0
n,2.9255354404449463, -3.424241542816162, -0.0013922402868047357
n,-3.484985828399658, -2.852905035018921, 0.0
n,-3.4843876361846924, -2.853635311126709, -0.0005619674921035767
n,-3.4841485023498535, -2.8539276123046875, 0.0
n,-2.923358201980591, 3.4261012077331543, 0.0
n,3.482426166534424, 2.8560290336608887, 0.0006584329530596733
n,-2.861553430557251, 3.4778878688812256, 0.0
n,-2.8617048263549805, 3.4777631759643555, 5.2343155402923e-05
n,-2.8614015579223633, 3.478012800216675, 5.239017627900466e-05
n,-2.861553430557251, 3.4778878688812256, 0.0
n,-2.8713386058807373, 3.469813585281372, 0.0001665563613642007
n,-2.871020555496216, 3.4700767993927, -5.766504546045326e-05
n,3.4705984592437744, 2.870389938354492, 0.00022115865431260318
n,2.9078869819641113, -3.439242362976074, -0.00010691332863643765
n,3.438859701156616, 2.908339262008667, 0.00021913614182267338
n,2.913294553756714, -3.4346625804901123, -4.42978780483827e-05
n,4.495957851409912, 0.2656193971633911, 0.00040456579881720245
n,2.913294553756714, -3.4346625804901123, -4.42978780483827e-05
n,3.955383062362671, 2.153865098953247, 0.0005190701340325177
n,4.425131797790527, -0.838093101978302, 0.0003047714999411255
n,3.5819621086120605, -2.730154275894165, 0.00030434015206992626
n,2.9034583568573, -3.442981719970703, -0.0001075132458936423
n,3.5015149116516113, 2.8325934410095215, 0.0005381753435358405
n,2.8360142707824707, -3.4987447261810303, -0.00011654892296064645
n,-3.4612998962402344, -2.881596326828003, -0.00046539990580640733
n,-3.469801187515259, -2.8713536262512207, 0.0
n,-2.908385992050171, 3.4388203620910645, 0.0
n,-3.435915946960449, -2.911816120147705, 0.0
n,-2.9165945053100586, 3.4318599700927734, -0.00189882458653301
n,-4.496321201324463, -0.25940313935279846, 0.0
n,-4.496121883392334, -0.26283296942710876, -0.0005825210246257484
n,-2.906785249710083, 3.440173387527466, 0.0
n,-3.9582326412200928, -2.1486239433288574, 0.0
n,-4.454661846160889, 0.6634602546691895, 0.0
n,-3.5163819789886475, 2.8141162395477295, 0.0
n,-2.90264892578125, 3.443664073944092, 0.0
n,-2.8361122608184814, 3.4986653327941895, 0.0
n,3.4613289833068848, 2.881561040878296, 0.0
u,0.34869149327278137, 0.300301194190979, 0
u,0.33538371324539185, 0.3233889937400818, 0
u,0.33538371324539185, 0.300301194190979, 0
u,0.0, 0.0, 0
u,0.0, 0.0, 0
u,0.0, 0.0, 0
u,0.03450600057840347, 0.12565359473228455, 0
u,0.05549740046262741, 0.12554329633712769, 0
u,0.05487089976668358, 0.17479179799556732, 0
u,0.1017535999417305, 0.17453810572624207, 0
u,0.056016501039266586, 0.0847356989979744, 0
u,0.10291139781475067, 0.08446119725704193, 0
u,0.056016501039266586, 0.0847356989979744, 0
u,0.05536210164427757, 0.07243060320615768, 0
u,0.09755460172891617, 0.058658499270677567, 0
u,0.018988600000739098, 0.16763059794902802, 0
u,0.03450600057840347, 0.12565359473228455, 0
u,0.033661000430583954, 0.19168740510940552, 0
u,0.03350469842553139, 0.10149940103292465, 0
u,0.038664400577545166, 0.10673899948596954, 0
u,0.026424499228596687, 0.1096682995557785, 0
u,0.912964403629303, 0.7505965828895569, 0
u,0.9582160711288452, 0.7049587965011597, 0
u,0.9582160711288452, 0.7505965828895569, 0
u,0.9582160711288452, 0.7505965828895569, 0
u,0.9869744777679443, 0.7049587965011597, 0
u,0.9869744777679443, 0.7505965828895569, 0
u,0.9869744777679443, 0.7049587965011597, 0
u,0.998485803604126, 0.7505965828895569, 0
u,0.9869744777679443, 0.7505965828895569, 0
u,0.8954057097434998, 0.7505965828895569, 0
u,0.912964403629303, 0.7049587965011597, 0
u,0.912964403629303, 0.7505965828895569, 0
u,0.9329280257225037, 0.9577988982200623, 0
u,0.8954057097434998, 0.9235349893569946, 0
u,0.9518256783485413, 0.9235349893569946, 0
u,0.8954057097434998, 0.7998399138450623, 0
u,0.8954057097434998, 0.7655103802680969, 0
u,0.9329280257225037, 0.7655103802680969, 0
u,0.8954057097434998, 0.8754726052284241, 0
u,0.9518256783485413, 0.7998399138450623, 0
u,0.9518256783485413, 0.8754726052284241, 0
u,0.9518256783485413, 0.9235349893569946, 0
u,0.8954057097434998, 0.8754726052284241, 0
u,0.9518256783485413, 0.8754726052284241, 0
u,0.6162644028663635, 0.9994329214096069, 0
u,0.3922572135925293, 0.9994329214096069, 0
u,0.5545285940170288, 0.34775468707084656, 0
u,0.7625343203544617, 0.3257755935192108, 0
u,0.6162644028663635, 0.9994329214096069, 0
u,0.6162644028663635, 0.3257755935192108, 0
u,0.7625343203544617, 0.3257755935192108, 0
u,0.8005762100219727, 0.9994329214096069, 0
u,0.7625343203544617, 0.9994329214096069, 0
u,0.8393778800964355, 0.3257755935192108, 0
u,0.8005762100219727, 0.9994329214096069, 0
u,0.8005762100219727, 0.3257755935192108, 0
u,0.8393778800964355, 0.3257755935192108, 0
u,0.8526179790496826, 0.9994329214096069, 0
u,0.8393778800964355, 0.9994329214096069, 0
u,0.8526179790496826, 0.9994329214096069, 0
u,0.8715267181396484, 0.3257755935192108, 0
u,0.8715267181396484, 0.9994329214096069, 0
u,0.8715267181396484, 0.3257755935192108, 0
u,0.8847675919532776, 0.9994329214096069, 0
u,0.8715267181396484, 0.9994329214096069, 0
u,0.8847675919532776, 0.3257755935192108, 0
u,0.8940747976303101, 0.9994329214096069, 0
u,0.8847675919532776, 0.9994329214096069, 0
u,0.0, 0.9994329214096069, 0
u,0.009465999901294708, 0.3257755935192108, 0
u,0.009465999901294708, 0.9994329214096069, 0
u,0.009465999901294708, 0.9994329214096069, 0
u,0.021529700607061386, 0.3257755935192108, 0
u,0.021529700607061386, 0.9994329214096069, 0
u,0.021529700607061386, 0.9994329214096069, 0
u,0.04591879993677139, 0.3257755935192108, 0
u,0.04591879993677139, 0.9994329214096069, 0
u,0.04591879993677139, 0.3257755935192108, 0
u,0.05868519842624664, 0.9994329214096069, 0
u,0.04591879993677139, 0.9994329214096069, 0
u,0.05868519842624664, 0.3257755935192108, 0
u,0.16138149797916412, 0.9994329214096069, 0
u,0.05868519842624664, 0.9994329214096069, 0
u,0.16138149797916412, 0.9994329214096069, 0
u,0.3922572135925293, 0.3257755935192108, 0
u,0.3922572135925293, 0.9994329214096069, 0
u,0.6849943995475769, 0.300301194190979, 0
u,0.5363377928733826, 0.3233889937400818, 0
u,0.5363377928733826, 0.300301194190979, 0
u,0.4963209927082062, 0.300301194190979, 0
u,0.5363377928733826, 0.3233889937400818, 0
u,0.4963209927082062, 0.3233889937400818, 0
u,0.4963209927082062, 0.300301194190979, 0
u,0.45555761456489563, 0.3233889937400818, 0
u,0.45555761456489563, 0.300301194190979, 0
u,0.45555761456489563, 0.300301194190979, 0
u,0.4441719949245453, 0.3233889937400818, 0
u,0.4441719949245453, 0.300301194190979, 0
u,0.4441719949245453, 0.300301194190979, 0
u,0.4441719949245453, 0.3233889937400818, 0
u,0.4275369942188263, 0.3233889937400818, 0
u,0.40881869196891785, 0.300301194190979, 0
u,0.4243110120296478, 0.3233889937400818, 0
u,0.40881869196891785, 0.3233889937400818, 0
u,0.3967319130897522, 0.300301194190979, 0
u,0.40881869196891785, 0.3233889937400818, 0
u,0.3967319130897522, 0.3233889937400818, 0
u,0.3897143006324768, 0.300301194190979, 0
u,0.3967319130897522, 0.3233889937400818, 0
u,0.3897143006324768, 0.3233889937400818, 0
u,0.3787139058113098, 0.300301194190979, 0
u,0.3897143006324768, 0.3233889937400818, 0
u,0.3787139058113098, 0.3233889937400818, 0
u,0.34869149327278137, 0.300301194190979, 0
u,0.3787139058113098, 0.3233889937400818, 0
u,0.34869149327278137, 0.3233889937400818, 0
u,0.23752960562705994, 0.300301194190979, 0
u,0.33538371324539185, 0.3233889937400818, 0
u,0.23752960562705994, 0.3233889937400818, 0
u,0.0, 0.300301194190979, 0
u,0.23752960562705994, 0.3233889937400818, 0
u,0.0, 0.3233889937400818, 0
u,0.34869149327278137, 0.300301194190979, 0
u,0.34869149327278137, 0.3233889937400818, 0
u,0.33538371324539185, 0.3233889937400818, 0
u,0.0, 0.0, 0
u,0.0, 0.0, 0
u,0.0, 0.0, 0
u,0.0, 0.0, 0
u,0.0, 0.0, 0
u,0.0, 0.0, 0
u,0.0, 0.0, 0
u,0.0, 0.0, 0
u,0.0, 0.0, 0
u,0.0, 0.0, 0
u,0.0, 0.0, 0
u,0.0, 0.0, 0
u,0.0, 0.0, 0
u,0.0, 0.0, 0
u,0.0, 0.0, 0
u,0.0, 0.0, 0
u,0.0, 0.0, 0
u,0.0, 0.0, 0
u,0.0, 0.0, 0
u,0.0, 0.0, 0
u,0.0, 0.0, 0
u,0.0, 0.0, 0
u,0.0, 0.0, 0
u,0.0, 0.0, 0
u,0.0, 0.0, 0
u,0.0, 0.0, 0
u,0.0, 0.0, 0
u,0.0, 0.0, 0
u,0.0, 0.0, 0
u,0.0, 0.0, 0
u,0.0, 0.0, 0
u,0.0, 0.0, 0
u,0.0, 0.0, 0
u,0.06825809925794601, 0.17471930384635925, 0
u,0.0680416002869606, 0.1915172040462494, 0
u,0.05487089976668358, 0.17479179799556732, 0
u,0.0680416002869606, 0.1915172040462494, 0
u,0.033661000430583954, 0.19168740510940552, 0
u,0.05487089976668358, 0.17479179799556732, 0
u,0.033661000430583954, 0.19168740510940552, 0
u,0.03450600057840347, 0.12565359473228455, 0
u,0.05487089976668358, 0.17479179799556732, 0
u,0.1017535999417305, 0.17453810572624207, 0
u,0.05487089976668358, 0.17479179799556732, 0
u,0.056016501039266586, 0.0847356989979744, 0
u,0.2513802945613861, 0.008249199949204922, 0
u,0.2513808012008667, 0.08359210193157196, 0
u,0.09755460172891617, 0.058658499270677567, 0
u,0.2513808012008667, 0.08359210193157196, 0
u,0.10291139781475067, 0.08446119725704193, 0
u,0.09755460172891617, 0.058658499270677567, 0
u,0.056016501039266586, 0.0847356989979744, 0
u,0.04151729866862297, 0.08482059836387634, 0
u,0.05536210164427757, 0.07243060320615768, 0
u,0.10291139781475067, 0.08446119725704193, 0
u,0.056016501039266586, 0.0847356989979744, 0
u,0.09755460172891617, 0.058658499270677567, 0
u,0.09755460172891617, 0.058658499270677567, 0
u,0.09797389805316925, 0.008249199949204922, 0
u,0.2513802945613861, 0.008249199949204922, 0
u,0.05536210164427757, 0.07243060320615768, 0
u,0.05549129843711853, 0.05808819830417633, 0
u,0.09755460172891617, 0.058658499270677567, 0
u,0.10291139781475067, 0.08446119725704193, 0
u,0.2513808012008667, 0.08359210193157196, 0
u,0.1017535999417305, 0.17453810572624207, 0
u,0.2513808012008667, 0.08359210193157196, 0
u,0.2513822019100189, 0.29197588562965393, 0
u,0.1017535999417305, 0.17453810572624207, 0
u,0.006264400202780962, 0.29106029868125916, 0
u,0.005256200209259987, 0.1677926927804947, 0
u,0.033661000430583954, 0.19168740510940552, 0
u,0.005256200209259987, 0.1677926927804947, 0
u,0.018988600000739098, 0.16763059794902802, 0
u,0.033661000430583954, 0.19168740510940552, 0
u,0.018988600000739098, 0.16763059794902802, 0
u,0.019255999475717545, 0.12981079518795013, 0
u,0.03450600057840347, 0.12565359473228455, 0
u,0.019255999475717545, 0.12981079518795013, 0
u,0.021588100120425224, 0.11624839901924133, 0
u,0.03450600057840347, 0.12565359473228455, 0
u,0.021588100120425224, 0.11624839901924133, 0
u,0.026424499228596687, 0.1096682995557785, 0
u,0.03450600057840347, 0.12565359473228455, 0
u,0.026424499228596687, 0.1096682995557785, 0
u,0.038664400577545166, 0.10673899948596954, 0
u,0.03450600057840347, 0.12565359473228455, 0
u,0.038664400577545166, 0.10673899948596954, 0
u,0.0388323999941349, 0.08722329884767532, 0
u,0.04151729866862297, 0.08482059836387634, 0
u,0.04151729866862297, 0.08482059836387634, 0
u,0.056016501039266586, 0.0847356989979744, 0
u,0.038664400577545166, 0.10673899948596954, 0
u,0.056016501039266586, 0.0847356989979744, 0
u,0.05549740046262741, 0.12554329633712769, 0
u,0.038664400577545166, 0.10673899948596954, 0
u,0.0680416002869606, 0.1915172040462494, 0
u,0.06825809925794601, 0.17471930384635925, 0
u,0.1017535999417305, 0.17453810572624207, 0
u,0.0680416002869606, 0.1915172040462494, 0
u,0.1017535999417305, 0.17453810572624207, 0
u,0.2513822019100189, 0.29197588562965393, 0
u,0.038664400577545166, 0.10673899948596954, 0
u,0.05549740046262741, 0.12554329633712769, 0
u,0.03450600057840347, 0.12565359473228455, 0
u,0.033661000430583954, 0.19168740510940552, 0
u,0.0680416002869606, 0.1915172040462494, 0
u,0.006264400202780962, 0.29106029868125916, 0
u,0.0680416002869606, 0.1915172040462494, 0
u,0.2513822019100189, 0.29197588562965393, 0
u,0.006264400202780962, 0.29106029868125916, 0
u,0.09282190352678299, 0.0018958000000566244, 0
u,0.25138020515441895, 0.0018958000000566244, 0
u,0.09797389805316925, 0.008249199949204922, 0
u,0.25138020515441895, 0.0018958000000566244, 0
u,0.2513802945613861, 0.008249199949204922, 0
u,0.09797389805316925, 0.008249199949204922, 0
u,0.09240330010652542, 0.052234798669815063, 0
u,0.09282190352678299, 0.0018958000000566244, 0
u,0.09797389805316925, 0.008249199949204922, 0
u,0.006264400202780962, 0.29106029868125916, 0
u,0.2513822019100189, 0.29197588562965393, 0
u,0.2513822019100189, 0.2983294129371643, 0
u,0.013838299550116062, 0.1613377034664154, 0
u,0.014117900282144547, 0.1290649026632309, 0
u,0.019255999475717545, 0.12981079518795013, 0
u,0.014117900282144547, 0.1290649026632309, 0
u,0.017049899324774742, 0.11350709944963455, 0
u,0.021588100120425224, 0.11624839901924133, 0
u,0.017049899324774742, 0.11350709944963455, 0
u,0.023604100570082664, 0.10386879742145538, 0
u,0.026424499228596687, 0.1096682995557785, 0
u,0.023604100570082664, 0.10386879742145538, 0
u,0.03350469842553139, 0.10149940103292465, 0
u,0.026424499228596687, 0.1096682995557785, 0
u,0.09240330010652542, 0.052234798669815063, 0
u,0.09797389805316925, 0.008249199949204922, 0
u,0.09755460172891617, 0.058658499270677567, 0
u,0.09240330010652542, 0.052234798669815063, 0
u,0.09755460172891617, 0.058658499270677567, 0
u,0.05549129843711853, 0.05808819830417633, 0
u,0.006264400202780962, 0.29106029868125916, 0
u,0.2513822019100189, 0.2983294129371643, 0
u,0.0011113999644294381, 0.2973945140838623, 0
u,0.005256200209259987, 0.1677926927804947, 0
u,0.006264400202780962, 0.29106029868125916, 0
u,0.0011113999644294381, 0.2973945140838623, 0
u,0.050344400107860565, 0.051664501428604126, 0
u,0.09240330010652542, 0.052234798669815063, 0
u,0.05549129843711853, 0.05808819830417633, 0
u,0.005256200209259987, 0.1677926927804947, 0
u,0.0011113999644294381, 0.2973945140838623, 0
u,0.0, 0.16150100529193878, 0
u,0.005256200209259987, 0.1677926927804947, 0
u,0.0, 0.16150100529193878, 0
u,0.013838299550116062, 0.1613377034664154, 0
u,0.050344400107860565, 0.051664501428604126, 0
u,0.05549129843711853, 0.05808819830417633, 0
u,0.05018660053610802, 0.06918449699878693, 0
u,0.05549129843711853, 0.05808819830417633, 0
u,0.05536210164427757, 0.07243060320615768, 0
u,0.05018660053610802, 0.06918449699878693, 0
u,0.05018660053610802, 0.06918449699878693, 0
u,0.05536210164427757, 0.07243060320615768, 0
u,0.0388323999941349, 0.08722329884767532, 0
u,0.018988600000739098, 0.16763059794902802, 0
u,0.005256200209259987, 0.1677926927804947, 0
u,0.013838299550116062, 0.1613377034664154, 0
u,0.019255999475717545, 0.12981079518795013, 0
u,0.018988600000739098, 0.16763059794902802, 0
u,0.013838299550116062, 0.1613377034664154, 0
u,0.033655598759651184, 0.08397839963436127, 0
u,0.05018660053610802, 0.06918449699878693, 0
u,0.0388323999941349, 0.08722329884767532, 0
u,0.021588100120425224, 0.11624839901924133, 0
u,0.019255999475717545, 0.12981079518795013, 0
u,0.014117900282144547, 0.1290649026632309, 0
u,0.03350469842553139, 0.10149940103292465, 0
u,0.033655598759651184, 0.08397839963436127, 0
u,0.0388323999941349, 0.08722329884767532, 0
u,0.03350469842553139, 0.10149940103292465, 0
u,0.0388323999941349, 0.08722329884767532, 0
u,0.038664400577545166, 0.10673899948596954, 0
u,0.026424499228596687, 0.1096682995557785, 0
u,0.021588100120425224, 0.11624839901924133, 0
u,0.017049899324774742, 0.11350709944963455, 0
u,0.912964403629303, 0.7505965828895569, 0
u,0.912964403629303, 0.7049587965011597, 0
u,0.9582160711288452, 0.7049587965011597, 0
u,0.9582160711288452, 0.7505965828895569, 0
u,0.9582160711288452, 0.7049587965011597, 0
u,0.9869744777679443, 0.7049587965011597, 0
u,0.9869744777679443, 0.7049587965011597, 0
u,0.998485803604126, 0.7049587965011597, 0
u,0.998485803604126, 0.7505965828895569, 0
u,0.8954057097434998, 0.7505965828895569, 0
u,0.8954057097434998, 0.7049587965011597, 0
u,0.912964403629303, 0.7049587965011597, 0
u,0.9518256783485413, 0.9991500973701477, 0
u,0.9329280257225037, 0.9991500973701477, 0
u,0.9329280257225037, 0.9577988982200623, 0
u,0.9329280257225037, 0.9577988982200623, 0
u,0.8954057097434998, 0.9577988982200623, 0
u,0.8954057097434998, 0.9235349893569946, 0
u,0.9518256783485413, 0.9235349893569946, 0
u,0.9518256783485413, 0.9991500973701477, 0
u,0.9329280257225037, 0.9577988982200623, 0
u,0.9329280257225037, 0.7517899870872498, 0
u,0.9518256783485413, 0.7517899870872498, 0
u,0.9329280257225037, 0.7655103802680969, 0
u,0.9518256783485413, 0.7517899870872498, 0
u,0.9518256783485413, 0.7998399138450623, 0
u,0.9329280257225037, 0.7655103802680969, 0
u,0.9518256783485413, 0.7998399138450623, 0
u,0.8954057097434998, 0.7998399138450623, 0
u,0.9329280257225037, 0.7655103802680969, 0
u,0.8954057097434998, 0.8754726052284241, 0
u,0.8954057097434998, 0.7998399138450623, 0
u,0.9518256783485413, 0.7998399138450623, 0
u,0.9518256783485413, 0.9235349893569946, 0
u,0.8954057097434998, 0.9235349893569946, 0
u,0.8954057097434998, 0.8754726052284241, 0
u,0.611463189125061, 0.3257755935192108, 0
u,0.6162644028663635, 0.3257755935192108, 0
u,0.611463189125061, 0.34775468707084656, 0
u,0.6162644028663635, 0.3257755935192108, 0
u,0.6162644028663635, 0.9994329214096069, 0
u,0.611463189125061, 0.34775468707084656, 0
u,0.3922572135925293, 0.9994329214096069, 0
u,0.3922572135925293, 0.3257755935192108, 0
u,0.39705848693847656, 0.34775468707084656, 0
u,0.3922572135925293, 0.3257755935192108, 0
u,0.39705848693847656, 0.3257755935192108, 0
u,0.39705848693847656, 0.34775468707084656, 0
u,0.3922572135925293, 0.9994329214096069, 0
u,0.39705848693847656, 0.34775468707084656, 0
u,0.5545285940170288, 0.34775468707084656, 0
u,0.5545285940170288, 0.34775468707084656, 0
u,0.611463189125061, 0.34775468707084656, 0
u,0.6162644028663635, 0.9994329214096069, 0
u,0.7625343203544617, 0.3257755935192108, 0
u,0.7625343203544617, 0.9994329214096069, 0
u,0.6162644028663635, 0.9994329214096069, 0
u,0.7625343203544617, 0.3257755935192108, 0
u,0.8005762100219727, 0.3257755935192108, 0
u,0.8005762100219727, 0.9994329214096069, 0
u,0.8393778800964355, 0.3257755935192108, 0
u,0.8393778800964355, 0.9994329214096069, 0
u,0.8005762100219727, 0.9994329214096069, 0
u,0.8393778800964355, 0.3257755935192108, 0
u,0.8526179790496826, 0.3257755935192108, 0
u,0.8526179790496826, 0.9994329214096069, 0
u,0.8526179790496826, 0.9994329214096069, 0
u,0.8526179790496826, 0.3257755935192108, 0
u,0.8715267181396484, 0.3257755935192108, 0
u,0.8715267181396484, 0.3257755935192108, 0
u,0.8847675919532776, 0.3257755935192108, 0
u,0.8847675919532776, 0.9994329214096069, 0
u,0.8847675919532776, 0.3257755935192108, 0
u,0.8940747976303101, 0.3257755935192108, 0
u,0.8940747976303101, 0.9994329214096069, 0
u,0.0, 0.9994329214096069, 0
u,0.0, 0.3257755935192108, 0
u,0.009465999901294708, 0.3257755935192108, 0
u,0.009465999901294708, 0.9994329214096069, 0
u,0.009465999901294708, 0.3257755935192108, 0
u,0.021529700607061386, 0.3257755935192108, 0
u,0.021529700607061386, 0.9994329214096069, 0
u,0.021529700607061386, 0.3257755935192108, 0
u,0.04591879993677139, 0.3257755935192108, 0
u,0.04591879993677139, 0.3257755935192108, 0
u,0.05868519842624664, 0.3257755935192108, 0
u,0.05868519842624664, 0.9994329214096069, 0
u,0.05868519842624664, 0.3257755935192108, 0
u,0.16138149797916412, 0.3257755935192108, 0
u,0.16138149797916412, 0.9994329214096069, 0
u,0.16138149797916412, 0.9994329214096069, 0
u,0.16138149797916412, 0.3257755935192108, 0
u,0.3922572135925293, 0.3257755935192108, 0
u,0.6849943995475769, 0.300301194190979, 0
u,0.6849943995475769, 0.3233889937400818, 0
u,0.5363377928733826, 0.3233889937400818, 0
u,0.4963209927082062, 0.300301194190979, 0
u,0.5363377928733826, 0.300301194190979, 0
u,0.5363377928733826, 0.3233889937400818, 0
u,0.4963209927082062, 0.300301194190979, 0
u,0.4963209927082062, 0.3233889937400818, 0
u,0.45555761456489563, 0.3233889937400818, 0
u,0.45555761456489563, 0.300301194190979, 0
u,0.45555761456489563, 0.3233889937400818, 0
u,0.4441719949245453, 0.3233889937400818, 0
u,0.4243110120296478, 0.3233889937400818, 0
u,0.4243110120296478, 0.300301194190979, 0
u,0.4275369942188263, 0.3233889937400818, 0
u,0.4243110120296478, 0.300301194190979, 0
u,0.4441719949245453, 0.300301194190979, 0
u,0.4275369942188263, 0.3233889937400818, 0
u,0.40881869196891785, 0.300301194190979, 0
u,0.4243110120296478, 0.300301194190979, 0
u,0.4243110120296478, 0.3233889937400818, 0
u,0.3967319130897522, 0.300301194190979, 0
u,0.40881869196891785, 0.300301194190979, 0
u,0.40881869196891785, 0.3233889937400818, 0
u,0.3897143006324768, 0.300301194190979, 0
u,0.3967319130897522, 0.300301194190979, 0
u,0.3967319130897522, 0.3233889937400818, 0
u,0.3787139058113098, 0.300301194190979, 0
u,0.3897143006324768, 0.300301194190979, 0
u,0.3897143006324768, 0.3233889937400818, 0
u,0.34869149327278137, 0.300301194190979, 0
u,0.3787139058113098, 0.300301194190979, 0
u,0.3787139058113098, 0.3233889937400818, 0
u,0.23752960562705994, 0.300301194190979, 0
u,0.33538371324539185, 0.300301194190979, 0
u,0.33538371324539185, 0.3233889937400818, 0
u,0.0, 0.300301194190979, 0
u,0.23752960562705994, 0.300301194190979, 0
u,0.23752960562705994, 0.3233889937400818, 0
