s,102.599609375, 59.005859375, -0.42049217224121094
b,107.727783203125, 65.396484375, 7.332357883453369
v,104.233642578125, 63.9150390625, 6.652923107147217
v,104.233642578125, 63.9150390625, 7.330129146575928
v,103.748046875, 63.7158203125, 7.330109119415283
v,103.748046875, 63.7158203125, 6.652903079986572
v,102.60009765625, 64.8173828125, -0.42049217224121094
v,105.437255859375, 65.396484375, -0.4203791618347168
v,107.727783203125, 60.1337890625, -0.4203372001647949
v,105.129150390625, 59.005859375, -0.42044687271118164
v,104.74462890625, 62.767578125, 7.332357883453369
v,104.655029296875, 62.986328125, 7.332356929779053
v,104.169189453125, 62.7880859375, 7.332336902618408
v,104.25927734375, 62.5693359375, 7.332338809967041
v,105.619873046875, 61.7919921875, 6.652956485748291
v,106.358642578125, 62.09375, 6.652988910675049
v,106.555908203125, 61.6123046875, 6.652991771697998
v,106.9326171875, 61.765625, 6.653007984161377
v,106.232177734375, 63.3740234375, 6.652995586395264
v,104.74462890625, 62.767578125, 6.6529316902160645
v,104.25927734375, 62.5693359375, 6.65291166305542
v,103.7529296875, 62.3623046875, 6.652890682220459
v,104.452880859375, 60.75390625, 6.652904033660889
v,105.81689453125, 61.310546875, 6.652960300445557
v,105.7314453125, 64.5263671875, 6.652987003326416
v,104.2333984375, 63.9150390625, 6.652923107147217
v,103.747802734375, 63.7158203125, 6.652903079986572
v,103.251953125, 63.513671875, 6.652883052825928
v,103.7529296875, 62.3623046875, 6.652890682220459
v,104.25927734375, 62.5693359375, 6.65291166305542
v,104.169189453125, 62.7880859375, 6.652909755706787
v,104.655029296875, 62.986328125, 6.652929782867432
v,104.74462890625, 62.767578125, 6.6529316902160645
v,106.232177734375, 63.3740234375, 6.652995586395264
v,103.658447265625, 63.935546875, 6.652902126312256
v,104.1435546875, 64.1328125, 6.652921199798584
v,104.2333984375, 63.9150390625, 6.652923107147217
v,105.7314453125, 64.5263671875, 6.652987003326416
v,105.390869140625, 65.3076171875, 6.652981281280518
v,102.70947265625, 64.7607421875, 6.6528754234313965
v,103.251953125, 63.513671875, 6.652883052825928
v,103.747802734375, 63.7158203125, 6.652903079986572
v,106.9326171875, 61.765625, 6.653007984161377
v,106.555908203125, 61.6123046875, 6.652991771697998
v,105.81689453125, 61.310546875, 6.652960300445557
v,104.452880859375, 60.75390625, 6.652904033660889
v,105.169189453125, 59.1083984375, 6.652919292449951
v,107.625244140625, 60.1748046875, 6.6530232429504395
v,107.625244140625, 60.1748046875, 6.830650806427002
v,105.169189453125, 59.1083984375, 6.830546855926514
v,105.12890625, 59.005859375, 6.830544948577881
v,107.727294921875, 60.1337890625, 6.830655574798584
v,105.169189453125, 59.1083984375, 6.830546855926514
v,102.70947265625, 64.7607421875, 6.830502986907959
v,102.599609375, 64.8173828125, 6.830499172210693
v,105.12890625, 59.005859375, 6.830544948577881
v,102.70947265625, 64.7607421875, 6.830502986907959
v,105.390869140625, 65.3076171875, 6.830610752105713
v,105.43701171875, 65.396484375, 6.830612659454346
v,102.599609375, 64.8173828125, 6.830499172210693
v,105.390869140625, 65.3076171875, 6.830610752105713
v,107.625244140625, 60.1748046875, 6.830650806427002
v,107.727294921875, 60.1337890625, 6.830655574798584
v,105.43701171875, 65.396484375, 6.830612659454346
v,106.555908203125, 61.6123046875, 7.010468006134033
v,106.358642578125, 62.09375, 7.010464191436768
v,105.619873046875, 61.7919921875, 7.010432720184326
v,105.81689453125, 61.310546875, 7.010436534881592
v,103.747802734375, 63.7158203125, 7.330109119415283
v,104.2333984375, 63.9150390625, 7.330129146575928
v,104.1435546875, 64.1328125, 7.330128192901611
v,103.658447265625, 63.935546875, 7.330108165740967
v,104.169189453125, 62.7880859375, 6.652909755706787
v,104.25927734375, 62.5693359375, 6.65291166305542
v,104.25927734375, 62.5693359375, 7.332338809967041
v,104.169189453125, 62.7880859375, 7.332336902618408
v,104.655029296875, 62.986328125, 7.332356929779053
v,104.655029296875, 62.986328125, 6.652929782867432
v,104.169189453125, 62.7880859375, 6.652909755706787
v,104.169189453125, 62.7880859375, 7.332336902618408
v,104.74462890625, 62.767578125, 7.332357883453369
v,104.74462890625, 62.767578125, 6.6529316902160645
v,104.655029296875, 62.986328125, 6.652929782867432
v,104.655029296875, 62.986328125, 7.332356929779053
v,104.25927734375, 62.5693359375, 7.332338809967041
v,104.25927734375, 62.5693359375, 6.65291166305542
v,104.74462890625, 62.767578125, 6.6529316902160645
v,104.74462890625, 62.767578125, 7.332357883453369
v,105.169189453125, 59.1083984375, 6.830546855926514
v,107.625244140625, 60.1748046875, 6.830650806427002
v,107.625244140625, 60.1748046875, 6.6530232429504395
v,105.169189453125, 59.1083984375, 6.652919292449951
v,102.70947265625, 64.7607421875, 6.830502986907959
v,105.169189453125, 59.1083984375, 6.830546855926514
v,105.169189453125, 59.1083984375, 6.652919292449951
v,104.452880859375, 60.75390625, 6.652904033660889
v,103.7529296875, 62.3623046875, 6.652890682220459
v,103.251953125, 63.513671875, 6.652883052825928
v,102.70947265625, 64.7607421875, 6.6528754234313965
v,105.390869140625, 65.3076171875, 6.830610752105713
v,102.70947265625, 64.7607421875, 6.830502986907959
v,102.70947265625, 64.7607421875, 6.6528754234313965
v,105.390869140625, 65.3076171875, 6.652981281280518
v,107.625244140625, 60.1748046875, 6.830650806427002
v,105.390869140625, 65.3076171875, 6.830610752105713
v,105.390869140625, 65.3076171875, 6.652981281280518
v,105.7314453125, 64.5263671875, 6.652987003326416
v,106.232177734375, 63.3740234375, 6.652995586395264
v,106.9326171875, 61.765625, 6.653007984161377
v,107.625244140625, 60.1748046875, 6.6530232429504395
v,105.12890625, 59.005859375, 6.830544948577881
v,102.599609375, 64.8173828125, 6.830499172210693
v,102.60009765625, 64.8173828125, -0.42049217224121094
v,105.129150390625, 59.005859375, -0.42044687271118164
v,102.599609375, 64.8173828125, 6.830499172210693
v,105.43701171875, 65.396484375, 6.830612659454346
v,105.437255859375, 65.396484375, -0.4203791618347168
v,102.60009765625, 64.8173828125, -0.42049217224121094
v,105.43701171875, 65.396484375, 6.830612659454346
v,107.727294921875, 60.1337890625, 6.830655574798584
v,107.727783203125, 60.1337890625, -0.4203372001647949
v,105.437255859375, 65.396484375, -0.4203791618347168
v,107.727294921875, 60.1337890625, 6.830655574798584
v,105.12890625, 59.005859375, 6.830544948577881
v,105.129150390625, 59.005859375, -0.42044687271118164
v,107.727783203125, 60.1337890625, -0.4203372001647949
v,105.81689453125, 61.310546875, 6.652960300445557
v,105.81689453125, 61.310546875, 7.010436534881592
v,105.619873046875, 61.7919921875, 7.010432720184326
v,105.619873046875, 61.7919921875, 6.652956485748291
v,105.619873046875, 61.7919921875, 6.652956485748291
v,105.619873046875, 61.7919921875, 7.010432720184326
v,106.358642578125, 62.09375, 7.010464191436768
v,106.358642578125, 62.09375, 6.652988910675049
v,106.358642578125, 62.09375, 6.652988910675049
v,106.358642578125, 62.09375, 7.010464191436768
v,106.555908203125, 61.6123046875, 7.010468006134033
v,106.555908203125, 61.6123046875, 6.652991771697998
v,106.555908203125, 61.6123046875, 6.652991771697998
v,106.555908203125, 61.6123046875, 7.010468006134033
v,105.81689453125, 61.310546875, 7.010436534881592
v,105.81689453125, 61.310546875, 6.652960300445557
v,103.747802734375, 63.7158203125, 6.652903079986572
v,103.747802734375, 63.7158203125, 7.330109119415283
v,103.658447265625, 63.935546875, 7.330108165740967
v,103.658447265625, 63.935546875, 6.652902126312256
v,103.658447265625, 63.935546875, 6.652902126312256
v,103.658447265625, 63.935546875, 7.330108165740967
v,104.1435546875, 64.1328125, 7.330128192901611
v,104.1435546875, 64.1328125, 6.652921199798584
v,104.1435546875, 64.1328125, 6.652921199798584
v,104.1435546875, 64.1328125, 7.330128192901611
v,104.2333984375, 63.9150390625, 7.330129146575928
v,104.2333984375, 63.9150390625, 6.652923107147217
i,0,2,3
i,5,7,4
i,9,11,8
i,13,15,16
i,26,27,28
i,32,33,37
i,45,42,44
i,47,49,46
i,51,53,50
i,54,56,57
i,59,61,58
i,63,65,62
i,66,68,69
i,71,73,70
i,75,77,74
i,79,81,78
i,82,84,85
i,86,88,89
i,93,94,91
i,98,100,97
i,102,104,105
i,109,111,108
i,113,115,112
i,116,118,119
i,121,123,120
i,124,126,127
i,129,131,128
i,133,135,132
i,136,138,139
i,140,142,143
i,145,147,144
i,149,151,148
i,0,1,2
i,5,6,7
i,9,10,11
i,13,14,15
i,17,18,12
i,18,19,20
i,12,18,20
i,20,21,12
i,16,17,12
i,16,12,13
i,31,22,29
i,22,23,29
i,24,25,28
i,25,26,28
i,23,24,28
i,29,23,28
i,29,30,31
i,33,34,35
i,35,36,33
i,36,37,33
i,37,38,32
i,38,39,32
i,45,40,41
i,41,42,45
i,42,43,44
i,47,48,49
i,51,52,53
i,54,55,56
i,59,60,61
i,63,64,65
i,66,67,68
i,71,72,73
i,75,76,77
i,79,80,81
i,82,83,84
i,86,87,88
i,96,90,95
i,90,91,94
i,95,90,94
i,91,92,93
i,98,99,100
i,107,101,106
i,101,102,105
i,102,103,104
i,105,106,101
i,109,110,111
i,113,114,115
i,116,117,118
i,121,122,123
i,124,125,126
i,129,130,131
i,133,134,135
i,136,137,138
i,140,141,142
i,145,146,147
i,149,150,151
n,1.7047059535980225, -4.168713569641113, 0.0
n,0.00017142975411843508, 3.948415906052105e-05, -4.50379753112793
n,-0.00016109657008200884, -4.835960498894565e-05, 4.50379753112793
n,-0.00017650162044446915, -4.1267638152930886e-05, 4.50379753112793
n,-0.00017342090723104775, -3.649181962828152e-05, 4.50379753112793
n,-0.00016419606981799006, -4.093361712875776e-05, 4.50379753112793
n,-0.00017676847346592695, -3.286130231572315e-05, 4.50379753112793
n,-0.00018881153664551675, -5.135306764714187e-06, 4.50379753112793
n,-0.00013255723752081394, -2.2590740627492778e-05, 4.50379753112793
n,-0.0001686095929471776, -5.660841634380631e-05, 4.50379753112793
n,-0.0001723873137962073, -3.936367647838779e-05, 4.50379753112793
n,-0.00017752780695445836, -3.308700615889393e-05, 4.50379753112793
n,-0.00016795900592114776, -5.099422196508385e-05, 4.50379753112793
n,-4.164648532867432, -1.7146122455596924, 0.0
n,-1.704706072807312, 4.168713569641113, 0.0
n,4.169918537139893, 1.701755404472351, 0.0
n,1.699623942375183, -4.170787811279297, 0.0
n,-1.7943147420883179, 4.130935192108154, 0.0
n,4.129547119140625, 1.7974889278411865, 0.008107882924377918
n,0.9006214141845703, -4.412830829620361, 0.0
n,-4.130154609680176, -1.7960575819015503, -0.013856956735253334
n,-4.129673004150391, -1.7972183227539062, -0.0001234921655850485
n,-0.8997337222099304, 4.41301155090332, -5.381059236242436e-05
n,4.129678249359131, 1.7972062826156616, 0.00033848456223495305
n,1.7940419912338257, -4.131053924560547, 0.00010729669156717137
n,-4.167937755584717, -1.7066015005111694, 0.0
n,-1.7034270763397217, 4.169236183166504, 0.0
n,4.168356418609619, 1.7055776119232178, 0.0
n,1.6988023519515991, -4.1711225509643555, 0.0
n,-4.171359062194824, -1.6982213258743286, 0.0
n,-1.7002755403518677, 4.170522212982178, 0.0
n,4.164648532867432, 1.7146120071411133, 0.0
n,1.7047059535980225, -4.168713569641113, 0.0
n,0.0001737475540721789, 3.9372422179440036e-05, -4.50379753112793
n,-0.00017355145246256143, -3.6545574403135106e-05, 4.50379753112793
n,-0.00017598549311514944, -4.0366438042838126e-05, 4.50379753112793
n,-0.00017197940906044096, -4.094418545719236e-05, 4.50379753112793
n,-0.00017306047084275633, -3.737214865395799e-05, 4.50379753112793
n,-0.0001697367406450212, -3.701762034324929e-05, 4.50379753112793
n,-0.0001743934117257595, -3.1783245503902435e-05, 4.50379753112793
n,-0.00017463296535424888, -4.33268396591302e-05, 4.50379753112793
n,-0.00017925151041708887, -4.153917689109221e-05, 4.50379753112793
n,-0.00017560312699060887, -4.3244275730103254e-05, 4.50379753112793
n,-0.00017245439812541008, -4.544571856968105e-05, 4.50379753112793
n,-0.00016709428746253252, -4.301112858229317e-05, 4.50379753112793
n,-0.00016694507212378085, -4.2822557588806376e-05, 4.50379753112793
n,-0.00017031020252034068, -4.447181345312856e-05, 4.50379753112793
n,-0.00017031020252034068, -4.447181345312856e-05, 4.50379753112793
n,-0.00017702142940834165, -3.747424125322141e-05, 4.50379753112793
n,-0.0001757227146299556, -3.7439494917634875e-05, 4.50379753112793
n,-0.00017352905706502497, -4.630490730050951e-05, 4.50379753112793
n,-0.00016875981236808002, -5.137091284268536e-05, 4.50379753112793
n,-0.00016837801376823336, -4.574550621327944e-05, 4.50379753112793
n,-0.00016442700871266425, -4.955628901370801e-05, 4.50379753112793
n,-0.00017837807536125183, -3.449649739195593e-05, 4.50379753112793
n,-0.00017728495004121214, -3.368325633346103e-05, 4.50379753112793
n,-0.00017356926400680095, -3.380216730874963e-05, 4.50379753112793
n,-0.0001909975107992068, 3.1488053764405777e-07, 4.50379753112793
n,-0.00015600498591084033, -3.2449574064230546e-05, 4.50379753112793
n,-0.00017266225768253207, -3.922013638657518e-05, 4.50379753112793
n,-0.00020851721637882292, -5.450431854114868e-05, 4.50379753112793
n,-0.00017754628788679838, -3.307422230136581e-05, 4.50379753112793
n,-0.000167442747624591, -5.148391210241243e-05, 4.50379753112793
n,-4.164648532867432, -1.7146122455596924, 0.0
n,-1.704705834388733, 4.168713569641113, 0.0
n,4.169918537139893, 1.701755166053772, 0.0
n,1.6996238231658936, -4.170787811279297, 0.0
n,-1.7943146228790283, 4.130935192108154, 0.0
n,4.129543304443359, 1.7975152730941772, 0.0
n,4.129713535308838, 1.7971253395080566, 0.0001237639517057687
n,4.129885196685791, 1.796717882156372, 0.006639549974352121
n,4.129874229431152, 1.7967562675476074, 0.0
n,0.9006214141845703, -4.412830829620361, 0.0
n,-4.129384517669678, -1.7978808879852295, 0.0
n,-4.129540920257568, -1.7975153923034668, 0.004919920116662979
n,-4.129021644592285, -1.7987136840820312, 0.0
n,-4.129500389099121, -1.7976125478744507, 0.002853295998647809
n,-4.129729270935059, -1.797088623046875, -0.00024698773631826043
n,-0.9010947346687317, 4.412734031677246, 0.0005008808220736682
n,4.129631996154785, 1.7973122596740723, 0.00024698188644833863
n,1.7939159870147705, -4.131108283996582, 5.3644576837541535e-05
n,-4.167937755584717, -1.7066015005111694, 0.0
n,-1.7034270763397217, 4.169235706329346, 0.0
n,4.168356418609619, 1.7055776119232178, 0.0
n,1.6988023519515991, -4.1711225509643555, 0.0
n,-4.171359062194824, -1.6982213258743286, 0.0
n,-1.7002755403518677, 4.170522212982178, 0.0
n,4.164648532867432, 1.7146122455596924, 0.0
u,0.9679437279701233, 0.8977372050285339, 0
u,0.9985355138778687, 0.9666163921356201, 0
u,0.9679437279701233, 0.9666163921356201, 0
u,0.0, 0.0, 0
u,0.0, 0.0, 0
u,0.0, 0.0, 0
u,0.8713783025741577, 0.6613674163818359, 0
u,0.8468062877655029, 0.631017804145813, 0
u,0.8711305856704712, 0.6294074058532715, 0
u,0.9273421168327332, 0.45925289392471313, 0
u,0.9456858038902283, 0.3877679109573364, 0
u,0.9456830024719238, 0.6244716048240662, 0
u,0.8214324116706848, 0.6326977014541626, 0
u,0.8468062877655029, 0.631017804145813, 0
u,0.8470444083213806, 0.66298907995224, 0
u,0.8465437293052673, 0.8323807716369629, 0
u,0.8708534240722656, 0.8307604789733887, 0
u,0.8214324116706848, 0.9855118989944458, 0
u,0.9456884860992432, 0.15367209911346436, 0
u,0.8897870182991028, 0.3915135860443115, 0
u,0.8214324116706848, 0.15395459532737732, 0
u,0.8214324116706848, 0.15395459532737732, 0
u,0.9492946267127991, 0.1431819051504135, 0
u,0.9456884860992432, 0.15367209911346436, 0
u,0.8214324116706848, 0.9855118989944458, 0
u,0.8178263902664185, 0.14348070323467255, 0
u,0.8214324116706848, 0.15395459532737732, 0
u,0.8214324116706848, 0.9855118989944458, 0
u,0.9492856860160828, 0.9173476099967957, 0
u,0.8178263902664185, 0.9984521865844727, 0
u,0.9456884860992432, 0.15367209911346436, 0
u,0.9492856860160828, 0.9173476099967957, 0
u,0.945679783821106, 0.9088566899299622, 0
u,0.9273421168327332, 0.45925289392471313, 0
u,0.8897870182991028, 0.3915135860443115, 0
u,0.9268143773078918, 0.38903239369392395, 0
u,0.8462874293327332, 0.8004322052001953, 0
u,0.8708534240722656, 0.8307604789733887, 0
u,0.8465437293052673, 0.8323807716369629, 0
u,0.852104902267456, 0.05000000074505806, 0
u,0.8414344787597656, 0.1388867050409317, 0
u,0.8414344787597656, 0.05000000074505806, 0
u,0.8178263902664185, 0.05000000074505806, 0
u,0.8414344787597656, 0.1388867050409317, 0
u,0.8178263902664185, 0.1388867050409317, 0
u,0.8757035732269287, 0.05000000074505806, 0
u,0.8863704204559326, 0.1388867050409317, 0
u,0.8757035732269287, 0.1388867050409317, 0
u,0.852104902267456, 0.1388867050409317, 0
u,0.8757035732269287, 0.05000000074505806, 0
u,0.8757035732269287, 0.1388867050409317, 0
u,0.5148866176605225, 0.027272799983620644, 0
u,0.38970229029655457, 0.0031347000040113926, 0
u,0.5148866176605225, 0.0031347000040113926, 0
u,0.5988094210624695, 0.0031347000040113926, 0
u,0.6808136105537415, 0.0031347000040113926, 0
u,0.5148866176605225, 0.027272799983620644, 0
u,0.0, 0.027272799983620644, 0
u,0.12796379625797272, 0.0031347000040113926, 0
u,0.12796379625797272, 0.027272799983620644, 0
u,0.12796379625797272, 0.027272799983620644, 0
u,0.1678386926651001, 0.0031347000040113926, 0
u,0.22652849555015564, 0.0031347000040113926, 0
u,0.0, 0.9988778829574585, 0
u,0.2908245027065277, 0.0318181999027729, 0
u,0.2908245027065277, 0.9988778829574585, 0
u,0.6841548085212708, 0.9988778829574585, 0
u,0.8170338273048401, 0.0318181999027729, 0
u,0.8170338273048401, 0.9988778829574585, 0
u,0.6841548085212708, 0.9988778829574585, 0
u,0.42081689834594727, 0.0318181999027729, 0
u,0.6841548085212708, 0.0318181999027729, 0
u,0.2908245027065277, 0.9988778829574585, 0
u,0.42081689834594727, 0.0318181999027729, 0
u,0.42081689834594727, 0.9988778829574585, 0
u,0.950742781162262, 0.9297500252723694, 0
u,0.9667993187904358, 0.9977272748947144, 0
u,0.950742781162262, 0.9977272748947144, 0
u,0.9667993187904358, 0.653363823890686, 0
u,0.950742781162262, 0.7575498223304749, 0
u,0.950742781162262, 0.653363823890686, 0
u,0.9667993187904358, 0.7575498223304749, 0
u,0.950742781162262, 0.8255373239517212, 0
u,0.950742781162262, 0.7575498223304749, 0
u,0.950742781162262, 0.8255373239517212, 0
u,0.9667993187904358, 0.9297500252723694, 0
u,0.950742781162262, 0.9297500252723694, 0
u,0.9679437279701233, 0.9666163921356201, 0
u,0.9985355138778687, 0.9977272748947144, 0
u,0.9679437279701233, 0.9977272748947144, 0
u,0.9985355138778687, 0.7978156208992004, 0
u,0.9679437279701233, 0.8666262030601501, 0
u,0.9679437279701233, 0.7978156208992004, 0
u,0.9985355138778687, 0.8666262030601501, 0
u,0.9679437279701233, 0.8977372050285339, 0
u,0.9679437279701233, 0.8666262030601501, 0
u,0.9679437279701233, 0.8977372050285339, 0
u,0.9985355138778687, 0.8977372050285339, 0
u,0.9985355138778687, 0.9666163921356201, 0
u,0.0, 0.0, 0
u,0.0, 0.0, 0
u,0.0, 0.0, 0
u,0.8713783025741577, 0.6613674163818359, 0
u,0.8470444083213806, 0.66298907995224, 0
u,0.8468062877655029, 0.631017804145813, 0
u,0.9273421168327332, 0.45925289392471313, 0
u,0.9268143773078918, 0.38903239369392395, 0
u,0.9456858038902283, 0.3877679109573364, 0
u,0.8711305856704712, 0.6294074058532715, 0
u,0.8468062877655029, 0.631017804145813, 0
u,0.8903239965438843, 0.4617229104042053, 0
u,0.8468062877655029, 0.631017804145813, 0
u,0.8214324116706848, 0.6326977014541626, 0
u,0.8214324116706848, 0.3960939943790436, 0
u,0.8903239965438843, 0.4617229104042053, 0
u,0.8468062877655029, 0.631017804145813, 0
u,0.8214324116706848, 0.3960939943790436, 0
u,0.8214324116706848, 0.3960939943790436, 0
u,0.8897870182991028, 0.3915135860443115, 0
u,0.8903239965438843, 0.4617229104042053, 0
u,0.9456830024719238, 0.6244716048240662, 0
u,0.8711305856704712, 0.6294074058532715, 0
u,0.8903239965438843, 0.4617229104042053, 0
u,0.9456830024719238, 0.6244716048240662, 0
u,0.8903239965438843, 0.4617229104042053, 0
u,0.9273421168327332, 0.45925289392471313, 0
u,0.9456830024719238, 0.6244716048240662, 0
u,0.945681095123291, 0.7938072085380554, 0
u,0.8713783025741577, 0.6613674163818359, 0
u,0.945681095123291, 0.7938072085380554, 0
u,0.8706213235855103, 0.7988101840019226, 0
u,0.8713783025741577, 0.6613674163818359, 0
u,0.8462874293327332, 0.8004322052001953, 0
u,0.8214324116706848, 0.8020889163017273, 0
u,0.8470444083213806, 0.66298907995224, 0
u,0.8214324116706848, 0.8020889163017273, 0
u,0.8214324116706848, 0.6326977014541626, 0
u,0.8470444083213806, 0.66298907995224, 0
u,0.8706213235855103, 0.7988101840019226, 0
u,0.8462874293327332, 0.8004322052001953, 0
u,0.8470444083213806, 0.66298907995224, 0
u,0.8713783025741577, 0.6613674163818359, 0
u,0.8706213235855103, 0.7988101840019226, 0
u,0.8470444083213806, 0.66298907995224, 0
u,0.8713783025741577, 0.6613674163818359, 0
u,0.8711305856704712, 0.6294074058532715, 0
u,0.9456830024719238, 0.6244716048240662, 0
u,0.8708534240722656, 0.8307604789733887, 0
u,0.8706213235855103, 0.7988101840019226, 0
u,0.945681095123291, 0.7938072085380554, 0
u,0.945681095123291, 0.7938072085380554, 0
u,0.945679783821106, 0.9088566899299622, 0
u,0.8708534240722656, 0.8307604789733887, 0
u,0.945679783821106, 0.9088566899299622, 0
u,0.8214324116706848, 0.9855118989944458, 0
u,0.8708534240722656, 0.8307604789733887, 0
u,0.8214324116706848, 0.9855118989944458, 0
u,0.8214324116706848, 0.8020889163017273, 0
u,0.8465437293052673, 0.8323807716369629, 0
u,0.8214324116706848, 0.8020889163017273, 0
u,0.8462874293327332, 0.8004322052001953, 0
u,0.8465437293052673, 0.8323807716369629, 0
u,0.9456884860992432, 0.15367209911346436, 0
u,0.9456858038902283, 0.3877679109573364, 0
u,0.9268143773078918, 0.38903239369392395, 0
u,0.9268143773078918, 0.38903239369392395, 0
u,0.8897870182991028, 0.3915135860443115, 0
u,0.9456884860992432, 0.15367209911346436, 0
u,0.8897870182991028, 0.3915135860443115, 0
u,0.8214324116706848, 0.3960939943790436, 0
u,0.8214324116706848, 0.15395459532737732, 0
u,0.8214324116706848, 0.15395459532737732, 0
u,0.8178263902664185, 0.14348070323467255, 0
u,0.9492946267127991, 0.1431819051504135, 0
u,0.8214324116706848, 0.9855118989944458, 0
u,0.8178263902664185, 0.9984521865844727, 0
u,0.8178263902664185, 0.14348070323467255, 0
u,0.8214324116706848, 0.9855118989944458, 0
u,0.945679783821106, 0.9088566899299622, 0
u,0.9492856860160828, 0.9173476099967957, 0
u,0.9456884860992432, 0.15367209911346436, 0
u,0.9492946267127991, 0.1431819051504135, 0
u,0.9492856860160828, 0.9173476099967957, 0
u,0.9273421168327332, 0.45925289392471313, 0
u,0.8903239965438843, 0.4617229104042053, 0
u,0.8897870182991028, 0.3915135860443115, 0
u,0.8462874293327332, 0.8004322052001953, 0
u,0.8706213235855103, 0.7988101840019226, 0
u,0.8708534240722656, 0.8307604789733887, 0
u,0.852104902267456, 0.05000000074505806, 0
u,0.852104902267456, 0.1388867050409317, 0
u,0.8414344787597656, 0.1388867050409317, 0
u,0.8178263902664185, 0.05000000074505806, 0
u,0.8414344787597656, 0.05000000074505806, 0
u,0.8414344787597656, 0.1388867050409317, 0
u,0.8757035732269287, 0.05000000074505806, 0
u,0.8863704204559326, 0.05000000074505806, 0
u,0.8863704204559326, 0.1388867050409317, 0
u,0.852104902267456, 0.1388867050409317, 0
u,0.852104902267456, 0.05000000074505806, 0
u,0.8757035732269287, 0.05000000074505806, 0
u,0.5148866176605225, 0.027272799983620644, 0
u,0.38970229029655457, 0.027272799983620644, 0
u,0.38970229029655457, 0.0031347000040113926, 0
u,0.8030949831008911, 0.0031347000040113926, 0
u,0.8030949831008911, 0.027272799983620644, 0
u,0.7395225763320923, 0.0031347000040113926, 0
u,0.8030949831008911, 0.027272799983620644, 0
u,0.5148866176605225, 0.027272799983620644, 0
u,0.6808136105537415, 0.0031347000040113926, 0
u,0.7395225763320923, 0.0031347000040113926, 0
u,0.8030949831008911, 0.027272799983620644, 0
u,0.6808136105537415, 0.0031347000040113926, 0
u,0.5148866176605225, 0.027272799983620644, 0
u,0.5148866176605225, 0.0031347000040113926, 0
u,0.5988094210624695, 0.0031347000040113926, 0
u,0.0, 0.027272799983620644, 0
u,0.0, 0.0031347000040113926, 0
u,0.12796379625797272, 0.0031347000040113926, 0
u,0.38970229029655457, 0.0031347000040113926, 0
u,0.38970229029655457, 0.027272799983620644, 0
u,0.3085672855377197, 0.0031347000040113926, 0
u,0.38970229029655457, 0.027272799983620644, 0
u,0.12796379625797272, 0.027272799983620644, 0
u,0.22652849555015564, 0.0031347000040113926, 0
u,0.12796379625797272, 0.027272799983620644, 0
u,0.12796379625797272, 0.0031347000040113926, 0
u,0.1678386926651001, 0.0031347000040113926, 0
u,0.22652849555015564, 0.0031347000040113926, 0
u,0.3085672855377197, 0.0031347000040113926, 0
u,0.38970229029655457, 0.027272799983620644, 0
u,0.0, 0.9988778829574585, 0
u,0.0, 0.0318181999027729, 0
u,0.2908245027065277, 0.0318181999027729, 0
u,0.6841548085212708, 0.9988778829574585, 0
u,0.6841548085212708, 0.0318181999027729, 0
u,0.8170338273048401, 0.0318181999027729, 0
u,0.6841548085212708, 0.9988778829574585, 0
u,0.42081689834594727, 0.9988778829574585, 0
u,0.42081689834594727, 0.0318181999027729, 0
u,0.2908245027065277, 0.9988778829574585, 0
u,0.2908245027065277, 0.0318181999027729, 0
u,0.42081689834594727, 0.0318181999027729, 0
u,0.950742781162262, 0.9297500252723694, 0
u,0.9667993187904358, 0.9297500252723694, 0
u,0.9667993187904358, 0.9977272748947144, 0
u,0.9667993187904358, 0.653363823890686, 0
u,0.9667993187904358, 0.7575498223304749, 0
u,0.950742781162262, 0.7575498223304749, 0
u,0.9667993187904358, 0.7575498223304749, 0
u,0.9667993187904358, 0.8255373239517212, 0
u,0.950742781162262, 0.8255373239517212, 0
u,0.950742781162262, 0.8255373239517212, 0
u,0.9667993187904358, 0.8255373239517212, 0
u,0.9667993187904358, 0.9297500252723694, 0
u,0.9679437279701233, 0.9666163921356201, 0
u,0.9985355138778687, 0.9666163921356201, 0
u,0.9985355138778687, 0.9977272748947144, 0
u,0.9985355138778687, 0.7978156208992004, 0
u,0.9985355138778687, 0.8666262030601501, 0
u,0.9679437279701233, 0.8666262030601501, 0
u,0.9985355138778687, 0.8666262030601501, 0
u,0.9985355138778687, 0.8977372050285339, 0
u,0.9679437279701233, 0.8977372050285339, 0
