s,112.3896484375, 72.3564453125, -1.331277847290039
b,116.629150390625, 79.1435546875, 6.845670700073242
v,113.4794921875, 78.453125, 5.636665344238281
v,113.4794921875, 78.453125, 6.0840654373168945
v,113.9326171875, 77.4462890625, 6.084066390991211
v,113.9326171875, 77.4462890625, 5.636665344238281
v,116.629150390625, 72.6318359375, -1.3311944007873535
v,115.10009765625, 72.3564453125, -1.3312697410583496
v,112.389892578125, 78.5380859375, -1.331277847290039
v,113.7744140625, 79.1435546875, -1.3312044143676758
v,114.203125, 76.267578125, 6.685770034790039
v,114.332275390625, 75.98828125, 6.685770034790039
v,114.710693359375, 76.1630859375, 6.685791015625
v,114.58154296875, 76.4423828125, 6.685790061950684
v,114.02001953125, 76.18359375, 6.53255558013916
v,114.203125, 76.267578125, 6.532566070556641
v,114.58154296875, 76.4423828125, 6.532586097717285
v,114.7958984375, 76.541015625, 6.532598495483398
v,114.7314453125, 76.6806640625, 6.532597541809082
v,114.39404296875, 76.533203125, 6.53257942199707
v,113.9521484375, 76.3291015625, 6.53255558013916
v,114.710693359375, 76.1630859375, 6.532587051391602
v,114.332275390625, 75.98828125, 6.532567024230957
v,114.203125, 76.267578125, 6.532566070556641
v,114.02001953125, 76.18359375, 6.53255558013916
v,114.181884765625, 75.8330078125, 6.532556533813477
v,114.957763671875, 76.1923828125, 6.532598495483398
v,114.7958984375, 76.541015625, 6.532598495483398
v,114.58154296875, 76.4423828125, 6.532586097717285
v,114.957763671875, 76.1923828125, 6.754633903503418
v,114.181884765625, 75.8330078125, 6.75459098815918
v,113.9521484375, 76.3291015625, 6.75459098815918
v,114.39404296875, 76.533203125, 6.754613876342773
v,113.8974609375, 76.3154296875, 6.7545881271362305
v,114.155029296875, 75.759765625, 6.754589080810547
v,115.031494140625, 76.166015625, 6.754636764526367
v,114.781982421875, 76.703125, 6.754635810852051
v,114.7314453125, 76.6806640625, 6.754631996154785
v,113.928955078125, 76.4267578125, 6.790117263793945
v,114.682373046875, 76.755859375, 6.790156364440918
v,114.478759765625, 77.220703125, 6.790156364440918
v,113.725341796875, 76.8916015625, 6.790117263793945
v,114.5244140625, 77.337890625, 6.845669746398926
v,113.6083984375, 76.9365234375, 6.845621109008789
v,113.88330078125, 76.3095703125, 6.845621109008789
v,113.928955078125, 76.4267578125, 6.845625877380371
v,113.725341796875, 76.8916015625, 6.845625877380371
v,114.478759765625, 77.220703125, 6.84566593170166
v,114.682373046875, 76.755859375, 6.84566593170166
v,114.79931640625, 76.7109375, 6.845670700073242
v,114.682373046875, 76.755859375, 6.84566593170166
v,113.928955078125, 76.4267578125, 6.845625877380371
v,113.88330078125, 76.3095703125, 6.845621109008789
v,114.79931640625, 76.7109375, 6.845670700073242
v,113.932373046875, 77.4462890625, 5.636665344238281
v,113.502685546875, 77.25390625, 5.6366424560546875
v,113.639404296875, 76.9501953125, 5.636643409729004
v,114.07080078125, 77.1396484375, 5.636666297912598
v,116.470703125, 72.7158203125, 5.636696815490723
v,114.970947265625, 76.13671875, 5.636687278747559
v,114.155029296875, 75.759765625, 5.636643409729004
v,113.8974609375, 76.3154296875, 5.6366424560546875
v,113.883544921875, 76.3095703125, 5.636641502380371
v,113.6083984375, 76.9365234375, 5.636641502380371
v,113.639404296875, 76.9501953125, 5.636643409729004
v,113.502685546875, 77.25390625, 5.6366424560546875
v,113.0498046875, 78.259765625, 5.6366424560546875
v,113.479248046875, 78.453125, 5.636665344238281
v,113.932373046875, 77.4462890625, 5.636665344238281
v,114.07080078125, 77.1396484375, 5.636666297912598
v,114.45751953125, 77.30859375, 5.636686325073242
v,113.717041015625, 78.9970703125, 5.636687278747559
v,112.535888671875, 78.48046875, 5.636625289916992
v,115.16650390625, 72.4814453125, 5.636632919311523
v,114.45751953125, 77.30859375, 5.692194938659668
v,114.5244140625, 77.337890625, 5.692198753356934
v,114.79931640625, 76.7109375, 5.69219970703125
v,114.781982421875, 76.703125, 5.692197799682617
v,115.031494140625, 76.166015625, 5.69219970703125
v,114.970947265625, 76.13671875, 5.692195892333984
v,116.470703125, 72.7158203125, 5.692205429077148
v,116.629150390625, 72.6318359375, 5.692211151123047
v,113.77392578125, 79.1435546875, 5.692201614379883
v,113.717041015625, 78.9970703125, 5.692195892333984
v,112.3896484375, 78.5380859375, 5.6921281814575195
v,115.099853515625, 72.3564453125, 5.692136764526367
v,116.629150390625, 72.6318359375, 5.692211151123047
v,116.470703125, 72.7158203125, 5.692205429077148
v,115.16650390625, 72.4814453125, 5.692142486572266
v,112.535888671875, 78.48046875, 5.692133903503418
v,113.717041015625, 78.9970703125, 5.692195892333984
v,113.77392578125, 79.1435546875, 5.692201614379883
v,113.479248046875, 78.453125, 6.0840654373168945
v,113.0498046875, 78.259765625, 6.084042549133301
v,113.502685546875, 77.25390625, 6.084042549133301
v,113.932373046875, 77.4462890625, 6.084066390991211
v,114.710693359375, 76.1630859375, 6.532587051391602
v,114.58154296875, 76.4423828125, 6.532586097717285
v,114.58154296875, 76.4423828125, 6.685790061950684
v,114.710693359375, 76.1630859375, 6.685791015625
v,114.332275390625, 75.98828125, 6.532567024230957
v,114.710693359375, 76.1630859375, 6.532587051391602
v,114.710693359375, 76.1630859375, 6.685791015625
v,114.332275390625, 75.98828125, 6.685770034790039
v,114.203125, 76.267578125, 6.532566070556641
v,114.332275390625, 75.98828125, 6.532567024230957
v,114.332275390625, 75.98828125, 6.685770034790039
v,114.203125, 76.267578125, 6.685770034790039
v,114.58154296875, 76.4423828125, 6.532586097717285
v,114.203125, 76.267578125, 6.532566070556641
v,114.203125, 76.267578125, 6.685770034790039
v,114.58154296875, 76.4423828125, 6.685790061950684
v,113.9521484375, 76.3291015625, 6.75459098815918
v,114.181884765625, 75.8330078125, 6.75459098815918
v,114.181884765625, 75.8330078125, 6.532556533813477
v,114.02001953125, 76.18359375, 6.53255558013916
v,113.9521484375, 76.3291015625, 6.53255558013916
v,114.39404296875, 76.533203125, 6.53257942199707
v,114.39404296875, 76.533203125, 6.754613876342773
v,113.9521484375, 76.3291015625, 6.75459098815918
v,113.9521484375, 76.3291015625, 6.53255558013916
v,114.7314453125, 76.6806640625, 6.754631996154785
v,114.7314453125, 76.6806640625, 6.532597541809082
v,114.7958984375, 76.541015625, 6.532598495483398
v,114.957763671875, 76.1923828125, 6.532598495483398
v,114.957763671875, 76.1923828125, 6.754633903503418
v,114.181884765625, 75.8330078125, 6.532556533813477
v,114.181884765625, 75.8330078125, 6.75459098815918
v,114.957763671875, 76.1923828125, 6.754633903503418
v,114.957763671875, 76.1923828125, 6.532598495483398
v,114.781982421875, 76.703125, 5.692197799682617
v,114.781982421875, 76.703125, 6.754635810852051
v,115.031494140625, 76.166015625, 6.754636764526367
v,115.031494140625, 76.166015625, 5.69219970703125
v,114.155029296875, 75.759765625, 5.636643409729004
v,114.970947265625, 76.13671875, 5.636687278747559
v,114.970947265625, 76.13671875, 5.692195892333984
v,115.031494140625, 76.166015625, 5.69219970703125
v,115.031494140625, 76.166015625, 6.754636764526367
v,114.155029296875, 75.759765625, 6.754589080810547
v,114.155029296875, 75.759765625, 5.636643409729004
v,114.155029296875, 75.759765625, 6.754589080810547
v,113.8974609375, 76.3154296875, 6.7545881271362305
v,113.8974609375, 76.3154296875, 5.6366424560546875
v,114.7314453125, 76.6806640625, 6.754631996154785
v,114.781982421875, 76.703125, 6.754635810852051
v,114.781982421875, 76.703125, 5.692197799682617
v,114.79931640625, 76.7109375, 5.69219970703125
v,114.79931640625, 76.7109375, 6.845670700073242
v,113.88330078125, 76.3095703125, 6.845621109008789
v,113.883544921875, 76.3095703125, 5.636641502380371
v,113.8974609375, 76.3154296875, 5.6366424560546875
v,113.8974609375, 76.3154296875, 6.7545881271362305
v,114.39404296875, 76.533203125, 6.754613876342773
v,114.39404296875, 76.533203125, 6.53257942199707
v,114.7314453125, 76.6806640625, 6.532597541809082
v,113.725341796875, 76.8916015625, 6.845625877380371
v,113.928955078125, 76.4267578125, 6.845625877380371
v,113.928955078125, 76.4267578125, 6.790117263793945
v,113.725341796875, 76.8916015625, 6.790117263793945
v,114.478759765625, 77.220703125, 6.84566593170166
v,113.725341796875, 76.8916015625, 6.845625877380371
v,113.725341796875, 76.8916015625, 6.790117263793945
v,114.478759765625, 77.220703125, 6.790156364440918
v,114.682373046875, 76.755859375, 6.84566593170166
v,114.478759765625, 77.220703125, 6.84566593170166
v,114.478759765625, 77.220703125, 6.790156364440918
v,114.682373046875, 76.755859375, 6.790156364440918
v,113.928955078125, 76.4267578125, 6.845625877380371
v,114.682373046875, 76.755859375, 6.84566593170166
v,114.682373046875, 76.755859375, 6.790156364440918
v,113.928955078125, 76.4267578125, 6.790117263793945
v,113.6083984375, 76.9365234375, 5.636641502380371
v,113.6083984375, 76.9365234375, 6.845621109008789
v,114.5244140625, 77.337890625, 6.845669746398926
v,114.5244140625, 77.337890625, 5.692198753356934
v,114.45751953125, 77.30859375, 5.692194938659668
v,114.45751953125, 77.30859375, 5.636686325073242
v,114.07080078125, 77.1396484375, 5.636666297912598
v,113.639404296875, 76.9501953125, 5.636643409729004
v,114.79931640625, 76.7109375, 5.69219970703125
v,114.5244140625, 77.337890625, 5.692198753356934
v,114.5244140625, 77.337890625, 6.845669746398926
v,114.79931640625, 76.7109375, 6.845670700073242
v,113.6083984375, 76.9365234375, 6.845621109008789
v,113.6083984375, 76.9365234375, 5.636641502380371
v,113.883544921875, 76.3095703125, 5.636641502380371
v,113.88330078125, 76.3095703125, 6.845621109008789
v,113.717041015625, 78.9970703125, 5.692195892333984
v,112.535888671875, 78.48046875, 5.692133903503418
v,112.535888671875, 78.48046875, 5.636625289916992
v,113.717041015625, 78.9970703125, 5.636687278747559
v,114.970947265625, 76.13671875, 5.692195892333984
v,114.970947265625, 76.13671875, 5.636687278747559
v,116.470703125, 72.7158203125, 5.636696815490723
v,116.470703125, 72.7158203125, 5.692205429077148
v,114.45751953125, 77.30859375, 5.636686325073242
v,114.45751953125, 77.30859375, 5.692194938659668
v,113.717041015625, 78.9970703125, 5.692195892333984
v,113.717041015625, 78.9970703125, 5.636687278747559
v,115.16650390625, 72.4814453125, 5.692142486572266
v,116.470703125, 72.7158203125, 5.692205429077148
v,116.470703125, 72.7158203125, 5.636696815490723
v,115.16650390625, 72.4814453125, 5.636632919311523
v,112.535888671875, 78.48046875, 5.636625289916992
v,112.535888671875, 78.48046875, 5.692133903503418
v,115.16650390625, 72.4814453125, 5.692142486572266
v,115.16650390625, 72.4814453125, 5.636632919311523
v,113.7744140625, 79.1435546875, -1.3312044143676758
v,113.77392578125, 79.1435546875, 5.692201614379883
v,116.629150390625, 72.6318359375, 5.692211151123047
v,116.629150390625, 72.6318359375, -1.3311944007873535
v,116.629150390625, 72.6318359375, 5.692211151123047
v,115.099853515625, 72.3564453125, 5.692136764526367
v,115.10009765625, 72.3564453125, -1.3312697410583496
v,116.629150390625, 72.6318359375, -1.3311944007873535
v,115.099853515625, 72.3564453125, 5.692136764526367
v,112.3896484375, 78.5380859375, 5.6921281814575195
v,112.389892578125, 78.5380859375, -1.331277847290039
v,115.10009765625, 72.3564453125, -1.3312697410583496
v,112.3896484375, 78.5380859375, 5.6921281814575195
v,113.77392578125, 79.1435546875, 5.692201614379883
v,113.7744140625, 79.1435546875, -1.3312044143676758
v,112.389892578125, 78.5380859375, -1.331277847290039
v,113.932373046875, 77.4462890625, 5.636665344238281
v,113.932373046875, 77.4462890625, 6.084066390991211
v,113.502685546875, 77.25390625, 6.084042549133301
v,113.502685546875, 77.25390625, 5.6366424560546875
v,113.502685546875, 77.25390625, 5.6366424560546875
v,113.502685546875, 77.25390625, 6.084042549133301
v,113.0498046875, 78.259765625, 6.084042549133301
v,113.0498046875, 78.259765625, 5.6366424560546875
v,113.0498046875, 78.259765625, 5.6366424560546875
v,113.0498046875, 78.259765625, 6.084042549133301
v,113.479248046875, 78.453125, 6.0840654373168945
v,113.479248046875, 78.453125, 5.636665344238281
i,1,3,0
i,5,7,4
i,9,11,8
i,17,18,13
i,19,20,23
i,27,28,32
i,36,38,39
i,44,45,40
i,48,50,51
i,52,54,55
i,70,60,61
i,74,76,79
i,82,83,87
i,90,92,93
i,94,96,97
i,99,101,98
i,103,105,102
i,106,108,109
i,111,112,113
i,115,117,118
i,121,122,123
i,125,127,124
i,129,131,128
i,134,136,137
i,138,140,141
i,142,146,151
i,155,157,154
i,159,161,158
i,163,165,162
i,166,168,169
i,176,177,171
i,178,180,181
i,183,185,182
i,187,189,186
i,190,192,193
i,195,197,194
i,198,200,201
i,203,205,202
i,207,209,206
i,211,213,210
i,214,216,217
i,218,220,221
i,222,224,225
i,227,229,226
i,231,233,230
i,1,2,3
i,5,6,7
i,9,10,11
i,18,12,13
i,13,14,17
i,14,15,16
i,17,14,16
i,20,21,22
i,24,25,19
i,25,26,19
i,20,22,23
i,24,19,23
i,29,30,31
i,33,34,27
i,34,35,27
i,29,31,28
i,31,32,28
i,33,27,32
i,36,37,38
i,41,42,43
i,41,43,44
i,46,47,45
i,47,40,45
i,41,44,40
i,48,49,50
i,52,53,54
i,71,56,57
i,58,59,60
i,71,57,58
i,67,68,66
i,68,69,65
i,65,66,68
i,62,63,61
i,63,64,70
i,61,63,70
i,64,65,70
i,65,69,70
i,70,71,60
i,71,58,60
i,81,72,73
i,74,75,76
i,80,81,73
i,80,73,74
i,77,78,76
i,78,79,76
i,80,74,79
i,83,84,85
i,83,85,86
i,88,89,82
i,83,86,87
i,87,88,82
i,90,91,92
i,94,95,96
i,99,100,101
i,103,104,105
i,106,107,108
i,114,110,113
i,110,111,113
i,115,116,117
i,123,119,121
i,119,120,121
i,125,126,127
i,129,130,131
i,137,132,134
i,132,133,134
i,134,135,136
i,138,139,140
i,143,144,145
i,147,148,150
i,148,149,150
i,143,145,146
i,152,153,151
i,153,142,151
i,142,143,146
i,146,147,151
i,147,150,151
i,155,156,157
i,159,160,161
i,163,164,165
i,166,167,168
i,177,170,171
i,171,172,176
i,172,173,174
i,174,175,176
i,172,174,176
i,178,179,180
i,183,184,185
i,187,188,189
i,190,191,192
i,195,196,197
i,198,199,200
i,203,204,205
i,207,208,209
i,211,212,213
i,214,215,216
i,218,219,220
i,222,223,224
i,227,228,229
i,231,232,233
n,4.106778621673584, 1.8489352464675903, 0.0
n,0.00020573000074364245, 8.34661623230204e-05, -4.50379753112793
n,-0.00020463172404561192, -8.103069558274001e-05, 4.50379753112793
n,-0.0002030445757554844, -8.382767555303872e-05, 4.50379753112793
n,-0.0001917444315040484, -0.00010900121560553089, 4.50379753112793
n,-0.00020933891937602311, -7.88848556112498e-05, 4.50379753112793
n,-0.00019965844694525003, -8.753681322559714e-05, 4.50379753112793
n,-0.00020105851581320167, -8.433601760771126e-05, 4.50379753112793
n,-0.0002172474778490141, -5.5474221881013364e-05, 4.50379753112793
n,-0.00020383564697112888, -7.956074114190415e-05, 4.50379753112793
n,-0.00019314163364470005, -8.474990318063647e-05, 4.50379753112793
n,-0.000562760978937149, -0.00023932999465614557, 4.50379753112793
n,-0.0001861677155829966, -7.545182597823441e-05, 4.50379753112793
n,-0.0002083213912555948, -8.999794226838276e-05, 4.50379753112793
n,4.087405681610107, 1.8913770914077759, 0.0
n,1.8846770524978638, -4.090499401092529, 0.0
n,-4.087405681610107, -1.8913770914077759, 0.0
n,-1.8846770524978638, 4.090499401092529, 0.0
n,4.088153839111328, 1.8897593021392822, 0.0
n,1.8863351345062256, -4.08973503112793, 0.0
n,-4.0855393409729, -1.895405650138855, 0.0
n,-1.8916984796524048, 4.087256908416748, 0.0
n,4.085883140563965, 1.8946638107299805, 0.0
n,1.8927370309829712, -4.086775302886963, 0.0023226654157042503
n,-4.086462020874023, -1.8934152126312256, 0.0
n,1.8044675588607788, -4.126396179199219, 0.030717797577381134
n,4.124773025512695, 1.8084360361099243, 0.0
n,1.8048954010009766, -4.126323223114014, 0.0
n,-4.1254801750183105, -1.8068218231201172, 0.0
n,-1.8053314685821533, 4.126132965087891, 0.0
n,-1.8075990676879883, 4.1251397132873535, 0.0009904259350150824
n,4.125269889831543, 1.8073017597198486, 0.0007754733669571579
n,-4.1247453689575195, -1.8084983825683594, 0.0
n,1.8058030605316162, -4.125926494598389, 0.0
n,-4.124745845794678, -1.8084981441497803, 0.0
n,-4.124678134918213, -1.808651328086853, 0.0
n,-0.7987891435623169, 4.4323954582214355, 0.0
n,4.124694347381592, 1.8086161613464355, 0.0
n,4.124735355377197, 1.8085209131240845, 0.00025471666594967246
n,0.7994683384895325, -4.432272911071777, 2.4681676222826354e-05
n,-4.124764919281006, -1.808454990386963, -0.00012736012286040932
n,-1.804427146911621, 4.126528263092041, -5.570737266680226e-05
n,1.8422454595565796, -4.109784126281738, 0.0
n,-4.106181621551514, -1.8502615690231323, 0.0
n,-1.8491474390029907, 4.106682777404785, 0.0
n,4.106778621673584, 1.8489353656768799, 0.0
n,0.00020341610070317984, 8.301417256006971e-05, -4.50379753112793
n,-0.00020463172404561192, -8.103069558274001e-05, 4.50379753112793
n,-0.00020593764202203602, -9.561391198076308e-05, 4.50379753112793
n,-0.00020349110127426684, -8.3506281953305e-05, 4.50379753112793
n,-0.00021563100744970143, -7.246131281135604e-05, 4.50379753112793
n,-0.00020221792510710657, -8.088717004284263e-05, 4.50379753112793
n,-0.0002112315414706245, -8.408466237597167e-05, 4.50379753112793
n,-0.00020613135711755604, -8.468970190733671e-05, 4.50379753112793
n,-0.00021044057211838663, -8.371865260414779e-05, 4.50379753112793
n,-0.00021357680088840425, -8.783967496128753e-05, 4.50379753112793
n,-0.000205950258532539, -8.620647713541985e-05, 4.50379753112793
n,-0.00016841324395500124, -0.00015891133807599545, 4.50379753112793
n,-0.00018371408805251122, -7.809606177033857e-05, 4.50379753112793
n,-0.00025511483545415103, -0.00010264386219205335, 4.50379753112793
n,-0.00018848820764105767, -7.955247565405443e-05, 4.50379753112793
n,-0.0001957546191988513, -8.383912791032344e-05, 4.50379753112793
n,-0.0001942250964930281, -0.00010691658826544881, 4.50379753112793
n,-0.00019974088354501873, -8.74797988217324e-05, 4.50379753112793
n,-0.00019645370775833726, -8.61353037180379e-05, 4.50379753112793
n,-0.00019643506675492972, -8.612358215032145e-05, 4.50379753112793
n,-0.00023567103198729455, -0.00010321599256712943, 4.50379753112793
n,-0.00020387516997288913, -8.323543443111703e-05, 4.50379753112793
n,-0.0001979154912987724, -8.995988901006058e-05, 4.50379753112793
n,-0.00020112832135055214, -8.430874004261568e-05, 4.50379753112793
n,-0.00020422114175744355, -7.933312008390203e-05, 4.50379753112793
n,-0.0002053484640782699, -7.776830170769244e-05, 4.50379753112793
n,-0.00023105466971173882, -0.00010019500041380525, 4.50379753112793
n,-0.0002071095077553764, -7.786252535879612e-05, 4.50379753112793
n,-0.00020230621157679707, -7.887055835453793e-05, 4.50379753112793
n,-0.00020557106472551823, -9.240089275408536e-05, 4.50379753112793
n,-0.00020594258967321366, -9.271856106352061e-05, 4.50379753112793
n,-0.0002094887604471296, -8.170353976311162e-05, 4.50379753112793
n,-0.00019339156278874725, -8.714300929568708e-05, 4.50379753112793
n,-0.00016970532306004316, -6.846956966910511e-05, 4.50379753112793
n,-0.0001968871511053294, -9.52650880208239e-05, 4.50379753112793
n,-0.00019691399938892573, -9.617801697459072e-05, 4.50379753112793
n,-0.00015792569320183247, -6.288944132393226e-05, 4.50379753112793
n,-0.00015034225361887366, -6.0348029364831746e-05, 4.50379753112793
n,-0.00019006483489647508, -8.560148853575811e-05, 4.50379753112793
n,-0.00036917335819453, -0.00015700138465035707, 4.50379753112793
n,-0.00018675407045520842, -8.399022772209719e-05, 4.50379753112793
n,-0.0005481476546265185, -0.00023425251129083335, 4.50379753112793
n,-0.00021370244212448597, -8.143110608216375e-05, 4.50379753112793
n,-0.00021149014355614781, -8.050797623582184e-05, 4.50379753112793
n,-0.0006030360818840563, -0.00025739509146660566, 4.50379753112793
n,-0.00020665655029006302, -7.141383684938774e-05, 4.50379753112793
n,-0.00020613720698747784, -7.339172589126974e-05, 4.50379753112793
n,-0.0002030555042438209, -7.761034794384614e-05, 4.50379753112793
n,-0.00019518707995302975, -7.922798249637708e-05, 4.50379753112793
n,-0.00019552714366000146, -9.934674017131329e-05, 4.50379753112793
n,-0.00019933785370085388, -8.982242434285581e-05, 4.50379753112793
n,4.087405681610107, 1.8913770914077759, 0.0
n,1.8846770524978638, -4.090499401092529, 0.0
n,-4.087405681610107, -1.8913770914077759, 0.0
n,-1.8846770524978638, 4.090499401092529, 0.0
n,4.08498477935791, 1.8966001272201538, 0.0
n,4.087222576141357, 1.8917694091796875, 0.0038518630899488926
n,1.8863351345062256, -4.08973503112793, 0.0
n,-4.0860724449157715, -1.8942537307739258, 0.002197152003645897
n,-4.087405681610107, -1.8913770914077759, 0.0
n,-1.8916984796524048, 4.087256908416748, 0.0
n,4.085883617401123, 1.894663691520691, 0.0
n,1.890246033668518, -4.087928771972656, 0.0
n,1.890246033668518, -4.087928771972656, 0.0
n,1.926132082939148, -4.07114315032959, 0.0
n,-4.086462020874023, -1.8934152126312256, 0.0
n,1.848199486732483, -4.107110023498535, 0.0
n,1.7835525274276733, -4.135593414306641, 0.00031988072441890836
n,1.8052067756652832, -4.126186847686768, 0.0
n,1.866048812866211, -4.0990309715271, 0.0003507821820676327
n,1.8045107126235962, -4.126491546630859, 0.0
n,1.8045107126235962, -4.126491546630859, 0.0
n,1.8291616439819336, -4.115614891052246, 0.008713646791875362
n,1.8084802627563477, -4.124742031097412, 0.009638459421694279
n,1.807755708694458, -4.125068664550781, 0.004769004415720701
n,4.124773025512695, 1.8084360361099243, 0.0
n,1.8048954010009766, -4.126323223114014, 0.0
n,-4.1254801750183105, -1.8068218231201172, 0.0
n,-1.8053314685821533, 4.126132965087891, 0.0
n,-1.839828372001648, 4.110866546630859, 0.0
n,-1.808125615119934, 4.124908447265625, 0.0007501348736695945
n,-1.8143001794815063, 4.122196674346924, 0.0
n,-1.80508553981781, 4.126240253448486, 0.0
n,-1.805007815361023, 4.126274108886719, -0.0006439980352297425
n,4.1247453689575195, 1.8084983825683594, 0.0
n,-4.124220848083496, -1.8096942901611328, -0.0007396803121082485
n,1.8058030605316162, -4.125926494598389, 0.0
n,-4.124745845794678, -1.8084981441497803, 0.0
n,-4.124678134918213, -1.808651328086853, 0.0
n,-0.7987891435623169, 4.4323954582214355, 0.0
n,4.124694347381592, 1.8086161613464355, 0.0
n,4.124684810638428, 1.8086360692977905, 0.00012733980838675052
n,0.7994683980941772, -4.432272911071777, 2.4681676222826354e-05
n,-4.124764919281006, -1.808454990386963, -0.00012734225310850888
n,-1.8046642541885376, 4.126424312591553, -0.00011142941366415471
n,1.8422454595565796, -4.109784126281738, 0.0
n,-4.106181621551514, -1.8502615690231323, 0.0
n,-1.8491473197937012, 4.106682777404785, 0.0
u,0.9967532157897949, 0.8216009736061096, 0
u,0.9715406894683838, 0.9462726712226868, 0
u,0.9715406894683838, 0.8216009736061096, 0
u,0.0, 0.0, 0
u,0.0, 0.0, 0
u,0.0, 0.0, 0
u,0.2329673022031784, 0.090761199593544, 0
u,0.25137200951576233, 0.042762599885463715, 0
u,0.250912606716156, 0.09147299826145172, 0
u,0.26060500741004944, 0.058559201657772064, 0
u,0.2600412964820862, 0.11546400189399719, 0
u,0.250912606716156, 0.09147299826145172, 0
u,0.23342199623584747, 0.04202660173177719, 0
u,0.2329673022031784, 0.090761199593544, 0
u,0.2282157987356186, 0.11413440108299255, 0
u,0.22920860350131989, 0.014214900322258472, 0
u,0.2282157987356186, 0.11413440108299255, 0
u,0.22491629421710968, 0.12048859894275665, 0
u,0.26579558849334717, 0.11337059736251831, 0
u,0.295328289270401, 0.017206700518727303, 0
u,0.2953670024871826, 0.11337850242853165, 0
u,0.2953670024871826, 0.11337850242853165, 0
u,0.295328289270401, 0.017206700518727303, 0
u,0.30050128698349, 0.0068207997828722, 0
u,0.2657720148563385, 0.017212899401783943, 0
u,0.26062101125717163, 0.1237540990114212, 0
u,0.2605923116207123, 0.0068291001953184605, 0
u,0.3201946020126343, 0.06512100249528885, 0
u,0.300546795129776, 0.11980920284986496, 0
u,0.30052459239959717, 0.0647222027182579, 0
u,0.40805500745773315, 0.16614319384098053, 0
u,0.26062101125717163, 0.1237540990114212, 0
u,0.3005482852458954, 0.12376479804515839, 0
u,0.2605923116207123, 0.0068291001953184605, 0
u,0.2260380983352661, 0.007591700181365013, 0
u,0.0, 0.002408399945124984, 0
u,0.4145315885543823, 0.17912410199642181, 0
u,0.021047700196504593, 0.179133802652359, 0
u,0.40805500745773315, 0.16614319384098053, 0
u,0.38448208570480347, 0.06642410159111023, 0
u,0.31993749737739563, 0.12019810080528259, 0
u,0.3201946020126343, 0.06512100249528885, 0
u,0.9987859129905701, 0.5254741907119751, 0
u,0.9901865124702454, 0.5601521134376526, 0
u,0.9901865124702454, 0.5254741907119751, 0
u,0.9987859129905701, 0.5254741907119751, 0
u,0.9901865124702454, 0.47853899002075195, 0
u,0.9987859129905701, 0.47853899002075195, 0
u,0.9987859129905701, 0.6417322754859924, 0
u,0.9901865124702454, 0.6070641279220581, 0
u,0.9987859129905701, 0.6070641279220581, 0
u,0.9987859129905701, 0.5601521134376526, 0
u,0.9901865124702454, 0.6070641279220581, 0
u,0.9901865124702454, 0.5601521134376526, 0
u,0.9764475226402283, 0.5253077745437622, 0
u,0.9889249205589294, 0.5253077745437622, 0
u,0.9889249205589294, 0.5687766075134277, 0
u,0.9889249205589294, 0.6417322754859924, 0
u,0.9764475226402283, 0.5868636965751648, 0
u,0.9889249205589294, 0.5868636965751648, 0
u,0.9889249205589294, 0.38559219241142273, 0
u,0.9889249205589294, 0.4289636015892029, 0
u,0.9764475226402283, 0.4289636015892029, 0
u,0.9764475226402283, 0.5253077745437622, 0
u,0.9889249205589294, 0.4289636015892029, 0
u,0.9889249205589294, 0.5253077745437622, 0
u,0.7299365997314453, 0.179133802652359, 0
u,0.6967591047286987, 0.0598812997341156, 0
u,0.7299365997314453, 0.0598812997341156, 0
u,0.6930267214775085, 0.0598812997341156, 0
u,0.6967591047286987, 0.179133802652359, 0
u,0.6427208781242371, 0.179133802652359, 0
u,0.6427208781242371, 0.05365080013871193, 0
u,0.6084396243095398, 0.179133802652359, 0
u,0.6084396243095398, 0.05365080013871193, 0
u,0.6023758053779602, 0.1688116043806076, 0
u,0.6065745949745178, 0.179133802652359, 0
u,0.5815662741661072, 0.1688116043806076, 0
u,0.9715406894683838, 0.49024638533592224, 0
u,0.9746931791305542, 0.5480365753173828, 0
u,0.9715406894683838, 0.5480365753173828, 0
u,0.9715406894683838, 0.5480365753173828, 0
u,0.9746931791305542, 0.6417322754859924, 0
u,0.9715406894683838, 0.6417322754859924, 0
u,0.9715406894683838, 0.3388037085533142, 0
u,0.9746931791305542, 0.39656439423561096, 0
u,0.9715406894683838, 0.39656439423561096, 0
u,0.9715406894683838, 0.49024638533592224, 0
u,0.9746931791305542, 0.39656439423561096, 0
u,0.9746931791305542, 0.49024638533592224, 0
u,0.4827866852283478, 0.04204859957098961, 0
u,0.5094177722930908, 0.04204859957098961, 0
u,0.5113301277160645, 0.179133802652359, 0
u,0.41609421372413635, 0.04834270104765892, 0
u,0.45479509234428406, 0.179133802652359, 0
u,0.41609421372413635, 0.179133802652359, 0
u,0.5113301277160645, 0.04204859957098961, 0
u,0.550048828125, 0.179133802652359, 0
u,0.5113301277160645, 0.179133802652359, 0
u,0.17775790393352509, 0.1826595962047577, 0
u,0.10461430251598358, 0.18897640705108643, 0
u,0.10461430251598358, 0.1826595962047577, 0
u,0.8365762233734131, 0.1826595962047577, 0
u,0.6246433258056641, 0.18897640705108643, 0
u,0.6246433258056641, 0.1826595962047577, 0
u,0.0, 0.1826595962047577, 0
u,0.10461430251598358, 0.18897640705108643, 0
u,0.0, 0.18897640705108643, 0
u,0.5494366884231567, 0.1826595962047577, 0
u,0.6246433258056641, 0.18897640705108643, 0
u,0.5494366884231567, 0.18897640705108643, 0
u,0.17775790393352509, 0.1826595962047577, 0
u,0.5494366884231567, 0.18897640705108643, 0
u,0.17775790393352509, 0.18897640705108643, 0
u,0.5622978210449219, 0.19291339814662933, 0
u,0.9696136116981506, 0.9999917149543762, 0
u,0.5622978210449219, 0.9999917149543762, 0
u,0.08901990205049515, 0.19291339814662933, 0
u,0.0, 0.9999917149543762, 0
u,0.0, 0.19291339814662933, 0
u,0.08901990205049515, 0.19291339814662933, 0
u,0.4757190942764282, 0.9999917149543762, 0
u,0.08901990205049515, 0.9999917149543762, 0
u,0.4757190942764282, 0.19291339814662933, 0
u,0.5622978210449219, 0.9999917149543762, 0
u,0.4757190942764282, 0.9999917149543762, 0
u,0.9715406894683838, 0.9462726712226868, 0
u,0.9967532157897949, 0.9995201230049133, 0
u,0.9715406894683838, 0.9995201230049133, 0
u,0.9967532157897949, 0.6437007784843445, 0
u,0.9715406894683838, 0.768366813659668, 0
u,0.9715406894683838, 0.6437007784843445, 0
u,0.9967532157897949, 0.768366813659668, 0
u,0.9715406894683838, 0.8216009736061096, 0
u,0.9715406894683838, 0.768366813659668, 0
u,0.9967532157897949, 0.8216009736061096, 0
u,0.9967532157897949, 0.9462726712226868, 0
u,0.9715406894683838, 0.9462726712226868, 0
u,0.0, 0.0, 0
u,0.0, 0.0, 0
u,0.0, 0.0, 0
u,0.2329673022031784, 0.090761199593544, 0
u,0.23342199623584747, 0.04202660173177719, 0
u,0.25137200951576233, 0.042762599885463715, 0
u,0.2600412964820862, 0.11546400189399719, 0
u,0.2506900131702423, 0.11507339775562286, 0
u,0.250912606716156, 0.09147299826145172, 0
u,0.250912606716156, 0.09147299826145172, 0
u,0.25137200951576233, 0.042762599885463715, 0
u,0.26060500741004944, 0.058559201657772064, 0
u,0.25137200951576233, 0.042762599885463715, 0
u,0.2516325116157532, 0.015143300406634808, 0
u,0.2605944871902466, 0.015514399856328964, 0
u,0.26060500741004944, 0.058559201657772064, 0
u,0.25137200951576233, 0.042762599885463715, 0
u,0.2605944871902466, 0.015514399856328964, 0
u,0.2329673022031784, 0.090761199593544, 0
u,0.250912606716156, 0.09147299826145172, 0
u,0.2506900131702423, 0.11507339775562286, 0
u,0.22920860350131989, 0.014214900322258472, 0
u,0.2516325116157532, 0.015143300406634808, 0
u,0.23342199623584747, 0.04202660173177719, 0
u,0.2516325116157532, 0.015143300406634808, 0
u,0.25137200951576233, 0.042762599885463715, 0
u,0.23342199623584747, 0.04202660173177719, 0
u,0.2329673022031784, 0.090761199593544, 0
u,0.2506900131702423, 0.11507339775562286, 0
u,0.2282157987356186, 0.11413440108299255, 0
u,0.22920860350131989, 0.014214900322258472, 0
u,0.23342199623584747, 0.04202660173177719, 0
u,0.2282157987356186, 0.11413440108299255, 0
u,0.2600412964820862, 0.11546400189399719, 0
u,0.26060500741004944, 0.058559201657772064, 0
u,0.26062050461769104, 0.1219801977276802, 0
u,0.2260380983352661, 0.007591700181365013, 0
u,0.26059290766716003, 0.00902239978313446, 0
u,0.22920860350131989, 0.014214900322258472, 0
u,0.26059290766716003, 0.00902239978313446, 0
u,0.2605944871902466, 0.015514399856328964, 0
u,0.22920860350131989, 0.014214900322258472, 0
u,0.2600412964820862, 0.11546400189399719, 0
u,0.26062050461769104, 0.1219801977276802, 0
u,0.2282157987356186, 0.11413440108299255, 0
u,0.26062050461769104, 0.1219801977276802, 0
u,0.22491629421710968, 0.12048859894275665, 0
u,0.2282157987356186, 0.11413440108299255, 0
u,0.2260380983352661, 0.007591700181365013, 0
u,0.22920860350131989, 0.014214900322258472, 0
u,0.22491629421710968, 0.12048859894275665, 0
u,0.26579558849334717, 0.11337059736251831, 0
u,0.2657720148563385, 0.017212899401783943, 0
u,0.295328289270401, 0.017206700518727303, 0
u,0.3005482852458954, 0.12376479804515839, 0
u,0.26062101125717163, 0.1237540990114212, 0
u,0.26579558849334717, 0.11337059736251831, 0
u,0.3005482852458954, 0.12376479804515839, 0
u,0.26579558849334717, 0.11337059736251831, 0
u,0.2953670024871826, 0.11337850242853165, 0
u,0.2657720148563385, 0.017212899401783943, 0
u,0.2605923116207123, 0.0068291001953184605, 0
u,0.295328289270401, 0.017206700518727303, 0
u,0.2605923116207123, 0.0068291001953184605, 0
u,0.30050128698349, 0.0068207997828722, 0
u,0.295328289270401, 0.017206700518727303, 0
u,0.3005482852458954, 0.12376479804515839, 0
u,0.2953670024871826, 0.11337850242853165, 0
u,0.30050128698349, 0.0068207997828722, 0
u,0.2657720148563385, 0.017212899401783943, 0
u,0.26579558849334717, 0.11337059736251831, 0
u,0.26062101125717163, 0.1237540990114212, 0
u,0.3201946020126343, 0.06512100249528885, 0
u,0.31993749737739563, 0.12019810080528259, 0
u,0.300546795129776, 0.11980920284986496, 0
u,0.026155199855566025, 0.16615259647369385, 0
u,0.00819959957152605, 0.015389500185847282, 0
u,0.2259605973958969, 0.015389500185847282, 0
u,0.22491629421710968, 0.12048859894275665, 0
u,0.26062050461769104, 0.1219801977276802, 0
u,0.26062101125717163, 0.1237540990114212, 0
u,0.026155199855566025, 0.16615259647369385, 0
u,0.2259605973958969, 0.015389500185847282, 0
u,0.22491629421710968, 0.12048859894275665, 0
u,0.30052459239959717, 0.0647222027182579, 0
u,0.3005047142505646, 0.015389500185847282, 0
u,0.3201946020126343, 0.06512100249528885, 0
u,0.3005047142505646, 0.015389500185847282, 0
u,0.40799590945243835, 0.015389500185847282, 0
u,0.38448208570480347, 0.06642410159111023, 0
u,0.38448208570480347, 0.06642410159111023, 0
u,0.3201946020126343, 0.06512100249528885, 0
u,0.3005047142505646, 0.015389500185847282, 0
u,0.300546795129776, 0.11980920284986496, 0
u,0.31993749737739563, 0.12019810080528259, 0
u,0.3005482852458954, 0.12376479804515839, 0
u,0.31993749737739563, 0.12019810080528259, 0
u,0.3842220902442932, 0.12148760259151459, 0
u,0.40805500745773315, 0.16614319384098053, 0
u,0.3005482852458954, 0.12376479804515839, 0
u,0.31993749737739563, 0.12019810080528259, 0
u,0.40805500745773315, 0.16614319384098053, 0
u,0.3842220902442932, 0.12148760259151459, 0
u,0.38448208570480347, 0.06642410159111023, 0
u,0.40805500745773315, 0.16614319384098053, 0
u,0.38448208570480347, 0.06642410159111023, 0
u,0.40799590945243835, 0.015389500185847282, 0
u,0.40805500745773315, 0.16614319384098053, 0
u,0.40805500745773315, 0.16614319384098053, 0
u,0.026155199855566025, 0.16615259647369385, 0
u,0.26062101125717163, 0.1237540990114212, 0
u,0.026155199855566025, 0.16615259647369385, 0
u,0.22491629421710968, 0.12048859894275665, 0
u,0.26062101125717163, 0.1237540990114212, 0
u,0.40799590945243835, 0.015389500185847282, 0
u,0.3005047142505646, 0.015389500185847282, 0
u,0.30050128698349, 0.0068207997828722, 0
u,0.2605923116207123, 0.0068291001953184605, 0
u,0.26059290766716003, 0.00902239978313446, 0
u,0.2260380983352661, 0.007591700181365013, 0
u,0.41446229815483093, 0.002408399945124984, 0
u,0.40799590945243835, 0.015389500185847282, 0
u,0.30050128698349, 0.0068207997828722, 0
u,0.41446229815483093, 0.002408399945124984, 0
u,0.30050128698349, 0.0068207997828722, 0
u,0.2605923116207123, 0.0068291001953184605, 0
u,0.2259605973958969, 0.015389500185847282, 0
u,0.00819959957152605, 0.015389500185847282, 0
u,0.2260380983352661, 0.007591700181365013, 0
u,0.00819959957152605, 0.015389500185847282, 0
u,0.0, 0.002408399945124984, 0
u,0.2260380983352661, 0.007591700181365013, 0
u,0.41446229815483093, 0.002408399945124984, 0
u,0.2605923116207123, 0.0068291001953184605, 0
u,0.0, 0.002408399945124984, 0
u,0.021047700196504593, 0.179133802652359, 0
u,0.0, 0.002408399945124984, 0
u,0.00819959957152605, 0.015389500185847282, 0
u,0.021047700196504593, 0.179133802652359, 0
u,0.00819959957152605, 0.015389500185847282, 0
u,0.026155199855566025, 0.16615259647369385, 0
u,0.40799590945243835, 0.015389500185847282, 0
u,0.41446229815483093, 0.002408399945124984, 0
u,0.4145315885543823, 0.17912410199642181, 0
u,0.021047700196504593, 0.179133802652359, 0
u,0.026155199855566025, 0.16615259647369385, 0
u,0.40805500745773315, 0.16614319384098053, 0
u,0.40805500745773315, 0.16614319384098053, 0
u,0.40799590945243835, 0.015389500185847282, 0
u,0.4145315885543823, 0.17912410199642181, 0
u,0.38448208570480347, 0.06642410159111023, 0
u,0.3842220902442932, 0.12148760259151459, 0
u,0.31993749737739563, 0.12019810080528259, 0
u,0.9987859129905701, 0.5254741907119751, 0
u,0.9987859129905701, 0.5601521134376526, 0
u,0.9901865124702454, 0.5601521134376526, 0
u,0.9987859129905701, 0.5254741907119751, 0
u,0.9901865124702454, 0.5254741907119751, 0
u,0.9901865124702454, 0.47853899002075195, 0
u,0.9987859129905701, 0.6417322754859924, 0
u,0.9901865124702454, 0.6417322754859924, 0
u,0.9901865124702454, 0.6070641279220581, 0
u,0.9987859129905701, 0.5601521134376526, 0
u,0.9987859129905701, 0.6070641279220581, 0
u,0.9901865124702454, 0.6070641279220581, 0
u,0.9889249205589294, 0.5868636965751648, 0
u,0.9764475226402283, 0.5868636965751648, 0
u,0.9889249205589294, 0.5687766075134277, 0
u,0.9764475226402283, 0.5868636965751648, 0
u,0.9764475226402283, 0.5253077745437622, 0
u,0.9889249205589294, 0.5687766075134277, 0
u,0.9889249205589294, 0.6417322754859924, 0
u,0.9764475226402283, 0.6417322754859924, 0
u,0.9764475226402283, 0.5868636965751648, 0
u,0.9764475226402283, 0.4289636015892029, 0
u,0.9764475226402283, 0.36825838685035706, 0
u,0.9889249205589294, 0.38559219241142273, 0
u,0.9764475226402283, 0.36825838685035706, 0
u,0.9889249205589294, 0.36825838685035706, 0
u,0.9889249205589294, 0.38559219241142273, 0
u,0.9764475226402283, 0.5253077745437622, 0
u,0.9764475226402283, 0.4289636015892029, 0
u,0.9889249205589294, 0.4289636015892029, 0
u,0.7299365997314453, 0.179133802652359, 0
u,0.6967591047286987, 0.179133802652359, 0
u,0.6967591047286987, 0.0598812997341156, 0
u,0.6427208781242371, 0.179133802652359, 0
u,0.6427208781242371, 0.05365080013871193, 0
u,0.6930267214775085, 0.0598812997341156, 0
u,0.6427208781242371, 0.05365080013871193, 0
u,0.6930267214775085, 0.05365080013871193, 0
u,0.6930267214775085, 0.0598812997341156, 0
u,0.6930267214775085, 0.0598812997341156, 0
u,0.6967591047286987, 0.0598812997341156, 0
u,0.6967591047286987, 0.179133802652359, 0
u,0.6427208781242371, 0.05365080013871193, 0
u,0.6427208781242371, 0.179133802652359, 0
u,0.6084396243095398, 0.179133802652359, 0
u,0.6055142879486084, 0.1688116043806076, 0
u,0.6055142879486084, 0.04834270104765892, 0
u,0.6065745949745178, 0.04834270104765892, 0
u,0.550048828125, 0.179133802652359, 0
u,0.550048828125, 0.04204859957098961, 0
u,0.5509063005447388, 0.1688116043806076, 0
u,0.550048828125, 0.04204859957098961, 0
u,0.5509063005447388, 0.04204859957098961, 0
u,0.5509063005447388, 0.1688116043806076, 0
u,0.6055142879486084, 0.1688116043806076, 0
u,0.6065745949745178, 0.04834270104765892, 0
u,0.6065745949745178, 0.179133802652359, 0
u,0.5815662741661072, 0.14363519847393036, 0
u,0.6023758053779602, 0.14363519847393036, 0
u,0.5815662741661072, 0.1688116043806076, 0
u,0.6023758053779602, 0.14363519847393036, 0
u,0.6023758053779602, 0.1688116043806076, 0
u,0.5815662741661072, 0.1688116043806076, 0
u,0.6023758053779602, 0.1688116043806076, 0
u,0.6055142879486084, 0.1688116043806076, 0
u,0.6065745949745178, 0.179133802652359, 0
u,0.6065745949745178, 0.179133802652359, 0
u,0.550048828125, 0.179133802652359, 0
u,0.5815662741661072, 0.1688116043806076, 0
u,0.550048828125, 0.179133802652359, 0
u,0.5509063005447388, 0.1688116043806076, 0
u,0.5815662741661072, 0.1688116043806076, 0
u,0.9715406894683838, 0.49024638533592224, 0
u,0.9746931791305542, 0.49024638533592224, 0
u,0.9746931791305542, 0.5480365753173828, 0
u,0.9715406894683838, 0.5480365753173828, 0
u,0.9746931791305542, 0.5480365753173828, 0
u,0.9746931791305542, 0.6417322754859924, 0
u,0.9715406894683838, 0.3388037085533142, 0
u,0.9746931791305542, 0.3388037085533142, 0
u,0.9746931791305542, 0.39656439423561096, 0
u,0.9715406894683838, 0.49024638533592224, 0
u,0.9715406894683838, 0.39656439423561096, 0
u,0.9746931791305542, 0.39656439423561096, 0
u,0.5094177722930908, 0.04204859957098961, 0
u,0.5113301277160645, 0.04204859957098961, 0
u,0.5113301277160645, 0.179133802652359, 0
u,0.5113301277160645, 0.179133802652359, 0
u,0.45479509234428406, 0.179133802652359, 0
u,0.4827866852283478, 0.04204859957098961, 0
u,0.45479509234428406, 0.179133802652359, 0
u,0.45479509234428406, 0.04834270104765892, 0
u,0.45893749594688416, 0.04834270104765892, 0
u,0.45893749594688416, 0.04834270104765892, 0
u,0.45893749594688416, 0.04204859957098961, 0
u,0.4827866852283478, 0.04204859957098961, 0
u,0.45479509234428406, 0.179133802652359, 0
u,0.45893749594688416, 0.04834270104765892, 0
u,0.4827866852283478, 0.04204859957098961, 0
u,0.41609421372413635, 0.04834270104765892, 0
u,0.45479509234428406, 0.04834270104765892, 0
u,0.45479509234428406, 0.179133802652359, 0
u,0.5113301277160645, 0.04204859957098961, 0
u,0.550048828125, 0.04204859957098961, 0
u,0.550048828125, 0.179133802652359, 0
u,0.17775790393352509, 0.1826595962047577, 0
u,0.17775790393352509, 0.18897640705108643, 0
u,0.10461430251598358, 0.18897640705108643, 0
u,0.8365762233734131, 0.1826595962047577, 0
u,0.8365762233734131, 0.18897640705108643, 0
u,0.6246433258056641, 0.18897640705108643, 0
u,0.0, 0.1826595962047577, 0
u,0.10461430251598358, 0.1826595962047577, 0
u,0.10461430251598358, 0.18897640705108643, 0
u,0.5494366884231567, 0.1826595962047577, 0
u,0.6246433258056641, 0.1826595962047577, 0
u,0.6246433258056641, 0.18897640705108643, 0
u,0.17775790393352509, 0.1826595962047577, 0
u,0.5494366884231567, 0.1826595962047577, 0
u,0.5494366884231567, 0.18897640705108643, 0
u,0.5622978210449219, 0.19291339814662933, 0
u,0.9696136116981506, 0.19291339814662933, 0
u,0.9696136116981506, 0.9999917149543762, 0
u,0.08901990205049515, 0.19291339814662933, 0
u,0.08901990205049515, 0.9999917149543762, 0
u,0.0, 0.9999917149543762, 0
u,0.08901990205049515, 0.19291339814662933, 0
u,0.4757190942764282, 0.19291339814662933, 0
u,0.4757190942764282, 0.9999917149543762, 0
u,0.4757190942764282, 0.19291339814662933, 0
u,0.5622978210449219, 0.19291339814662933, 0
u,0.5622978210449219, 0.9999917149543762, 0
u,0.9715406894683838, 0.9462726712226868, 0
u,0.9967532157897949, 0.9462726712226868, 0
u,0.9967532157897949, 0.9995201230049133, 0
u,0.9967532157897949, 0.6437007784843445, 0
u,0.9967532157897949, 0.768366813659668, 0
u,0.9715406894683838, 0.768366813659668, 0
u,0.9967532157897949, 0.768366813659668, 0
u,0.9967532157897949, 0.8216009736061096, 0
u,0.9715406894683838, 0.8216009736061096, 0
