s,88.210205078125, 146.0234375, -1.891542911529541
b,92.275146484375, 150.6416015625, 1.6056718826293945
v,90.681640625, 146.3623046875, 1.6055259704589844
v,90.681640625, 146.3623046875, 0.7395901679992676
v,91.46630859375, 147.9140625, 0.7397193908691406
v,91.46630859375, 147.9140625, 1.6056556701660156
v,92.028076171875, 148.52734375, -1.8913342952728271
v,92.04638671875, 148.517578125, -1.8913342952728271
v,90.78466796875, 146.0234375, -1.891542911529541
v,88.21044921875, 147.328125, -1.891524076461792
v,88.548095703125, 147.9951171875, -1.8914687633514404
v,88.29150390625, 148.1259765625, -1.8914663791656494
v,88.8251953125, 149.1806640625, -1.891378402709961
v,88.565673828125, 149.3125, -1.89137601852417
v,89.238525390625, 150.6416015625, -1.891263484954834
v,89.799560546875, 150.357421875, -1.8912684917449951
v,89.802001953125, 150.3623046875, -1.891268014907837
v,91.004638671875, 149.7529296875, -1.891277551651001
v,90.942626953125, 149.6298828125, -1.8912880420684814
v,91.39306640625, 149.4013671875, -1.8912913799285889
v,92.03955078125, 149.1357421875, -1.8912913799285889
v,92.275146484375, 149.015625, -1.8912928104400635
v,91.762451171875, 148.662109375, 0.3939366340637207
v,91.77001953125, 148.6572265625, 0.3858799934387207
v,91.886474609375, 148.8330078125, 0.3623366355895996
v,91.8583984375, 148.8515625, 0.39395666122436523
v,91.58544921875, 149.0322265625, 0.7026314735412598
v,91.697998046875, 148.693359375, 0.46253061294555664
v,91.762451171875, 148.662109375, 0.3939366340637207
v,91.8583984375, 148.8515625, 0.39395666122436523
v,91.447265625, 148.8212890625, 0.7292680740356445
v,91.472412109375, 148.80859375, 0.7026162147521973
v,91.58544921875, 149.0322265625, 0.7026314735412598
v,91.472412109375, 148.80859375, 0.7026162147521973
v,91.697998046875, 148.693359375, 0.46253061294555664
v,91.58544921875, 149.0322265625, 0.7026314735412598
v,91.44287109375, 148.82421875, 0.7342314720153809
v,91.447265625, 148.8212890625, 0.7292680740356445
v,91.58544921875, 149.0322265625, 0.7026314735412598
v,91.5576171875, 149.0498046875, 0.734250545501709
v,91.792236328125, 148.646484375, 0.3623208999633789
v,91.886474609375, 148.8330078125, 0.3623366355895996
v,91.77001953125, 148.6572265625, 0.3858799934387207
v,91.6005859375, 149.0615234375, 0.9246687889099121
v,91.57275390625, 149.0810546875, 0.9562883377075195
v,91.5576171875, 149.0498046875, 0.9562854766845703
v,91.58544921875, 149.0322265625, 0.9246664047241211
v,91.901611328125, 148.86328125, 0.584373950958252
v,91.6005859375, 149.0615234375, 0.9246687889099121
v,91.8583984375, 148.8515625, 0.6159915924072266
v,91.886474609375, 148.8330078125, 0.5843715667724609
v,91.58544921875, 149.0322265625, 0.9246664047241211
v,91.8583984375, 148.8515625, 0.6159915924072266
v,91.6005859375, 149.0615234375, 0.9246687889099121
v,91.46044921875, 149.13671875, 0.09341621398925781
v,91.57275390625, 149.0810546875, 0.15881967544555664
v,91.7607421875, 148.9560546875, 0.27512502670288086
v,91.8857421875, 148.9052734375, 0.34503841400146484
v,91.99365234375, 149.1181640625, 0.345062255859375
v,91.99365234375, 149.1181640625, 0.345062255859375
v,91.8857421875, 148.9052734375, 0.34503841400146484
v,91.916748046875, 148.892578125, 0.36234188079833984
v,91.46044921875, 149.13671875, 0.09341621398925781
v,91.99365234375, 149.1181640625, 0.345062255859375
v,91.408935546875, 149.3583984375, 0.01773977279663086
v,91.330322265625, 149.203125, 0.017730712890625
v,91.99365234375, 149.1181640625, 0.345062255859375
v,91.916748046875, 148.892578125, 0.36234188079833984
v,92.024658203125, 149.10546875, 0.36236000061035156
v,91.322021484375, 149.20703125, 0.012859344482421875
v,91.330322265625, 149.203125, 0.017730712890625
v,91.408935546875, 149.3583984375, 0.01773977279663086
v,91.378173828125, 149.37109375, 0.0004429817199707031
v,91.300537109375, 149.2177734375, 0.00043010711669921875
v,91.322021484375, 149.20703125, 0.012859344482421875
v,91.378173828125, 149.37109375, 0.0004429817199707031
v,91.78466796875, 148.9404296875, 0.5118675231933594
v,91.901611328125, 148.86328125, 0.584373950958252
v,91.916748046875, 148.892578125, 0.584376335144043
v,91.8857421875, 148.9052734375, 0.5670733451843262
v,91.78466796875, 148.9404296875, 0.5118675231933594
v,91.8857421875, 148.9052734375, 0.5670733451843262
v,91.7607421875, 148.9560546875, 0.497159481048584
v,92.008544921875, 149.1474609375, 0.5670995712280273
v,91.39306640625, 149.400390625, 0.22248029708862305
v,91.378173828125, 149.37109375, 0.22247791290283203
v,91.408935546875, 149.3583984375, 0.2397747039794922
v,91.408935546875, 149.3583984375, 0.2397747039794922
v,91.99365234375, 149.1181640625, 0.5670971870422363
v,92.008544921875, 149.1474609375, 0.5670995712280273
v,92.03955078125, 149.1357421875, 0.5843973159790039
v,92.008544921875, 149.1474609375, 0.5670995712280273
v,91.99365234375, 149.1181640625, 0.5670971870422363
v,92.0244140625, 149.10546875, 0.5843949317932129
v,91.378173828125, 149.37109375, 0.0004429817199707031
v,90.86279296875, 149.6318359375, 0.0004467964172363281
v,90.655517578125, 149.22265625, 0.0004119873046875
v,91.00830078125, 149.0439453125, 0.0004096031188964844
v,91.13818359375, 149.2998046875, 0.000431060791015625
v,91.300537109375, 149.2177734375, 0.00043010711669921875
v,90.625732421875, 149.2373046875, 0.22244739532470703
v,90.655517578125, 149.22265625, 0.22244691848754883
v,90.86279296875, 149.6318359375, 0.22248172760009766
v,91.378173828125, 149.37109375, 0.22247791290283203
v,91.39306640625, 149.400390625, 0.22248029708862305
v,90.84814453125, 149.677734375, 0.22248458862304688
v,91.0380859375, 149.0283203125, 0.7342343330383301
v,91.44287109375, 148.82421875, 0.7342314720153809
v,91.5576171875, 149.0498046875, 0.734250545501709
v,91.152587890625, 149.255859375, 0.7342538833618164
v,91.00830078125, 149.0439453125, 0.9562692642211914
v,91.0380859375, 149.0283203125, 0.9562692642211914
v,91.152587890625, 149.255859375, 0.9562883377075195
v,91.5576171875, 149.0498046875, 0.9562854766845703
v,91.57275390625, 149.0810546875, 0.9562883377075195
v,91.13818359375, 149.2998046875, 0.9562911987304688
v,91.886474609375, 148.8330078125, 0.3623366355895996
v,91.792236328125, 148.646484375, 0.3623208999633789
v,91.998046875, 148.5419921875, 0.3623194694519043
v,92.23046875, 149.0009765625, 0.36235857009887695
v,92.024658203125, 149.10546875, 0.36236000061035156
v,91.916748046875, 148.892578125, 0.36234188079833984
v,91.901611328125, 148.86328125, 0.3623390197753906
v,92.23046875, 149.0009765625, 0.5843935012817383
v,91.998046875, 148.5419921875, 0.5843544006347656
v,92.02783203125, 148.5263671875, 0.5843539237976074
v,92.27490234375, 149.015625, 0.5843954086303711
v,92.03955078125, 149.1357421875, 0.5843973159790039
v,92.0244140625, 149.10546875, 0.5843949317932129
v,90.625732421875, 149.2373046875, -0.3004450798034668
v,90.84814453125, 149.677734375, -0.30040740966796875
v,90.86328125, 149.669921875, -0.30040788650512695
v,90.88525390625, 149.712890625, -0.30040407180786133
v,89.841064453125, 150.2431640625, -0.30039548873901367
v,89.596923828125, 149.759765625, -0.30043649673461914
v,91.004638671875, 149.751953125, -0.07836294174194336
v,89.802001953125, 150.361328125, -0.0783534049987793
v,89.517822265625, 149.7998046875, -0.07840156555175781
v,89.596923828125, 149.759765625, -0.07840204238891602
v,89.841064453125, 150.2431640625, -0.07836055755615234
v,90.88525390625, 149.712890625, -0.078369140625
v,90.86328125, 149.669921875, -0.07837295532226562
v,90.942626953125, 149.6298828125, -0.07837343215942383
v,89.799560546875, 150.357421875, -0.550178050994873
v,89.23828125, 150.6416015625, -0.5501728057861328
v,88.565673828125, 149.3125, -0.550285816192627
v,88.8251953125, 149.1806640625, -0.5502877235412598
v,88.29150390625, 148.1259765625, -0.5503764152526855
v,88.548095703125, 147.9951171875, -0.5503783226013184
v,89.472412109375, 149.8232421875, -0.5502252578735352
v,89.517822265625, 149.7998046875, -0.5502252578735352
v,90.78466796875, 146.0234375, 0.9616045951843262
v,90.73583984375, 146.1728515625, 0.961613655090332
v,88.359375, 147.376953125, 0.9616308212280273
v,88.210205078125, 147.328125, 0.9616236686706543
v,89.2099609375, 149.0576171875, 0.7397360801696777
v,89.29296875, 149.015625, 0.7397356033325195
v,90.89990234375, 148.201171875, 0.7397232055664062
v,91.22900390625, 148.390625, 0.73974609375
v,91.369873046875, 148.4716796875, 0.7397556304931641
v,91.614013671875, 148.6123046875, 0.7397727966308594
v,89.521240234375, 149.673828125, 0.7397885322570801
v,91.466064453125, 147.9140625, 0.7397193908691406
v,90.681396484375, 146.3623046875, 0.7395901679992676
v,88.5078125, 147.46484375, 0.7396063804626465
v,89.29296875, 149.015625, 0.7397356033325195
v,89.2099609375, 149.0576171875, 0.7397360801696777
v,88.359375, 147.376953125, 0.739595890045166
v,90.73583984375, 146.1728515625, 0.7395787239074707
v,91.586181640625, 147.853515625, 0.7397189140319824
v,91.369384765625, 148.0029296875, 0.7397232055664062
v,91.228515625, 148.0849609375, 0.7397246360778809
v,91.17333984375, 148.2373046875, 0.7397336959838867
v,91.22900390625, 148.390625, 0.73974609375
v,90.89990234375, 148.201171875, 0.7397232055664062
v,91.466064453125, 147.9140625, 0.7397193908691406
v,91.586181640625, 147.853515625, 0.7397189140319824
v,91.897216796875, 148.46875, 0.7397704124450684
v,91.614013671875, 148.6123046875, 0.7397727966308594
v,91.369873046875, 148.4716796875, 0.7397556304931641
v,91.5302734375, 148.443359375, 0.7397584915161133
v,91.634521484375, 148.318359375, 0.7397522926330566
v,91.63427734375, 148.15625, 0.739741325378418
v,91.529541015625, 148.03125, 0.7397294044494629
v,88.210205078125, 147.328125, 0.9616236686706543
v,88.359375, 147.376953125, 0.9616308212280273
v,89.521240234375, 149.6728515625, 0.9618234634399414
v,89.472412109375, 149.8232421875, 0.9618325233459473
v,89.521240234375, 149.6728515625, 0.9618234634399414
v,91.897216796875, 148.46875, 0.9618053436279297
v,92.04638671875, 148.517578125, 0.9618134498596191
v,89.472412109375, 149.8232421875, 0.9618325233459473
v,92.04638671875, 148.517578125, 0.9618134498596191
v,91.897216796875, 148.46875, 0.9618053436279297
v,90.73583984375, 146.1728515625, 0.961613655090332
v,90.78466796875, 146.0234375, 0.9616045951843262
v,91.22900390625, 148.390625, 1.1827054023742676
v,91.17333984375, 148.2373046875, 1.1826930046081543
v,91.228515625, 148.0849609375, 1.1826839447021484
v,91.369384765625, 148.0029296875, 1.1826825141906738
v,91.529541015625, 148.03125, 1.1826891899108887
v,91.63427734375, 148.15625, 1.1827006340026855
v,91.634521484375, 148.318359375, 1.1827120780944824
v,91.5302734375, 148.443359375, 1.1827178001403809
v,91.369873046875, 148.4716796875, 1.1827149391174316
v,90.63720703125, 146.4970703125, 1.550025463104248
v,91.331787109375, 147.8701171875, 1.5501399040222168
v,89.3369140625, 148.880859375, 1.550154685974121
v,88.64208984375, 147.5078125, 1.5500402450561523
v,90.63720703125, 146.4970703125, 1.6055340766906738
v,88.64208984375, 147.5078125, 1.6055488586425781
v,89.3369140625, 148.880859375, 1.6056632995605469
v,89.29296875, 149.015625, 1.6056718826293945
v,88.5078125, 147.46484375, 1.6055421829223633
v,90.681396484375, 146.3623046875, 1.6055259704589844
v,91.466064453125, 147.9140625, 1.6056556701660156
v,91.331787109375, 147.8701171875, 1.6056485176086426
v,89.3369140625, 148.880859375, 1.6056632995605469
v,91.331787109375, 147.8701171875, 1.6056485176086426
v,91.466064453125, 147.9140625, 1.6056556701660156
v,89.29296875, 149.015625, 1.6056718826293945
v,91.58544921875, 149.0322265625, 0.9246664047241211
v,91.5576171875, 149.0498046875, 0.9562854766845703
v,91.5576171875, 149.0498046875, 0.734250545501709
v,91.58544921875, 149.0322265625, 0.7026314735412598
v,91.886474609375, 148.8330078125, 0.5843715667724609
v,91.8583984375, 148.8515625, 0.6159915924072266
v,91.58544921875, 149.0322265625, 0.9246664047241211
v,91.58544921875, 149.0322265625, 0.7026314735412598
v,91.8583984375, 148.8515625, 0.39395666122436523
v,91.886474609375, 148.8330078125, 0.3623366355895996
v,91.901611328125, 148.86328125, 0.584373950958252
v,91.886474609375, 148.8330078125, 0.5843715667724609
v,91.886474609375, 148.8330078125, 0.3623366355895996
v,91.901611328125, 148.86328125, 0.3623390197753906
v,91.57275390625, 149.0810546875, 0.15881967544555664
v,91.57275390625, 149.0810546875, 0.9562883377075195
v,91.6005859375, 149.0615234375, 0.9246687889099121
v,91.901611328125, 148.86328125, 0.584373950958252
v,91.78466796875, 148.9404296875, 0.5118675231933594
v,91.7607421875, 148.9560546875, 0.497159481048584
v,91.7607421875, 148.9560546875, 0.27512502670288086
v,91.916748046875, 148.892578125, 0.584376335144043
v,91.901611328125, 148.86328125, 0.584373950958252
v,91.901611328125, 148.86328125, 0.3623390197753906
v,91.916748046875, 148.892578125, 0.36234188079833984
v,91.7607421875, 148.9560546875, 0.27512502670288086
v,91.7607421875, 148.9560546875, 0.497159481048584
v,91.8857421875, 148.9052734375, 0.5670733451843262
v,91.916748046875, 148.892578125, 0.584376335144043
v,91.916748046875, 148.892578125, 0.36234188079833984
v,91.8857421875, 148.9052734375, 0.34503841400146484
v,91.408935546875, 149.3583984375, 0.01773977279663086
v,91.408935546875, 149.3583984375, 0.2397747039794922
v,91.378173828125, 149.37109375, 0.22247791290283203
v,91.378173828125, 149.37109375, 0.0004429817199707031
v,91.99365234375, 149.1181640625, 0.5670971870422363
v,91.408935546875, 149.3583984375, 0.2397747039794922
v,91.408935546875, 149.3583984375, 0.01773977279663086
v,91.99365234375, 149.1181640625, 0.345062255859375
v,92.0244140625, 149.10546875, 0.5843949317932129
v,91.99365234375, 149.1181640625, 0.5670971870422363
v,91.99365234375, 149.1181640625, 0.345062255859375
v,92.024658203125, 149.10546875, 0.36236000061035156
v,91.39306640625, 149.4013671875, -1.8912913799285889
v,91.39306640625, 149.400390625, 0.22248029708862305
v,92.008544921875, 149.1474609375, 0.5670995712280273
v,92.03955078125, 149.1357421875, 0.5843973159790039
v,92.03955078125, 149.1357421875, -1.8912913799285889
v,90.84814453125, 149.677734375, -0.30040740966796875
v,90.84814453125, 149.677734375, 0.22248458862304688
v,91.39306640625, 149.400390625, 0.22248029708862305
v,91.39306640625, 149.4013671875, -1.8912913799285889
v,90.942626953125, 149.6298828125, -1.8912880420684814
v,90.942626953125, 149.6298828125, -0.07837343215942383
v,90.86328125, 149.669921875, -0.07837295532226562
v,90.86328125, 149.669921875, -0.30040788650512695
v,90.84814453125, 149.677734375, -0.30040740966796875
v,90.625732421875, 149.2373046875, -0.3004450798034668
v,90.625732421875, 149.2373046875, 0.22244739532470703
v,90.84814453125, 149.677734375, 0.22248458862304688
v,90.86279296875, 149.6318359375, 0.22248172760009766
v,90.655517578125, 149.22265625, 0.22244691848754883
v,90.655517578125, 149.22265625, 0.0004119873046875
v,90.86279296875, 149.6318359375, 0.0004467964172363281
v,91.378173828125, 149.37109375, 0.0004429817199707031
v,91.378173828125, 149.37109375, 0.22247791290283203
v,90.86279296875, 149.6318359375, 0.22248172760009766
v,90.86279296875, 149.6318359375, 0.0004467964172363281
v,91.0380859375, 149.0283203125, 0.9562692642211914
v,91.0380859375, 149.0283203125, 0.7342343330383301
v,91.152587890625, 149.255859375, 0.7342538833618164
v,91.152587890625, 149.255859375, 0.9562883377075195
v,91.5576171875, 149.0498046875, 0.9562854766845703
v,91.152587890625, 149.255859375, 0.9562883377075195
v,91.152587890625, 149.255859375, 0.7342538833618164
v,91.5576171875, 149.0498046875, 0.734250545501709
v,91.00830078125, 149.0439453125, 0.0004096031188964844
v,91.00830078125, 149.0439453125, 0.9562692642211914
v,91.13818359375, 149.2998046875, 0.9562911987304688
v,91.13818359375, 149.2998046875, 0.000431060791015625
v,91.57275390625, 149.0810546875, 0.9562883377075195
v,91.57275390625, 149.0810546875, 0.15881967544555664
v,91.46044921875, 149.13671875, 0.09341621398925781
v,91.330322265625, 149.203125, 0.017730712890625
v,91.322021484375, 149.20703125, 0.012859344482421875
v,91.300537109375, 149.2177734375, 0.00043010711669921875
v,91.13818359375, 149.2998046875, 0.000431060791015625
v,91.13818359375, 149.2998046875, 0.9562911987304688
v,92.03955078125, 149.1357421875, -1.8912913799285889
v,92.03955078125, 149.1357421875, 0.5843973159790039
v,92.27490234375, 149.015625, 0.5843954086303711
v,92.275146484375, 149.015625, -1.8912928104400635
v,92.275146484375, 149.015625, -1.8912928104400635
v,92.27490234375, 149.015625, 0.5843954086303711
v,92.02783203125, 148.5263671875, 0.5843539237976074
v,92.028076171875, 148.52734375, -1.8913342952728271
v,92.23046875, 149.0009765625, 0.5843935012817383
v,92.0244140625, 149.10546875, 0.5843949317932129
v,92.024658203125, 149.10546875, 0.36236000061035156
v,92.23046875, 149.0009765625, 0.36235857009887695
v,91.998046875, 148.5419921875, 0.3623194694519043
v,91.998046875, 148.5419921875, 0.5843544006347656
v,92.23046875, 149.0009765625, 0.5843935012817383
v,92.23046875, 149.0009765625, 0.36235857009887695
v,90.942626953125, 149.6298828125, -0.07837343215942383
v,90.942626953125, 149.6298828125, -1.8912880420684814
v,91.004638671875, 149.7529296875, -1.891277551651001
v,91.004638671875, 149.751953125, -0.07836294174194336
v,89.517822265625, 149.7998046875, -0.07840156555175781
v,89.802001953125, 150.361328125, -0.0783534049987793
v,89.802001953125, 150.3623046875, -1.891268014907837
v,89.799560546875, 150.357421875, -1.8912684917449951
v,89.799560546875, 150.357421875, -0.550178050994873
v,89.517822265625, 149.7998046875, -0.5502252578735352
v,89.802001953125, 150.3623046875, -1.891268014907837
v,89.802001953125, 150.361328125, -0.0783534049987793
v,91.004638671875, 149.751953125, -0.07836294174194336
v,91.004638671875, 149.7529296875, -1.891277551651001
v,89.841064453125, 150.2431640625, -0.07836055755615234
v,89.596923828125, 149.759765625, -0.07840204238891602
v,89.596923828125, 149.759765625, -0.30043649673461914
v,89.841064453125, 150.2431640625, -0.30039548873901367
v,90.88525390625, 149.712890625, -0.078369140625
v,89.841064453125, 150.2431640625, -0.07836055755615234
v,89.841064453125, 150.2431640625, -0.30039548873901367
v,90.88525390625, 149.712890625, -0.30040407180786133
v,90.86328125, 149.669921875, -0.30040788650512695
v,90.86328125, 149.669921875, -0.07837295532226562
v,90.88525390625, 149.712890625, -0.078369140625
v,90.88525390625, 149.712890625, -0.30040407180786133
v,89.799560546875, 150.357421875, -1.8912684917449951
v,89.238525390625, 150.6416015625, -1.891263484954834
v,89.23828125, 150.6416015625, -0.5501728057861328
v,89.799560546875, 150.357421875, -0.550178050994873
v,88.548095703125, 147.9951171875, -1.8914687633514404
v,88.548095703125, 147.9951171875, -0.5503783226013184
v,88.29150390625, 148.1259765625, -0.5503764152526855
v,88.29150390625, 148.1259765625, -1.8914663791656494
v,88.29150390625, 148.1259765625, -0.5503764152526855
v,88.8251953125, 149.1806640625, -0.5502877235412598
v,88.8251953125, 149.1806640625, -1.891378402709961
v,88.29150390625, 148.1259765625, -1.8914663791656494
v,88.8251953125, 149.1806640625, -0.5502877235412598
v,88.565673828125, 149.3125, -0.550285816192627
v,88.565673828125, 149.3125, -1.89137601852417
v,88.8251953125, 149.1806640625, -1.891378402709961
v,88.565673828125, 149.3125, -0.550285816192627
v,89.23828125, 150.6416015625, -0.5501728057861328
v,89.238525390625, 150.6416015625, -1.891263484954834
v,88.565673828125, 149.3125, -1.89137601852417
v,89.472412109375, 149.8232421875, -0.5502252578735352
v,88.548095703125, 147.9951171875, -0.5503783226013184
v,88.548095703125, 147.9951171875, -1.8914687633514404
v,88.21044921875, 147.328125, -1.891524076461792
v,88.210205078125, 147.328125, 0.9616236686706543
v,89.472412109375, 149.8232421875, 0.9618325233459473
v,89.472412109375, 149.8232421875, 0.9618325233459473
v,92.04638671875, 148.517578125, 0.9618134498596191
v,92.04638671875, 148.517578125, -1.8913342952728271
v,92.028076171875, 148.52734375, -1.8913342952728271
v,92.02783203125, 148.5263671875, 0.5843539237976074
v,91.998046875, 148.5419921875, 0.5843544006347656
v,91.998046875, 148.5419921875, 0.3623194694519043
v,91.792236328125, 148.646484375, 0.3623208999633789
v,91.77001953125, 148.6572265625, 0.3858799934387207
v,91.762451171875, 148.662109375, 0.3939366340637207
v,91.697998046875, 148.693359375, 0.46253061294555664
v,91.472412109375, 148.80859375, 0.7026162147521973
v,91.447265625, 148.8212890625, 0.7292680740356445
v,91.44287109375, 148.82421875, 0.7342314720153809
v,91.0380859375, 149.0283203125, 0.7342343330383301
v,91.0380859375, 149.0283203125, 0.9562692642211914
v,91.00830078125, 149.0439453125, 0.9562692642211914
v,91.00830078125, 149.0439453125, 0.0004096031188964844
v,90.655517578125, 149.22265625, 0.0004119873046875
v,90.655517578125, 149.22265625, 0.22244691848754883
v,90.625732421875, 149.2373046875, 0.22244739532470703
v,90.625732421875, 149.2373046875, -0.3004450798034668
v,89.596923828125, 149.759765625, -0.30043649673461914
v,89.596923828125, 149.759765625, -0.07840204238891602
v,89.517822265625, 149.7998046875, -0.07840156555175781
v,89.517822265625, 149.7998046875, -0.5502252578735352
v,89.472412109375, 149.8232421875, -0.5502252578735352
v,92.04638671875, 148.517578125, -1.8913342952728271
v,92.04638671875, 148.517578125, 0.9618134498596191
v,90.78466796875, 146.0234375, 0.9616045951843262
v,90.78466796875, 146.0234375, -1.891542911529541
v,90.78466796875, 146.0234375, -1.891542911529541
v,90.78466796875, 146.0234375, 0.9616045951843262
v,88.210205078125, 147.328125, 0.9616236686706543
v,88.21044921875, 147.328125, -1.891524076461792
v,88.359375, 147.376953125, 0.739595890045166
v,88.359375, 147.376953125, 0.9616308212280273
v,90.73583984375, 146.1728515625, 0.961613655090332
v,90.73583984375, 146.1728515625, 0.7395787239074707
v,89.521240234375, 149.673828125, 0.7397885322570801
v,89.521240234375, 149.6728515625, 0.9618234634399414
v,88.359375, 147.376953125, 0.9616308212280273
v,88.359375, 147.376953125, 0.739595890045166
v,89.2099609375, 149.0576171875, 0.7397360801696777
v,91.614013671875, 148.6123046875, 0.7397727966308594
v,91.897216796875, 148.46875, 0.7397704124450684
v,91.897216796875, 148.46875, 0.9618053436279297
v,89.521240234375, 149.6728515625, 0.9618234634399414
v,89.521240234375, 149.673828125, 0.7397885322570801
v,90.73583984375, 146.1728515625, 0.7395787239074707
v,90.73583984375, 146.1728515625, 0.961613655090332
v,91.897216796875, 148.46875, 0.9618053436279297
v,91.897216796875, 148.46875, 0.7397704124450684
v,91.586181640625, 147.853515625, 0.7397189140319824
v,91.369873046875, 148.4716796875, 0.7397556304931641
v,91.369873046875, 148.4716796875, 1.1827149391174316
v,91.5302734375, 148.443359375, 1.1827178001403809
v,91.5302734375, 148.443359375, 0.7397584915161133
v,91.5302734375, 148.443359375, 0.7397584915161133
v,91.5302734375, 148.443359375, 1.1827178001403809
v,91.634521484375, 148.318359375, 1.1827120780944824
v,91.634521484375, 148.318359375, 0.7397522926330566
v,91.634521484375, 148.318359375, 0.7397522926330566
v,91.634521484375, 148.318359375, 1.1827120780944824
v,91.63427734375, 148.15625, 1.1827006340026855
v,91.63427734375, 148.15625, 0.739741325378418
v,91.63427734375, 148.15625, 0.739741325378418
v,91.63427734375, 148.15625, 1.1827006340026855
v,91.529541015625, 148.03125, 1.1826891899108887
v,91.529541015625, 148.03125, 0.7397294044494629
v,91.529541015625, 148.03125, 0.7397294044494629
v,91.529541015625, 148.03125, 1.1826891899108887
v,91.369384765625, 148.0029296875, 1.1826825141906738
v,91.369384765625, 148.0029296875, 0.7397232055664062
v,91.369384765625, 148.0029296875, 0.7397232055664062
v,91.369384765625, 148.0029296875, 1.1826825141906738
v,91.228515625, 148.0849609375, 1.1826839447021484
v,91.228515625, 148.0849609375, 0.7397246360778809
v,91.228515625, 148.0849609375, 0.7397246360778809
v,91.228515625, 148.0849609375, 1.1826839447021484
v,91.17333984375, 148.2373046875, 1.1826930046081543
v,91.17333984375, 148.2373046875, 0.7397336959838867
v,91.17333984375, 148.2373046875, 0.7397336959838867
v,91.17333984375, 148.2373046875, 1.1826930046081543
v,91.22900390625, 148.390625, 1.1827054023742676
v,91.22900390625, 148.390625, 0.73974609375
v,91.22900390625, 148.390625, 0.73974609375
v,91.22900390625, 148.390625, 1.1827054023742676
v,91.369873046875, 148.4716796875, 1.1827149391174316
v,91.369873046875, 148.4716796875, 0.7397556304931641
v,89.29296875, 149.015625, 0.7397356033325195
v,88.5078125, 147.46484375, 0.7396063804626465
v,88.5078125, 147.46484375, 1.6055421829223633
v,89.29296875, 149.015625, 1.6056718826293945
v,88.64208984375, 147.5078125, 1.6055488586425781
v,90.63720703125, 146.4970703125, 1.6055340766906738
v,90.63720703125, 146.4970703125, 1.550025463104248
v,88.64208984375, 147.5078125, 1.5500402450561523
v,89.3369140625, 148.880859375, 1.6056632995605469
v,88.64208984375, 147.5078125, 1.6055488586425781
v,88.64208984375, 147.5078125, 1.5500402450561523
v,89.3369140625, 148.880859375, 1.550154685974121
v,91.331787109375, 147.8701171875, 1.6056485176086426
v,89.3369140625, 148.880859375, 1.6056632995605469
v,89.3369140625, 148.880859375, 1.550154685974121
v,91.331787109375, 147.8701171875, 1.5501399040222168
v,90.63720703125, 146.4970703125, 1.6055340766906738
v,91.331787109375, 147.8701171875, 1.6056485176086426
v,91.331787109375, 147.8701171875, 1.5501399040222168
v,90.63720703125, 146.4970703125, 1.550025463104248
v,91.466064453125, 147.9140625, 1.6056556701660156
v,91.466064453125, 147.9140625, 0.7397193908691406
v,90.89990234375, 148.201171875, 0.7397232055664062
v,89.29296875, 149.015625, 0.7397356033325195
v,89.29296875, 149.015625, 1.6056718826293945
v,88.5078125, 147.46484375, 1.6055421829223633
v,88.5078125, 147.46484375, 0.7396063804626465
v,90.681396484375, 146.3623046875, 0.7395901679992676
v,90.681396484375, 146.3623046875, 1.6055259704589844
i,0,2,3
i,18,4,17
i,21,23,20
i,25,27,24
i,28,29,30
i,31,32,33
i,34,36,37
i,38,39,40
i,41,43,44
i,45,47,48
i,49,50,51
i,54,55,56
i,57,58,59
i,60,62,63
i,64,65,66
i,67,69,70
i,71,72,73
i,75,77,74
i,78,79,80
i,82,84,81
i,85,86,87
i,89,91,88
i,94,95,96
i,100,102,103
i,104,106,107
i,110,112,113
i,117,118,119
i,121,123,124
i,131,132,128
i,137,138,133
i,144,146,147
i,150,152,149
i,156,157,159
i,161,162,165
i,180,181,174
i,183,185,182
i,186,188,189
i,191,193,190
i,199,194,197
i,204,206,203
i,208,211,212
i,215,217,218
i,219,221,222
i,224,226,227
i,230,232,229
i,238,235,237
i,241,243,240
i,245,248,249
i,250,252,253
i,255,257,254
i,259,261,258
i,263,264,266
i,272,273,268
i,275,277,278
i,280,282,279
i,284,286,283
i,287,289,290
i,291,293,294
i,296,298,295
i,305,306,301
i,307,309,310
i,311,313,314
i,315,317,318
i,320,322,319
i,324,326,323
i,329,330,331
i,334,336,333
i,338,340,337
i,341,343,344
i,346,348,345
i,350,352,349
i,354,356,353
i,357,359,360
i,361,363,364
i,365,367,368
i,370,372,373
i,375,376,391
i,402,404,405
i,407,409,406
i,410,412,413
i,416,417,418
i,422,419,421
i,426,427,428
i,430,432,429
i,433,435,436
i,437,439,440
i,441,443,444
i,445,447,448
i,450,452,449
i,454,456,453
i,458,460,457
i,462,464,461
i,465,467,468
i,470,472,469
i,474,476,473
i,477,479,480
i,481,483,484
i,487,488,489
i,491,493,490
i,0,1,2
i,4,5,6
i,6,7,8
i,8,9,10
i,10,11,12
i,13,14,15
i,10,12,13
i,6,8,4
i,8,10,16
i,4,8,16
i,18,19,4
i,4,16,17
i,10,13,16
i,13,15,16
i,21,22,23
i,25,26,27
i,34,35,36
i,41,42,43
i,45,46,47
i,56,52,53
i,53,54,56
i,60,61,62
i,67,68,69
i,75,76,77
i,82,83,84
i,89,90,91
i,97,92,96
i,92,93,96
i,93,94,96
i,103,98,100
i,98,99,100
i,100,101,102
i,104,105,106
i,113,108,110
i,108,109,110
i,110,111,112
i,120,114,116
i,114,115,116
i,116,117,120
i,120,117,119
i,121,122,123
i,124,125,121
i,125,126,121
i,132,127,128
i,128,129,130
i,130,131,128
i,134,135,137
i,135,136,137
i,139,140,138
i,140,133,138
i,134,137,133
i,148,141,147
i,141,142,147
i,142,143,147
i,143,144,147
i,144,145,146
i,150,151,152
i,159,153,154
i,154,155,159
i,155,156,159
i,157,158,159
i,167,160,161
i,162,163,164
i,166,167,161
i,162,164,165
i,166,161,165
i,170,171,172
i,172,173,169
i,173,174,181
i,168,173,181
i,175,176,179
i,176,177,178
i,176,178,179
i,169,170,172
i,168,169,173
i,175,179,180
i,175,180,174
i,183,184,185
i,186,187,188
i,191,192,193
i,202,194,201
i,194,195,197
i,201,194,200
i,195,196,197
i,197,198,199
i,199,200,194
i,204,205,206
i,208,209,211
i,209,210,211
i,212,213,214
i,212,214,207
i,212,207,208
i,215,216,217
i,219,220,221
i,228,223,227
i,223,224,227
i,224,225,226
i,230,231,232
i,239,233,238
i,233,234,235
i,238,233,235
i,235,236,237
i,241,242,243
i,249,244,245
i,245,246,248
i,246,247,248
i,250,251,252
i,255,256,257
i,259,260,261
i,266,262,263
i,264,265,266
i,274,267,273
i,267,268,273
i,269,270,272
i,270,271,272
i,269,272,268
i,275,276,277
i,280,281,282
i,284,285,286
i,287,288,289
i,291,292,293
i,296,297,298
i,306,299,300
i,301,302,305
i,302,303,305
i,306,300,301
i,304,305,303
i,307,308,309
i,311,312,313
i,315,316,317
i,320,321,322
i,324,325,326
i,332,327,331
i,327,328,331
i,328,329,331
i,334,335,336
i,338,339,340
i,341,342,343
i,346,347,348
i,350,351,352
i,354,355,356
i,357,358,359
i,361,362,363
i,365,366,367
i,374,369,370
i,370,371,372
i,373,374,370
i,376,377,379
i,377,378,379
i,400,401,399
i,401,375,399
i,376,379,380
i,380,381,382
i,382,383,380
i,383,384,380
i,384,385,380
i,376,380,386
i,398,399,375
i,396,397,398
i,395,396,398
i,380,385,386
i,386,387,376
i,387,388,376
i,395,398,375
i,392,393,394
i,394,395,391
i,395,375,391
i,388,389,390
i,391,392,394
i,376,388,390
i,376,390,391
i,402,403,404
i,407,408,409
i,410,411,412
i,418,414,415
i,415,416,418
i,423,419,422
i,419,420,421
i,428,424,425
i,425,426,428
i,430,431,432
i,433,434,435
i,437,438,439
i,441,442,443
i,445,446,447
i,450,451,452
i,454,455,456
i,458,459,460
i,462,463,464
i,465,466,467
i,470,471,472
i,474,475,476
i,477,478,479
i,481,482,483
i,489,485,487
i,485,486,487
i,491,492,493
n,4.019065856933594, -2.032560110092163, 0.0
n,0.00013015618606004864, 0.00031595732434652746, -4.50379753112793
n,2.7256956100463867, -1.3787522315979004, 3.3096556663513184
n,2.769500970840454, -1.3965474367141724, 3.265533685684204
n,2.764374256134033, -1.398481845855713, 3.269047737121582
n,2.7657973766326904, -1.3992012739181519, 3.2675364017486572
n,2.7712905406951904, -1.40450119972229, 3.2606008052825928
n,2.769033432006836, -1.394404649734497, 3.266845703125
n,2.7613515853881836, -1.4215649366378784, 3.2616379261016846
n,2.761390447616577, -1.4215848445892334, 3.261596441268921
n,2.7563347816467285, -1.4189836978912354, 3.267001152038574
n,-1.8545414209365845, 0.9400715231895447, 3.995138645172119
n,-1.8418546915054321, 0.9336367845535278, 4.002510070800781
n,-1.8504163026809692, 0.9378900527954102, 3.9975638389587402
n,-1.8598123788833618, 0.9390156865119934, 3.992936134338379
n,-1.850160837173462, 0.9366797208786011, 3.9979653358459473
n,-1.8574161529541016, 0.938871443271637, 3.9940855503082275
n,-1.8578872680664062, 0.9343175888061523, 3.994933843612671
n,-1.8650046586990356, 0.9152777791023254, 3.9960250854492188
n,-1.8529362678527832, 0.9363101720809937, 3.9967663288116455
n,-1.8518342971801758, 0.9391891956329346, 3.9966015815734863
n,-1.853681206703186, 0.95375657081604, 3.9922935962677
n,-0.00012736371718347073, -0.0003155335725750774, 4.50379753112793
n,-0.00013819627929478884, -0.00034121490898542106, 4.50379753112793
n,-0.00012980142491869628, -0.0003205850371159613, 4.50379753112793
n,-0.00011979300325037912, -0.0002980637946166098, 4.50379753112793
n,-0.0001337788999080658, -0.0003168297989759594, 4.50379753112793
n,-0.00010486278915777802, -0.00032912741880863905, 4.50379753112793
n,-0.00012621268979273736, -0.0003191844734828919, 4.50379753112793
n,-0.00013152469182386994, -0.00033115895348601043, 4.50379753112793
n,-0.0001224955340148881, -0.0003158670151606202, 4.50379753112793
n,-0.00012321516987867653, -0.00030897193937562406, 4.50379753112793
n,-0.00012732164759654552, -0.0003179785853717476, 4.50379753112793
n,-0.00012465109466575086, -0.00031152021256275475, 4.50379753112793
n,-0.00013780822337139398, -0.0003120487090200186, 4.50379753112793
n,-0.00011109461047453806, -0.0003206449910067022, 4.50379753112793
n,-0.0001298911520279944, -0.00032189025660045445, 4.50379753112793
n,-0.00014176334661897272, -0.0003052628308068961, 4.50379753112793
n,-0.00012915344268549234, -0.00031310098711401224, 4.50379753112793
n,-0.00012468613567762077, -0.00031201515230350196, 4.50379753112793
n,-0.00012591484119184315, -0.00031401190790347755, 4.50379753112793
n,-0.000132463188492693, -0.00032712839310988784, 4.50379753112793
n,-2.457601547241211, -3.7741737365722656, 0.0
n,-2.4830849170684814, -3.7574567794799805, 0.0
n,4.004487991333008, -2.06113338470459, 0.0
n,2.4698543548583984, 3.7661588191986084, -0.007675172295421362
n,4.004487991333008, -2.06113338470459, 0.0
n,1.722965121269226, 4.16099739074707, 0.04105021059513092
n,-1.752953290939331, -4.148655891418457, 0.0
n,-1.712021827697754, -4.165713787078857, 0.0
n,-1.6515158414840698, -4.190070152282715, -0.001612808438949287
n,1.7135835886001587, 4.165071964263916, 0.0010406245710328221
n,2.022949695587158, 4.023911476135254, -0.0023454134352505207
n,-4.01956033706665, 2.0315825939178467, 0.0
n,4.018052101135254, -2.03456449508667, 0.0
n,-2.0350916385650635, -4.017784595489502, 0.0
n,4.0206170082092285, -2.0294907093048096, 0.0
n,-2.039071559906006, -4.015766143798828, 0.0
n,-4.015992164611816, 2.0386266708374023, 0.0
n,2.033606767654419, 4.018536567687988, 0.0
n,2.039241313934326, 4.015680313110352, 0.00017860509979072958
n,4.018277168273926, -2.034119129180908, -0.0003606886602938175
n,-2.0462262630462646, -4.012125492095947, 0.0
n,-4.01839542388916, 2.0338854789733887, 0.0
n,4.01685905456543, -2.0369179248809814, 0.0
n,-4.028319358825684, 2.014159679412842, 0.0
n,2.0367255210876465, 4.016956329345703, 0.0019217678345739841
n,4.019621849060059, -2.0314605236053467, 0.0
n,-2.0381410121917725, -4.016238689422607, 0.0
n,-4.012142658233643, 2.0461926460266113, 0.0
n,2.0371062755584717, 4.016763687133789, 0.0
n,-2.0358457565307617, -4.017402648925781, 0.0
n,-4.018356800079346, 2.0339624881744385, 0.0
n,-2.039614200592041, -4.015491008758545, 0.0
n,-4.01857328414917, 2.033534288406372, 0.0
n,-4.019158840179443, 2.032376766204834, -0.00030544435139745474
n,2.0369927883148193, 4.016800880432129, -0.012845607474446297
n,4.0189127922058105, -2.032862901687622, 0.0
n,-2.03578782081604, -4.01743221282959, 0.0
n,2.0365612506866455, 4.017040252685547, 0.0
n,4.018734931945801, -2.0332143306732178, 0.0
n,-2.0367064476013184, -4.0169596672058105, -0.007151131518185139
n,-4.018637180328369, 2.033407688140869, 0.0
n,0.7919330596923828, 4.4336256980896, 0.0
n,3.4569594860076904, 2.886801242828369, 0.0
n,4.503793716430664, -0.006021114531904459, 0.0
n,3.451056957244873, -2.893855094909668, 0.0
n,0.7686446905136108, -4.4377217292785645, 0.0
n,-2.257749319076538, -3.897019386291504, 0.0
n,-4.234567642211914, -1.5338279008865356, 0.0
n,-4.230705738067627, 1.544447898864746, 0.0
n,-2.2551469802856445, 3.8985257148742676, 0.0
n,-4.018155574798584, 2.0343596935272217, 0.0
n,2.036132335662842, 4.0172576904296875, 0.0
n,4.018370628356934, -2.033935070037842, 0.0
n,-2.0364842414855957, -4.017078876495361, 0.0
n,-4.018881797790527, 2.0329246520996094, 0.0
n,2.036029577255249, 4.017309665679932, 0.0
n,-2.0372073650360107, -4.016712188720703, 0.0
n,4.019065856933594, -2.032560110092163, 0.0
n,0.00015448854537680745, 0.0002984437742270529, -4.50379753112793
n,0.00012410261842887849, 0.0003099717141594738, -4.50379753112793
n,0.00011918964446522295, 0.00031583529198542237, -4.50379753112793
n,0.0001220345075125806, 0.00031982886139303446, -4.50379753112793
n,0.00011978328984696418, 0.0003066283243242651, -4.50379753112793
n,0.00012147819506935775, 0.0003199861675966531, -4.50379753112793
n,0.0001262858131667599, 0.0003124474606011063, -4.50379753112793
n,0.0001256280520465225, 0.0003143293724860996, -4.50379753112793
n,0.00012610510748345405, 0.00031363035668618977, -4.50379753112793
n,0.00013210710312705487, 0.00031592047889716923, -4.50379753112793
n,0.00012372623314149678, 0.00031128796399571, -4.50379753112793
n,0.0001250561763299629, 0.00031702450360171497, -4.50379753112793
n,0.0001247827021870762, 0.0003165949019603431, -4.50379753112793
n,2.7745604515075684, -1.3989475965499878, 3.260207414627075
n,2.773136854171753, -1.4027384519577026, 3.2597899436950684
n,2.7644314765930176, -1.3985276222229004, 3.2689805030822754
n,2.7626547813415527, -1.3816018104553223, 3.2776682376861572
n,2.761768102645874, -1.4107829332351685, 3.2659637928009033
n,-1.8517197370529175, 0.9456580877304077, 3.995128870010376
n,-1.8518548011779785, 0.9351820945739746, 3.9975318908691406
n,-1.852758765220642, 0.9370424747467041, 3.9966771602630615
n,-1.8623485565185547, 0.9439399838447571, 3.9905927181243896
n,-1.836837649345398, 0.9450863599777222, 4.002128601074219
n,-1.8495638370513916, 0.938037097454071, 3.9979233741760254
n,-1.8669190406799316, 0.9468433260917664, 3.9877679347991943
n,-0.00013180224050302058, -0.0003060864401049912, 4.50379753112793
n,-0.0001280860451515764, -0.0003186285903211683, 4.50379753112793
n,-0.000127011226140894, -0.00031773760565556586, 4.50379753112793
n,-0.00010292089427821338, -0.00032968257437460124, 4.50379753112793
n,-0.00010023177310358733, -0.00033129751682281494, 4.50379753112793
n,-0.00012988589878659695, -0.00032218199339695275, 4.50379753112793
n,-0.00013010829570703208, -0.00031323207076638937, 4.50379753112793
n,-0.00014528509927913547, -0.00030643618083558977, 4.50379753112793
n,-0.00010962672968162224, -0.0003307686420157552, 4.50379753112793
n,-0.0001263618323719129, -0.00031381106236949563, 4.50379753112793
n,-0.00014064076822251081, -0.00031569134443998337, 4.50379753112793
n,-0.0001295891561312601, -0.0003114565624855459, 4.50379753112793
n,-0.0001351622777292505, -0.0003140440967399627, 4.50379753112793
n,-0.00013277212565299124, -0.0003197413752786815, 4.50379753112793
n,-0.0001080493166227825, -0.0003277671348769218, 4.50379753112793
n,-0.00011668607476167381, -0.0002933098003268242, 4.50379753112793
n,-0.0001346333883702755, -0.0003187833644915372, 4.50379753112793
n,-0.00012640793283935636, -0.000322149193380028, 4.50379753112793
n,-6.172269786475226e-05, -0.00036436301888898015, 4.50379753112793
n,-0.00011827570415334776, -0.00030505130416713655, 4.50379753112793
n,-0.00013257951650302857, -0.000316431513056159, 4.50379753112793
n,-0.00013465354277286679, -0.00031491860863752663, 4.50379753112793
n,-0.00013926229439675808, -0.0003248178109060973, 4.50379753112793
n,-0.00013463999493978918, -0.000321639992762357, 4.50379753112793
n,-0.00012414157390594482, -0.00031365989707410336, 4.50379753112793
n,-0.00012359504762571305, -0.00032062819809652865, 4.50379753112793
n,-0.00012219205382280052, -0.00032148684840649366, 4.50379753112793
n,-0.00012002278526779264, -0.00032086644205264747, 4.50379753112793
n,-0.00012329008313827217, -0.0003150668344460428, 4.50379753112793
n,-0.00012287542631383985, -0.0003157781611662358, 4.50379753112793
n,-0.0001184297216241248, -0.0002985109749715775, 4.50379753112793
n,-0.00011839348735520616, -0.0003211105358786881, 4.50379753112793
n,-0.0001268375344807282, -0.000318181817419827, 4.50379753112793
n,-0.00012898637214675546, -0.0003201933577656746, 4.50379753112793
n,-0.0001284735044464469, -0.00031975001911632717, 4.50379753112793
n,-0.00013826981012243778, -0.00030499271815642715, 4.50379753112793
n,-0.0001159862513304688, -0.00031640660017728806, 4.50379753112793
n,-0.00013183381815906614, -0.000308898655930534, 4.50379753112793
n,-0.00012379823601804674, -0.0003129641409032047, 4.50379753112793
n,-0.0001223130529979244, -0.000306170666590333, 4.50379753112793
n,-0.00013256669626571238, -0.00031396059785038233, 4.50379753112793
n,-0.00012732493632938713, -0.00031088650575838983, 4.50379753112793
n,-0.00014260820171330124, -0.0003135765145998448, 4.50379753112793
n,-0.0001223287545144558, -0.0003245799452997744, 4.50379753112793
n,-0.00012918857100885361, -0.000320335355354473, 4.50379753112793
n,-0.0001285189064219594, -0.00031967111863195896, 4.50379753112793
n,-0.00012742637773044407, -0.0003202132065780461, 4.50379753112793
n,-0.0001314295659540221, -0.00032249584910459816, 4.50379753112793
n,-0.00018953213293571025, -0.0003973292768932879, 4.50379753112793
n,-0.00013761552690993994, -0.000305576017126441, 4.50379753112793
n,-0.00012809847248718143, -0.00031359278364107013, 4.50379753112793
n,-0.0001173319251392968, -0.0003178066690452397, 4.50379753112793
n,-0.0001335805864073336, -0.00032995466608554125, 4.50379753112793
n,-0.0001292532542720437, -0.00031095536542125046, 4.50379753112793
n,-0.0001371003017993644, -0.0003010740038007498, 4.50379753112793
n,-0.00013204690185375512, -0.00031415035482496023, 4.50379753112793
n,-0.00013293074152898043, -0.0003248097491450608, 4.50379753112793
n,-0.00012377876555547118, -0.00030722960946150124, 4.50379753112793
n,-0.00013925826351623982, -0.0002955611562356353, 4.50379753112793
n,-0.00013160529488231987, -0.00031734403455629945, 4.50379753112793
n,-0.00012469181092455983, -0.00031197286443784833, 4.50379753112793
n,-0.00012694159522652626, -0.0003108341188635677, 4.50379753112793
n,-0.0001110720622818917, -0.00032012455631047487, 4.50379753112793
n,-0.00014114257646724582, -0.0003047690843231976, 4.50379753112793
n,-0.00012663143570534885, -0.0003110310935880989, 4.50379753112793
n,-0.0001237011019838974, -0.00031007168581709266, 4.50379753112793
n,-0.00013322269660420716, -0.00032880049548111856, 4.50379753112793
n,-2.457601547241211, -3.7741737365722656, 0.0
n,-2.457601547241211, -3.7741737365722656, 0.0
n,-2.457601547241211, -3.7741737365722656, 0.0
n,-2.4830849170684814, -3.7574567794799805, 0.0
n,4.004487991333008, -2.06113338470459, 0.0
n,2.4922633171081543, 3.751375436782837, 0.0
n,2.5380499362945557, 3.720550298690796, 0.0
n,2.4889986515045166, 3.7535412311553955, 0.0026134734507650137
n,2.479574680328369, 3.7597739696502686, -0.0014676605351269245
n,4.004487991333008, -2.06113338470459, 0.0
n,1.6801574230194092, 4.1786675453186035, 0.0
n,1.6850618124008179, 4.176679611206055, -0.010206487961113453
n,1.7425353527069092, 4.153042793273926, 0.0
n,-1.752953290939331, -4.148655891418457, 0.0
n,-1.712021827697754, -4.165713787078857, 0.0
n,-1.6422866582870483, -4.193696022033691, 0.0
n,1.7154523134231567, 4.164302349090576, 0.0017086981097236276
n,1.6422864198684692, 4.193696022033691, 0.0
n,2.059802770614624, 4.005172252655029, 0.0
n,2.059802770614624, 4.005172252655029, 0.0
n,2.039519786834717, 4.015538215637207, 0.001647657249122858
n,2.0342447757720947, 4.018213272094727, 0.0
n,2.0384042263031006, 4.016103267669678, 0.003748734947293997
n,-4.01956033706665, 2.0315825939178467, 0.0
n,4.018052101135254, -2.03456449508667, 0.0
n,-2.0350916385650635, -4.017784595489502, 0.0
n,4.0206170082092285, -2.0294907093048096, 0.0
n,-2.039071559906006, -4.015766143798828, 0.0
n,-4.015992164611816, 2.0386264324188232, 0.0
n,2.0301923751831055, 4.020262718200684, 0.0
n,2.0316810607910156, 4.019501686096191, 0.00836523249745369
n,2.018996000289917, 4.022475719451904, 0.16593340039253235
n,2.022740602493286, 4.024013996124268, -0.005092555657029152
n,2.036496877670288, 4.014044284820557, -0.15594416856765747
n,2.040733814239502, 4.01492166519165, 0.0
n,4.019730091094971, -2.0312466621398926, 0.00035206438042223454
n,-2.044516086578369, -4.012996673583984, -0.0019965977407991886
n,-4.01839542388916, 2.0338854789733887, 0.0
n,4.022637367248535, -2.025482654571533, -0.0009690190781839192
n,-4.020158290863037, 2.0303988456726074, 0.0
n,-4.018971920013428, 2.032743453979492, 0.0034801396541297436
n,-3.9122679233551025, 2.231222152709961, 0.0010674478253349662
n,2.0367257595062256, 4.016956329345703, 0.0019217677181586623
n,4.019621849060059, -2.0314605236053467, 0.0
n,-2.0381410121917725, -4.016238689422607, 0.0
n,-4.012142658233643, 2.0461926460266113, 0.0
n,2.036480188369751, 4.017081260681152, 0.0003292632754892111
n,-2.035845994949341, -4.017402648925781, 0.0
n,-4.0183563232421875, 2.0339624881744385, 0.0
n,-2.039614200592041, -4.015490531921387, 0.0
n,-4.018836975097656, 2.033012628555298, -0.0006497757858596742
n,-4.0189290046691895, 2.0328304767608643, 0.0
n,-4.019405841827393, 2.031888008117676, 0.0
n,-4.018916130065918, 2.0328562259674072, -3.926248973584734e-05
n,1.8993899822235107, 4.083688259124756, 0.0
n,2.070427656173706, 3.999690055847168, 0.001582573284395039
n,2.0675852298736572, 4.001160144805908, 0.0
n,2.0675852298736572, 4.001160144805908, 0.0
n,2.0952210426330566, 3.9867405891418457, -0.011902221478521824
n,2.031067132949829, 4.019820213317871, 0.0
n,2.0383670330047607, 4.016115188598633, -0.00850924663245678
n,2.1245803833007812, 3.968893527984619, -0.13503938913345337
n,2.0261025428771973, 4.022273540496826, 0.020407672971487045
n,2.0343072414398193, 4.018181324005127, -0.0020761380437761545
n,2.0273702144622803, 4.02168607711792, -0.002214025007560849
n,2.0381617546081543, 4.016228199005127, 0.0
n,2.0381617546081543, 4.016228199005127, 0.0
n,2.0339808464050293, 4.018344879150391, -0.0038944066036492586
n,2.048344612121582, 4.010830402374268, -0.04141252860426903
n,2.087857723236084, 3.9867987632751465, -0.17457959055900574
n,2.038294553756714, 4.01616096496582, -0.0005707105156034231
n,2.034876585006714, 4.017893314361572, 0.0
n,2.0023536682128906, 4.034152507781982, 0.019594185054302216
n,2.0370285511016846, 4.016801357269287, -0.0030527040362358093
n,2.0322225093841553, 4.019237041473389, 0.0
n,2.034876823425293, 4.017893314361572, 0.0
n,2.0351779460906982, 4.017735481262207, 0.0067719267681241035
n,0.6527850031852722, 1.2422208786010742, -4.279597282409668
n,4.0189127922058105, -2.032862663269043, 0.0
n,-2.035651445388794, -4.017501354217529, -0.0001547035644762218
n,2.0365612506866455, 4.017040252685547, 0.0
n,4.019214630126953, -2.032250165939331, -0.007938477210700512
n,4.018555164337158, -2.033567428588867, -0.0033654312137514353
n,-2.0374176502227783, -4.016575336456299, -0.015689747408032417
n,-2.041165590286255, -4.014702320098877, 0.0
n,-4.018734931945801, 2.0332143306732178, 0.0
n,-4.0187087059021, 2.033266305923462, 0.0004922323860228062
n,0.7919330596923828, 4.433625221252441, 0.0
n,3.4569594860076904, 2.886801242828369, 0.0
n,4.503793716430664, -0.006021114531904459, 0.0
n,3.451057195663452, -2.893855094909668, 0.0
n,0.7686446905136108, -4.437722206115723, 0.0
n,-2.257749319076538, -3.897019147872925, 0.0
n,-4.234567642211914, -1.5338279008865356, 0.0
n,-4.230705738067627, 1.544447898864746, 0.0
n,-2.2551472187042236, 3.8985257148742676, 0.0
n,-4.018155574798584, 2.0343596935272217, 0.0
n,2.036132335662842, 4.0172576904296875, 0.0
n,4.018370628356934, -2.033935070037842, 0.0
n,-2.0364842414855957, -4.017078876495361, 0.0
n,-4.018881797790527, 2.0329246520996094, 0.0
n,2.036255359649658, 4.017195224761963, 0.0005267413798719645
n,2.036896228790283, 4.016870498657227, 0.0
n,-2.0372071266174316, -4.016712188720703, 0.0
u,0.908903181552887, 0.9997317790985107, 0
u,0.9971315860748291, 0.8770492076873779, 0
u,0.9971315860748291, 0.9997317790985107, 0
u,0.0, 0.0, 0
u,0.0, 0.0, 0
u,0.0, 0.0, 0
u,0.9904435276985168, 0.722833514213562, 0
u,0.9887474775314331, 0.7567762136459351, 0
u,0.9897727966308594, 0.7226775884628296, 0
u,0.9711350202560425, 0.8110396862030029, 0
u,0.9838219285011292, 0.7979552745819092, 0
u,0.9838219285011292, 0.8702185750007629, 0
u,0.9887474775314331, 0.8210381865501404, 0
u,0.9909483790397644, 0.821985125541687, 0
u,0.9887474775314331, 0.8617269992828369, 0
u,0.9711350202560425, 0.7490593194961548, 0
u,0.982830822467804, 0.7035518884658813, 0
u,0.982830822467804, 0.7725241184234619, 0
u,0.9900398254394531, 0.7691256999969482, 0
u,0.9913995265960693, 0.8098301291465759, 0
u,0.9887474775314331, 0.8098301291465759, 0
u,0.9975396990776062, 0.8273863792419434, 0
u,0.9955968856811523, 0.8605499863624573, 0
u,0.9955968856811523, 0.8265026807785034, 0
u,0.9241346120834351, 0.6742861270904541, 0
u,0.9222239851951599, 0.681246817111969, 0
u,0.9222112894058228, 0.6738359928131104, 0
u,0.9241346120834351, 0.6948652863502502, 0
u,0.9222112894058228, 0.7018225193023682, 0
u,0.9222112894058228, 0.694414496421814, 0
u,0.9290605783462524, 0.7737460136413574, 0
u,0.9309669137001038, 0.7016245722770691, 0
u,0.9309669137001038, 0.7745900750160217, 0
u,0.6217976212501526, 0.4707244038581848, 0
u,0.630160391330719, 0.46311479806900024, 0
u,0.6353939175605774, 0.49874040484428406, 0
u,0.6532225012779236, 0.5095627903938293, 0
u,0.6394324898719788, 0.5095627903938293, 0
u,0.6395940184593201, 0.5035011768341064, 0
u,0.6107469201087952, 0.5150272846221924, 0
u,0.6019672155380249, 0.5449618101119995, 0
u,0.6012719869613647, 0.5168750286102295, 0
u,0.6532328128814697, 0.49043720960617065, 0
u,0.6394324898719788, 0.49043720960617065, 0
u,0.6530467867851257, 0.4843822121620178, 0
u,0.648819625377655, 0.5150285959243774, 0
u,0.6494308710098267, 0.5431811213493347, 0
u,0.6472601890563965, 0.542778491973877, 0
u,0.6541095972061157, 0.5129731893539429, 0
u,0.6556500196456909, 0.512295126914978, 0
u,0.6556500196456909, 0.5403844714164734, 0
u,0.7229477763175964, 0.6325135827064514, 0
u,0.7206060886383057, 0.6368216276168823, 0
u,0.7137964963912964, 0.6325135827064514, 0
u,0.7136672735214233, 0.6161202192306519, 0
u,0.7206419706344604, 0.6170287728309631, 0
u,0.711839497089386, 0.6170287728309631, 0
u,0.6659842133522034, 0.6379004120826721, 0
u,0.6680284142494202, 0.6325135827064514, 0
u,0.709369421005249, 0.6379004120826721, 0
u,0.6658512949943542, 0.6187514066696167, 0
u,0.7070127725601196, 0.6133880019187927, 0
u,0.707237184047699, 0.6187514066696167, 0
u,0.6659858822822571, 0.6023812890052795, 0
u,0.6680294275283813, 0.5970110893249512, 0
u,0.6681634783744812, 0.6023812890052795, 0
u,0.9696707725524902, 0.6996638774871826, 0
u,0.9696673154830933, 0.6380178928375244, 0
u,0.9857137799263, 0.6380347013473511, 0
u,0.9953047037124634, 0.6997234225273132, 0
u,0.9971634745597839, 0.6096736788749695, 0
u,0.9971634745597839, 0.7049180269241333, 0
u,0.903039276599884, 0.5956575870513916, 0
u,0.9284263253211975, 0.6353703141212463, 0
u,0.9030376076698303, 0.6353703141212463, 0
u,0.9030376076698303, 0.6353703141212463, 0
u,0.9284257292747498, 0.6405730247497559, 0
u,0.9011741876602173, 0.6405730247497559, 0
u,0.7655217051506042, 0.6360697746276855, 0
u,0.7655485272407532, 0.6721193194389343, 0
u,0.7522314190864563, 0.6721296906471252, 0
u,0.7655217051506042, 0.6360697746276855, 0
u,0.7367905974388123, 0.6308736801147461, 0
u,0.7673786282539368, 0.6308736801147461, 0
u,0.9636523127555847, 0.8495457768440247, 0
u,0.9334688186645508, 0.8494654893875122, 0
u,0.960932195186615, 0.6698858737945557, 0
u,0.9636523127555847, 0.8495457768440247, 0
u,0.9636523127555847, 0.667243480682373, 0
u,0.9686046838760376, 0.6534276008605957, 0
u,0.8368849754333496, 0.7306978702545166, 0
u,0.771037220954895, 0.6859437823295593, 0
u,0.885063111782074, 0.6859968900680542, 0
u,0.7296023964881897, 0.6676133275032043, 0
u,0.5743640065193176, 0.6502732038497925, 0
u,0.7358176112174988, 0.6502732038497925, 0
u,0.45615971088409424, 0.49773189425468445, 0
u,0.4611366093158722, 0.5189793705940247, 0
u,0.338551789522171, 0.5557718276977539, 0
u,0.14298629760742188, 0.2726578116416931, 0
u,0.006735200062394142, 0.2726813852787018, 0
u,0.0015571999829262495, 0.25, 0
u,0.19284939765930176, 0.48133549094200134, 0
u,0.19077450037002563, 0.45661818981170654, 0
u,0.19809910655021667, 0.43579238653182983, 0
u,0.7777326107025146, 0.7873002290725708, 0
u,0.9279670119285583, 0.8046448230743408, 0
u,0.7715263962745667, 0.8046448230743408, 0
u,0.7772548794746399, 0.8415300846099854, 0
u,0.932532012462616, 0.8588746786117554, 0
u,0.771037220954895, 0.8588746786117554, 0
u,0.9217376112937927, 0.8374317288398743, 0
u,0.7715263962745667, 0.8200870752334595, 0
u,0.9279428124427795, 0.8200870752334595, 0
u,0.3480849862098694, 0.2557846009731293, 0
u,0.36119160056114197, 0.31917449831962585, 0
u,0.3395302891731262, 0.2971594035625458, 0
u,0.3316023051738739, 0.5407407283782959, 0
u,0.2062544971704483, 0.29979491233825684, 0
u,0.3316890001296997, 0.29979491233825684, 0
u,0.2062544971704483, 0.29979491233825684, 0
u,0.20065680146217346, 0.284153014421463, 0
u,0.3372963070869446, 0.284153014421463, 0
u,0.20619280636310577, 0.5407422184944153, 0
u,0.337198406457901, 0.5563824772834778, 0
u,0.20058709383010864, 0.5563840866088867, 0
u,0.9356775283813477, 0.650075376033783, 0
u,0.9407783150672913, 0.6284152865409851, 0
u,0.942992091178894, 0.6284176111221313, 0
u,0.9572793841362, 0.650075376033783, 0
u,0.942992091178894, 0.6284176111221313, 0
u,0.9645941257476807, 0.6284176111221313, 0
u,0.5827155709266663, 0.6100788116455078, 0
u,0.5743640065193176, 0.6065574288368225, 0
u,0.5827155709266663, 0.6065574288368225, 0
u,0.95143061876297, 0.5943015813827515, 0
u,0.9319679141044617, 0.618688702583313, 0
u,0.9507610201835632, 0.5906782150268555, 0
u,0.5924959182739258, 0.6100658774375916, 0
u,0.5841487050056458, 0.6065574288368225, 0
u,0.5924959182739258, 0.6065574288368225, 0
u,0.7270057797431946, 0.6135879158973694, 0
u,0.7356492280960083, 0.6329020857810974, 0
u,0.7339344024658203, 0.6353811025619507, 0
u,0.8542460799217224, 0.6120225191116333, 0
u,0.8576673269271851, 0.6412342190742493, 0
u,0.8522505164146423, 0.6120219826698303, 0
u,0.8596628904342651, 0.6412345767021179, 0
u,0.8920161724090576, 0.6120225191116333, 0
u,0.8974329829216003, 0.6412345767021179, 0
u,0.8974329829216003, 0.6412345767021179, 0
u,0.8940125703811646, 0.6120219230651855, 0
u,0.8994293808937073, 0.6412339210510254, 0
u,0.49110639095306396, 0.5546448230743408, 0
u,0.47348710894584656, 0.4596234858036041, 0
u,0.5991770029067993, 0.4548541009426117, 0
u,0.11938290297985077, 0.16723960638046265, 0
u,0.11938290297985077, 0.17934550344944, 0
u,0.10469669848680496, 0.1816650927066803, 0
u,0.1302213966846466, 0.1816650927066803, 0
u,0.10469669848680496, 0.2488097995519638, 0
u,0.10469669848680496, 0.1816650927066803, 0
u,0.8522505164146423, 0.6763647198677063, 0
u,0.8756272196769714, 0.644808828830719, 0
u,0.8756272196769714, 0.6763647198677063, 0
u,0.9050379991531372, 0.6763647198677063, 0
u,0.8756272196769714, 0.644808828830719, 0
u,0.9050379991531372, 0.644808828830719, 0
u,0.5743640065193176, 0.5917826294898987, 0
u,0.5873512029647827, 0.5601093173027039, 0
u,0.5873512029647827, 0.5917826294898987, 0
u,0.6105356812477112, 0.5917826294898987, 0
u,0.5873512029647827, 0.5601093173027039, 0
u,0.6105356812477112, 0.5601093173027039, 0
u,0.6585127115249634, 0.5710381865501404, 0
u,0.7053530216217041, 0.531696617603302, 0
u,0.7053530216217041, 0.5710381865501404, 0
u,0.7053530216217041, 0.531696617603302, 0
u,0.6585127115249634, 0.531696617603302, 0
u,0.7007963061332703, 0.48226720094680786, 0
u,0.338551789522171, 0.33333340287208557, 0
u,0.45927178859710693, 0.36932921409606934, 0
u,0.338551789522171, 0.36932921409606934, 0
u,0.338551789522171, 0.36932921409606934, 0
u,0.45927178859710693, 0.4438728988170624, 0
u,0.338551789522171, 0.4438728988170624, 0
u,0.5470157861709595, 0.5928962230682373, 0
u,0.535224974155426, 0.5612589716911316, 0
u,0.5470157861709595, 0.5612589716911316, 0
u,0.5732545852661133, 0.5928962230682373, 0
u,0.5470157861709595, 0.5612589716911316, 0
u,0.5732545852661133, 0.5612589716911316, 0
u,0.10327380150556564, 0.25136610865592957, 0
u,0.09655919671058655, 0.004307299852371216, 0
u,0.10327380150556564, 0.004307299852371216, 0
u,0.030750999227166176, 0.25136610865592957, 0
u,0.030474400147795677, 0.25136610865592957, 0
u,0.030474400147795677, 0.06860619783401489, 0
u,0.030750999227166176, 0.004307299852371216, 0
u,0.09655919671058655, 0.25136610865592957, 0
u,0.030750999227166176, 0.25136610865592957, 0
u,0.57338547706604, 0.6502732038497925, 0
u,0.600868284702301, 0.6187940239906311, 0
u,0.600868284702301, 0.6502732038497925, 0
u,0.6603133082389832, 0.6502732038497925, 0
u,0.600868284702301, 0.6187940239906311, 0
u,0.6603133082389832, 0.6187940239906311, 0
u,0.6627898812294006, 0.6502732038497925, 0
u,0.6603133082389832, 0.6187940239906311, 0
u,0.6627898812294006, 0.6187940239906311, 0
u,0.6050015091896057, 0.6752411723136902, 0
u,0.57338547706604, 0.8633880019187927, 0
u,0.57338547706604, 0.6752411723136902, 0
u,0.7683612704277039, 0.8633880019187927, 0
u,0.7538985013961792, 0.6752411723136902, 0
u,0.7683612704277039, 0.6752411723136902, 0
u,0.7538985013961792, 0.8633880019187927, 0
u,0.6944898962974548, 0.6752411723136902, 0
u,0.7538985013961792, 0.6752411723136902, 0
u,0.6944898962974548, 0.8633880019187927, 0
u,0.6798645257949829, 0.6752411723136902, 0
u,0.6944898962974548, 0.6752411723136902, 0
u,0.6798645257949829, 0.8633880019187927, 0
u,0.6050015091896057, 0.6752411723136902, 0
u,0.6798645257949829, 0.6752411723136902, 0
u,0.10298579931259155, 0.7866787910461426, 0
u,0.1406082957983017, 0.5983607172966003, 0
u,0.1406082957983017, 0.9990044236183167, 0
u,0.5714979767799377, 0.9990044236183167, 0
u,0.42634710669517517, 0.9990044236183167, 0
u,0.4848909080028534, 0.9982249736785889, 0
u,0.42634710669517517, 0.5983607172966003, 0
u,0.2857606112957001, 0.9990044236183167, 0
u,0.2857606112957001, 0.5983607172966003, 0
u,0.2857606112957001, 0.9990044236183167, 0
u,0.1406082957983017, 0.5983607172966003, 0
u,0.2857606112957001, 0.5983607172966003, 0
u,0.40296030044555664, 0.5612810254096985, 0
u,0.2670969069004059, 0.5928962230682373, 0
u,0.2670969069004059, 0.5612810254096985, 0
u,0.40296030044555664, 0.5928962230682373, 0
u,0.40296030044555664, 0.5612810254096985, 0
u,0.4990420937538147, 0.5612810254096985, 0
u,0.0, 0.5928962230682373, 0
u,0.11966650187969208, 0.5612810254096985, 0
u,0.13586220145225525, 0.5928962230682373, 0
u,0.13586220145225525, 0.5928962230682373, 0
u,0.13586220145225525, 0.5612810254096985, 0
u,0.17102409899234772, 0.5612810254096985, 0
u,0.8148471713066101, 0.6092895865440369, 0
u,0.8238049149513245, 0.6774188280105591, 0
u,0.8148471713066101, 0.6774188280105591, 0
u,0.8238049149513245, 0.6774188280105591, 0
u,0.8327624797821045, 0.6092895865440369, 0
u,0.8327624797821045, 0.6774188280105591, 0
u,0.8327624797821045, 0.6774188280105591, 0
u,0.8417202234268188, 0.6092895865440369, 0
u,0.8417202234268188, 0.6774188280105591, 0
u,0.8417202234268188, 0.6774188280105591, 0
u,0.850678026676178, 0.6092895865440369, 0
u,0.850678026676178, 0.6774188280105591, 0
u,0.7700586915016174, 0.6774188280105591, 0
u,0.779016375541687, 0.6092895865440369, 0
u,0.779016375541687, 0.6774188280105591, 0
u,0.779016375541687, 0.6092895865440369, 0
u,0.7879741191864014, 0.6774188280105591, 0
u,0.779016375541687, 0.6774188280105591, 0
u,0.7879741191864014, 0.6092895865440369, 0
u,0.796931803226471, 0.6774188280105591, 0
u,0.7879741191864014, 0.6774188280105591, 0
u,0.796931803226471, 0.6092895865440369, 0
u,0.8058894872665405, 0.6774188280105591, 0
u,0.796931803226471, 0.6774188280105591, 0
u,0.8058894872665405, 0.6092895865440369, 0
u,0.8148471713066101, 0.6774188280105591, 0
u,0.8058894872665405, 0.6774188280105591, 0
u,0.6970170736312866, 0.8770492076873779, 0
u,0.7852460145950317, 0.9997317790985107, 0
u,0.6970170736312866, 0.9997317790985107, 0
u,0.7662289142608643, 0.8743168711662292, 0
u,0.8804919719696045, 0.8664010167121887, 0
u,0.8804919719696045, 0.8743168711662292, 0
u,0.8804919719696045, 0.8743168711662292, 0
u,0.9590954780578613, 0.8664010167121887, 0
u,0.9590954780578613, 0.8743168711662292, 0
u,0.6876258850097656, 0.8743168711662292, 0
u,0.57338547706604, 0.8664010167121887, 0
u,0.6876258850097656, 0.8664010167121887, 0
u,0.7662289142608643, 0.8743168711662292, 0
u,0.6876258850097656, 0.8664010167121887, 0
u,0.7662289142608643, 0.8664010167121887, 0
u,0.6055927276611328, 0.8770492076873779, 0
u,0.6970170736312866, 0.8770492076873779, 0
u,0.6970170736312866, 0.9997317790985107, 0
u,0.7852460145950317, 0.8770492076873779, 0
u,0.908903181552887, 0.9997317790985107, 0
u,0.7852460145950317, 0.9997317790985107, 0
u,0.908903181552887, 0.9997317790985107, 0
u,0.908903181552887, 0.8770492076873779, 0
u,0.9971315860748291, 0.8770492076873779, 0
u,0.0, 0.0, 0
u,0.0, 0.0, 0
u,0.0, 0.0, 0
u,0.0, 0.0, 0
u,0.0, 0.0, 0
u,0.0, 0.0, 0
u,0.0, 0.0, 0
u,0.0, 0.0, 0
u,0.0, 0.0, 0
u,0.0, 0.0, 0
u,0.0, 0.0, 0
u,0.0, 0.0, 0
u,0.0, 0.0, 0
u,0.0, 0.0, 0
u,0.0, 0.0, 0
u,0.0, 0.0, 0
u,0.0, 0.0, 0
u,0.0, 0.0, 0
u,0.0, 0.0, 0
u,0.0, 0.0, 0
u,0.0, 0.0, 0
u,0.0, 0.0, 0
u,0.0, 0.0, 0
u,0.0, 0.0, 0
u,0.0, 0.0, 0
u,0.0, 0.0, 0
u,0.0, 0.0, 0
u,0.0, 0.0, 0
u,0.0, 0.0, 0
u,0.0, 0.0, 0
u,0.0, 0.0, 0
u,0.0, 0.0, 0
u,0.0, 0.0, 0
u,0.0, 0.0, 0
u,0.0, 0.0, 0
u,0.0, 0.0, 0
u,0.0, 0.0, 0
u,0.0, 0.0, 0
u,0.0, 0.0, 0
u,0.9904435276985168, 0.722833514213562, 0
u,0.9913985133171082, 0.7567762136459351, 0
u,0.9887474775314331, 0.7567762136459351, 0
u,0.9711350202560425, 0.8110396862030029, 0
u,0.9716104865074158, 0.7950925827026367, 0
u,0.9838219285011292, 0.7979552745819092, 0
u,0.9900398254394531, 0.7691256999969482, 0
u,0.9904528856277466, 0.7692273259162903, 0
u,0.9913995265960693, 0.8098301291465759, 0
u,0.9241346120834351, 0.6742861270904541, 0
u,0.9241346120834351, 0.681693971157074, 0
u,0.9222239851951599, 0.681246817111969, 0
u,0.9241346120834351, 0.6948652863502502, 0
u,0.9241346120834351, 0.7745900750160217, 0
u,0.9222112894058228, 0.7018225193023682, 0
u,0.6353939175605774, 0.49874040484428406, 0
u,0.6012719869613647, 0.49874040484428406, 0
u,0.6088635921478271, 0.49004390835762024, 0
u,0.6088635921478271, 0.49004390835762024, 0
u,0.6217976212501526, 0.4707244038581848, 0
u,0.6353939175605774, 0.49874040484428406, 0
u,0.6107469201087952, 0.5150272846221924, 0
u,0.6431409120559692, 0.5449618101119995, 0
u,0.6019672155380249, 0.5449618101119995, 0
u,0.648819625377655, 0.5150285959243774, 0
u,0.6494308710098267, 0.5150272846221924, 0
u,0.6494308710098267, 0.5431811213493347, 0
u,0.7229477763175964, 0.6325135827064514, 0
u,0.7227510213851929, 0.6378877758979797, 0
u,0.7206060886383057, 0.6368216276168823, 0
u,0.6659842133522034, 0.6379004120826721, 0
u,0.6658512949943542, 0.6325299739837646, 0
u,0.6680284142494202, 0.6325135827064514, 0
u,0.6659858822822571, 0.6023812890052795, 0
u,0.6658512949943542, 0.5969945192337036, 0
u,0.6680294275283813, 0.5970110893249512, 0
u,0.9857164025306702, 0.6096398830413818, 0
u,0.9953047037124634, 0.6096683144569397, 0
u,0.9857137799263, 0.6380347013473511, 0
u,0.9953047037124634, 0.6096683144569397, 0
u,0.9953047037124634, 0.6997234225273132, 0
u,0.9857137799263, 0.6380347013473511, 0
u,0.9953047037124634, 0.6997234225273132, 0
u,0.9696707725524902, 0.6996638774871826, 0
u,0.9857137799263, 0.6380347013473511, 0
u,0.9971634745597839, 0.7049180269241333, 0
u,0.9696710705757141, 0.704854428768158, 0
u,0.9953047037124634, 0.6997234225273132, 0
u,0.9696710705757141, 0.704854428768158, 0
u,0.9696707725524902, 0.6996638774871826, 0
u,0.9953047037124634, 0.6997234225273132, 0
u,0.9953047037124634, 0.6997234225273132, 0
u,0.9953047037124634, 0.6096683144569397, 0
u,0.9971634745597839, 0.6096736788749695, 0
u,0.903039276599884, 0.5956575870513916, 0
u,0.928431510925293, 0.5956283807754517, 0
u,0.9284263253211975, 0.6353703141212463, 0
u,0.9011741876602173, 0.6405730247497559, 0
u,0.9011760950088501, 0.5956599116325378, 0
u,0.9030376076698303, 0.6353703141212463, 0
u,0.9011760950088501, 0.5956599116325378, 0
u,0.903039276599884, 0.5956575870513916, 0
u,0.9030376076698303, 0.6353703141212463, 0
u,0.9030376076698303, 0.6353703141212463, 0
u,0.9284263253211975, 0.6353703141212463, 0
u,0.9284257292747498, 0.6405730247497559, 0
u,0.7503641247749329, 0.6721311807632446, 0
u,0.7484908103942871, 0.6721302270889282, 0
u,0.7367920279502869, 0.6360697746276855, 0
u,0.7484908103942871, 0.6721302270889282, 0
u,0.7368016839027405, 0.6721240878105164, 0
u,0.7367920279502869, 0.6360697746276855, 0
u,0.7367920279502869, 0.6360697746276855, 0
u,0.7655217051506042, 0.6360697746276855, 0
u,0.7503641247749329, 0.6721311807632446, 0
u,0.7503641247749329, 0.6721311807632446, 0
u,0.7655217051506042, 0.6360697746276855, 0
u,0.7522314190864563, 0.6721296906471252, 0
u,0.7655217051506042, 0.6360697746276855, 0
u,0.7367920279502869, 0.6360697746276855, 0
u,0.7367905974388123, 0.6308736801147461, 0
u,0.7673786282539368, 0.6308736801147461, 0
u,0.7674093246459961, 0.6721178293228149, 0
u,0.7655217051506042, 0.6360697746276855, 0
u,0.7674093246459961, 0.6721178293228149, 0
u,0.7655485272407532, 0.6721193194389343, 0
u,0.7655217051506042, 0.6360697746276855, 0
u,0.9334688186645508, 0.8494654893875122, 0
u,0.9334638118743896, 0.6698160767555237, 0
u,0.960932195186615, 0.6698858737945557, 0
u,0.960932195186615, 0.6698858737945557, 0
u,0.9609323143959045, 0.667236328125, 0
u,0.9636523127555847, 0.667243480682373, 0
u,0.9636523127555847, 0.667243480682373, 0
u,0.9636523127555847, 0.8495457768440247, 0
u,0.960932195186615, 0.6698858737945557, 0
u,0.9686046838760376, 0.8633880019187927, 0
u,0.9334691762924194, 0.8632944822311401, 0
u,0.9636523127555847, 0.8495457768440247, 0
u,0.9334691762924194, 0.8632944822311401, 0
u,0.9334688186645508, 0.8494654893875122, 0
u,0.9636523127555847, 0.8495457768440247, 0
u,0.9609323143959045, 0.667236328125, 0
u,0.9609326720237732, 0.6534072160720825, 0
u,0.9636523127555847, 0.667243480682373, 0
u,0.9609326720237732, 0.6534072160720825, 0
u,0.9686046838760376, 0.6534276008605957, 0
u,0.9636523127555847, 0.667243480682373, 0
u,0.9686046838760376, 0.8633880019187927, 0
u,0.9636523127555847, 0.8495457768440247, 0
u,0.9686046838760376, 0.6534276008605957, 0
u,0.8850607872009277, 0.6781013011932373, 0
u,0.9198281764984131, 0.678120493888855, 0
u,0.885063111782074, 0.6859968900680542, 0
u,0.9198281764984131, 0.678120493888855, 0
u,0.9198644757270813, 0.7759562730789185, 0
u,0.885063111782074, 0.6859968900680542, 0
u,0.9198644757270813, 0.7759562730789185, 0
u,0.8369005918502808, 0.7759562730789185, 0
u,0.885063111782074, 0.6859968900680542, 0
u,0.8369005918502808, 0.7759562730789185, 0
u,0.8368849754333496, 0.7306978702545166, 0
u,0.885063111782074, 0.6859968900680542, 0
u,0.8368849754333496, 0.7306978702545166, 0
u,0.7710478901863098, 0.7306991219520569, 0
u,0.771037220954895, 0.6859437823295593, 0
u,0.7296023964881897, 0.6676133275032043, 0
u,0.5805686116218567, 0.6676133275032043, 0
u,0.5743640065193176, 0.6502732038497925, 0
u,0.338551789522171, 0.5557718276977539, 0
u,0.3385904133319855, 0.44808751344680786, 0
u,0.3437947928905487, 0.4480885863304138, 0
u,0.3437947928905487, 0.4480885863304138, 0
u,0.44453689455986023, 0.4481121003627777, 0
u,0.338551789522171, 0.5557718276977539, 0
u,0.44453689455986023, 0.4481121003627777, 0
u,0.45615971088409424, 0.49773189425468445, 0
u,0.338551789522171, 0.5557718276977539, 0
u,0.4611366093158722, 0.5189793705940247, 0
u,0.469754695892334, 0.5557718276977539, 0
u,0.338551789522171, 0.5557718276977539, 0
u,0.15041829645633698, 0.5441117882728577, 0
u,0.14289459586143494, 0.544113278388977, 0
u,0.14298629760742188, 0.2726578116416931, 0
u,0.006735200062394142, 0.2726813852787018, 0
u,0.006671700160950422, 0.544138491153717, 0
u,0.0014676999999210238, 0.5441393852233887, 0
u,0.1505088061094284, 0.25, 0
u,0.15041829645633698, 0.5441117882728577, 0
u,0.14298629760742188, 0.2726578116416931, 0
u,0.006735200062394142, 0.2726813852787018, 0
u,0.0014676999999210238, 0.5441393852233887, 0
u,0.0015571999829262495, 0.25, 0
u,0.1505088061094284, 0.25, 0
u,0.14298629760742188, 0.2726578116416931, 0
u,0.0015571999829262495, 0.25, 0
u,0.1677892953157425, 0.46019798517227173, 0
u,0.16671159863471985, 0.48540619015693665, 0
u,0.15508809685707092, 0.43579238653182983, 0
u,0.15508809685707092, 0.43579238653182983, 0
u,0.19057540595531464, 0.43579238653182983, 0
u,0.17441770434379578, 0.4428217113018036, 0
u,0.19057540595531464, 0.43579238653182983, 0
u,0.19809910655021667, 0.43579238653182983, 0
u,0.19077450037002563, 0.45661818981170654, 0
u,0.18349529802799225, 0.4414080083370209, 0
u,0.19057540595531464, 0.43579238653182983, 0
u,0.19077450037002563, 0.45661818981170654, 0
u,0.19806340336799622, 0.5434349775314331, 0
u,0.18030740320682526, 0.5434389710426331, 0
u,0.18874910473823547, 0.5039942264556885, 0
u,0.18030740320682526, 0.5434389710426331, 0
u,0.17168879508972168, 0.5066512227058411, 0
u,0.1803921014070511, 0.513992190361023, 0
u,0.18030740320682526, 0.5434389710426331, 0
u,0.1803921014070511, 0.513992190361023, 0
u,0.18874910473823547, 0.5039942264556885, 0
u,0.17441770434379578, 0.4428217113018036, 0
u,0.1677892953157425, 0.46019798517227173, 0
u,0.15508809685707092, 0.43579238653182983, 0
u,0.18349529802799225, 0.4414080083370209, 0
u,0.17441770434379578, 0.4428217113018036, 0
u,0.19057540595531464, 0.43579238653182983, 0
u,0.19806340336799622, 0.5434349775314331, 0
u,0.18874910473823547, 0.5039942264556885, 0
u,0.19284939765930176, 0.48133549094200134, 0
u,0.19806340336799622, 0.5434349775314331, 0
u,0.19284939765930176, 0.48133549094200134, 0
u,0.19809910655021667, 0.43579238653182983, 0
u,0.7777326107025146, 0.7873002290725708, 0
u,0.9217492938041687, 0.7873002290725708, 0
u,0.9279670119285583, 0.8046448230743408, 0
u,0.7772548794746399, 0.8415300846099854, 0
u,0.9263268113136292, 0.8415300846099854, 0
u,0.932532012462616, 0.8588746786117554, 0
u,0.9217376112937927, 0.8374317288398743, 0
u,0.7777432203292847, 0.8374317288398743, 0
u,0.7715263962745667, 0.8200870752334595, 0
u,0.365743488073349, 0.2971594035625458, 0
u,0.36119160056114197, 0.31917449831962585, 0
u,0.36416271328926086, 0.2721247971057892, 0
u,0.36119160056114197, 0.31917449831962585, 0
u,0.3526369035243988, 0.32786890864372253, 0
u,0.3395302891731262, 0.2971594035625458, 0
u,0.36416271328926086, 0.2721247971057892, 0
u,0.36119160056114197, 0.31917449831962585, 0
u,0.35718879103660583, 0.2557846009731293, 0
u,0.3526369035243988, 0.32786890864372253, 0
u,0.34408220648765564, 0.31917449831962585, 0
u,0.3395302891731262, 0.2971594035625458, 0
u,0.3395302891731262, 0.2971594035625458, 0
u,0.3411112129688263, 0.2721247971057892, 0
u,0.3480849862098694, 0.2557846009731293, 0
u,0.3480849862098694, 0.2557846009731293, 0
u,0.35718879103660583, 0.2557846009731293, 0
u,0.36119160056114197, 0.31917449831962585, 0
u,0.3316023051738739, 0.5407407283782959, 0
u,0.20619280636310577, 0.5407422184944153, 0
u,0.2062544971704483, 0.29979491233825684, 0
u,0.2062544971704483, 0.29979491233825684, 0
u,0.20619280636310577, 0.5407422184944153, 0
u,0.20065680146217346, 0.284153014421463, 0
u,0.20619280636310577, 0.5407422184944153, 0
u,0.20058709383010864, 0.5563840866088867, 0
u,0.20065680146217346, 0.284153014421463, 0
u,0.3372963070869446, 0.284153014421463, 0
u,0.337198406457901, 0.5563824772834778, 0
u,0.3316023051738739, 0.5407407283782959, 0
u,0.3372963070869446, 0.284153014421463, 0
u,0.3316023051738739, 0.5407407283782959, 0
u,0.3316890001296997, 0.29979491233825684, 0
u,0.3372963070869446, 0.284153014421463, 0
u,0.3316890001296997, 0.29979491233825684, 0
u,0.2062544971704483, 0.29979491233825684, 0
u,0.20619280636310577, 0.5407422184944153, 0
u,0.3316023051738739, 0.5407407283782959, 0
u,0.337198406457901, 0.5563824772834778, 0
u,0.9356775283813477, 0.650075376033783, 0
u,0.9334638118743896, 0.6500731110572815, 0
u,0.9407783150672913, 0.6284152865409851, 0
u,0.9668068289756775, 0.6284176111221313, 0
u,0.9594923257827759, 0.650075376033783, 0
u,0.9645941257476807, 0.6284176111221313, 0
u,0.9594923257827759, 0.650075376033783, 0
u,0.9572793841362, 0.650075376033783, 0
u,0.9645941257476807, 0.6284176111221313, 0
u,0.9572793841362, 0.650075376033783, 0
u,0.9356775283813477, 0.650075376033783, 0
u,0.942992091178894, 0.6284176111221313, 0
u,0.5827155709266663, 0.6100788116455078, 0
u,0.5743640065193176, 0.6100788116455078, 0
u,0.5743640065193176, 0.6065574288368225, 0
u,0.961539089679718, 0.5943015813827515, 0
u,0.9668341875076294, 0.6229507923126221, 0
u,0.95143061876297, 0.5943015813827515, 0
u,0.9668341875076294, 0.6229507923126221, 0
u,0.9305282831192017, 0.6229507923126221, 0
u,0.9319679141044617, 0.618688702583313, 0
u,0.95143061876297, 0.5943015813827515, 0
u,0.9668341875076294, 0.6229507923126221, 0
u,0.9319679141044617, 0.618688702583313, 0
u,0.9319679141044617, 0.618688702583313, 0
u,0.9474599957466125, 0.5728185772895813, 0
u,0.9507610201835632, 0.5906782150268555, 0
u,0.5924959182739258, 0.6100658774375916, 0
u,0.5841487050056458, 0.6100658774375916, 0
u,0.5841487050056458, 0.6065574288368225, 0
u,0.7339344024658203, 0.6353811025619507, 0
u,0.7270057797431946, 0.6453971266746521, 0
u,0.7270057797431946, 0.6135879158973694, 0
u,0.7270057797431946, 0.6135879158973694, 0
u,0.7339344024658203, 0.6035717725753784, 0
u,0.7356492280960083, 0.6329020857810974, 0
u,0.7339344024658203, 0.6035717725753784, 0
u,0.7356492280960083, 0.6010928750038147, 0
u,0.7356492280960083, 0.6329020857810974, 0
u,0.8542460799217224, 0.6120225191116333, 0
u,0.8596628904342651, 0.6412345767021179, 0
u,0.8576673269271851, 0.6412342190742493, 0
u,0.8596628904342651, 0.6412345767021179, 0
u,0.8542460799217224, 0.6120225191116333, 0
u,0.8920161724090576, 0.6120225191116333, 0
u,0.8974329829216003, 0.6412345767021179, 0
u,0.8920161724090576, 0.6120225191116333, 0
u,0.8940125703811646, 0.6120219230651855, 0
u,0.5991770029067993, 0.4548541009426117, 0
u,0.5991770029067993, 0.5546448230743408, 0
u,0.49110639095306396, 0.5546448230743408, 0
u,0.47348710894584656, 0.4596234858036041, 0
u,0.4726026952266693, 0.4548541009426117, 0
u,0.5991770029067993, 0.4548541009426117, 0
u,0.1302213966846466, 0.17934550344944, 0
u,0.1302213966846466, 0.1816650927066803, 0
u,0.11938290297985077, 0.17934550344944, 0
u,0.1302213966846466, 0.1816650927066803, 0
u,0.10469669848680496, 0.1816650927066803, 0
u,0.11938290297985077, 0.17934550344944, 0
u,0.10469669848680496, 0.09836070239543915, 0
u,0.20787949860095978, 0.09836070239543915, 0
u,0.11938290297985077, 0.16723960638046265, 0
u,0.20787949860095978, 0.09836070239543915, 0
u,0.20787949860095978, 0.16723960638046265, 0
u,0.11938290297985077, 0.16723960638046265, 0
u,0.10469669848680496, 0.09836070239543915, 0
u,0.11938290297985077, 0.16723960638046265, 0
u,0.10469669848680496, 0.1816650927066803, 0
u,0.1302213966846466, 0.1816650927066803, 0
u,0.1302213966846466, 0.2488097995519638, 0
u,0.10469669848680496, 0.2488097995519638, 0
u,0.8522505164146423, 0.6763647198677063, 0
u,0.8522505164146423, 0.644808828830719, 0
u,0.8756272196769714, 0.644808828830719, 0
u,0.9050379991531372, 0.6763647198677063, 0
u,0.8756272196769714, 0.6763647198677063, 0
u,0.8756272196769714, 0.644808828830719, 0
u,0.5743640065193176, 0.5917826294898987, 0
u,0.5743640065193176, 0.5601093173027039, 0
u,0.5873512029647827, 0.5601093173027039, 0
u,0.6105356812477112, 0.5917826294898987, 0
u,0.5873512029647827, 0.5917826294898987, 0
u,0.5873512029647827, 0.5601093173027039, 0
u,0.6585127115249634, 0.5710381865501404, 0
u,0.6585127115249634, 0.531696617603302, 0
u,0.7053530216217041, 0.531696617603302, 0
u,0.6585127115249634, 0.531696617603302, 0
u,0.6585127115249634, 0.4650405943393707, 0
u,0.6975913047790527, 0.4650405943393707, 0
u,0.7007963061332703, 0.48226720094680786, 0
u,0.7045050859451294, 0.5022079944610596, 0
u,0.7053530216217041, 0.531696617603302, 0
u,0.7045050859451294, 0.5022079944610596, 0
u,0.7047439217567444, 0.5034914016723633, 0
u,0.7053530216217041, 0.531696617603302, 0
u,0.6585127115249634, 0.531696617603302, 0
u,0.6975913047790527, 0.4650405943393707, 0
u,0.7007963061332703, 0.48226720094680786, 0
u,0.7053530216217041, 0.5067654252052307, 0
u,0.7053530216217041, 0.531696617603302, 0
u,0.7047439217567444, 0.5034914016723633, 0
u,0.338551789522171, 0.33333340287208557, 0
u,0.45927178859710693, 0.33333340287208557, 0
u,0.45927178859710693, 0.36932921409606934, 0
u,0.338551789522171, 0.36932921409606934, 0
u,0.45927178859710693, 0.36932921409606934, 0
u,0.45927178859710693, 0.4438728988170624, 0
u,0.5470157861709595, 0.5928962230682373, 0
u,0.535224974155426, 0.5928962230682373, 0
u,0.535224974155426, 0.5612589716911316, 0
u,0.5732545852661133, 0.5928962230682373, 0
u,0.5470157861709595, 0.5928962230682373, 0
u,0.5470157861709595, 0.5612589716911316, 0
u,0.10327380150556564, 0.25136610865592957, 0
u,0.09655919671058655, 0.25136610865592957, 0
u,0.09655919671058655, 0.004307299852371216, 0
u,0.0, 0.06860619783401489, 0
u,0.0, 0.004307299852371216, 0
u,0.030474400147795677, 0.06860619783401489, 0
u,0.0, 0.004307299852371216, 0
u,0.030750999227166176, 0.004307299852371216, 0
u,0.030474400147795677, 0.06860619783401489, 0
u,0.030750999227166176, 0.004307299852371216, 0
u,0.030750999227166176, 0.25136610865592957, 0
u,0.030474400147795677, 0.06860619783401489, 0
u,0.030750999227166176, 0.004307299852371216, 0
u,0.09655919671058655, 0.004307299852371216, 0
u,0.09655919671058655, 0.25136610865592957, 0
u,0.57338547706604, 0.6502732038497925, 0
u,0.57338547706604, 0.6187940239906311, 0
u,0.600868284702301, 0.6187940239906311, 0
u,0.6603133082389832, 0.6502732038497925, 0
u,0.600868284702301, 0.6502732038497925, 0
u,0.600868284702301, 0.6187940239906311, 0
u,0.6627898812294006, 0.6502732038497925, 0
u,0.6603133082389832, 0.6502732038497925, 0
u,0.6603133082389832, 0.6187940239906311, 0
u,0.6050015091896057, 0.6752411723136902, 0
u,0.6050015091896057, 0.8633880019187927, 0
u,0.57338547706604, 0.8633880019187927, 0
u,0.7683612704277039, 0.8633880019187927, 0
u,0.7538985013961792, 0.8633880019187927, 0
u,0.7538985013961792, 0.6752411723136902, 0
u,0.7538985013961792, 0.8633880019187927, 0
u,0.6944898962974548, 0.8633880019187927, 0
u,0.6944898962974548, 0.6752411723136902, 0
u,0.6944898962974548, 0.8633880019187927, 0
u,0.6798645257949829, 0.8633880019187927, 0
u,0.6798645257949829, 0.6752411723136902, 0
u,0.6798645257949829, 0.8633880019187927, 0
u,0.6050015091896057, 0.8633880019187927, 0
u,0.6050015091896057, 0.6752411723136902, 0
u,0.0, 0.9990044236183167, 0
u,0.0, 0.7866787910461426, 0
u,0.10298579931259155, 0.7866787910461426, 0
u,0.10298579931259155, 0.7866787910461426, 0
u,0.10298579931259155, 0.5983607172966003, 0
u,0.1406082957983017, 0.5983607172966003, 0
u,0.1406082957983017, 0.9990044236183167, 0
u,0.0, 0.9990044236183167, 0
u,0.10298579931259155, 0.7866787910461426, 0
u,0.42634710669517517, 0.9990044236183167, 0
u,0.42634710669517517, 0.5983607172966003, 0
u,0.42739230394363403, 0.9460009932518005, 0
u,0.42634710669517517, 0.5983607172966003, 0
u,0.42739230394363403, 0.5983607172966003, 0
u,0.42739230394363403, 0.9460009932518005, 0
u,0.5689442157745361, 0.7866787910461426, 0
u,0.5714979767799377, 0.7866787910461426, 0
u,0.5689442157745361, 0.8529332280158997, 0
u,0.5714979767799377, 0.7866787910461426, 0
u,0.5714979767799377, 0.9990044236183167, 0
u,0.5689442157745361, 0.8529332280158997, 0
u,0.42634710669517517, 0.9990044236183167, 0
u,0.42739230394363403, 0.9460009932518005, 0
u,0.4290671944618225, 0.9460009932518005, 0
u,0.4290671944618225, 0.9460009932518005, 0
u,0.4290671944618225, 0.914822518825531, 0
u,0.4406886100769043, 0.914822518825531, 0
u,0.4406886100769043, 0.914822518825531, 0
u,0.4419367015361786, 0.9181306958198547, 0
u,0.4290671944618225, 0.9460009932518005, 0
u,0.4419367015361786, 0.9181306958198547, 0
u,0.4423634111881256, 0.9192619919776917, 0
u,0.4290671944618225, 0.9460009932518005, 0
u,0.4423634111881256, 0.9192619919776917, 0
u,0.4459969103336334, 0.9288939833641052, 0
u,0.4290671944618225, 0.9460009932518005, 0
u,0.42634710669517517, 0.9990044236183167, 0
u,0.4290671944618225, 0.9460009932518005, 0
u,0.4587157964706421, 0.9626070261001587, 0
u,0.5644779801368713, 0.8529332280158997, 0
u,0.5689442157745361, 0.8529332280158997, 0
u,0.5714979767799377, 0.9990044236183167, 0
u,0.5064578056335449, 0.8217545747756958, 0
u,0.5644779801368713, 0.8217545747756958, 0
u,0.5644779801368713, 0.8529332280158997, 0
u,0.5064578056335449, 0.8951799869537354, 0
u,0.5064578056335449, 0.8217545747756958, 0
u,0.5644779801368713, 0.8529332280158997, 0
u,0.4290671944618225, 0.9460009932518005, 0
u,0.4459969103336334, 0.9288939833641052, 0
u,0.4587157964706421, 0.9626070261001587, 0
u,0.4587157964706421, 0.9626070261001587, 0
u,0.46012771129608154, 0.9663494825363159, 0
u,0.42634710669517517, 0.9990044236183167, 0
u,0.46012771129608154, 0.9663494825363159, 0
u,0.4603905975818634, 0.9670463800430298, 0
u,0.42634710669517517, 0.9990044236183167, 0
u,0.5064578056335449, 0.8951799869537354, 0
u,0.5644779801368713, 0.8529332280158997, 0
u,0.5714979767799377, 0.9990044236183167, 0
u,0.4848909080028534, 0.8640015125274658, 0
u,0.5047829151153564, 0.8640015125274658, 0
u,0.5047829151153564, 0.8951799869537354, 0
u,0.5047829151153564, 0.8951799869537354, 0
u,0.5064578056335449, 0.8951799869537354, 0
u,0.4848909080028534, 0.9982249736785889, 0
u,0.5064578056335449, 0.8951799869537354, 0
u,0.5714979767799377, 0.9990044236183167, 0
u,0.4848909080028534, 0.9982249736785889, 0
u,0.4603905975818634, 0.9670463800430298, 0
u,0.48321598768234253, 0.9670463800430298, 0
u,0.48321598768234253, 0.9982249736785889, 0
u,0.4848909080028534, 0.9982249736785889, 0
u,0.4848909080028534, 0.8640015125274658, 0
u,0.5047829151153564, 0.8951799869537354, 0
u,0.42634710669517517, 0.9990044236183167, 0
u,0.4603905975818634, 0.9670463800430298, 0
u,0.48321598768234253, 0.9982249736785889, 0
u,0.42634710669517517, 0.9990044236183167, 0
u,0.48321598768234253, 0.9982249736785889, 0
u,0.4848909080028534, 0.9982249736785889, 0
u,0.42634710669517517, 0.5983607172966003, 0
u,0.42634710669517517, 0.9990044236183167, 0
u,0.2857606112957001, 0.9990044236183167, 0
u,0.2857606112957001, 0.9990044236183167, 0
u,0.1406082957983017, 0.9990044236183167, 0
u,0.1406082957983017, 0.5983607172966003, 0
u,0.40296030044555664, 0.5612810254096985, 0
u,0.40296030044555664, 0.5928962230682373, 0
u,0.2670969069004059, 0.5928962230682373, 0
u,0.4990420937538147, 0.5612810254096985, 0
u,0.5342152714729309, 0.5612810254096985, 0
u,0.5342152714729309, 0.5928962230682373, 0
u,0.5342152714729309, 0.5928962230682373, 0
u,0.40296030044555664, 0.5928962230682373, 0
u,0.4990420937538147, 0.5612810254096985, 0
u,0.0, 0.5612810254096985, 0
u,0.11966650187969208, 0.5612810254096985, 0
u,0.0, 0.5928962230682373, 0
u,0.11966650187969208, 0.5612810254096985, 0
u,0.13586220145225525, 0.5612810254096985, 0
u,0.13586220145225525, 0.5928962230682373, 0
u,0.17102409899234772, 0.5612810254096985, 0
u,0.2670969069004059, 0.5612810254096985, 0
u,0.2670969069004059, 0.5928962230682373, 0
u,0.2670969069004059, 0.5928962230682373, 0
u,0.13586220145225525, 0.5928962230682373, 0
u,0.17102409899234772, 0.5612810254096985, 0
u,0.8148471713066101, 0.6092895865440369, 0
u,0.8238049149513245, 0.6092895865440369, 0
u,0.8238049149513245, 0.6774188280105591, 0
u,0.8238049149513245, 0.6774188280105591, 0
u,0.8238049149513245, 0.6092895865440369, 0
u,0.8327624797821045, 0.6092895865440369, 0
u,0.8327624797821045, 0.6774188280105591, 0
u,0.8327624797821045, 0.6092895865440369, 0
u,0.8417202234268188, 0.6092895865440369, 0
u,0.8417202234268188, 0.6774188280105591, 0
u,0.8417202234268188, 0.6092895865440369, 0
u,0.850678026676178, 0.6092895865440369, 0
u,0.7700586915016174, 0.6774188280105591, 0
u,0.7700586915016174, 0.6092895865440369, 0
u,0.779016375541687, 0.6092895865440369, 0
u,0.779016375541687, 0.6092895865440369, 0
u,0.7879741191864014, 0.6092895865440369, 0
u,0.7879741191864014, 0.6774188280105591, 0
u,0.7879741191864014, 0.6092895865440369, 0
u,0.796931803226471, 0.6092895865440369, 0
u,0.796931803226471, 0.6774188280105591, 0
u,0.796931803226471, 0.6092895865440369, 0
u,0.8058894872665405, 0.6092895865440369, 0
u,0.8058894872665405, 0.6774188280105591, 0
u,0.8058894872665405, 0.6092895865440369, 0
u,0.8148471713066101, 0.6092895865440369, 0
u,0.8148471713066101, 0.6774188280105591, 0
u,0.6970170736312866, 0.8770492076873779, 0
u,0.7852460145950317, 0.8770492076873779, 0
u,0.7852460145950317, 0.9997317790985107, 0
u,0.7662289142608643, 0.8743168711662292, 0
u,0.7662289142608643, 0.8664010167121887, 0
u,0.8804919719696045, 0.8664010167121887, 0
u,0.8804919719696045, 0.8743168711662292, 0
u,0.8804919719696045, 0.8664010167121887, 0
u,0.9590954780578613, 0.8664010167121887, 0
u,0.6876258850097656, 0.8743168711662292, 0
u,0.57338547706604, 0.8743168711662292, 0
u,0.57338547706604, 0.8664010167121887, 0
u,0.7662289142608643, 0.8743168711662292, 0
u,0.6876258850097656, 0.8743168711662292, 0
u,0.6876258850097656, 0.8664010167121887, 0
u,0.6970170736312866, 0.9997317790985107, 0
u,0.57338547706604, 0.9997317790985107, 0
u,0.6055927276611328, 0.8770492076873779, 0
u,0.57338547706604, 0.9997317790985107, 0
u,0.57338547706604, 0.8770492076873779, 0
u,0.6055927276611328, 0.8770492076873779, 0
u,0.7852460145950317, 0.8770492076873779, 0
u,0.908903181552887, 0.8770492076873779, 0
u,0.908903181552887, 0.9997317790985107, 0
