s,150.277099609375, 94.826171875, -0.30175256729125977
b,153.404296875, 98.5205078125, 3.6288046836853027
v,151.111572265625, 97.017578125, 2.978201389312744
v,150.69873046875, 96.6875, 2.9781603813171387
v,151.232177734375, 97.0517578125, 3.628772258758545
v,151.580322265625, 97.3994140625, 2.920518398284912
v,151.109130859375, 97.021484375, 2.920471668243408
v,152.44140625, 95.0166015625, -0.301668643951416
v,152.376953125, 95.1025390625, -0.30167055130004883
v,152.032958984375, 94.8271484375, -0.30170392990112305
v,150.765869140625, 96.50390625, -0.3017392158508301
v,150.762451171875, 96.5009765625, -0.3017396926879883
v,150.27734375, 97.140625, -0.30175256729125977
v,150.61328125, 97.4091796875, -0.30171966552734375
v,150.27978515625, 97.8486328125, -0.3017287254333496
v,151.119384765625, 98.5205078125, -0.30164623260498047
v,151.882568359375, 97.5107421875, -0.30162620544433594
v,152.01953125, 97.6201171875, -0.30161333084106445
v,153.404296875, 95.7880859375, -0.3015742301940918
v,150.739013671875, 97.5087890625, 2.9781908988952637
v,150.277099609375, 97.140625, 2.9781460762023926
v,150.76220703125, 96.5009765625, 2.978158473968506
v,150.763671875, 96.5029296875, 2.978158473968506
v,150.650390625, 96.6513671875, 2.978156566619873
v,150.698486328125, 96.6875, 2.9781603813171387
v,151.111328125, 97.017578125, 2.978201389312744
v,150.62353515625, 97.4169921875, 2.40755033493042
v,150.739013671875, 97.5087890625, 2.407561779022217
v,151.106689453125, 97.0244140625, 2.4075703620910645
v,151.006103515625, 96.9443359375, 2.407561779022217
v,151.009765625, 96.9375, 2.407561779022217
v,151.446533203125, 97.287109375, 2.4076037406921387
v,150.797119140625, 98.146484375, 2.4075865745544434
v,150.345703125, 97.7841796875, 2.4075427055358887
v,151.119140625, 98.5205078125, 1.7825942039489746
v,151.446533203125, 97.287109375, 2.4076037406921387
v,151.794677734375, 97.4404296875, 1.927879810333252
v,151.88232421875, 97.5107421875, 1.7826151847839355
v,151.119140625, 98.5205078125, 1.7825942039489746
v,150.797119140625, 98.146484375, 2.4075865745544434
v,151.446533203125, 97.287109375, 2.4076037406921387
v,151.0107421875, 96.9345703125, 2.3966593742370605
v,151.68994140625, 97.3564453125, 1.9277195930480957
v,151.794677734375, 97.4404296875, 1.927879810333252
v,151.446533203125, 97.287109375, 2.4076037406921387
v,151.009765625, 96.9375, 2.407561779022217
v,151.05712890625, 96.849609375, 1.9249482154846191
v,151.68994140625, 97.3564453125, 1.9277195930480957
v,151.0107421875, 96.9345703125, 2.3966593742370605
v,150.27978515625, 97.8486328125, 1.7825121879577637
v,150.797119140625, 98.146484375, 2.4075865745544434
v,151.119140625, 98.5205078125, 1.7825942039489746
v,150.345703125, 97.7841796875, 2.4075427055358887
v,150.797119140625, 98.146484375, 2.4075865745544434
v,150.27978515625, 97.8486328125, 1.7825121879577637
v,151.10888671875, 97.021484375, 2.9171414375305176
v,151.580078125, 97.3994140625, 2.917187213897705
v,152.493408203125, 96.1904296875, 2.9172120094299316
v,152.500732421875, 96.1962890625, 2.917212963104248
v,151.5830078125, 97.40625, 2.9171881675720215
v,151.106689453125, 97.0244140625, 2.9171414375305176
v,153.404052734375, 95.7880859375, 1.9436421394348145
v,152.01953125, 97.6201171875, 1.9436030387878418
v,152.500732421875, 96.1962890625, 2.917212963104248
v,152.01953125, 97.6201171875, 1.9436030387878418
v,151.5830078125, 97.40625, 2.9171881675720215
v,152.500732421875, 96.1962890625, 2.917212963104248
v,152.44140625, 95.0166015625, 1.9435477256774902
v,153.404052734375, 95.7880859375, 1.9436421394348145
v,152.81396484375, 95.7666015625, 2.3316550254821777
v,152.961669921875, 95.5712890625, 2.0618529319763184
v,152.378662109375, 95.103515625, 2.061676502227783
v,152.493408203125, 96.1904296875, 2.9172120094299316
v,152.81396484375, 95.7666015625, 2.3316550254821777
v,153.404052734375, 95.7880859375, 1.9436421394348145
v,152.500732421875, 96.1962890625, 2.917212963104248
v,151.05712890625, 96.849609375, 1.9435086250305176
v,151.006103515625, 96.9443359375, 2.917130947113037
v,151.106689453125, 97.0244140625, 2.9171414375305176
v,151.5830078125, 97.40625, 2.9171881675720215
v,152.01953125, 97.6201171875, 1.9436030387878418
v,151.05712890625, 96.849609375, 1.9435086250305176
v,151.5830078125, 97.40625, 2.9171881675720215
v,152.961669921875, 95.5712890625, 2.9205565452575684
v,151.580078125, 97.3994140625, 2.920518398284912
v,152.3134765625, 95.697265625, 3.6288046836853027
v,151.580078125, 97.3994140625, 2.920518398284912
v,151.23193359375, 97.0517578125, 3.628772258758545
v,152.3134765625, 95.697265625, 3.6288046836853027
v,152.03271484375, 94.826171875, 2.9204659461975098
v,152.961669921875, 95.5712890625, 2.9205565452575684
v,151.721923828125, 95.26171875, 3.6287484169006348
v,152.961669921875, 95.5712890625, 2.9205565452575684
v,152.3134765625, 95.697265625, 3.6288046836853027
v,151.721923828125, 95.26171875, 3.6287484169006348
v,151.23193359375, 97.0517578125, 3.628772258758545
v,150.64013671875, 96.6162109375, 3.628715991973877
v,151.721923828125, 95.26171875, 3.6287484169006348
v,152.3134765625, 95.697265625, 3.6288046836853027
v,150.765625, 96.50390625, 2.9204297065734863
v,150.763671875, 96.5029296875, 2.978158473968506
v,150.76220703125, 96.5009765625, 2.978158473968506
v,150.762451171875, 96.5009765625, -0.3017396926879883
v,150.765869140625, 96.50390625, -0.3017392158508301
v,150.76220703125, 96.5009765625, 2.978158473968506
v,150.277099609375, 97.140625, 2.9781460762023926
v,150.27734375, 97.140625, -0.30175256729125977
v,150.762451171875, 96.5009765625, -0.3017396926879883
v,150.619873046875, 97.4140625, 2.1682467460632324
v,150.613037109375, 97.4091796875, 1.7825207710266113
v,150.61328125, 97.4091796875, -0.30171966552734375
v,150.27734375, 97.140625, -0.30175256729125977
v,150.277099609375, 97.140625, 2.9781460762023926
v,150.739013671875, 97.5087890625, 2.9781908988952637
v,150.739013671875, 97.5087890625, 2.407561779022217
v,150.62353515625, 97.4169921875, 2.40755033493042
v,150.739013671875, 97.5087890625, 2.407561779022217
v,150.739013671875, 97.5087890625, 2.9781908988952637
v,151.111328125, 97.017578125, 2.978201389312744
v,151.10888671875, 97.021484375, 2.920471668243408
v,151.10888671875, 97.021484375, 2.9171414375305176
v,151.106689453125, 97.0244140625, 2.9171414375305176
v,151.106689453125, 97.0244140625, 2.4075703620910645
v,150.61328125, 97.4091796875, -0.30171966552734375
v,150.613037109375, 97.4091796875, 1.7825207710266113
v,150.27978515625, 97.8486328125, 1.7825121879577637
v,150.27978515625, 97.8486328125, -0.3017287254333496
v,150.27978515625, 97.8486328125, 1.7825121879577637
v,151.119140625, 98.5205078125, 1.7825942039489746
v,151.119384765625, 98.5205078125, -0.30164623260498047
v,150.27978515625, 97.8486328125, -0.3017287254333496
v,151.119140625, 98.5205078125, 1.7825942039489746
v,151.88232421875, 97.5107421875, 1.7826151847839355
v,151.882568359375, 97.5107421875, -0.30162620544433594
v,151.119384765625, 98.5205078125, -0.30164623260498047
v,150.619873046875, 97.4140625, 2.1682467460632324
v,150.62353515625, 97.4169921875, 2.40755033493042
v,150.345703125, 97.7841796875, 2.4075427055358887
v,150.613037109375, 97.4091796875, 1.7825207710266113
v,150.619873046875, 97.4140625, 2.1682467460632324
v,150.345703125, 97.7841796875, 2.4075427055358887
v,150.27978515625, 97.8486328125, 1.7825121879577637
v,151.05712890625, 96.849609375, 1.9435086250305176
v,152.01953125, 97.6201171875, 1.9436030387878418
v,152.01953125, 97.6201171875, -0.30161333084106445
v,151.882568359375, 97.5107421875, -0.30162620544433594
v,151.88232421875, 97.5107421875, 1.7826151847839355
v,151.794677734375, 97.4404296875, 1.927879810333252
v,151.68994140625, 97.3564453125, 1.9277195930480957
v,151.05712890625, 96.849609375, 1.9249482154846191
v,152.01953125, 97.6201171875, 1.9436030387878418
v,153.404052734375, 95.7880859375, 1.9436421394348145
v,153.404296875, 95.7880859375, -0.3015742301940918
v,152.01953125, 97.6201171875, -0.30161333084106445
v,153.404296875, 95.7880859375, -0.3015742301940918
v,153.404052734375, 95.7880859375, 1.9436421394348145
v,152.44140625, 95.0166015625, 1.9435477256774902
v,152.44140625, 95.0166015625, -0.301668643951416
v,152.376953125, 95.1015625, 1.9435458183288574
v,152.376953125, 95.1025390625, -0.30167055130004883
v,152.44140625, 95.0166015625, -0.301668643951416
v,152.44140625, 95.0166015625, 1.9435477256774902
v,151.106689453125, 97.0244140625, 2.4075703620910645
v,151.106689453125, 97.0244140625, 2.9171414375305176
v,151.006103515625, 96.9443359375, 2.917130947113037
v,151.006103515625, 96.9443359375, 2.407561779022217
v,151.006103515625, 96.9443359375, 2.407561779022217
v,151.006103515625, 96.9443359375, 2.917130947113037
v,151.05712890625, 96.849609375, 1.9435086250305176
v,151.05712890625, 96.849609375, 1.9249482154846191
v,151.0107421875, 96.9345703125, 2.3966593742370605
v,151.009765625, 96.9375, 2.407561779022217
v,152.378662109375, 95.103515625, 2.061676502227783
v,152.377197265625, 95.1025390625, 1.9869980812072754
v,152.44140625, 95.0166015625, 1.9435477256774902
v,152.377197265625, 95.1025390625, 1.9869980812072754
v,152.376953125, 95.1015625, 1.9435458183288574
v,152.44140625, 95.0166015625, 1.9435477256774902
v,152.961669921875, 95.5712890625, 2.9205565452575684
v,152.03271484375, 94.826171875, 2.9204659461975098
v,152.032958984375, 94.8271484375, -0.30170392990112305
v,152.376953125, 95.1025390625, -0.30167055130004883
v,152.376953125, 95.1015625, 1.9435458183288574
v,152.377197265625, 95.1025390625, 1.9869980812072754
v,152.378662109375, 95.103515625, 2.061676502227783
v,152.961669921875, 95.5712890625, 2.0618529319763184
v,150.765625, 96.50390625, 2.9204297065734863
v,150.765869140625, 96.50390625, -0.3017392158508301
v,152.032958984375, 94.8271484375, -0.30170392990112305
v,152.03271484375, 94.826171875, 2.9204659461975098
v,151.580078125, 97.3994140625, 2.917187213897705
v,151.10888671875, 97.021484375, 2.9171414375305176
v,151.10888671875, 97.021484375, 2.920471668243408
v,151.580078125, 97.3994140625, 2.920518398284912
v,152.81396484375, 95.7666015625, 2.3316550254821777
v,152.493408203125, 96.1904296875, 2.9172120094299316
v,151.580078125, 97.3994140625, 2.917187213897705
v,151.580078125, 97.3994140625, 2.920518398284912
v,152.961669921875, 95.5712890625, 2.9205565452575684
v,152.961669921875, 95.5712890625, 2.0618529319763184
v,152.03271484375, 94.826171875, 2.9204659461975098
v,150.64013671875, 96.6162109375, 3.628715991973877
v,150.650390625, 96.6513671875, 2.978156566619873
v,150.763671875, 96.5029296875, 2.978158473968506
v,150.765625, 96.50390625, 2.9204297065734863
v,152.03271484375, 94.826171875, 2.9204659461975098
v,151.721923828125, 95.26171875, 3.6287484169006348
v,150.64013671875, 96.6162109375, 3.628715991973877
v,150.64013671875, 96.6162109375, 3.628715991973877
v,151.23193359375, 97.0517578125, 3.628772258758545
v,150.698486328125, 96.6875, 2.9781603813171387
v,150.650390625, 96.6513671875, 2.978156566619873
i,3,4,0
i,8,11,14
i,21,22,18
i,25,26,29
i,32,34,35
i,36,37,38
i,40,41,42
i,44,45,46
i,47,48,49
i,50,51,52
i,54,56,57
i,59,60,61
i,62,63,64
i,66,67,68
i,71,73,70
i,74,76,77
i,78,79,80
i,81,82,83
i,84,85,86
i,87,88,89
i,90,91,92
i,93,95,96
i,100,97,99
i,103,105,102
i,107,109,110
i,117,118,119
i,122,124,121
i,125,127,128
i,129,131,132
i,133,134,135
i,137,139,136
i,141,145,146
i,149,151,148
i,153,155,152
i,156,158,159
i,160,162,163
i,165,168,169
i,170,171,172
i,173,174,175
i,181,182,177
i,184,186,187
i,188,190,191
i,192,193,196
i,198,199,201
i,203,204,205
i,206,208,209
i,0,1,2
i,2,3,0
i,16,5,6
i,6,7,8
i,8,9,10
i,11,12,13
i,8,10,11
i,16,6,14
i,6,8,14
i,14,15,16
i,11,13,14
i,23,17,22
i,17,18,22
i,18,19,21
i,19,20,21
i,31,24,25
i,26,27,28
i,30,31,25
i,26,28,29
i,30,25,29
i,32,33,34
i,43,39,42
i,39,40,42
i,58,53,54
i,54,55,56
i,57,58,54
i,69,65,68
i,65,66,68
i,71,72,73
i,74,75,76
i,93,94,95
i,101,97,100
i,97,98,99
i,103,104,105
i,113,106,110
i,106,107,110
i,107,108,109
i,110,111,113
i,111,112,113
i,120,114,119
i,114,115,119
i,115,116,119
i,116,117,119
i,122,123,124
i,125,126,127
i,129,130,131
i,137,138,139
i,147,140,146
i,140,141,146
i,141,142,144
i,142,143,144
i,141,144,145
i,149,150,151
i,153,154,155
i,156,157,158
i,160,161,162
i,169,164,165
i,165,166,168
i,166,167,168
i,183,176,182
i,176,177,182
i,177,178,180
i,178,179,180
i,180,181,177
i,184,185,186
i,188,189,190
i,193,194,195
i,196,197,192
i,193,195,196
i,199,200,201
i,201,202,198
i,206,207,208
n,-2.811124563217163, 3.5025811195373535, 0.33719223737716675
n,0.00032007350819185376, 0.00015092275862116367, -4.50379753112793
n,-0.0002975735696963966, -0.0001335576962446794, 4.50379753112793
n,-0.00031820806907489896, -0.0001549463049741462, 4.50379753112793
n,2.8440237045288086, 2.1477205753326416, 2.753727912902832
n,2.8430168628692627, 2.148812770843506, 2.753915786743164
n,2.747131586074829, -3.4570810794830322, 0.8865951895713806
n,2.7589504718780518, -3.446481227874756, 0.8911505341529846
n,-2.785428762435913, 3.479010820388794, 0.6496625542640686
n,-2.787163496017456, 3.4771909713745117, 0.6519644260406494
n,-0.0005388020654208958, -0.0003140540502499789, 4.50379753112793
n,3.230332612991333, 2.4403727054595947, 1.9732524156570435
n,3.2221734523773193, 2.4438118934631348, 1.9823156595230103
n,2.0852456092834473, -2.6046390533447266, 3.025193929672241
n,2.158777952194214, -2.5446958541870117, 3.0246312618255615
n,-2.799365997314453, 3.494495153427124, -0.48604872822761536
n,-2.7993407249450684, 3.4945125579833984, -0.48607224225997925
n,3.0497312545776367, 2.304708957672119, 2.381521701812744
n,2.896475315093994, 2.3124196529388428, 2.558776617050171
n,2.2498135566711426, -2.805394411087036, 2.7115111351013184
n,2.202024459838867, -2.991921901702881, 2.5463075637817383
n,-0.00031770303030498326, -0.00014663416368421167, 4.50379753112793
n,2.7041819095611572, -3.601609706878662, 0.00017877084610518068
n,-3.589569330215454, -2.720144271850586, -0.0002373029274167493
n,-2.808359384536743, 3.5209813117980957, -0.000185657903784886
n,3.8192126750946045, 2.38700795173645, 0.0
n,-3.588547468185425, -2.721492290496826, -0.00037332921056076884
n,-2.814828634262085, 3.5158116817474365, -0.00029283645562827587
n,3.5941333770751953, 2.7141106128692627, 0.00037391032674349844
n,-3.5932257175445557, -2.7139854431152344, 0.08485794067382812
n,-3.587677240371704, -2.720830202102661, 0.09922725707292557
n,-2.7927684783935547, 3.513498306274414, -0.37412282824516296
n,3.593628168106079, 2.7147796154022217, 0.0
n,2.8154304027557373, -3.515329599380493, 0.0002718990726862103
n,-3.5854005813598633, -2.7256362438201904, 0.0
n,2.817192554473877, -3.5139176845550537, 0.0
n,4.167531967163086, 1.7075778245925903, 0.006895751692354679
n,-3.583656072616577, -2.726306915283203, 0.09409467875957489
n,-3.5846829414367676, -2.7250888347625732, 0.0901707336306572
n,2.806779146194458, -3.5222320556640625, -0.007989735342562199
n,-3.593651533126831, -2.7147490978240967, -0.0009725686395540833
n,-2.8190159797668457, 3.5124552249908447, 0.0
n,3.5927493572235107, 2.715942859649658, -0.0008519175462424755
n,-3.5905847549438477, -2.710874319076538, -0.20749424397945404
n,-3.5165390968322754, -2.807936191558838, 0.18341685831546783
n,-2.674502372741699, 3.620344638824463, 0.15599557757377625
n,-2.806494951248169, 3.506235122680664, 0.3377719223499298
n,-2.8109304904937744, 3.5025832653045654, 0.33878380060195923
n,0.00032006518449634314, 0.0001520038058515638, -4.50379753112793
n,0.0003205524990335107, 0.00014663964975625277, -4.50379753112793
n,0.0003636239853221923, 0.00018615597218740731, -4.50379753112793
n,0.0003210172289982438, 0.000152366075781174, -4.50379753112793
n,0.0003170446725562215, 0.00015041237929835916, -4.50379753112793
n,0.00032235097023658454, 0.00014857655332889408, -4.50379753112793
n,0.0003222129016648978, 0.000148548191646114, -4.50379753112793
n,0.0003163258661516011, 0.00014325376832857728, -4.50379753112793
n,0.0003199180937372148, 0.00015286635607481003, -4.50379753112793
n,-0.00032243176246993244, -0.00015128082304727286, 4.50379753112793
n,-0.00031693786149844527, -0.00015155204164329916, 4.50379753112793
n,-0.0007599052623845637, -0.0004864545480813831, 4.50379753112793
n,-4.6956298319855705e-05, 4.1086757846642286e-05, 4.50379753112793
n,-0.0003144361253362149, -0.00014413682220038027, 4.50379753112793
n,-0.00029249582439661026, -0.0001553884067106992, 4.50379753112793
n,-0.000318936858093366, -0.0001505553227616474, 4.50379753112793
n,-0.0004643987340386957, 3.4811087971320376e-05, 4.50379753112793
n,-0.0003168884722981602, -0.00015074133989401162, 4.50379753112793
n,2.8454737663269043, 2.1483585834503174, 2.7517316341400146
n,2.7304043769836426, -3.4131369590759277, 1.0860841274261475
n,2.760374069213867, -3.444296360015869, 0.8951801657676697
n,-0.0002911491901613772, -0.00018196823657490313, 4.50379753112793
n,-0.00037379766581580043, -0.00018777271907310933, 4.50379753112793
n,0.0, -0.0005497799720615149, 4.50379753112793
n,2.0874862670898438, -2.604693651199341, 3.0236010551452637
n,2.084873914718628, -2.6029469966888428, 3.0269060134887695
n,2.0865535736083984, -2.6010451316833496, 3.02738356590271
n,-2.800727128982544, 3.493441104888916, -0.48578962683677673
n,-0.0003229720168747008, -0.00014807649131398648, 4.50379753112793
n,3.1846656799316406, -3.1846656799316406, -0.000642921484541148
n,3.3890438079833984, -2.9654133319854736, 0.07001149654388428
n,-3.589569330215454, -2.720144271850586, -0.0002373029274167493
n,-2.8000686168670654, 3.5275752544403076, 0.004775340668857098
n,-2.8050341606140137, 3.5236308574676514, 0.001342898583970964
n,-2.807955503463745, 3.521303415298462, -0.0002921214618254453
n,-2.8046176433563232, 3.5239622592926025, 0.0002664286002982408
n,-2.803812026977539, 3.5246031284332275, 0.0
n,3.5867748260498047, 2.723827600479126, 0.0
n,3.586775064468384, 2.723827600479126, 0.0
n,3.588456630706787, 2.7214581966400146, 0.028908278793096542
n,3.832247257232666, 2.365827798843384, -0.030550098046660423
n,-3.5885472297668457, -2.721492290496826, -0.00037332912324927747
n,-2.814828634262085, 3.5158116817474365, -0.00029283648473210633
n,3.5941336154937744, 2.7141106128692627, 0.00037391026853583753
n,-3.5881221294403076, -2.720203161239624, 0.10032613575458527
n,-2.8170220851898193, 3.514054536819458, 0.0
n,-2.8153884410858154, 3.5144753456115723, 0.07901661843061447
n,-2.8189101219177246, 3.512539863586426, 0.0
n,-2.8216209411621094, 3.5103628635406494, -0.0002935430675279349
n,-2.8184258937835693, 3.5129289627075195, -0.0006792678032070398
n,3.59342360496521, 2.715050220489502, 0.00034703349228948355
n,2.81581711769104, -3.5150201320648193, 0.0
n,-3.5986711978912354, -2.7080910205841064, -0.0010461313650012016
n,2.817192792892456, -3.5139176845550537, 0.0
n,3.977374315261841, 2.1129801273345947, 0.0
n,3.94952130317688, 2.1645925045013428, -0.003479729173704982
n,3.9573309421539307, 2.1502842903137207, 0.0
n,2.8173227310180664, -3.5138132572174072, 0.0
n,2.8178985118865967, -3.5133516788482666, -0.0006418763659894466
n,2.8154311180114746, -3.515329122543335, -0.000756774446927011
n,2.8178203105926514, -3.513413906097412, -0.0013572266325354576
n,2.8855960369110107, -3.4577319622039795, 0.04021933674812317
n,-3.593651533126831, -2.7147490978240967, -0.0009725685231387615
n,-2.8190159797668457, 3.5124552249908447, 0.0
n,3.593425989151001, 2.7150473594665527, 0.0
n,3.591512680053711, 2.7175776958465576, 0.0
n,3.5905332565307617, 2.7133357524871826, -0.17340748012065887
n,-3.584249973297119, -2.719449043273926, -0.20479540526866913
n,-3.5913193225860596, -2.7129907608032227, -0.1621623933315277
n,-2.667583465576172, 3.6253955364227295, 0.15716812014579773
u,0.5722293853759766, 0.4034774899482727, 0
u,0.5134832262992859, 0.4034774899482727, 0
u,0.5134720206260681, 0.39487019181251526, 0
u,0.0, 0.0, 0
u,0.0, 0.0, 0
u,0.0, 0.0, 0
u,0.6540293097496033, 0.9946138262748718, 0
u,0.6537545919418335, 0.9839124083518982, 0
u,0.7259693741798401, 0.992268979549408, 0
u,0.7259153723716736, 0.8865901827812195, 0
u,0.6547806262969971, 0.8892688155174255, 0
u,0.653952419757843, 0.8124666213989258, 0
u,0.2962226867675781, 0.40425530076026917, 0
u,0.4499809145927429, 0.37022730708122253, 0
u,0.44959551095962524, 0.40422189235687256, 0
u,0.2962226867675781, 0.40425530076026917, 0
u,0.3088650107383728, 0.25796571373939514, 0
u,0.43942388892173767, 0.25796571373939514, 0
u,0.5329911112785339, 0.6930506229400635, 0
u,0.5475003123283386, 0.693009078502655, 0
u,0.5079165101051331, 0.7740710973739624, 0
u,0.4453279972076416, 0.693009078502655, 0
u,0.5329911112785339, 0.6930506229400635, 0
u,0.4473649859428406, 0.7725116014480591, 0
u,0.5745527148246765, 0.3482300937175751, 0
u,0.6350278854370117, 0.24924969673156738, 0
u,0.6848006844520569, 0.3482300937175751, 0
u,0.5757349133491516, 0.24924010038375854, 0
u,0.6350278854370117, 0.24924969673156738, 0
u,0.5745527148246765, 0.3482300937175751, 0
u,0.6545221209526062, 0.7812384963035583, 0
u,0.4773387908935547, 0.7867951989173889, 0
u,0.6549152135848999, 0.780099093914032, 0
u,0.9975733757019043, 0.7750759720802307, 0
u,0.738025426864624, 0.7750759720802307, 0
u,0.8992171287536621, 0.5879610180854797, 0
u,0.738025426864624, 0.7750759720802307, 0
u,0.7276341915130615, 0.587730884552002, 0
u,0.8992171287536621, 0.5879610180854797, 0
u,0.0, 0.005896000191569328, 0
u,0.06422500312328339, 0.09470909833908081, 0
u,0.019571000710129738, 0.0960180014371872, 0
u,0.06422500312328339, 0.09470909833908081, 0
u,0.16116000711917877, 0.09012539684772491, 0
u,0.16115979850292206, 0.09186699986457825, 0
u,0.36924469470977783, 0.24620060622692108, 0
u,0.2962230145931244, 0.22928909957408905, 0
u,0.2962226867675781, 0.15970419347286224, 0
u,0.36924469470977783, 0.10558830201625824, 0
u,0.36924469470977783, 0.24620060622692108, 0
u,0.2962226867675781, 0.15970419347286224, 0
u,0.6202782988548279, 0.7743387222290039, 0
u,0.6202782988548279, 0.3525835871696472, 0
u,0.7206159830093384, 0.6841120719909668, 0
u,0.6202782988548279, 0.3525835871696472, 0
u,0.7237941026687622, 0.36502009630203247, 0
u,0.7206159830093384, 0.6841120719909668, 0
u,0.16500990092754364, 0.2370820939540863, 0
u,0.16500990092754364, 0.014776299707591534, 0
u,0.27331000566482544, 0.23156049847602844, 0
u,0.16500990092754364, 0.014776299707591534, 0
u,0.2711080014705658, 0.09444929659366608, 0
u,0.27331000566482544, 0.23156049847602844, 0
u,0.6481419801712036, 0.8687028884887695, 0
u,0.4486590027809143, 1.0, 0
u,0.4453279972076416, 0.868655800819397, 0
u,0.2962226867675781, 0.40789279341697693, 0
u,0.5819501280784607, 0.4072948098182678, 0
u,0.5870692729949951, 0.40789279341697693, 0
u,0.5870692729949951, 0.5167338252067566, 0
u,0.2962226867675781, 0.40789279341697693, 0
u,0.5870692729949951, 0.40789279341697693, 0
u,0.4810436964035034, 0.5750063061714172, 0
u,0.2962226867675781, 0.5167338252067566, 0
u,0.5870692729949951, 0.5167338252067566, 0
u,0.5819501280784607, 0.679765522480011, 0
u,0.5816547870635986, 0.679765522480011, 0
u,0.5816547870635986, 0.679307222366333, 0
u,0.7276341915130615, 0.303735613822937, 0
u,0.7761362791061401, 0.583586573600769, 0
u,0.7276341915130615, 0.583586573600769, 0
u,0.7761362791061401, 0.303735613822937, 0
u,0.8705949187278748, 0.583586573600769, 0
u,0.7761362791061401, 0.583586573600769, 0
u,0.8705949187278748, 0.303735613822937, 0
u,0.981778085231781, 0.583586573600769, 0
u,0.8705949187278748, 0.583586573600769, 0
u,0.5689507126808167, 0.7482606172561646, 0
u,0.5506967902183533, 0.7482473254203796, 0
u,0.5506957769393921, 0.6944947242736816, 0
u,0.5689507126808167, 0.7482606172561646, 0
u,0.5983753204345703, 0.6838905811309814, 0
u,0.5983753204345703, 0.7482854723930359, 0
u,0.11212330311536789, 0.6879653930664062, 0
u,0.08595059812068939, 0.6901475191116333, 0
u,0.07374490052461624, 0.6901683211326599, 0
u,0.32091718912124634, 0.6879653930664062, 0
u,0.11212330311536789, 1.0, 0
u,0.11212330311536789, 0.6879653930664062, 0
u,0.32091718912124634, 0.6879653930664062, 0
u,0.43305841088294983, 1.0, 0
u,0.32091718912124634, 1.0, 0
u,0.4428049921989441, 0.6879653930664062, 0
u,0.43305841088294983, 1.0, 0
u,0.43305841088294983, 0.6879653930664062, 0
u,0.58354651927948, 0.7537993788719177, 0
u,0.6155397891998291, 0.7720882892608643, 0
u,0.5826284289360046, 0.7665485143661499, 0
u,0.6155397891998291, 0.7720882892608643, 0
u,0.581852376461029, 0.7674273252487183, 0
u,0.5825725793838501, 0.76732337474823, 0
u,0.6075670123100281, 0.7507597804069519, 0
u,0.6030349135398865, 0.7431195974349976, 0
u,0.6075670123100281, 0.7287216782569885, 0
u,0.6030349135398865, 0.7431195974349976, 0
u,0.6003975868225098, 0.7386749982833862, 0
u,0.6075670123100281, 0.7287216782569885, 0
u,0.22707100212574005, 0.5534625053405762, 0
u,0.22721539437770844, 0.563653290271759, 0
u,0.18765099346637726, 0.6808511018753052, 0
u,0.0, 0.6808511018753052, 0
u,0.18765099346637726, 0.24114370346069336, 0
u,0.18765099346637726, 0.6808511018753052, 0
u,0.5009657740592957, 0.6843426823616028, 0
u,0.44731611013412476, 0.6838905811309814, 0
u,0.5009657740592957, 0.6838905811309814, 0
u,0.9509119987487793, 0.8598397970199585, 0
u,0.9073703289031982, 0.7865322232246399, 0
u,0.9709646105766296, 0.7861152291297913, 0
u,0.9917364716529846, 0.8986783027648926, 0
u,0.7852591276168823, 0.9969605207443237, 0
u,0.8003814816474915, 0.9063652157783508, 0
u,0.9917364716529846, 0.8986783027648926, 0
u,0.9430357813835144, 0.9969605207443237, 0
u,0.7852591276168823, 0.9969605207443237, 0
u,0.4532802999019623, 0.2982114851474762, 0
u,0.4620310068130493, 0.39487019181251526, 0
u,0.4562129080295563, 0.3948979079723358, 0
u,0.5134720206260681, 0.39487019181251526, 0
u,0.4620310068130493, 0.39487019181251526, 0
u,0.5246633291244507, 0.29787230491638184, 0
u,0.5246633291244507, 0.29787230491638184, 0
u,0.5722293853759766, 0.4034774899482727, 0
u,0.5134720206260681, 0.39487019181251526, 0
u,0.0, 0.0, 0
u,0.0, 0.0, 0
u,0.0, 0.0, 0
u,0.0, 0.0, 0
u,0.0, 0.0, 0
u,0.0, 0.0, 0
u,0.0, 0.0, 0
u,0.0, 0.0, 0
u,0.0, 0.0, 0
u,0.0, 0.0, 0
u,0.0, 0.0, 0
u,0.0, 0.0, 0
u,0.0, 0.0, 0
u,0.0, 0.0, 0
u,0.0, 0.0, 0
u,0.0, 0.0, 0
u,0.0, 0.0, 0
u,0.0, 0.0, 0
u,0.0, 0.0, 0
u,0.0, 0.0, 0
u,0.0, 0.0, 0
u,0.0, 0.0, 0
u,0.0, 0.0, 0
u,0.0, 0.0, 0
u,0.0, 0.0, 0
u,0.0, 0.0, 0
u,0.0, 0.0, 0
u,0.6538742780685425, 0.8893029093742371, 0
u,0.7259153723716736, 0.8865901827812195, 0
u,0.6537545919418335, 0.9839124083518982, 0
u,0.7259153723716736, 0.8865901827812195, 0
u,0.7259693741798401, 0.992268979549408, 0
u,0.6537545919418335, 0.9839124083518982, 0
u,0.7259693741798401, 0.992268979549408, 0
u,0.6320837140083313, 0.9958310723304749, 0
u,0.6540293097496033, 0.9946138262748718, 0
u,0.6320837140083313, 0.9958310723304749, 0
u,0.6320834755897522, 0.9955111145973206, 0
u,0.6540293097496033, 0.9946138262748718, 0
u,0.7798377871513367, 0.9108064770698547, 0
u,0.7259289026260376, 0.9130210876464844, 0
u,0.7259153723716736, 0.8865901827812195, 0
u,0.6547806262969971, 0.8892688155174255, 0
u,0.6547521948814392, 0.9123603105545044, 0
u,0.6538487076759338, 0.9126096963882446, 0
u,0.7799767851829529, 0.8073505759239197, 0
u,0.7798377871513367, 0.9108064770698547, 0
u,0.7259153723716736, 0.8865901827812195, 0
u,0.6547806262969971, 0.8892688155174255, 0
u,0.6538487076759338, 0.9126096963882446, 0
u,0.653952419757843, 0.8124666213989258, 0
u,0.7799767851829529, 0.8073505759239197, 0
u,0.7259153723716736, 0.8865901827812195, 0
u,0.653952419757843, 0.8124666213989258, 0
u,0.2962226867675781, 0.40425530076026917, 0
u,0.43942388892173767, 0.25796571373939514, 0
u,0.4499809145927429, 0.37022730708122253, 0
u,0.4474121928215027, 0.7743493914604187, 0
u,0.4473649859428406, 0.7725116014480591, 0
u,0.5079165101051331, 0.7740710973739624, 0
u,0.4473649859428406, 0.7725116014480591, 0
u,0.5329911112785339, 0.6930506229400635, 0
u,0.5079165101051331, 0.7740710973739624, 0
u,0.6547806262969971, 0.8892688155174255, 0
u,0.6543853282928467, 0.8892837166786194, 0
u,0.6545221209526062, 0.7812384963035583, 0
u,0.6545221209526062, 0.7812384963035583, 0
u,0.47733640670776367, 0.7884572744369507, 0
u,0.4773387908935547, 0.7867951989173889, 0
u,0.6549152135848999, 0.780099093914032, 0
u,0.6547806262969971, 0.8892688155174255, 0
u,0.6545221209526062, 0.7812384963035583, 0
u,0.019550999626517296, 0.23606820404529572, 0
u,0.0, 0.2370820939540863, 0
u,0.019571000710129738, 0.0960180014371872, 0
u,0.0, 0.2370820939540863, 0
u,0.0, 0.005896000191569328, 0
u,0.019571000710129738, 0.0960180014371872, 0
u,0.06422500312328339, 0.09470909833908081, 0
u,0.0, 0.005896000191569328, 0
u,0.16116000711917877, 0.09012539684772491, 0
u,0.36924469470977783, 0.24620060622692108, 0
u,0.29622310400009155, 0.24400760233402252, 0
u,0.2962230145931244, 0.22928909957408905, 0
u,0.6481419801712036, 0.8687028884887695, 0
u,0.6515125036239624, 1.0, 0
u,0.4486590027809143, 1.0, 0
u,0.2962226867675781, 0.4072948098182678, 0
u,0.5819501280784607, 0.4072948098182678, 0
u,0.2962226867675781, 0.40789279341697693, 0
u,0.5819501280784607, 0.4072948098182678, 0
u,0.5870692729949951, 0.4076502025127411, 0
u,0.5870692729949951, 0.40789279341697693, 0
u,0.5870692729949951, 0.5167338252067566, 0
u,0.2962226867675781, 0.5167338252067566, 0
u,0.2962226867675781, 0.40789279341697693, 0
u,0.5364683866500854, 0.5768061876296997, 0
u,0.5152481198310852, 0.5761749744415283, 0
u,0.5870692729949951, 0.5167338252067566, 0
u,0.5152481198310852, 0.5761749744415283, 0
u,0.4810436964035034, 0.5750063061714172, 0
u,0.5870692729949951, 0.5167338252067566, 0
u,0.4810436964035034, 0.5750063061714172, 0
u,0.2962226867675781, 0.5750063061714172, 0
u,0.2962226867675781, 0.5167338252067566, 0
u,0.5870692729949951, 0.5167338252067566, 0
u,0.5870692729949951, 0.59684157371521, 0
u,0.5364683866500854, 0.5768061876296997, 0
u,0.5870692729949951, 0.59684157371521, 0
u,0.5364683866500854, 0.59684157371521, 0
u,0.5364683866500854, 0.5768061876296997, 0
u,0.5364683866500854, 0.679307222366333, 0
u,0.5364683866500854, 0.59684157371521, 0
u,0.5816547870635986, 0.679307222366333, 0
u,0.5364683866500854, 0.59684157371521, 0
u,0.5870692729949951, 0.59684157371521, 0
u,0.5816547870635986, 0.679307222366333, 0
u,0.5870692729949951, 0.59684157371521, 0
u,0.5870692729949951, 0.6803578734397888, 0
u,0.5816547870635986, 0.679307222366333, 0
u,0.5870692729949951, 0.6803578734397888, 0
u,0.5819501280784607, 0.679765522480011, 0
u,0.5816547870635986, 0.679307222366333, 0
u,0.7276341915130615, 0.303735613822937, 0
u,0.7761362791061401, 0.303735613822937, 0
u,0.7761362791061401, 0.583586573600769, 0
u,0.7761362791061401, 0.303735613822937, 0
u,0.8705949187278748, 0.303735613822937, 0
u,0.8705949187278748, 0.583586573600769, 0
u,0.8705949187278748, 0.303735613822937, 0
u,0.981778085231781, 0.303735613822937, 0
u,0.981778085231781, 0.583586573600769, 0
u,0.5689507126808167, 0.7482606172561646, 0
u,0.5506957769393921, 0.6944947242736816, 0
u,0.5983753204345703, 0.6838905811309814, 0
u,0.0, 0.6905449032783508, 0
u,0.0, 0.6879653930664062, 0
u,0.07374490052461624, 0.6901683211326599, 0
u,0.0, 0.6879653930664062, 0
u,0.11212330311536789, 0.6879653930664062, 0
u,0.07374490052461624, 0.6901683211326599, 0
u,0.11212330311536789, 0.6879653930664062, 0
u,0.11212330311536789, 1.0, 0
u,0.09615069627761841, 0.7103372812271118, 0
u,0.11212330311536789, 1.0, 0
u,0.09615069627761841, 1.0, 0
u,0.09615069627761841, 0.7103372812271118, 0
u,0.11212330311536789, 0.6879653930664062, 0
u,0.09615069627761841, 0.7103372812271118, 0
u,0.08595059812068939, 0.6901475191116333, 0
u,0.32091718912124634, 0.6879653930664062, 0
u,0.32091718912124634, 1.0, 0
u,0.11212330311536789, 1.0, 0
u,0.32091718912124634, 0.6879653930664062, 0
u,0.43305841088294983, 0.6879653930664062, 0
u,0.43305841088294983, 1.0, 0
u,0.4428049921989441, 0.6879653930664062, 0
u,0.4428049921989441, 1.0, 0
u,0.43305841088294983, 1.0, 0
u,0.58354651927948, 0.7537993788719177, 0
u,0.6164578199386597, 0.7593392729759216, 0
u,0.6155397891998291, 0.7720882892608643, 0
u,0.5825725793838501, 0.76732337474823, 0
u,0.5826284289360046, 0.7665485143661499, 0
u,0.6155397891998291, 0.7720882892608643, 0
u,0.6155397891998291, 0.7720882892608643, 0
u,0.5518946051597595, 0.7720882892608643, 0
u,0.581852376461029, 0.7674273252487183, 0
u,0.5518946051597595, 0.7720882892608643, 0
u,0.5506957769393921, 0.7718865871429443, 0
u,0.581852376461029, 0.7674273252487183, 0
u,0.2939203977584839, 0.5636698007583618, 0
u,0.2939203977584839, 0.6808511018753052, 0
u,0.22721539437770844, 0.563653290271759, 0
u,0.2939203977584839, 0.6808511018753052, 0
u,0.18765099346637726, 0.6808511018753052, 0
u,0.22721539437770844, 0.563653290271759, 0
u,0.18765099346637726, 0.6808511018753052, 0
u,0.18765099346637726, 0.24114370346069336, 0
u,0.22700640559196472, 0.5475329756736755, 0
u,0.18765099346637726, 0.24114370346069336, 0
u,0.22700640559196472, 0.24114370346069336, 0
u,0.22700640559196472, 0.5475329756736755, 0
u,0.22700640559196472, 0.5475329756736755, 0
u,0.22707100212574005, 0.5534625053405762, 0
u,0.18765099346637726, 0.6808511018753052, 0
u,0.0, 0.6808511018753052, 0
u,0.0, 0.24114370346069336, 0
u,0.18765099346637726, 0.24114370346069336, 0
u,0.5009657740592957, 0.6843426823616028, 0
u,0.44731611013412476, 0.6843426823616028, 0
u,0.44731611013412476, 0.6838905811309814, 0
u,0.9073703289031982, 0.7865322232246399, 0
u,0.7833002209663391, 0.7865322232246399, 0
u,0.7833002209663391, 0.7861152291297913, 0
u,0.9709646105766296, 0.7861152291297913, 0
u,0.9709646105766296, 0.8936169743537903, 0
u,0.9509119987487793, 0.8598397970199585, 0
u,0.9073703289031982, 0.7865322232246399, 0
u,0.7833002209663391, 0.7861152291297913, 0
u,0.9709646105766296, 0.7861152291297913, 0
u,0.7852591276168823, 0.9969605207443237, 0
u,0.7833002209663391, 0.9063335061073303, 0
u,0.8003814816474915, 0.9063652157783508, 0
u,0.8003814816474915, 0.9063652157783508, 0
u,0.8003817796707153, 0.8983234763145447, 0
u,0.9917364716529846, 0.8986783027648926, 0
u,0.4532802999019623, 0.2982114851474762, 0
u,0.5246633291244507, 0.29787230491638184, 0
u,0.4620310068130493, 0.39487019181251526, 0
