s,198.30517578125, 58.3564453125, -0.4611692428588867
b,201.84375, 61.875, 5.443659782409668
v,199.7568359375, 58.3564453125, -0.4610309600830078
v,199.75634765625, 58.3564453125, 3.4907798767089844
v,198.305419921875, 60.330078125, 3.478097915649414
v,198.3056640625, 60.330078125, -0.4611692428588867
v,199.756591796875, 58.3564453125, -0.4610309600830078
v,198.3056640625, 60.330078125, -0.4611692428588867
v,199.01904296875, 60.8642578125, -0.4610905647277832
v,200.392333984375, 61.875, -0.4609384536743164
v,201.84375, 59.90234375, -0.4607992172241211
v,200.469970703125, 58.8916015625, -0.4609522819519043
v,199.756103515625, 58.3564453125, 3.4907798767089844
v,200.469482421875, 58.890625, 5.03620719909668
v,199.438232421875, 60.2939453125, 5.0272064208984375
v,199.0185546875, 60.8642578125, 5.023541450500488
v,198.30517578125, 60.330078125, 3.478097915649414
v,199.438232421875, 60.2939453125, 5.0272064208984375
v,200.469482421875, 58.890625, 5.027304649353027
v,201.84326171875, 59.90234375, 5.027457237243652
v,201.75, 59.916015625, 5.027448654174805
v,200.483642578125, 58.984375, 5.02730655670166
v,199.11181640625, 60.8505859375, 5.0271759033203125
v,200.377685546875, 61.78125, 5.027317047119141
v,200.3916015625, 61.875, 5.02731990814209
v,199.0185546875, 60.8642578125, 5.027166366577148
v,199.98486328125, 61.4921875, 4.805237770080566
v,200.401611328125, 60.95703125, 4.8052778244018555
v,200.7265625, 60.5400390625, 4.805309295654297
v,201.407958984375, 59.6650390625, 4.8053741455078125
v,201.75, 59.916015625, 4.805413246154785
v,200.377685546875, 61.78125, 4.805281639099121
v,200.30712890625, 60.2138671875, 4.805261611938477
v,199.982421875, 60.630859375, 4.805231094360352
v,200.401611328125, 60.95703125, 4.8052778244018555
v,199.98486328125, 61.4921875, 4.805237770080566
v,199.11181640625, 60.8505859375, 4.805141448974609
v,200.483642578125, 58.984375, 4.805272102355957
v,201.407958984375, 59.6650390625, 4.8053741455078125
v,200.7265625, 60.5400390625, 4.805309295654297
v,200.377685546875, 61.78125, 5.027317047119141
v,201.75, 59.916015625, 5.027448654174805
v,201.84326171875, 59.90234375, 5.027457237243652
v,200.3916015625, 61.875, 5.02731990814209
v,200.401611328125, 60.95703125, 5.443628311157227
v,199.982421875, 60.630859375, 5.443581581115723
v,200.30712890625, 60.2138671875, 5.443612098693848
v,200.726318359375, 60.5400390625, 5.443659782409668
v,198.30517578125, 60.330078125, 3.478097915649414
v,199.0185546875, 60.8642578125, 5.023541450500488
v,199.01904296875, 60.8642578125, -0.4610905647277832
v,198.3056640625, 60.330078125, -0.4611692428588867
v,200.469482421875, 58.890625, 5.03620719909668
v,199.756103515625, 58.3564453125, 3.4907798767089844
v,199.756591796875, 58.3564453125, -0.4610309600830078
v,200.469970703125, 58.8916015625, -0.4609522819519043
v,200.469482421875, 58.890625, 5.027304649353027
v,200.469482421875, 58.890625, 5.03620719909668
v,200.469482421875, 58.890625, 5.027304649353027
v,199.438232421875, 60.2939453125, 5.0272064208984375
v,199.0185546875, 60.8642578125, 5.027166366577148
v,200.3916015625, 61.875, 5.02731990814209
v,200.392333984375, 61.875, -0.4609384536743164
v,199.01904296875, 60.8642578125, -0.4610905647277832
v,199.0185546875, 60.8642578125, 5.023541450500488
v,200.3916015625, 61.875, 5.02731990814209
v,201.84326171875, 59.90234375, 5.027457237243652
v,201.84375, 59.90234375, -0.4607992172241211
v,200.392333984375, 61.875, -0.4609384536743164
v,201.84326171875, 59.90234375, 5.027457237243652
v,200.469482421875, 58.890625, 5.027304649353027
v,200.469970703125, 58.8916015625, -0.4609522819519043
v,201.84375, 59.90234375, -0.4607992172241211
v,199.0185546875, 60.8642578125, 5.023541450500488
v,199.438232421875, 60.2939453125, 5.0272064208984375
v,199.0185546875, 60.8642578125, 5.027166366577148
v,199.11181640625, 60.8505859375, 5.0271759033203125
v,200.483642578125, 58.984375, 5.02730655670166
v,200.483642578125, 58.984375, 4.805272102355957
v,199.11181640625, 60.8505859375, 4.805141448974609
v,200.377685546875, 61.78125, 5.027317047119141
v,199.11181640625, 60.8505859375, 5.0271759033203125
v,199.11181640625, 60.8505859375, 4.805141448974609
v,199.98486328125, 61.4921875, 4.805237770080566
v,200.377685546875, 61.78125, 4.805281639099121
v,201.75, 59.916015625, 5.027448654174805
v,200.377685546875, 61.78125, 5.027317047119141
v,200.377685546875, 61.78125, 4.805281639099121
v,201.75, 59.916015625, 4.805413246154785
v,200.483642578125, 58.984375, 5.02730655670166
v,201.75, 59.916015625, 5.027448654174805
v,201.75, 59.916015625, 4.805413246154785
v,201.407958984375, 59.6650390625, 4.8053741455078125
v,200.483642578125, 58.984375, 4.805272102355957
v,200.30712890625, 60.2138671875, 4.805261611938477
v,200.7265625, 60.5400390625, 4.805309295654297
v,200.726318359375, 60.5400390625, 5.443659782409668
v,200.30712890625, 60.2138671875, 5.443612098693848
v,199.982421875, 60.630859375, 5.443581581115723
v,199.982421875, 60.630859375, 4.805231094360352
v,200.30712890625, 60.2138671875, 4.805261611938477
v,200.30712890625, 60.2138671875, 5.443612098693848
v,200.401611328125, 60.95703125, 5.443628311157227
v,200.401611328125, 60.95703125, 4.8052778244018555
v,199.982421875, 60.630859375, 4.805231094360352
v,199.982421875, 60.630859375, 5.443581581115723
v,200.726318359375, 60.5400390625, 5.443659782409668
v,200.7265625, 60.5400390625, 4.805309295654297
v,200.401611328125, 60.95703125, 4.8052778244018555
v,200.401611328125, 60.95703125, 5.443628311157227
i,0,2,3
i,7,8,9
i,12,13,14
i,15,20,23
i,28,29,26
i,30,31,34
i,38,40,41
i,42,44,45
i,46,48,49
i,51,53,54
i,55,56,57
i,60,61,62
i,64,66,63
i,67,69,70
i,71,72,73
i,74,76,77
i,79,80,81
i,84,86,83
i,88,89,90
i,93,95,92
i,96,98,99
i,101,103,100
i,105,107,104
i,0,1,2
i,9,4,5
i,5,6,9
i,6,7,9
i,14,10,12
i,10,11,12
i,16,17,18
i,16,18,19
i,15,16,19
i,20,21,22
i,15,19,20
i,20,22,23
i,29,24,25
i,25,26,29
i,26,27,28
i,31,32,33
i,35,36,30
i,36,37,30
i,31,33,34
i,35,30,34
i,38,39,40
i,42,43,44
i,46,47,48
i,54,50,51
i,51,52,53
i,62,58,59
i,59,60,62
i,64,65,66
i,67,68,69
i,74,75,76
i,82,78,81
i,78,79,81
i,84,85,86
i,91,87,90
i,87,88,90
i,93,94,95
i,96,97,98
i,101,102,103
i,105,106,107
n,-3.6283326148986816, -2.668219566345215, -0.0003994318831246346
n,0.0004765464400406927, 3.350446786498651e-05, -4.50379753112793
n,-3.149775743484497, -2.3024110794067383, 2.2498908042907715
n,-0.0004988177097402513, -5.2751507610082626e-05, 4.50379753112793
n,-0.0004807766526937485, -3.6791563616134226e-05, 4.50379753112793
n,-0.0004744232282973826, -3.9950653444975615e-05, 4.50379753112793
n,-0.0004935052711516619, -4.791906394530088e-05, 4.50379753112793
n,-0.0004814521817024797, -3.627569094533101e-05, 4.50379753112793
n,-2.6992979049682617, 3.605271577835083, -0.00029715735581703484
n,2.700314998626709, -3.6045100688934326, -0.00035626115277409554
n,3.628457546234131, 2.6680498123168945, 0.0
n,-2.6692638397216797, 3.627563953399658, -0.0003165821544826031
n,3.6273915767669678, 2.6694986820220947, 0.00042993458919227123
n,2.6684441566467285, -3.6281676292419434, 0.0003162759239785373
n,-3.6280245780944824, -2.668638229370117, 0.0
n,3.628382444381714, 2.668151378631592, 0.0
n,2.6674044132232666, -3.628931760787964, 0.0
n,-3.6271860599517822, -2.6697776317596436, 0.0
n,-2.667567491531372, 3.6288115978240967, 0.0
n,2.7648096084594727, -3.5552804470062256, 0.0
n,-3.5545852184295654, -2.7657039165496826, 0.0
n,-2.765700578689575, 3.5545873641967773, 0.0
n,3.5545849800109863, 2.7657036781311035, 0.001207399764098227
n,-3.628331184387207, -2.6682214736938477, -0.00039816388743929565
n,0.00047331966925412416, 3.1978725019143894e-05, -4.50379753112793
n,0.00047327030915766954, 3.190445204381831e-05, -4.50379753112793
n,0.0004754050460178405, 3.34747601300478e-05, -4.50379753112793
n,-3.1499767303466797, -2.3019826412200928, 2.2500479221343994
n,-3.1501402854919434, -2.3018970489501953, 2.249906063079834
n,-0.00045932005741633475, -5.509004040504806e-05, 4.50379753112793
n,-0.0004982316750101745, -6.483471679530339e-06, 4.50379753112793
n,-0.00045123056042939425, -1.3555398254538886e-05, 4.50379753112793
n,-0.00046147246030159295, -5.273881470202468e-05, 4.50379753112793
n,-0.0005044141435064375, -5.603353929473087e-05, 4.50379753112793
n,-0.0004929596907459199, -1.3393103472481016e-05, 4.50379753112793
n,-0.0004778614384122193, -3.710721284733154e-05, 4.50379753112793
n,-0.0004823678464163095, -3.723884583450854e-05, 4.50379753112793
n,-0.0004830546386074275, -4.0530943806516007e-05, 4.50379753112793
n,-0.0004740271542686969, -3.4121192584279925e-05, 4.50379753112793
n,-0.000476422137580812, -3.117362575721927e-05, 4.50379753112793
n,-0.0004798405570909381, -3.8027992559364066e-05, 4.50379753112793
n,-0.0004729549982585013, -3.412416117498651e-05, 4.50379753112793
n,-0.0004691963258665055, -3.0135899578453973e-05, 4.50379753112793
n,-0.0004536068008746952, -1.6793308532214724e-05, 4.50379753112793
n,-0.0004713512025773525, -3.756041405722499e-05, 4.50379753112793
n,-2.6993792057037354, 3.605210781097412, -0.00032015389297157526
n,2.6998233795166016, -3.6048777103424072, 0.0
n,2.7026288509368896, -3.6027753353118896, 0.00029657967388629913
n,-2.669264078140259, 3.6275641918182373, 0.0
n,-2.6692633628845215, 3.6275644302368164, -0.00031637295614928007
n,3.6273915767669678, 2.6694984436035156, 0.0004299346182961017
n,2.6702029705047607, -3.6268727779388428, -0.00036217461456544697
n,3.628382444381714, 2.668151378631592, 0.0
n,2.668503761291504, -3.6281232833862305, 0.0
n,2.6677451133728027, -3.62868070602417, 0.002066205022856593
n,-3.6271860599517822, -2.6697776317596436, 0.0
n,-2.6688027381896973, 3.627903699874878, 0.0
n,-2.668468952178955, 3.628148317337036, 0.002140055177733302
n,2.765700578689575, -3.5545873641967773, 0.0009394363150931895
n,-3.5545852184295654, -2.7657039165496826, 0.0
n,-2.765700578689575, 3.5545873641967773, 0.0
n,3.55368971824646, 2.7668538093566895, 0.0
u,0.9148973822593689, 0.3008129894733429, 0
u,0.6906769871711731, 0.7758017182350159, 0
u,0.6906769871711731, 0.3008129894733429, 0
u,0.0, 0.0, 0
u,0.0, 0.0, 0
u,0.0, 0.0, 0
u,0.08879459649324417, 0.2899729013442993, 0
u,0.0020624001044780016, 0.2899729013442993, 0
u,0.0020576000679284334, 0.0024045000318437815, 0
u,0.5119547843933105, 0.29266780614852905, 0
u,0.5892391800880432, 0.2821026146411896, 0
u,0.597256600856781, 0.29266148805618286, 0
u,0.3104866147041321, 0.03287540003657341, 0
u,0.5892391204833984, 0.032944899052381516, 0
u,0.44399720430374146, 0.10500320047140121, 0
u,0.4422799050807953, 0.1891878992319107, 0
u,0.505874514579773, 0.19146689772605896, 0
u,0.5892391800880432, 0.2821026146411896, 0
u,0.5892391204833984, 0.032944899052381516, 0
u,0.3024691045284271, 0.022313900291919708, 0
u,0.5972564816474915, 0.022387400269508362, 0
u,0.5076137185096741, 0.10728959739208221, 0
u,0.4422799050807953, 0.1891878992319107, 0
u,0.44399720430374146, 0.10500320047140121, 0
u,0.6906769871711731, 0.7758017182350159, 0
u,0.6090534925460815, 0.3008129894733429, 0
u,0.6906769871711731, 0.3008129894733429, 0
u,0.9148973822593689, 0.7773141264915466, 0
u,0.9965202212333679, 0.3008129894733429, 0
u,0.9965202212333679, 0.9625756144523621, 0
u,0.8898289799690247, 0.9989680051803589, 0
u,0.8898249864578247, 1.0, 0
u,0.7366254925727844, 0.9989680051803589, 0
u,0.3837045133113861, 0.2971869111061096, 0
u,0.5411617755889893, 0.2971869111061096, 0
u,0.5411617755889893, 0.9643288254737854, 0
u,0.1575126051902771, 0.964769721031189, 0
u,0.3837045133113861, 0.2971869111061096, 0
u,0.3837045133113861, 0.964769721031189, 0
u,0.1575126051902771, 0.964769721031189, 0
u,0.0, 0.2971869111061096, 0
u,0.1575126051902771, 0.2971869111061096, 0
u,0.5411617755889893, 0.9643288254737854, 0
u,0.6066142916679382, 0.964769721031189, 0
u,0.5411617755889893, 0.964769721031189, 0
u,0.14829589426517487, 0.9701896905899048, 0
u,0.36681219935417175, 0.9977821111679077, 0
u,0.14829589426517487, 0.9977821111679077, 0
u,0.14829589426517487, 0.9701896905899048, 0
u,0.14829589426517487, 0.9977821111679077, 0
u,0.04599529877305031, 0.9977821111679077, 0
u,0.7336776852607727, 0.9701896905899048, 0
u,0.5151615142822266, 0.9977821111679077, 0
u,0.5151615142822266, 0.9701896905899048, 0
u,0.5151615142822266, 0.9701896905899048, 0
u,0.5151615142822266, 0.9977821111679077, 0
u,0.4750879108905792, 0.9977821111679077, 0
u,0.6090534925460815, 0.1667281985282898, 0
u,0.6679441928863525, 0.2312764972448349, 0
u,0.6090534925460815, 0.2312764972448349, 0
u,0.6679441928863525, 0.295498788356781, 0
u,0.6090534925460815, 0.2312764972448349, 0
u,0.6679441928863525, 0.2312764972448349, 0
u,0.6090534925460815, 0.1024836003780365, 0
u,0.6679441928863525, 0.03794040158390999, 0
u,0.6679441928863525, 0.1024836003780365, 0
u,0.6090534925460815, 0.1667281985282898, 0
u,0.6679441928863525, 0.1024836003780365, 0
u,0.6679441928863525, 0.1667281985282898, 0
u,0.9148973822593689, 0.3008129894733429, 0
u,0.9148973822593689, 0.7773141264915466, 0
u,0.6906769871711731, 0.7758017182350159, 0
u,0.0, 0.0, 0
u,0.0, 0.0, 0
u,0.0, 0.0, 0
u,0.0, 0.0, 0
u,0.0, 0.0, 0
u,0.0, 0.0, 0
u,0.0, 0.0, 0
u,0.0, 0.0, 0
u,0.0, 0.0, 0
u,0.0020576000679284334, 0.0024045000318437815, 0
u,0.30178868770599365, 0.0024077000562101603, 0
u,0.08879459649324417, 0.2899729013442993, 0
u,0.30178868770599365, 0.0024077000562101603, 0
u,0.30179309844970703, 0.2899729013442993, 0
u,0.08879459649324417, 0.2899729013442993, 0
u,0.3024691045284271, 0.2926828861236572, 0
u,0.3024691045284271, 0.022313900291919708, 0
u,0.3104866147041321, 0.03287540003657341, 0
u,0.3024691045284271, 0.2926828861236572, 0
u,0.3104866147041321, 0.03287540003657341, 0
u,0.3104866147041321, 0.2821229100227356, 0
u,0.5119547843933105, 0.29266780614852905, 0
u,0.3024691045284271, 0.2926828861236572, 0
u,0.3104866147041321, 0.2821229100227356, 0
u,0.5892391800880432, 0.2821026146411896, 0
u,0.5892391204833984, 0.032944899052381516, 0
u,0.5972564816474915, 0.022387400269508362, 0
u,0.5119547843933105, 0.29266780614852905, 0
u,0.3104866147041321, 0.2821229100227356, 0
u,0.5892391800880432, 0.2821026146411896, 0
u,0.5892391800880432, 0.2821026146411896, 0
u,0.5972564816474915, 0.022387400269508362, 0
u,0.597256600856781, 0.29266148805618286, 0
u,0.5892391204833984, 0.032944899052381516, 0
u,0.5892391204833984, 0.11022339761257172, 0
u,0.5076137185096741, 0.10728959739208221, 0
u,0.5076137185096741, 0.10728959739208221, 0
u,0.44399720430374146, 0.10500320047140121, 0
u,0.5892391204833984, 0.032944899052381516, 0
u,0.44399720430374146, 0.10500320047140121, 0
u,0.3104866147041321, 0.10020480304956436, 0
u,0.3104866147041321, 0.03287540003657341, 0
u,0.505874514579773, 0.19146689772605896, 0
u,0.5076137185096741, 0.10728959739208221, 0
u,0.5892391204833984, 0.11022339761257172, 0
u,0.3104866147041321, 0.2821229100227356, 0
u,0.3104866147041321, 0.10020480304956436, 0
u,0.4422799050807953, 0.1891878992319107, 0
u,0.3104866147041321, 0.10020480304956436, 0
u,0.44399720430374146, 0.10500320047140121, 0
u,0.4422799050807953, 0.1891878992319107, 0
u,0.505874514579773, 0.19146689772605896, 0
u,0.5892391204833984, 0.11022339761257172, 0
u,0.5892391800880432, 0.2821026146411896, 0
u,0.3104866147041321, 0.2821229100227356, 0
u,0.4422799050807953, 0.1891878992319107, 0
u,0.5892391800880432, 0.2821026146411896, 0
u,0.5892391204833984, 0.032944899052381516, 0
u,0.3104866147041321, 0.03287540003657341, 0
u,0.3024691045284271, 0.022313900291919708, 0
u,0.5076137185096741, 0.10728959739208221, 0
u,0.505874514579773, 0.19146689772605896, 0
u,0.4422799050807953, 0.1891878992319107, 0
u,0.6906769871711731, 0.7758017182350159, 0
u,0.6090534925460815, 0.9621384739875793, 0
u,0.6090534925460815, 0.3008129894733429, 0
u,0.9965202212333679, 0.9625756144523621, 0
u,0.9965202212333679, 0.9636489748954773, 0
u,0.9148973822593689, 0.7773141264915466, 0
u,0.9148973822593689, 0.7773141264915466, 0
u,0.9148973822593689, 0.3008129894733429, 0
u,0.9965202212333679, 0.3008129894733429, 0
u,0.5411617755889893, 0.9643288254737854, 0
u,0.5411617755889893, 0.964769721031189, 0
u,0.3837045133113861, 0.964769721031189, 0
u,0.3837045133113861, 0.964769721031189, 0
u,0.3837045133113861, 0.2971869111061096, 0
u,0.5411617755889893, 0.9643288254737854, 0
u,0.1575126051902771, 0.964769721031189, 0
u,0.1575126051902771, 0.2971869111061096, 0
u,0.3837045133113861, 0.2971869111061096, 0
u,0.1575126051902771, 0.964769721031189, 0
u,0.0, 0.964769721031189, 0
u,0.0, 0.2971869111061096, 0
u,0.14829589426517487, 0.9701896905899048, 0
u,0.36681219935417175, 0.9701896905899048, 0
u,0.36681219935417175, 0.9977821111679077, 0
u,0.0, 0.9977821111679077, 0
u,0.0, 0.9701896905899048, 0
u,0.04599529877305031, 0.9977821111679077, 0
u,0.0, 0.9701896905899048, 0
u,0.14829589426517487, 0.9701896905899048, 0
u,0.04599529877305031, 0.9977821111679077, 0
u,0.7336776852607727, 0.9701896905899048, 0
u,0.7336776852607727, 0.9977821111679077, 0
u,0.5151615142822266, 0.9977821111679077, 0
u,0.36681219935417175, 0.9977821111679077, 0
u,0.36681219935417175, 0.9701896905899048, 0
u,0.4750879108905792, 0.9977821111679077, 0
u,0.36681219935417175, 0.9701896905899048, 0
u,0.5151615142822266, 0.9701896905899048, 0
u,0.4750879108905792, 0.9977821111679077, 0
u,0.6090534925460815, 0.1667281985282898, 0
u,0.6679441928863525, 0.1667281985282898, 0
u,0.6679441928863525, 0.2312764972448349, 0
u,0.6679441928863525, 0.295498788356781, 0
u,0.6090534925460815, 0.295498788356781, 0
u,0.6090534925460815, 0.2312764972448349, 0
u,0.6090534925460815, 0.1024836003780365, 0
u,0.6090534925460815, 0.03794040158390999, 0
u,0.6679441928863525, 0.03794040158390999, 0
u,0.6090534925460815, 0.1667281985282898, 0
u,0.6090534925460815, 0.1024836003780365, 0
u,0.6679441928863525, 0.1024836003780365, 0
