s,122.85986328125, 65.3115234375, 0.6439828872680664
b,126.765380859375, 69.3828125, 9.369455337524414
v,126.30078125, 68.7939453125, 7.77637243270874
v,126.301025390625, 68.7939453125, 0.644169807434082
v,126.190185546875, 69.3623046875, 0.6441712379455566
v,126.189697265625, 69.3623046875, 7.7763752937316895
v,125.5341796875, 69.2353515625, 0.6441349983215332
v,126.18994140625, 69.3623046875, 0.6441712379455566
v,126.30078125, 68.7939453125, 0.644169807434082
v,126.311767578125, 68.7958984375, 0.6441702842712402
v,126.765380859375, 66.470703125, 0.6441650390625
v,123.5537109375, 65.3115234375, 0.6439828872680664
v,122.8603515625, 68.869140625, 0.6439909934997559
v,125.50537109375, 69.3828125, 0.6441354751586914
v,125.951416015625, 67.515625, 9.369438171386719
v,126.22802734375, 67.564453125, 9.369453430175781
v,126.136962890625, 68.080078125, 9.369455337524414
v,125.8603515625, 68.03125, 9.369440078735352
v,126.009521484375, 67.1875, 9.286172866821289
v,125.951416015625, 67.515625, 9.286174774169922
v,125.8603515625, 68.03125, 9.286176681518555
v,125.811279296875, 68.30859375, 9.286176681518555
v,125.544921875, 68.2568359375, 9.286161422729492
v,125.761474609375, 67.138671875, 9.28615951538086
v,126.136962890625, 68.080078125, 9.286191940307617
v,126.22802734375, 67.564453125, 9.286190032958984
v,125.951416015625, 67.515625, 9.286174774169922
v,126.009521484375, 67.1875, 9.286172866821289
v,126.586669921875, 67.2978515625, 9.286205291748047
v,126.369873046875, 68.416015625, 9.286209106445312
v,125.811279296875, 68.30859375, 9.286176681518555
v,125.8603515625, 68.03125, 9.286176681518555
v,125.51953125, 67.1552734375, 8.200397491455078
v,125.750732421875, 67.1953125, 8.200408935546875
v,125.6416015625, 67.7578125, 8.200410842895508
v,125.42138671875, 67.7197265625, 8.200399398803711
v,126.5595703125, 67.29296875, 8.01838493347168
v,125.761474609375, 67.1396484375, 8.018341064453125
v,125.750732421875, 67.1953125, 8.018341064453125
v,125.51953125, 67.1552734375, 8.018327713012695
v,125.42138671875, 67.7197265625, 8.018329620361328
v,125.6416015625, 67.7578125, 8.018342971801758
v,125.544921875, 68.2568359375, 8.018342971801758
v,126.34130859375, 68.4111328125, 8.018388748168945
v,126.2763671875, 68.744140625, 8.018388748168945
v,125.609619140625, 68.6142578125, 8.018350601196289
v,125.469970703125, 69.3310546875, 8.018354415893555
v,124.39990234375, 69.123046875, 8.018295288085938
v,124.494384765625, 68.578125, 8.018291473388672
v,124.948486328125, 68.6669921875, 8.018318176269531
v,124.958984375, 68.6123046875, 8.018318176269531
v,124.50390625, 68.5234375, 8.018291473388672
v,124.5673828125, 68.158203125, 8.018291473388672
v,124.70556640625, 68.185546875, 8.018299102783203
v,124.716064453125, 68.1318359375, 8.018299102783203
v,124.57666015625, 68.103515625, 8.018291473388672
v,124.651611328125, 67.6748046875, 8.018289566040039
v,124.73681640625, 67.1845703125, 8.018287658691406
v,124.8271484375, 66.6640625, 8.018285751342773
v,125.39599609375, 66.7705078125, 8.018316268920898
v,125.40625, 66.7158203125, 8.018316268920898
v,124.836669921875, 66.609375, 8.018285751342773
v,124.8818359375, 66.349609375, 8.01828384399414
v,124.95166015625, 66.36328125, 8.018289566040039
v,124.962158203125, 66.30859375, 8.018289566040039
v,124.891357421875, 66.294921875, 8.01828384399414
v,124.965576171875, 65.8681640625, 8.01828384399414
v,126.71435546875, 66.5, 8.018383026123047
v,124.891357421875, 66.294921875, 8.01828384399414
v,123.825927734375, 66.0869140625, 8.018226623535156
v,123.815185546875, 66.1416015625, 8.018226623535156
v,124.8818359375, 66.349609375, 8.01828384399414
v,124.836669921875, 66.609375, 8.018285751342773
v,123.874267578125, 66.427734375, 8.018234252929688
v,123.864013671875, 66.482421875, 8.018234252929688
v,124.8271484375, 66.6640625, 8.018285751342773
v,124.73681640625, 67.1845703125, 8.018287658691406
v,123.895751953125, 67.0380859375, 8.018241882324219
v,123.810546875, 67.5283203125, 8.018243789672852
v,124.651611328125, 67.6748046875, 8.018289566040039
v,124.57666015625, 68.103515625, 8.018291473388672
v,123.537109375, 67.9013671875, 8.018234252929688
v,123.5263671875, 67.955078125, 8.018234252929688
v,124.5673828125, 68.158203125, 8.018291473388672
v,124.50390625, 68.5234375, 8.018291473388672
v,123.4853515625, 68.3251953125, 8.018238067626953
v,123.474853515625, 68.3798828125, 8.018238067626953
v,124.494384765625, 68.578125, 8.018291473388672
v,124.39990234375, 69.123046875, 8.018295288085938
v,122.912109375, 68.8330078125, 8.01821517944336
v,123.587158203125, 65.3701171875, 8.018207550048828
v,124.965576171875, 65.8681640625, 8.01828384399414
v,123.55322265625, 65.3115234375, 8.073713302612305
v,126.764892578125, 66.470703125, 8.073894500732422
v,126.311279296875, 68.7958984375, 8.07390022277832
v,125.64453125, 68.666015625, 8.073862075805664
v,125.609619140625, 68.6142578125, 8.073860168457031
v,126.2763671875, 68.744140625, 8.073898315429688
v,126.34130859375, 68.4111328125, 8.073896408081055
v,126.3701171875, 68.416015625, 8.073898315429688
v,126.586669921875, 67.2978515625, 8.073896408081055
v,126.5595703125, 67.29296875, 8.073894500732422
v,126.71435546875, 66.5, 8.073892593383789
v,123.587158203125, 65.3701171875, 8.073715209960938
v,123.587158203125, 65.3701171875, 8.073715209960938
v,122.912109375, 68.8330078125, 8.073722839355469
v,125.469970703125, 69.3310546875, 8.073862075805664
v,125.609619140625, 68.6142578125, 8.073860168457031
v,125.64453125, 68.666015625, 8.073862075805664
v,125.5048828125, 69.3828125, 8.07386589050293
v,122.85986328125, 68.8681640625, 8.073720932006836
v,123.55322265625, 65.3115234375, 8.073713302612305
v,125.39599609375, 66.7705078125, 8.213706970214844
v,123.864013671875, 66.482421875, 8.213623046875
v,123.874267578125, 66.427734375, 8.213623046875
v,125.40625, 66.7158203125, 8.213706970214844
v,124.95166015625, 66.36328125, 8.213680267333984
v,123.815185546875, 66.1416015625, 8.213617324829102
v,123.825927734375, 66.0869140625, 8.213617324829102
v,124.962158203125, 66.30859375, 8.213680267333984
v,124.70556640625, 68.185546875, 8.211469650268555
v,123.5263671875, 67.955078125, 8.211404800415039
v,123.536865234375, 67.9013671875, 8.211404800415039
v,124.716064453125, 68.1318359375, 8.211467742919922
v,124.948486328125, 68.6669921875, 8.21148681640625
v,123.474853515625, 68.3798828125, 8.211406707763672
v,123.4853515625, 68.3251953125, 8.211406707763672
v,124.958984375, 68.6123046875, 8.21148681640625
v,124.651611328125, 67.6748046875, 8.451257705688477
v,123.810546875, 67.5283203125, 8.451211929321289
v,123.895751953125, 67.0380859375, 8.451210021972656
v,124.73681640625, 67.1845703125, 8.451255798339844
v,125.64453125, 68.666015625, 7.776336193084717
v,126.300537109375, 68.7939453125, 7.77637243270874
v,126.189453125, 69.3623046875, 7.7763752937316895
v,125.533935546875, 69.234375, 7.77633810043335
v,126.136962890625, 68.080078125, 9.286191940307617
v,125.8603515625, 68.03125, 9.286176681518555
v,125.8603515625, 68.03125, 9.369440078735352
v,126.136962890625, 68.080078125, 9.369455337524414
v,126.22802734375, 67.564453125, 9.286190032958984
v,126.136962890625, 68.080078125, 9.286191940307617
v,126.136962890625, 68.080078125, 9.369455337524414
v,126.22802734375, 67.564453125, 9.369453430175781
v,125.951416015625, 67.515625, 9.286174774169922
v,126.22802734375, 67.564453125, 9.286190032958984
v,126.22802734375, 67.564453125, 9.369453430175781
v,125.951416015625, 67.515625, 9.369438171386719
v,125.8603515625, 68.03125, 9.286176681518555
v,125.951416015625, 67.515625, 9.286174774169922
v,125.951416015625, 67.515625, 9.369438171386719
v,125.8603515625, 68.03125, 9.369440078735352
v,126.009521484375, 67.1875, 9.286172866821289
v,125.761474609375, 67.138671875, 9.28615951538086
v,125.761474609375, 67.1396484375, 8.018341064453125
v,126.5595703125, 67.29296875, 8.01838493347168
v,126.5595703125, 67.29296875, 8.073894500732422
v,126.586669921875, 67.2978515625, 8.073896408081055
v,126.586669921875, 67.2978515625, 9.286205291748047
v,125.761474609375, 67.138671875, 9.28615951538086
v,125.544921875, 68.2568359375, 9.286161422729492
v,125.544921875, 68.2568359375, 8.018342971801758
v,125.6416015625, 67.7578125, 8.018342971801758
v,125.6416015625, 67.7578125, 8.200410842895508
v,125.750732421875, 67.1953125, 8.200408935546875
v,125.750732421875, 67.1953125, 8.018341064453125
v,125.761474609375, 67.1396484375, 8.018341064453125
v,126.3701171875, 68.416015625, 8.073898315429688
v,126.34130859375, 68.4111328125, 8.073896408081055
v,126.34130859375, 68.4111328125, 8.018388748168945
v,125.544921875, 68.2568359375, 8.018342971801758
v,125.544921875, 68.2568359375, 9.286161422729492
v,125.811279296875, 68.30859375, 9.286176681518555
v,126.369873046875, 68.416015625, 9.286209106445312
v,126.586669921875, 67.2978515625, 8.073896408081055
v,126.3701171875, 68.416015625, 8.073898315429688
v,126.369873046875, 68.416015625, 9.286209106445312
v,126.586669921875, 67.2978515625, 9.286205291748047
v,125.750732421875, 67.1953125, 8.018341064453125
v,125.750732421875, 67.1953125, 8.200408935546875
v,125.51953125, 67.1552734375, 8.200397491455078
v,125.51953125, 67.1552734375, 8.018327713012695
v,125.51953125, 67.1552734375, 8.018327713012695
v,125.51953125, 67.1552734375, 8.200397491455078
v,125.42138671875, 67.7197265625, 8.200399398803711
v,125.42138671875, 67.7197265625, 8.018329620361328
v,125.42138671875, 67.7197265625, 8.018329620361328
v,125.42138671875, 67.7197265625, 8.200399398803711
v,125.6416015625, 67.7578125, 8.200410842895508
v,125.6416015625, 67.7578125, 8.018342971801758
v,126.5595703125, 67.29296875, 8.073894500732422
v,126.5595703125, 67.29296875, 8.01838493347168
v,126.71435546875, 66.5, 8.018383026123047
v,126.71435546875, 66.5, 8.073892593383789
v,126.34130859375, 68.4111328125, 8.018388748168945
v,126.34130859375, 68.4111328125, 8.073896408081055
v,126.2763671875, 68.744140625, 8.073898315429688
v,126.2763671875, 68.744140625, 8.018388748168945
v,123.587158203125, 65.3701171875, 8.073715209960938
v,126.71435546875, 66.5, 8.073892593383789
v,126.71435546875, 66.5, 8.018383026123047
v,124.965576171875, 65.8681640625, 8.01828384399414
v,123.587158203125, 65.3701171875, 8.018207550048828
v,122.912109375, 68.8330078125, 8.073722839355469
v,123.587158203125, 65.3701171875, 8.073715209960938
v,123.587158203125, 65.3701171875, 8.018207550048828
v,122.912109375, 68.8330078125, 8.01821517944336
v,125.469970703125, 69.3310546875, 8.073862075805664
v,122.912109375, 68.8330078125, 8.073722839355469
v,122.912109375, 68.8330078125, 8.01821517944336
v,124.39990234375, 69.123046875, 8.018295288085938
v,125.469970703125, 69.3310546875, 8.018354415893555
v,125.609619140625, 68.6142578125, 8.073860168457031
v,125.469970703125, 69.3310546875, 8.073862075805664
v,125.469970703125, 69.3310546875, 8.018354415893555
v,125.609619140625, 68.6142578125, 8.018350601196289
v,126.2763671875, 68.744140625, 8.073898315429688
v,125.609619140625, 68.6142578125, 8.073860168457031
v,125.609619140625, 68.6142578125, 8.018350601196289
v,126.2763671875, 68.744140625, 8.018388748168945
v,125.64453125, 68.666015625, 7.776336193084717
v,125.533935546875, 69.234375, 7.77633810043335
v,125.5341796875, 69.2353515625, 0.6441349983215332
v,125.50537109375, 69.3828125, 0.6441354751586914
v,125.5048828125, 69.3828125, 8.07386589050293
v,125.64453125, 68.666015625, 8.073862075805664
v,126.764892578125, 66.470703125, 8.073894500732422
v,123.55322265625, 65.3115234375, 8.073713302612305
v,123.5537109375, 65.3115234375, 0.6439828872680664
v,126.765380859375, 66.470703125, 0.6441650390625
v,123.55322265625, 65.3115234375, 8.073713302612305
v,122.85986328125, 68.8681640625, 8.073720932006836
v,122.8603515625, 68.869140625, 0.6439909934997559
v,123.5537109375, 65.3115234375, 0.6439828872680664
v,122.85986328125, 68.8681640625, 8.073720932006836
v,125.5048828125, 69.3828125, 8.07386589050293
v,125.50537109375, 69.3828125, 0.6441354751586914
v,122.8603515625, 68.869140625, 0.6439909934997559
v,125.64453125, 68.666015625, 8.073862075805664
v,126.311279296875, 68.7958984375, 8.07390022277832
v,126.311767578125, 68.7958984375, 0.6441702842712402
v,126.30078125, 68.7939453125, 0.644169807434082
v,126.300537109375, 68.7939453125, 7.77637243270874
v,125.64453125, 68.666015625, 7.776336193084717
v,126.765380859375, 66.470703125, 0.6441650390625
v,126.311767578125, 68.7958984375, 0.6441702842712402
v,126.311279296875, 68.7958984375, 8.07390022277832
v,126.764892578125, 66.470703125, 8.073894500732422
v,125.40625, 66.7158203125, 8.018316268920898
v,125.40625, 66.7158203125, 8.213706970214844
v,123.874267578125, 66.427734375, 8.213623046875
v,123.874267578125, 66.427734375, 8.018234252929688
v,124.836669921875, 66.609375, 8.018285751342773
v,123.874267578125, 66.427734375, 8.018234252929688
v,123.874267578125, 66.427734375, 8.213623046875
v,123.864013671875, 66.482421875, 8.213623046875
v,123.864013671875, 66.482421875, 8.018234252929688
v,123.864013671875, 66.482421875, 8.018234252929688
v,123.864013671875, 66.482421875, 8.213623046875
v,125.39599609375, 66.7705078125, 8.213706970214844
v,125.39599609375, 66.7705078125, 8.018316268920898
v,124.8271484375, 66.6640625, 8.018285751342773
v,125.39599609375, 66.7705078125, 8.018316268920898
v,125.39599609375, 66.7705078125, 8.213706970214844
v,125.40625, 66.7158203125, 8.213706970214844
v,125.40625, 66.7158203125, 8.018316268920898
v,124.962158203125, 66.30859375, 8.018289566040039
v,124.962158203125, 66.30859375, 8.213680267333984
v,123.825927734375, 66.0869140625, 8.213617324829102
v,123.825927734375, 66.0869140625, 8.018226623535156
v,124.891357421875, 66.294921875, 8.01828384399414
v,123.825927734375, 66.0869140625, 8.018226623535156
v,123.825927734375, 66.0869140625, 8.213617324829102
v,123.815185546875, 66.1416015625, 8.213617324829102
v,123.815185546875, 66.1416015625, 8.018226623535156
v,123.815185546875, 66.1416015625, 8.018226623535156
v,123.815185546875, 66.1416015625, 8.213617324829102
v,124.95166015625, 66.36328125, 8.213680267333984
v,124.95166015625, 66.36328125, 8.018289566040039
v,124.8818359375, 66.349609375, 8.01828384399414
v,124.95166015625, 66.36328125, 8.018289566040039
v,124.95166015625, 66.36328125, 8.213680267333984
v,124.962158203125, 66.30859375, 8.213680267333984
v,124.962158203125, 66.30859375, 8.018289566040039
v,124.716064453125, 68.1318359375, 8.018299102783203
v,124.716064453125, 68.1318359375, 8.211467742919922
v,123.536865234375, 67.9013671875, 8.211404800415039
v,123.537109375, 67.9013671875, 8.018234252929688
v,124.57666015625, 68.103515625, 8.018291473388672
v,123.537109375, 67.9013671875, 8.018234252929688
v,123.536865234375, 67.9013671875, 8.211404800415039
v,123.5263671875, 67.955078125, 8.211404800415039
v,123.5263671875, 67.955078125, 8.018234252929688
v,123.5263671875, 67.955078125, 8.018234252929688
v,123.5263671875, 67.955078125, 8.211404800415039
v,124.70556640625, 68.185546875, 8.211469650268555
v,124.70556640625, 68.185546875, 8.018299102783203
v,124.5673828125, 68.158203125, 8.018291473388672
v,124.70556640625, 68.185546875, 8.018299102783203
v,124.70556640625, 68.185546875, 8.211469650268555
v,124.716064453125, 68.1318359375, 8.211467742919922
v,124.716064453125, 68.1318359375, 8.018299102783203
v,124.958984375, 68.6123046875, 8.018318176269531
v,124.958984375, 68.6123046875, 8.21148681640625
v,123.4853515625, 68.3251953125, 8.211406707763672
v,123.4853515625, 68.3251953125, 8.018238067626953
v,124.50390625, 68.5234375, 8.018291473388672
v,123.4853515625, 68.3251953125, 8.018238067626953
v,123.4853515625, 68.3251953125, 8.211406707763672
v,123.474853515625, 68.3798828125, 8.211406707763672
v,123.474853515625, 68.3798828125, 8.018238067626953
v,123.474853515625, 68.3798828125, 8.018238067626953
v,123.474853515625, 68.3798828125, 8.211406707763672
v,124.948486328125, 68.6669921875, 8.21148681640625
v,124.948486328125, 68.6669921875, 8.018318176269531
v,124.494384765625, 68.578125, 8.018291473388672
v,124.948486328125, 68.6669921875, 8.018318176269531
v,124.948486328125, 68.6669921875, 8.21148681640625
v,124.958984375, 68.6123046875, 8.21148681640625
v,124.958984375, 68.6123046875, 8.018318176269531
v,124.73681640625, 67.1845703125, 8.018287658691406
v,124.73681640625, 67.1845703125, 8.451255798339844
v,123.895751953125, 67.0380859375, 8.451210021972656
v,123.895751953125, 67.0380859375, 8.018241882324219
v,123.895751953125, 67.0380859375, 8.018241882324219
v,123.895751953125, 67.0380859375, 8.451210021972656
v,123.810546875, 67.5283203125, 8.451211929321289
v,123.810546875, 67.5283203125, 8.018243789672852
v,123.810546875, 67.5283203125, 8.018243789672852
v,123.810546875, 67.5283203125, 8.451211929321289
v,124.651611328125, 67.6748046875, 8.451257705688477
v,124.651611328125, 67.6748046875, 8.018289566040039
v,124.651611328125, 67.6748046875, 8.018289566040039
v,124.651611328125, 67.6748046875, 8.451257705688477
v,124.73681640625, 67.1845703125, 8.451255798339844
v,124.73681640625, 67.1845703125, 8.018287658691406
v,125.5341796875, 69.2353515625, 0.6441349983215332
v,125.533935546875, 69.234375, 7.77633810043335
v,126.189453125, 69.3623046875, 7.7763752937316895
v,126.18994140625, 69.3623046875, 0.6441712379455566
i,0,2,3
i,4,6,8
i,13,15,12
i,17,18,20
i,23,26,27
i,30,32,33
i,57,58,35
i,75,76,79
i,91,92,98
i,103,104,107
i,110,112,113
i,115,117,114
i,118,120,121
i,123,125,122
i,127,129,126
i,130,132,133
i,134,136,137
i,139,141,138
i,143,145,142
i,146,148,149
i,150,152,154
i,157,161,162
i,166,168,170
i,173,175,172
i,176,178,179
i,181,183,180
i,185,187,184
i,189,191,188
i,193,195,192
i,197,198,199
i,202,204,201
i,206,207,208
i,210,212,213
i,215,217,214
i,219,221,222
i,225,227,224
i,228,230,231
i,233,235,232
i,238,239,240
i,243,245,242
i,248,249,250
i,252,254,251
i,257,258,259
i,261,263,260
i,266,267,268
i,270,272,269
i,275,276,277
i,279,281,278
i,284,285,286
i,288,290,287
i,293,294,295
i,296,298,299
i,302,303,304
i,306,308,305
i,311,312,313
i,315,317,314
i,318,320,321
i,323,325,322
i,327,329,326
i,330,332,333
i,334,336,337
i,0,1,2
i,4,5,6
i,6,7,8
i,8,9,4
i,9,10,4
i,10,11,4
i,13,14,15
i,21,16,17
i,18,19,20
i,21,17,20
i,23,24,25
i,27,28,22
i,28,29,22
i,23,25,26
i,27,22,23
i,30,31,32
i,65,34,35
i,35,36,37
i,38,39,40
i,65,35,58
i,35,37,57
i,63,64,62
i,64,65,58
i,62,64,58
i,61,62,58
i,59,60,61
i,58,59,61
i,40,41,43
i,41,42,43
i,43,44,47
i,44,45,47
i,38,40,52
i,40,43,48
i,45,46,47
i,48,49,51
i,49,50,51
i,43,47,48
i,40,48,52
i,48,51,52
i,52,53,54
i,55,56,57
i,52,54,38
i,54,55,38
i,37,38,55
i,55,57,37
i,89,66,67
i,68,69,71
i,69,70,71
i,88,89,67
i,88,67,68
i,85,86,84
i,86,87,84
i,87,88,79
i,88,68,79
i,68,71,72
i,72,73,75
i,73,74,75
i,68,72,79
i,83,84,87
i,81,82,83
i,80,81,83
i,72,75,79
i,76,77,78
i,80,83,87
i,76,78,79
i,79,80,87
i,101,90,91
i,92,93,95
i,93,94,95
i,95,96,97
i,100,101,91
i,98,99,100
i,92,95,97
i,98,100,91
i,92,97,98
i,109,102,108
i,102,103,108
i,104,105,106
i,104,106,107
i,108,103,107
i,110,111,112
i,115,116,117
i,118,119,120
i,123,124,125
i,127,128,129
i,130,131,132
i,134,135,136
i,139,140,141
i,143,144,145
i,146,147,148
i,150,151,152
i,152,153,154
i,154,155,156
i,156,150,154
i,157,158,161
i,158,159,161
i,159,160,161
i,162,163,164
i,162,164,157
i,171,165,166
i,166,167,168
i,168,169,170
i,170,171,166
i,173,174,175
i,176,177,178
i,181,182,183
i,185,186,187
i,189,190,191
i,193,194,195
i,200,196,199
i,196,197,199
i,202,203,204
i,209,205,208
i,205,206,208
i,210,211,212
i,215,216,217
i,223,218,219
i,219,220,221
i,222,223,219
i,225,226,227
i,228,229,230
i,233,234,235
i,241,236,240
i,236,237,240
i,237,238,240
i,243,244,245
i,250,246,247
i,247,248,250
i,252,253,254
i,259,255,256
i,256,257,259
i,261,262,263
i,268,264,265
i,265,266,268
i,270,271,272
i,277,273,274
i,274,275,277
i,279,280,281
i,286,282,283
i,283,284,286
i,288,289,290
i,295,291,292
i,292,293,295
i,296,297,298
i,304,300,301
i,301,302,304
i,306,307,308
i,313,309,310
i,310,311,313
i,315,316,317
i,318,319,320
i,323,324,325
i,327,328,329
i,330,331,332
i,334,335,336
n,4.420186996459961, 0.8637923002243042, 0.0002687621454242617
n,0.00023648781643714756, 5.632275860989466e-05, -4.50379753112793
n,-0.00023818564659450203, -5.69124094909057e-05, 4.50379753112793
n,-0.00026123702991753817, -6.098715675761923e-05, 4.50379753112793
n,-0.0002356306795263663, -5.930311817792244e-05, 4.50379753112793
n,-0.00023305864306166768, -5.405586853157729e-05, 4.50379753112793
n,-0.00024509927607141435, -4.6685578126925975e-05, 4.50379753112793
n,-0.00024756003404036164, -5.8618144976207986e-05, 4.50379753112793
n,-0.000257364270510152, -6.004884926369414e-05, 4.50379753112793
n,-0.00023403021623380482, -6.194159504957497e-05, 4.50379753112793
n,-0.0002379716170253232, -4.532792809186503e-05, 4.50379753112793
n,-0.00023611092183273286, -4.5910455810371786e-05, 4.50379753112793
n,-0.00022028687817510217, -0.00011446377902757376, 4.50379753112793
n,-0.00023695247364230454, -4.607409209711477e-05, 4.50379753112793
n,-0.00023507641162723303, -5.644732300424948e-05, 4.50379753112793
n,-0.00024413054052274674, -6.095145727158524e-05, 4.50379753112793
n,-0.7928085327148438, 4.433469295501709, 0.0
n,4.434946537017822, 0.7845010757446289, 0.0
n,0.7787272334098816, -4.4359636306762695, 0.0
n,-4.43503999710083, -0.7839717268943787, 0.0
n,0.8508918881416321, -4.4226884841918945, -7.334942347370088e-05
n,-4.421563148498535, -0.8567203879356384, -0.00033334075124002993
n,-0.8570019006729126, 4.4215087890625, -0.0013522645458579063
n,4.421567440032959, 0.85670006275177, 0.0007908310508355498
n,0.7660629153251648, -4.438168525695801, 0.0
n,-4.437156677246094, -0.7719017267227173, 0.0
n,-0.7687364816665649, 4.437705993652344, 0.0
n,-4.420290470123291, -0.8632624745368958, 0.0
n,-4.420276165008545, -0.8633351922035217, 0.0
n,-1.5313804149627686, 4.2354536056518555, 0.0
n,4.420616149902344, 0.8615939617156982, 0.0
n,0.8608282804489136, -4.420765399932861, 0.0
n,-4.420802116394043, -0.8606398701667786, 0.0
n,0.8625239133834839, -4.420434951782227, 0.0
n,4.421093940734863, 0.859139621257782, 0.00025805243058130145
n,1.5294932126998901, -4.236135482788086, 8.927415183279663e-05
n,-4.420614719390869, -0.8615995645523071, -0.0002580244326964021
n,-0.8610252737998962, 4.420727252960205, 0.0004658052057493478
n,-0.6979434490203857, 4.449389934539795, -2.1218647816567682e-05
n,4.420472621917725, 0.8623301982879639, 0.0002580161381047219
n,0.8335497975349426, -4.425989627838135, 0.0
n,-4.427450656890869, -0.825754702091217, 0.0
n,-0.8303037881851196, 4.426599979400635, 0.0
n,4.424253940582275, 0.8427149653434753, 0.0
n,0.8600717186927795, -4.420912742614746, 0.0
n,-4.42099666595459, -0.8596382737159729, 0.0
n,-0.8779903054237366, 4.417388916015625, 0.0
n,4.42099666595459, 0.8596382737159729, 0.0
n,0.8593173623085022, -4.421059608459473, 0.0009645684040151536
n,-4.418377876281738, -0.87298583984375, -0.004959549754858017
n,-0.860567033290863, 4.420816421508789, 0.0
n,4.4183807373046875, 0.8729864358901978, 0.0
n,0.8620816469192505, -4.420521259307861, 0.0
n,-4.420997142791748, -0.8596382737159729, 0.0
n,-0.8613334894180298, 4.4206671714782715, 0.0
n,4.420997142791748, 0.8596382737159729, 0.0
n,0.7732306122779846, -4.436925411224365, 0.0
n,-4.437209129333496, -0.7716031074523926, 0.0
n,-0.7732306122779846, 4.436925411224365, 0.0
n,4.437209129333496, 0.7716031074523926, 0.0
n,-0.8540014028549194, 4.422089099884033, -5.192613753024489e-05
n,4.420504570007324, 0.8621671199798584, 0.00013439073518384248
n,0.00023858431086409837, 5.996278559905477e-05, -4.50379753112793
n,0.00016586060519330204, 4.2198633309453726e-05, -4.50379753112793
n,0.0002352323499508202, 5.5763743148418143e-05, -4.50379753112793
n,0.0002348460111534223, 5.595871698460542e-05, -4.50379753112793
n,0.0002344571112189442, 5.879305172129534e-05, -4.50379753112793
n,-0.00023819287889637053, -5.6918121117632836e-05, 4.50379753112793
n,-0.00023343073553405702, -6.447582563851029e-05, 4.50379753112793
n,-0.0002490793413016945, -4.397807424538769e-05, 4.50379753112793
n,-0.0002512493811082095, -5.5505053751403466e-05, 4.50379753112793
n,-0.0002367547422181815, -6.506344652734697e-05, 4.50379753112793
n,-0.0002490603656042367, -5.4340627684723586e-05, 4.50379753112793
n,-0.0002407692518318072, -4.251081918482669e-05, 4.50379753112793
n,-0.00023896063794381917, -6.37855555396527e-05, 4.50379753112793
n,-0.0002438960364088416, -5.792695810669102e-05, 4.50379753112793
n,-0.00023841239453759044, -5.297164534567855e-05, 4.50379753112793
n,-0.00024241689243353903, -5.696706284652464e-05, 4.50379753112793
n,-0.00023948217858560383, -4.677386095863767e-05, 4.50379753112793
n,-0.00023198006965685636, -6.0282189224381e-05, 4.50379753112793
n,-0.00023896974744275212, -5.182909808354452e-05, 4.50379753112793
n,-0.00023981460253708065, -5.192671233089641e-05, 4.50379753112793
n,-0.00025846491917036474, -5.385567419580184e-05, 4.50379753112793
n,-0.00023887430143076926, -5.125101233716123e-05, 4.50379753112793
n,-0.00023420686193276197, -5.367660560295917e-05, 4.50379753112793
n,-0.00024054455570876598, -4.677255128626712e-05, 4.50379753112793
n,-0.0002612676180433482, -5.9947189583908767e-05, 4.50379753112793
n,-0.0002385462576057762, -4.9346544983563945e-05, 4.50379753112793
n,-0.0002388166030868888, -5.2893985412083566e-05, 4.50379753112793
n,-0.00024034237139858305, -5.839562072651461e-05, 4.50379753112793
n,-0.0002357527264393866, -6.185116217238829e-05, 4.50379753112793
n,-0.00023783101642038673, -6.02198597334791e-05, 4.50379753112793
n,-0.00023975082149263471, -5.849328590556979e-05, 4.50379753112793
n,-0.0002344296226510778, -5.3687257604906335e-05, 4.50379753112793
n,-0.00023984328436199576, -6.263954855967313e-05, 4.50379753112793
n,-0.0002390872105024755, -6.358999235089868e-05, 4.50379753112793
n,-0.0002364890679018572, -6.204110104590654e-05, 4.50379753112793
n,-0.0002344512176932767, -4.5587737986352295e-05, 4.50379753112793
n,-0.00023927261645440012, -6.16663892287761e-05, 4.50379753112793
n,-0.0002597432176116854, -5.132023579790257e-05, 4.50379753112793
n,-0.0002345727989450097, -5.864319973625243e-05, 4.50379753112793
n,-0.0002376702759647742, -5.595601032837294e-05, 4.50379753112793
n,-0.00023943667474668473, -5.7955607189796865e-05, 4.50379753112793
n,-0.00023948018497321755, -5.7213110267184675e-05, 4.50379753112793
n,-0.00023623478773515671, -6.136453157523647e-05, 4.50379753112793
n,-0.0002359263744438067, -5.317744944477454e-05, 4.50379753112793
n,-0.00023380780476145446, -4.957074634148739e-05, 4.50379753112793
n,-0.0002317635080544278, -5.886666622245684e-05, 4.50379753112793
n,-0.00023144322040025145, -5.477762169903144e-05, 4.50379753112793
n,-0.00023385313397739083, -4.980614176020026e-05, 4.50379753112793
n,-0.0002420740929665044, -4.706996332970448e-05, 4.50379753112793
n,-0.0002312897559022531, -6.11549403402023e-05, 4.50379753112793
n,-0.00023181858705356717, -6.04968226980418e-05, 4.50379753112793
n,-0.00021872512297704816, -5.2543695346685126e-05, 4.50379753112793
n,-0.00022324800374917686, -5.2633175073424354e-05, 4.50379753112793
n,-0.0002716060553211719, -5.065668301540427e-05, 4.50379753112793
n,-0.0002311434072908014, -5.554010203923099e-05, 4.50379753112793
n,-0.00023083359701558948, -5.4768137488281354e-05, 4.50379753112793
n,-0.0002396649360889569, -5.522841092897579e-05, 4.50379753112793
n,-0.0002170757215935737, -4.2209165258100256e-05, 4.50379753112793
n,-0.00023153136135078967, -6.117850716691464e-05, 4.50379753112793
n,-0.00023082290135789663, -5.657535803038627e-05, 4.50379753112793
n,-0.00023905860143713653, -5.508868343895301e-05, 4.50379753112793
n,-0.00023028838040772825, -5.789667193312198e-05, 4.50379753112793
n,-0.0002297015889780596, -5.645098281092942e-05, 4.50379753112793
n,-0.00023606511240359396, -5.0210328481625766e-05, 4.50379753112793
n,-0.0003489060327410698, -0.00013987644342705607, 4.50379753112793
n,-0.00023370074632111937, -6.0005735576851293e-05, 4.50379753112793
n,-0.00024050299543887377, -5.757246617577039e-05, 4.50379753112793
n,-0.00024050299543887377, -5.757246617577039e-05, 4.50379753112793
n,-0.00025355262914672494, -6.097574805608019e-05, 4.50379753112793
n,-0.0002436799113638699, -3.119279790553264e-05, 4.50379753112793
n,-0.0002674704883247614, -6.185991514939815e-05, 4.50379753112793
n,-0.00024085021868813783, -5.7338085753144696e-05, 4.50379753112793
n,-0.0002608926733955741, -6.080889215809293e-05, 4.50379753112793
n,-0.00025200299569405615, -5.906320075155236e-05, 4.50379753112793
n,-0.00023854199389461428, -5.722914283978753e-05, 4.50379753112793
n,-0.00017525909061077982, -4.407201413414441e-05, 4.50379753112793
n,-0.00023451978631783277, -6.161112833069637e-05, 4.50379753112793
n,-0.00023451978631783277, -6.161112833069637e-05, 4.50379753112793
n,-0.00022267379972618073, -0.00011549043847480789, 4.50379753112793
n,-0.00023817566398065537, -4.4421649363357574e-05, 4.50379753112793
n,-0.00023611092183273286, -4.5910455810371786e-05, 4.50379753112793
n,-0.00023693543334957212, -4.585847273119725e-05, 4.50379753112793
n,-0.00023695247364230454, -4.607409209711477e-05, 4.50379753112793
n,-0.00023507641162723303, -5.644732300424948e-05, 4.50379753112793
n,-0.000237072745221667, -6.647333066212013e-05, 4.50379753112793
n,-0.7928085327148438, 4.433469295501709, 0.0
n,4.434946537017822, 0.7845010757446289, 0.0
n,0.7787272334098816, -4.4359636306762695, 0.0
n,-4.43503999710083, -0.7839717268943787, 0.0
n,0.8654285073280334, -4.41986608505249, -0.0030236593447625637
n,0.8508870005607605, -4.422689437866211, 0.0
n,0.8427150249481201, -4.424254417419434, 0.00015072601672727615
n,0.8509619235992432, -4.422675132751465, -4.0428396459901705e-05
n,-4.421567440032959, -0.85670006275177, -0.0003212826850358397
n,-4.421436786651611, -0.8573741912841797, 0.0
n,-4.421436786651611, -0.8573741912841797, 0.0
n,-4.420276165008545, -0.8633351922035217, 0.0
n,-4.420639991760254, -0.8614732027053833, -0.0005893393536098301
n,-0.7997978925704956, 4.432213306427002, -0.0001430498668923974
n,-0.8570927977561951, 4.4214911460876465, 0.0
n,-0.8632000088691711, 4.420302867889404, 0.0
n,-0.8515493273735046, 4.422562122344971, 0.0011201858287677169
n,4.421567440032959, 0.8567001223564148, 0.0007908305269666016
n,0.7660629153251648, -4.438168525695801, 0.0
n,-4.437156677246094, -0.7719016671180725, 0.0
n,-0.7687364816665649, 4.437705993652344, 0.0
n,-4.420290470123291, -0.8632624745368958, 0.0
n,-4.420276165008545, -0.8633351922035217, 0.0
n,-1.5299354791641235, 4.235975742340088, 0.0
n,-1.5307228565216064, 4.235630035400391, -0.02268275059759617
n,4.420616149902344, 0.8615939617156982, 0.0
n,0.8599979281425476, -4.420927047729492, 0.0
n,0.860479474067688, -4.420822620391846, -0.009661974385380745
n,-4.420802116394043, -0.8606398701667786, 0.0
n,0.8625239133834839, -4.420434951782227, 0.0
n,4.420751094818115, 0.86090087890625, 0.0
n,4.420047283172607, 0.8645092248916626, 0.0003738837840501219
n,4.420802116394043, 0.8606398105621338, -0.0005181337473914027
n,1.5294930934906006, -4.236135482788086, 8.927414455683902e-05
n,-4.4205756187438965, -0.8618020415306091, -0.00035862618824467063
n,-0.8596286177635193, 4.420998573303223, -5.017518924432807e-05
n,-0.864995539188385, 4.419951915740967, 0.0
n,-0.8625234365463257, 4.420431137084961, 0.005657285917550325
n,-0.7104476094245911, 4.4474101066589355, -4.146772698732093e-05
n,4.420472621917725, 0.8623301982879639, 0.0002580161381047219
n,0.8290825486183167, -4.426828861236572, 0.0
n,0.8318882584571838, -4.426294326782227, -0.008469797670841217
n,-4.427450656890869, -0.825754702091217, 0.0
n,-0.8330061435699463, 4.426092147827148, 0.0
n,-0.8320026993751526, 4.4262776374816895, 0.0051198434084653854
n,4.424253940582275, 0.8427149653434753, 0.0
n,0.8650644421577454, -4.419938564300537, 0.0
n,0.8603830933570862, -4.420851707458496, 0.0017635535914450884
n,-4.42099666595459, -0.8596382737159729, 0.0
n,-0.859229326248169, 4.42107629776001, 0.0
n,-0.860382080078125, 4.420847415924072, -0.006537497043609619
n,4.42099666595459, 0.8596382737159729, 0.0
n,0.8793037533760071, -4.41712760925293, 0.0
n,0.8615264892578125, -4.420609474182129, 0.013330727815628052
n,-4.4217376708984375, -0.8558201789855957, 0.0
n,-0.8618314862251282, 4.42056941986084, 0.0
n,-0.8616835474967957, 4.420598983764648, 0.0008285275544039905
n,4.4183807373046875, 0.8729864954948425, 0.0
n,0.8593564033508301, -4.421051979064941, 0.0
n,0.8612398505210876, -4.420682907104492, -0.004605828784406185
n,-4.420997142791748, -0.8596382737159729, 0.0
n,-0.8611984252929688, 4.420693397521973, 0.0
n,-0.861240029335022, 4.420685291290283, -0.00022780893777962774
n,4.420997142791748, 0.8596382737159729, 0.0
n,0.7732306122779846, -4.436925411224365, 0.0
n,-4.437209129333496, -0.7716031074523926, 0.0
n,-0.7732306122779846, 4.436925411224365, 0.0
n,4.437209129333496, 0.7716031074523926, 0.0
n,-0.8596382737159729, 4.420997142791748, 0.0004853539867326617
u,0.9024122953414917, 0.3546670079231262, 0
u,0.8670856952667236, 1.0, 0
u,0.8670856952667236, 0.3546670079231262, 0
u,0.0, 0.0, 0
u,0.0, 0.0, 0
u,0.0, 0.0, 0
u,0.10628719627857208, 0.031622499227523804, 0
u,0.13931849598884583, 0.056830499321222305, 0
u,0.10659799724817276, 0.057683300226926804, 0
u,0.10659799724817276, 0.057683300226926804, 0
u,0.13931849598884583, 0.056830499321222305, 0
u,0.1569153070449829, 0.08155380189418793, 0
u,0.10628719627857208, 0.031622499227523804, 0
u,0.08565589785575867, 0.003699899883940816, 0
u,0.1568208932876587, 0.0035816000308841467, 0
u,0.08961430191993713, 0.10344050079584122, 0
u,0.12515300512313843, 0.08160629868507385, 0
u,0.12543749809265137, 0.10235829651355743, 0
u,0.06752660125494003, 0.12149839848279953, 0
u,0.0640576034784317, 0.12153290212154388, 0
u,0.08574999868869781, 0.08167169988155365, 0
u,0.10189040005207062, 0.25338658690452576, 0
u,0.13295410573482513, 0.2524473965167999, 0
u,0.1591290980577469, 0.27072811126708984, 0
u,0.03276890143752098, 0.0021401001140475273, 0
u,0.18082650005817413, 0.002190799918025732, 0
u,0.08565589785575867, 0.003699899883940816, 0
u,0.2237612009048462, 0.3110975921154022, 0
u,0.22370469570159912, 0.0693202018737793, 0
u,0.22647890448570251, 0.06519989669322968, 0
u,0.06752660125494003, 0.12149839848279953, 0
u,0.06471049785614014, 0.26615840196609497, 0
u,0.0640576034784317, 0.12153290212154388, 0
u,0.04784350097179413, 0.27662140130996704, 0
u,0.04437490180134773, 0.1691935956478119, 0
u,0.047843899577856064, 0.16919369995594025, 0
u,0.162597194314003, 0.1592531055212021, 0
u,0.1591290980577469, 0.27072811126708984, 0
u,0.1591280996799469, 0.15925319492816925, 0
u,0.18919019401073456, 0.26790449023246765, 0
u,0.1857306957244873, 0.12859439849853516, 0
u,0.1891998052597046, 0.12859490513801575, 0
u,0.13295410573482513, 0.2524473965167999, 0
u,0.10078919678926468, 0.1741930991411209, 0
u,0.13185280561447144, 0.17325370013713837, 0
u,0.18084299564361572, 0.06520789861679077, 0
u,0.21704760193824768, 0.0032146999146789312, 0
u,0.21707120537757874, 0.06520149856805801, 0
u,0.9791948199272156, 0.5141735076904297, 0
u,0.9738494157791138, 0.5409384965896606, 0
u,0.9738494157791138, 0.5141735076904297, 0
u,0.9791948199272156, 0.5141735076904297, 0
u,0.9738494157791138, 0.4642857015132904, 0
u,0.9791948199272156, 0.4642857015132904, 0
u,0.9791948199272156, 0.6176198720932007, 0
u,0.9738494157791138, 0.590843915939331, 0
u,0.9791948199272156, 0.590843915939331, 0
u,0.9791948199272156, 0.5409384965896606, 0
u,0.9738494157791138, 0.590843915939331, 0
u,0.9738494157791138, 0.5409384965896606, 0
u,0.9851800799369812, 0.7841464877128601, 0
u,0.9037656784057617, 0.8082364201545715, 0
u,0.9073302149772644, 0.7307661771774292, 0
u,0.9851800799369812, 0.8082364201545715, 0
u,0.9154574275016785, 0.868340015411377, 0
u,0.9154574275016785, 0.8136742115020752, 0
u,0.9073302149772644, 0.9941126704216003, 0
u,0.9037656784057617, 0.9167888164520264, 0
u,0.9851800799369812, 0.9426633715629578, 0
u,0.9073302149772644, 0.6195651888847351, 0
u,0.9851800799369812, 0.7281172275543213, 0
u,0.9073302149772644, 0.7281172275543213, 0
u,0.8263598084449768, 0.35110169649124146, 0
u,0.8413438200950623, 0.3338508903980255, 0
u,0.8413438200950623, 0.35110169649124146, 0
u,0.8413438200950623, 0.3338508903980255, 0
u,0.8779377937316895, 0.35110169649124146, 0
u,0.8413438200950623, 0.35110169649124146, 0
u,0.8779377937316895, 0.3338508903980255, 0
u,0.8922178745269775, 0.35110169649124146, 0
u,0.8779377937316895, 0.35110169649124146, 0
u,0.0, 0.31677019596099854, 0
u,0.051068201661109924, 0.32197651267051697, 0
u,0.0, 0.32197651267051697, 0
u,0.7592921853065491, 0.32197651267051697, 0
u,0.7378308176994324, 0.31677019596099854, 0
u,0.7592921853065491, 0.31677019596099854, 0
u,0.051068201661109924, 0.32197651267051697, 0
u,0.051068201661109924, 0.31677019596099854, 0
u,0.16855019330978394, 0.31677019596099854, 0
u,0.2611671984195709, 0.32197651267051697, 0
u,0.48411309719085693, 0.31677019596099854, 0
u,0.48411309719085693, 0.32197651267051697, 0
u,0.48411309719085693, 0.32197651267051697, 0
u,0.48411309719085693, 0.31677019596099854, 0
u,0.5798835158348083, 0.31677019596099854, 0
u,0.694912314414978, 0.32197651267051697, 0
u,0.6487746834754944, 0.31677019596099854, 0
u,0.694912314414978, 0.31677019596099854, 0
u,0.694912314414978, 0.32197651267051697, 0
u,0.7378308176994324, 0.31677019596099854, 0
u,0.7378308176994324, 0.32197651267051697, 0
u,0.7897608280181885, 0.3535122871398926, 0
u,0.7805690169334412, 1.0, 0
u,0.7805690169334412, 0.32654350996017456, 0
u,0.3946720063686371, 0.32654350996017456, 0
u,0.18613719940185547, 1.0, 0
u,0.18613719940185547, 0.32654350996017456, 0
u,0.3946720063686371, 0.32654350996017456, 0
u,0.6160116195678711, 1.0, 0
u,0.3946720063686371, 1.0, 0
u,0.7805690169334412, 0.32654350996017456, 0
u,0.6160116195678711, 1.0, 0
u,0.6160116195678711, 0.32654350996017456, 0
u,0.04147690162062645, 1.0, 0
u,0.04079969972372055, 1.0, 0
u,0.04079969972372055, 0.3535122871398926, 0
u,0.04147690162062645, 1.0, 0
u,0.18613719940185547, 0.32654350996017456, 0
u,0.18613719940185547, 1.0, 0
u,0.9989026188850403, 0.9976645112037659, 0
u,0.9864016771316528, 0.9976645112037659, 0
u,0.9864016771316528, 0.9046428203582764, 0
u,0.9989026188850403, 0.6909937858581543, 0
u,0.9864016771316528, 0.696265697479248, 0
u,0.9864016771316528, 0.6909937858581543, 0
u,0.9989026188850403, 0.8443291187286377, 0
u,0.9864016771316528, 0.8443291187286377, 0
u,0.9864016771316528, 0.7893596291542053, 0
u,0.9989026188850403, 0.8443291187286377, 0
u,0.9864016771316528, 0.8496010899543762, 0
u,0.9864016771316528, 0.8443291187286377, 0
u,0.9727643132209778, 0.6173738837242126, 0
u,0.960250973701477, 0.6173738837242126, 0
u,0.960250973701477, 0.5141584873199463, 0
u,0.9727643132209778, 0.38664600253105164, 0
u,0.960250973701477, 0.39192309975624084, 0
u,0.960250973701477, 0.38664600253105164, 0
u,0.9727643132209778, 0.502009928226471, 0
u,0.960250973701477, 0.502009928226471, 0
u,0.960250973701477, 0.49524611234664917, 0
u,0.9727643132209778, 0.502009928226471, 0
u,0.960250973701477, 0.5072870254516602, 0
u,0.960250973701477, 0.502009928226471, 0
u,0.9590088725090027, 0.6176180839538574, 0
u,0.9466527104377747, 0.6176180839538574, 0
u,0.9466527104377747, 0.517006516456604, 0
u,0.9590088725090027, 0.3788819909095764, 0
u,0.9466527104377747, 0.3841527998447418, 0
u,0.9466527104377747, 0.3788819909095764, 0
u,0.9590088725090027, 0.4982500970363617, 0
u,0.9466527104377747, 0.4982500970363617, 0
u,0.9466527104377747, 0.48487168550491333, 0
u,0.9466527104377747, 0.4982500970363617, 0
u,0.9590088725090027, 0.5035207867622375, 0
u,0.9466527104377747, 0.5035207867622375, 0
u,0.9157261848449707, 0.6169937252998352, 0
u,0.9037656784057617, 0.6169937252998352, 0
u,0.9037656784057617, 0.5216038823127747, 0
u,0.9157261848449707, 0.33074530959129333, 0
u,0.9037656784057617, 0.335847407579422, 0
u,0.9037656784057617, 0.33074530959129333, 0
u,0.9157261848449707, 0.4738694131374359, 0
u,0.9037656784057617, 0.4738694131374359, 0
u,0.9037656784057617, 0.4313414990901947, 0
u,0.9157261848449707, 0.4738694131374359, 0
u,0.9037656784057617, 0.4789715111255646, 0
u,0.9037656784057617, 0.4738694131374359, 0
u,0.9173640012741089, 0.5367686152458191, 0
u,0.9449763894081116, 0.6176012754440308, 0
u,0.9173640012741089, 0.6176012754440308, 0
u,0.9449763894081116, 0.3618012070655823, 0
u,0.9173640012741089, 0.40886861085891724, 0
u,0.9173640012741089, 0.3618012070655823, 0
u,0.9449763894081116, 0.40886861085891724, 0
u,0.9173640012741089, 0.48970139026641846, 0
u,0.9173640012741089, 0.40886861085891724, 0
u,0.9173640012741089, 0.48970139026641846, 0
u,0.9449763894081116, 0.5367686152458191, 0
u,0.9173640012741089, 0.5367686152458191, 0
u,0.8263598084449768, 1.0, 0
u,0.8670856952667236, 0.3546670079231262, 0
u,0.8670856952667236, 1.0, 0
u,0.9024122953414917, 0.3546670079231262, 0
u,0.9024122953414917, 1.0, 0
u,0.8670856952667236, 1.0, 0
u,0.0, 0.0, 0
u,0.0, 0.0, 0
u,0.0, 0.0, 0
u,0.0, 0.0, 0
u,0.0, 0.0, 0
u,0.0, 0.0, 0
u,0.0, 0.0, 0
u,0.0, 0.0, 0
u,0.0, 0.0, 0
u,0.0, 0.0, 0
u,0.0, 0.0, 0
u,0.0, 0.0, 0
u,0.0, 0.0, 0
u,0.0, 0.0, 0
u,0.0, 0.0, 0
u,0.10628719627857208, 0.031622499227523804, 0
u,0.13899630308151245, 0.030780699104070663, 0
u,0.13931849598884583, 0.056830499321222305, 0
u,0.08574999868869781, 0.08167169988155365, 0
u,0.0857217013835907, 0.058227501809597015, 0
u,0.10659799724817276, 0.057683300226926804, 0
u,0.13931849598884583, 0.056830499321222305, 0
u,0.1568848043680191, 0.05637260153889656, 0
u,0.1569153070449829, 0.08155380189418793, 0
u,0.08574999868869781, 0.08167169988155365, 0
u,0.10659799724817276, 0.057683300226926804, 0
u,0.1569153070449829, 0.08155380189418793, 0
u,0.10628719627857208, 0.031622499227523804, 0
u,0.10659799724817276, 0.057683300226926804, 0
u,0.0857217013835907, 0.058227501809597015, 0
u,0.1568208932876587, 0.0035816000308841467, 0
u,0.1568848043680191, 0.05637260153889656, 0
u,0.13899630308151245, 0.030780699104070663, 0
u,0.1568848043680191, 0.05637260153889656, 0
u,0.13931849598884583, 0.056830499321222305, 0
u,0.13899630308151245, 0.030780699104070663, 0
u,0.10628719627857208, 0.031622499227523804, 0
u,0.0857217013835907, 0.058227501809597015, 0
u,0.08565589785575867, 0.003699899883940816, 0
u,0.1568208932876587, 0.0035816000308841467, 0
u,0.13899630308151245, 0.030780699104070663, 0
u,0.10628719627857208, 0.031622499227523804, 0
u,0.08961430191993713, 0.10344050079584122, 0
u,0.08931499719619751, 0.08166579902172089, 0
u,0.12515300512313843, 0.08160629868507385, 0
u,0.03514619916677475, 0.0062605999410152435, 0
u,0.08565899729728699, 0.0062779998406767845, 0
u,0.08574999868869781, 0.08167169988155365, 0
u,0.08574999868869781, 0.08167169988155365, 0
u,0.08931499719619751, 0.08166579902172089, 0
u,0.08961430191993713, 0.10344050079584122, 0
u,0.12543749809265137, 0.10235829651355743, 0
u,0.12515300512313843, 0.08160629868507385, 0
u,0.1569153070449829, 0.08155380189418793, 0
u,0.03514619916677475, 0.0062605999410152435, 0
u,0.08574999868869781, 0.08167169988155365, 0
u,0.0640576034784317, 0.12153290212154388, 0
u,0.08574999868869781, 0.08167169988155365, 0
u,0.08961430191993713, 0.10344050079584122, 0
u,0.06752660125494003, 0.12149839848279953, 0
u,0.04437490180134773, 0.17589910328388214, 0
u,0.01730489917099476, 0.17671780288219452, 0
u,0.04437490180134773, 0.1691935956478119, 0
u,0.01730489917099476, 0.17671780288219452, 0
u,0.03514619916677475, 0.0062605999410152435, 0
u,0.0640576034784317, 0.12153290212154388, 0
u,0.04437490180134773, 0.1691935956478119, 0
u,0.01730489917099476, 0.17671780288219452, 0
u,0.0640576034784317, 0.12153290212154388, 0
u,0.047843899577856064, 0.16919369995594025, 0
u,0.04437490180134773, 0.1691935956478119, 0
u,0.0640576034784317, 0.12153290212154388, 0
u,0.0643002986907959, 0.17529650032520294, 0
u,0.047843899577856064, 0.17579419910907745, 0
u,0.047843899577856064, 0.16919369995594025, 0
u,0.0640576034784317, 0.12153290212154388, 0
u,0.0643002986907959, 0.17529650032520294, 0
u,0.047843899577856064, 0.16919369995594025, 0
u,0.1569153070449829, 0.08155380189418793, 0
u,0.15682420134544373, 0.006302400026470423, 0
u,0.17806890606880188, 0.06932809948921204, 0
u,0.15682420134544373, 0.006302400026470423, 0
u,0.17805230617523193, 0.006309499964118004, 0
u,0.17806890606880188, 0.06932809948921204, 0
u,0.17806890606880188, 0.06932809948921204, 0
u,0.22370469570159912, 0.0693202018737793, 0
u,0.1891998052597046, 0.12859490513801575, 0
u,0.22370469570159912, 0.0693202018737793, 0
u,0.22372829914093018, 0.17047519981861115, 0
u,0.1891998052597046, 0.12859490513801575, 0
u,0.12543749809265137, 0.10235829651355743, 0
u,0.1569153070449829, 0.08155380189418793, 0
u,0.1591280996799469, 0.15925319492816925, 0
u,0.1569153070449829, 0.08155380189418793, 0
u,0.17806890606880188, 0.06932809948921204, 0
u,0.1857306957244873, 0.12859439849853516, 0
u,0.22372829914093018, 0.17047519981861115, 0
u,0.18919679522514343, 0.17151950299739838, 0
u,0.1891998052597046, 0.12859490513801575, 0
u,0.1857306957244873, 0.12859439849853516, 0
u,0.1857278048992157, 0.17162440717220306, 0
u,0.162597194314003, 0.1592531055212021, 0
u,0.1857278048992157, 0.17162440717220306, 0
u,0.16259729862213135, 0.17232389748096466, 0
u,0.162597194314003, 0.1592531055212021, 0
u,0.17806890606880188, 0.06932809948921204, 0
u,0.1891998052597046, 0.12859490513801575, 0
u,0.1857306957244873, 0.12859439849853516, 0
u,0.1569153070449829, 0.08155380189418793, 0
u,0.1857306957244873, 0.12859439849853516, 0
u,0.1591280996799469, 0.15925319492816925, 0
u,0.1857306957244873, 0.12859439849853516, 0
u,0.162597194314003, 0.1592531055212021, 0
u,0.1591280996799469, 0.15925319492816925, 0
u,0.1591280996799469, 0.15925319492816925, 0
u,0.15912829339504242, 0.17242880165576935, 0
u,0.13185280561447144, 0.17325370013713837, 0
u,0.10078919678926468, 0.1741930991411209, 0
u,0.06776890158653259, 0.17519159615039825, 0
u,0.06752660125494003, 0.12149839848279953, 0
u,0.1591280996799469, 0.15925319492816925, 0
u,0.13185280561447144, 0.17325370013713837, 0
u,0.12543749809265137, 0.10235829651355743, 0
u,0.13185280561447144, 0.17325370013713837, 0
u,0.10078919678926468, 0.1741930991411209, 0
u,0.12543749809265137, 0.10235829651355743, 0
u,0.08961430191993713, 0.10344050079584122, 0
u,0.12543749809265137, 0.10235829651355743, 0
u,0.10078919678926468, 0.1741930991411209, 0
u,0.10078919678926468, 0.1741930991411209, 0
u,0.06752660125494003, 0.12149839848279953, 0
u,0.08961430191993713, 0.10344050079584122, 0
u,0.01730489917099476, 0.17671780288219452, 0
u,0.04437490180134773, 0.17589910328388214, 0
u,0.0443744994699955, 0.2766213119029999, 0
u,0.04784350097179413, 0.27662140130996704, 0
u,0.047843899577856064, 0.17579419910907745, 0
u,0.06471049785614014, 0.26615840196609497, 0
u,0.047843899577856064, 0.17579419910907745, 0
u,0.0643002986907959, 0.17529650032520294, 0
u,0.06471049785614014, 0.26615840196609497, 0
u,0.0032397001050412655, 0.3110975921154022, 0
u,0.01730489917099476, 0.17671780288219452, 0
u,0.0443744994699955, 0.2766213119029999, 0
u,0.0032397001050412655, 0.3110975921154022, 0
u,0.0443744994699955, 0.2766213119029999, 0
u,0.04784350097179413, 0.27662140130996704, 0
u,0.18919679522514343, 0.17151950299739838, 0
u,0.22372829914093018, 0.17047519981861115, 0
u,0.18919019401073456, 0.26790449023246765, 0
u,0.22372829914093018, 0.17047519981861115, 0
u,0.2237612009048462, 0.3110975921154022, 0
u,0.18919019401073456, 0.26790449023246765, 0
u,0.2237612009048462, 0.3110975921154022, 0
u,0.0032397001050412655, 0.3110975921154022, 0
u,0.1591290980577469, 0.27072811126708984, 0
u,0.0032397001050412655, 0.3110975921154022, 0
u,0.04784350097179413, 0.27662140130996704, 0
u,0.1591290980577469, 0.27072811126708984, 0
u,0.04784350097179413, 0.27662140130996704, 0
u,0.06471049785614014, 0.26615840196609497, 0
u,0.06817939877510071, 0.26612401008605957, 0
u,0.06817939877510071, 0.26612401008605957, 0
u,0.06776890158653259, 0.17519159615039825, 0
u,0.10189040005207062, 0.25338658690452576, 0
u,0.06776890158653259, 0.17519159615039825, 0
u,0.10078919678926468, 0.1741930991411209, 0
u,0.10189040005207062, 0.25338658690452576, 0
u,0.04784350097179413, 0.27662140130996704, 0
u,0.06817939877510071, 0.26612401008605957, 0
u,0.1591290980577469, 0.27072811126708984, 0
u,0.18572109937667847, 0.26790401339530945, 0
u,0.18919019401073456, 0.26790449023246765, 0
u,0.2237612009048462, 0.3110975921154022, 0
u,0.16259729862213135, 0.17232389748096466, 0
u,0.1857278048992157, 0.17162440717220306, 0
u,0.18572109937667847, 0.26790401339530945, 0
u,0.16259819269180298, 0.2707279920578003, 0
u,0.16259729862213135, 0.17232389748096466, 0
u,0.18572109937667847, 0.26790401339530945, 0
u,0.06817939877510071, 0.26612401008605957, 0
u,0.10189040005207062, 0.25338658690452576, 0
u,0.1591290980577469, 0.27072811126708984, 0
u,0.13295410573482513, 0.2524473965167999, 0
u,0.13185280561447144, 0.17325370013713837, 0
u,0.15912829339504242, 0.17242880165576935, 0
u,0.16259819269180298, 0.2707279920578003, 0
u,0.18572109937667847, 0.26790401339530945, 0
u,0.2237612009048462, 0.3110975921154022, 0
u,0.13295410573482513, 0.2524473965167999, 0
u,0.15912829339504242, 0.17242880165576935, 0
u,0.1591290980577469, 0.27072811126708984, 0
u,0.1591290980577469, 0.27072811126708984, 0
u,0.16259819269180298, 0.2707279920578003, 0
u,0.2237612009048462, 0.3110975921154022, 0
u,0.0032397001050412655, 0.3110975921154022, 0
u,0.0, 0.31521740555763245, 0
u,0.03276890143752098, 0.0021401001140475273, 0
u,0.18082650005817413, 0.002190799918025732, 0
u,0.18084299564361572, 0.06520789861679077, 0
u,0.17805230617523193, 0.006309499964118004, 0
u,0.18084299564361572, 0.06520789861679077, 0
u,0.17806890606880188, 0.06932809948921204, 0
u,0.17805230617523193, 0.006309499964118004, 0
u,0.17805230617523193, 0.006309499964118004, 0
u,0.15682420134544373, 0.006302400026470423, 0
u,0.1568208932876587, 0.0035816000308841467, 0
u,0.03514619916677475, 0.0062605999410152435, 0
u,0.0032397001050412655, 0.3110975921154022, 0
u,0.03276890143752098, 0.0021401001140475273, 0
u,0.08565589785575867, 0.003699899883940816, 0
u,0.08565899729728699, 0.0062779998406767845, 0
u,0.03514619916677475, 0.0062605999410152435, 0
u,0.18082650005817413, 0.002190799918025732, 0
u,0.17805230617523193, 0.006309499964118004, 0
u,0.1568208932876587, 0.0035816000308841467, 0
u,0.08565589785575867, 0.003699899883940816, 0
u,0.03514619916677475, 0.0062605999410152435, 0
u,0.03276890143752098, 0.0021401001140475273, 0
u,0.18082650005817413, 0.002190799918025732, 0
u,0.1568208932876587, 0.0035816000308841467, 0
u,0.08565589785575867, 0.003699899883940816, 0
u,0.0, 0.31521740555763245, 0
u,0.0032397001050412655, 0.3110975921154022, 0
u,0.22653740644454956, 0.31521740555763245, 0
u,0.0032397001050412655, 0.3110975921154022, 0
u,0.2237612009048462, 0.3110975921154022, 0
u,0.22653740644454956, 0.31521740555763245, 0
u,0.22370469570159912, 0.0693202018737793, 0
u,0.17806890606880188, 0.06932809948921204, 0
u,0.18084299564361572, 0.06520789861679077, 0
u,0.22370469570159912, 0.0693202018737793, 0
u,0.18084299564361572, 0.06520789861679077, 0
u,0.22647890448570251, 0.06519989669322968, 0
u,0.22653740644454956, 0.31521740555763245, 0
u,0.2237612009048462, 0.3110975921154022, 0
u,0.22647890448570251, 0.06519989669322968, 0
u,0.06752660125494003, 0.12149839848279953, 0
u,0.06817939877510071, 0.26612401008605957, 0
u,0.06471049785614014, 0.26615840196609497, 0
u,0.04784350097179413, 0.27662140130996704, 0
u,0.0443744994699955, 0.2766213119029999, 0
u,0.04437490180134773, 0.1691935956478119, 0
u,0.162597194314003, 0.1592531055212021, 0
u,0.16259819269180298, 0.2707279920578003, 0
u,0.1591290980577469, 0.27072811126708984, 0
u,0.18919019401073456, 0.26790449023246765, 0
u,0.18572109937667847, 0.26790401339530945, 0
u,0.1857306957244873, 0.12859439849853516, 0
u,0.13295410573482513, 0.2524473965167999, 0
u,0.10189040005207062, 0.25338658690452576, 0
u,0.10078919678926468, 0.1741930991411209, 0
u,0.18084299564361572, 0.06520789861679077, 0
u,0.18082669377326965, 0.003219699952751398, 0
u,0.21704760193824768, 0.0032146999146789312, 0
u,0.9791948199272156, 0.5141735076904297, 0
u,0.9791948199272156, 0.5409384965896606, 0
u,0.9738494157791138, 0.5409384965896606, 0
u,0.9791948199272156, 0.5141735076904297, 0
u,0.9738494157791138, 0.5141735076904297, 0
u,0.9738494157791138, 0.4642857015132904, 0
u,0.9791948199272156, 0.6176198720932007, 0
u,0.9738494157791138, 0.6176198720932007, 0
u,0.9738494157791138, 0.590843915939331, 0
u,0.9791948199272156, 0.5409384965896606, 0
u,0.9791948199272156, 0.590843915939331, 0
u,0.9738494157791138, 0.590843915939331, 0
u,0.9851800799369812, 0.7841464877128601, 0
u,0.9851800799369812, 0.8082364201545715, 0
u,0.9037656784057617, 0.8082364201545715, 0
u,0.9037656784057617, 0.8082364201545715, 0
u,0.9037656784057617, 0.7307661771774292, 0
u,0.9073302149772644, 0.7307661771774292, 0
u,0.9073302149772644, 0.7307661771774292, 0
u,0.9073302149772644, 0.7281172275543213, 0
u,0.9851800799369812, 0.7281172275543213, 0
u,0.9851800799369812, 0.7281172275543213, 0
u,0.9851800799369812, 0.7841464877128601, 0
u,0.9073302149772644, 0.7307661771774292, 0
u,0.9851800799369812, 0.8082364201545715, 0
u,0.9851800799369812, 0.9167888164520264, 0
u,0.9154574275016785, 0.868340015411377, 0
u,0.9851800799369812, 0.9167888164520264, 0
u,0.9037656784057617, 0.9167888164520264, 0
u,0.9154574275016785, 0.868340015411377, 0
u,0.9037656784057617, 0.9167888164520264, 0
u,0.9037656784057617, 0.868340015411377, 0
u,0.9154574275016785, 0.868340015411377, 0
u,0.9154574275016785, 0.8136742115020752, 0
u,0.9037656784057617, 0.8136742115020752, 0
u,0.9037656784057617, 0.8082364201545715, 0
u,0.9154574275016785, 0.8136742115020752, 0
u,0.9037656784057617, 0.8082364201545715, 0
u,0.9851800799369812, 0.8082364201545715, 0
u,0.9851800799369812, 0.9969083070755005, 0
u,0.9073302149772644, 0.9969083070755005, 0
u,0.9073302149772644, 0.9941126704216003, 0
u,0.9073302149772644, 0.9941126704216003, 0
u,0.9037656784057617, 0.9941126704216003, 0
u,0.9037656784057617, 0.9167888164520264, 0
u,0.9037656784057617, 0.9167888164520264, 0
u,0.9851800799369812, 0.9167888164520264, 0
u,0.9851800799369812, 0.9426633715629578, 0
u,0.9851800799369812, 0.9426633715629578, 0
u,0.9851800799369812, 0.9969083070755005, 0
u,0.9073302149772644, 0.9941126704216003, 0
u,0.9073302149772644, 0.6195651888847351, 0
u,0.9851800799369812, 0.6195651888847351, 0
u,0.9851800799369812, 0.7281172275543213, 0
u,0.8263598084449768, 0.35110169649124146, 0
u,0.8263598084449768, 0.3338508903980255, 0
u,0.8413438200950623, 0.3338508903980255, 0
u,0.8413438200950623, 0.3338508903980255, 0
u,0.8779377937316895, 0.3338508903980255, 0
u,0.8779377937316895, 0.35110169649124146, 0
u,0.8779377937316895, 0.3338508903980255, 0
u,0.8922178745269775, 0.3338508903980255, 0
u,0.8922178745269775, 0.35110169649124146, 0
u,0.0, 0.31677019596099854, 0
u,0.051068201661109924, 0.31677019596099854, 0
u,0.051068201661109924, 0.32197651267051697, 0
u,0.7592921853065491, 0.32197651267051697, 0
u,0.7378308176994324, 0.32197651267051697, 0
u,0.7378308176994324, 0.31677019596099854, 0
u,0.2611671984195709, 0.31677019596099854, 0
u,0.2611671984195709, 0.32197651267051697, 0
u,0.16855019330978394, 0.31677019596099854, 0
u,0.2611671984195709, 0.32197651267051697, 0
u,0.051068201661109924, 0.32197651267051697, 0
u,0.16855019330978394, 0.31677019596099854, 0
u,0.2611671984195709, 0.32197651267051697, 0
u,0.2611671984195709, 0.31677019596099854, 0
u,0.48411309719085693, 0.31677019596099854, 0
u,0.6487746834754944, 0.31677019596099854, 0
u,0.6487746834754944, 0.32197651267051697, 0
u,0.5798835158348083, 0.31677019596099854, 0
u,0.6487746834754944, 0.32197651267051697, 0
u,0.48411309719085693, 0.32197651267051697, 0
u,0.5798835158348083, 0.31677019596099854, 0
u,0.694912314414978, 0.32197651267051697, 0
u,0.6487746834754944, 0.32197651267051697, 0
u,0.6487746834754944, 0.31677019596099854, 0
u,0.694912314414978, 0.32197651267051697, 0
u,0.694912314414978, 0.31677019596099854, 0
u,0.7378308176994324, 0.31677019596099854, 0
u,0.8251578211784363, 0.32654350996017456, 0
u,0.8251578211784363, 0.3535122871398926, 0
u,0.7897608280181885, 0.3535122871398926, 0
u,0.7897608280181885, 0.3535122871398926, 0
u,0.7897608280181885, 1.0, 0
u,0.7805690169334412, 1.0, 0
u,0.7805690169334412, 0.32654350996017456, 0
u,0.8251578211784363, 0.32654350996017456, 0
u,0.7897608280181885, 0.3535122871398926, 0
u,0.3946720063686371, 0.32654350996017456, 0
u,0.3946720063686371, 1.0, 0
u,0.18613719940185547, 1.0, 0
u,0.3946720063686371, 0.32654350996017456, 0
u,0.6160116195678711, 0.32654350996017456, 0
u,0.6160116195678711, 1.0, 0
u,0.7805690169334412, 0.32654350996017456, 0
u,0.7805690169334412, 1.0, 0
u,0.6160116195678711, 1.0, 0
u,0.0, 0.3535122871398926, 0
u,0.0, 0.32654350996017456, 0
u,0.04079969972372055, 0.3535122871398926, 0
u,0.0, 0.32654350996017456, 0
u,0.04147690162062645, 0.32654350996017456, 0
u,0.04079969972372055, 0.3535122871398926, 0
u,0.04147690162062645, 0.32654350996017456, 0
u,0.04147690162062645, 1.0, 0
u,0.04079969972372055, 0.3535122871398926, 0
u,0.04147690162062645, 1.0, 0
u,0.04147690162062645, 0.32654350996017456, 0
u,0.18613719940185547, 0.32654350996017456, 0
u,0.9864016771316528, 0.9046428203582764, 0
u,0.9864016771316528, 0.8496010899543762, 0
u,0.9989026188850403, 0.8496010899543762, 0
u,0.9989026188850403, 0.8496010899543762, 0
u,0.9989026188850403, 0.9976645112037659, 0
u,0.9864016771316528, 0.9046428203582764, 0
u,0.9989026188850403, 0.6909937858581543, 0
u,0.9989026188850403, 0.696265697479248, 0
u,0.9864016771316528, 0.696265697479248, 0
u,0.9864016771316528, 0.7893596291542053, 0
u,0.9864016771316528, 0.696265697479248, 0
u,0.9989026188850403, 0.696265697479248, 0
u,0.9989026188850403, 0.696265697479248, 0
u,0.9989026188850403, 0.8443291187286377, 0
u,0.9864016771316528, 0.7893596291542053, 0
u,0.9989026188850403, 0.8443291187286377, 0
u,0.9989026188850403, 0.8496010899543762, 0
u,0.9864016771316528, 0.8496010899543762, 0
u,0.960250973701477, 0.5141584873199463, 0
u,0.960250973701477, 0.5072870254516602, 0
u,0.9727643132209778, 0.5072870254516602, 0
u,0.9727643132209778, 0.5072870254516602, 0
u,0.9727643132209778, 0.6173738837242126, 0
u,0.960250973701477, 0.5141584873199463, 0
u,0.9727643132209778, 0.38664600253105164, 0
u,0.9727643132209778, 0.39192309975624084, 0
u,0.960250973701477, 0.39192309975624084, 0
u,0.960250973701477, 0.49524611234664917, 0
u,0.960250973701477, 0.39192309975624084, 0
u,0.9727643132209778, 0.39192309975624084, 0
u,0.9727643132209778, 0.39192309975624084, 0
u,0.9727643132209778, 0.502009928226471, 0
u,0.960250973701477, 0.49524611234664917, 0
u,0.9727643132209778, 0.502009928226471, 0
u,0.9727643132209778, 0.5072870254516602, 0
u,0.960250973701477, 0.5072870254516602, 0
u,0.9466527104377747, 0.517006516456604, 0
u,0.9466527104377747, 0.5035207867622375, 0
u,0.9590088725090027, 0.5035207867622375, 0
u,0.9590088725090027, 0.5035207867622375, 0
u,0.9590088725090027, 0.6176180839538574, 0
u,0.9466527104377747, 0.517006516456604, 0
u,0.9590088725090027, 0.3788819909095764, 0
u,0.9590088725090027, 0.3841527998447418, 0
u,0.9466527104377747, 0.3841527998447418, 0
u,0.9466527104377747, 0.48487168550491333, 0
u,0.9466527104377747, 0.3841527998447418, 0
u,0.9590088725090027, 0.3841527998447418, 0
u,0.9590088725090027, 0.3841527998447418, 0
u,0.9590088725090027, 0.4982500970363617, 0
u,0.9466527104377747, 0.48487168550491333, 0
u,0.9466527104377747, 0.4982500970363617, 0
u,0.9590088725090027, 0.4982500970363617, 0
u,0.9590088725090027, 0.5035207867622375, 0
u,0.9037656784057617, 0.5216038823127747, 0
u,0.9037656784057617, 0.4789715111255646, 0
u,0.9157261848449707, 0.4789715111255646, 0
u,0.9157261848449707, 0.4789715111255646, 0
u,0.9157261848449707, 0.6169937252998352, 0
u,0.9037656784057617, 0.5216038823127747, 0
u,0.9157261848449707, 0.33074530959129333, 0
u,0.9157261848449707, 0.335847407579422, 0
u,0.9037656784057617, 0.335847407579422, 0
u,0.9037656784057617, 0.4313414990901947, 0
u,0.9037656784057617, 0.335847407579422, 0
u,0.9157261848449707, 0.335847407579422, 0
u,0.9157261848449707, 0.335847407579422, 0
u,0.9157261848449707, 0.4738694131374359, 0
u,0.9037656784057617, 0.4313414990901947, 0
u,0.9157261848449707, 0.4738694131374359, 0
u,0.9157261848449707, 0.4789715111255646, 0
u,0.9037656784057617, 0.4789715111255646, 0
u,0.9173640012741089, 0.5367686152458191, 0
u,0.9449763894081116, 0.5367686152458191, 0
u,0.9449763894081116, 0.6176012754440308, 0
u,0.9449763894081116, 0.3618012070655823, 0
u,0.9449763894081116, 0.40886861085891724, 0
u,0.9173640012741089, 0.40886861085891724, 0
u,0.9449763894081116, 0.40886861085891724, 0
u,0.9449763894081116, 0.48970139026641846, 0
u,0.9173640012741089, 0.48970139026641846, 0
u,0.9173640012741089, 0.48970139026641846, 0
u,0.9449763894081116, 0.48970139026641846, 0
u,0.9449763894081116, 0.5367686152458191, 0
u,0.8263598084449768, 1.0, 0
u,0.8263598084449768, 0.3546670079231262, 0
u,0.8670856952667236, 0.3546670079231262, 0
