s,145.771484375, 130.2939453125, -0.5449390411376953
b,146.2900390625, 131.0458984375, -0.3863344192504883
v,145.771728515625, 131.01171875, -0.3863682746887207
v,146.244384765625, 131.0458984375, -0.3863344192504883
v,146.244384765625, 131.0458984375, -0.5448675155639648
v,145.771728515625, 131.0126953125, -0.5449008941650391
v,146.2900390625, 130.328125, -0.5449051856994629
v,145.817626953125, 130.2939453125, -0.5449390411376953
v,145.771484375, 131.0126953125, -0.5449008941650391
v,146.244140625, 131.0458984375, -0.5448675155639648
v,145.771484375, 131.01171875, -0.3863682746887207
v,145.817626953125, 130.2939453125, -0.38640642166137695
v,146.289794921875, 130.328125, -0.38637256622314453
v,146.244140625, 131.0458984375, -0.3863344192504883
v,146.244140625, 131.0458984375, -0.3863344192504883
v,146.289794921875, 130.328125, -0.38637256622314453
v,146.2900390625, 130.328125, -0.5449051856994629
v,146.244140625, 131.0458984375, -0.5448675155639648
v,146.289794921875, 130.328125, -0.38637256622314453
v,145.817626953125, 130.2939453125, -0.38640642166137695
v,145.817626953125, 130.2939453125, -0.5449390411376953
v,146.2900390625, 130.328125, -0.5449051856994629
v,145.817626953125, 130.2939453125, -0.38640642166137695
v,145.771484375, 131.01171875, -0.3863682746887207
v,145.771484375, 131.0126953125, -0.5449008941650391
v,145.817626953125, 130.2939453125, -0.5449390411376953
i,0,2,3
i,4,6,7
i,8,10,11
i,13,15,12
i,16,18,19
i,21,23,20
i,0,1,2
i,4,5,6
i,8,9,10
i,13,14,15
i,16,17,18
i,21,22,23
n,-0.32146501541137695, 4.492242813110352, 0.02457682602107525
n,0.0003004864265676588, 0.000255522143561393, -4.50379753112793
n,-0.00030384876299649477, -0.0002583005407359451, 4.50379753112793
n,4.494771480560303, 0.28499457240104675, 0.0
n,0.3216148018836975, -4.492299556732178, 0.0004398844321258366
n,-4.494577407836914, -0.2880442440509796, 0.0
n,-0.32966724038124084, 4.491715908050537, 0.0
n,0.0003044464683625847, 0.00025852228282019496, -4.50379753112793
n,-0.00030456334934569895, -0.0002588423958513886, 4.50379753112793
n,4.494680881500244, 0.28634563088417053, 0.00614754157140851
n,0.32176175713539124, -4.492289066314697, 0.0
n,-4.494599342346191, -0.2876976728439331, -0.0015739790396764874
u,0.6152989864349365, 0.6896551847457886, 0
u,0.7638263702392578, 0.9945546984672546, 0
u,0.6152989864349365, 0.9945546984672546, 0
u,0.0, 0.0, 0
u,0.0, 0.0, 0
u,0.0, 0.0, 0
u,0.2371416985988617, 0.9655172228813171, 0
u,0.006833599880337715, 0.029599400237202644, 0
u,0.23828989267349243, 0.028807800263166428, 0
u,0.9890844821929932, 0.6896551847457886, 0
u,0.7638263702392578, 0.9945546984672546, 0
u,0.7638263702392578, 0.6896551847457886, 0
u,0.2415730059146881, 0.6896551847457886, 0
u,0.3899753987789154, 0.9945546984672546, 0
u,0.2415730059146881, 0.9945546984672546, 0
u,0.6152989864349365, 0.6896551847457886, 0
u,0.3899753987789154, 0.9945546984672546, 0
u,0.3899753987789154, 0.6896551847457886, 0
u,0.6152989864349365, 0.6896551847457886, 0
u,0.7638263702392578, 0.6896551847457886, 0
u,0.7638263702392578, 0.9945546984672546, 0
u,0.0, 0.0, 0
u,0.0, 0.0, 0
u,0.0, 0.0, 0
u,0.2371416985988617, 0.9655172228813171, 0
u,0.005617999937385321, 0.9655172228813171, 0
u,0.006833599880337715, 0.029599400237202644, 0
u,0.9890844821929932, 0.6896551847457886, 0
u,0.9890844821929932, 0.9945546984672546, 0
u,0.7638263702392578, 0.9945546984672546, 0
u,0.2415730059146881, 0.6896551847457886, 0
u,0.3899753987789154, 0.6896551847457886, 0
u,0.3899753987789154, 0.9945546984672546, 0
u,0.6152989864349365, 0.6896551847457886, 0
u,0.6152989864349365, 0.9945546984672546, 0
u,0.3899753987789154, 0.9945546984672546, 0
