s,90.99462890625, 142.162109375, -1.8098523616790771
b,92.139892578125, 143.0947265625, -1.5930795669555664
v,91.916259765625, 142.7158203125, -1.593095302581787
v,92.119873046875, 142.6123046875, -1.5930960178375244
v,92.119873046875, 142.6123046875, -1.8098020553588867
v,91.916259765625, 142.7158203125, -1.8098013401031494
v,91.641845703125, 143.07421875, -1.8097856044769287
v,91.8544921875, 142.9208984375, -1.8097896575927734
v,91.916015625, 142.7158203125, -1.8098013401031494
v,92.11962890625, 142.6123046875, -1.8098020553588867
v,92.139892578125, 142.34375, -1.809819221496582
v,91.958740234375, 142.25, -1.809830665588379
v,91.756591796875, 142.2685546875, -1.809835433959961
v,91.55126953125, 142.162109375, -1.8098483085632324
v,91.327392578125, 142.19921875, -1.8098523616790771
v,91.10400390625, 142.33203125, -1.8098499774932861
v,90.99462890625, 142.6328125, -1.809833288192749
v,91.104736328125, 142.93359375, -1.8098104000091553
v,91.38232421875, 143.0947265625, -1.8097918033599854
v,91.104736328125, 142.93359375, -1.5931041240692139
v,90.99462890625, 142.6328125, -1.5931270122528076
v,91.10400390625, 142.33203125, -1.5931439399719238
v,91.327392578125, 142.19921875, -1.5931460857391357
v,91.55126953125, 142.162109375, -1.5931422710418701
v,91.756591796875, 142.2685546875, -1.5931291580200195
v,91.95849609375, 142.25, -1.5931243896484375
v,92.139892578125, 142.34375, -1.5931129455566406
v,92.11962890625, 142.6123046875, -1.5930960178375244
v,91.916015625, 142.7158203125, -1.593095302581787
v,91.8544921875, 142.9208984375, -1.593083381652832
v,91.641845703125, 143.07421875, -1.5930795669555664
v,91.38232421875, 143.0947265625, -1.593085527420044
v,91.38232421875, 143.0947265625, -1.593085527420044
v,91.641845703125, 143.07421875, -1.5930795669555664
v,91.641845703125, 143.07421875, -1.8097856044769287
v,91.38232421875, 143.0947265625, -1.8097918033599854
v,91.641845703125, 143.07421875, -1.5930795669555664
v,91.8544921875, 142.9208984375, -1.593083381652832
v,91.8544921875, 142.9208984375, -1.8097896575927734
v,91.641845703125, 143.07421875, -1.8097856044769287
v,91.8544921875, 142.9208984375, -1.593083381652832
v,91.916015625, 142.7158203125, -1.593095302581787
v,91.916015625, 142.7158203125, -1.8098013401031494
v,91.8544921875, 142.9208984375, -1.8097896575927734
v,92.11962890625, 142.6123046875, -1.5930960178375244
v,92.139892578125, 142.34375, -1.5931129455566406
v,92.139892578125, 142.34375, -1.809819221496582
v,92.11962890625, 142.6123046875, -1.8098020553588867
v,92.139892578125, 142.34375, -1.5931129455566406
v,91.95849609375, 142.25, -1.5931243896484375
v,91.958740234375, 142.25, -1.809830665588379
v,92.139892578125, 142.34375, -1.809819221496582
v,91.95849609375, 142.25, -1.5931243896484375
v,91.756591796875, 142.2685546875, -1.5931291580200195
v,91.756591796875, 142.2685546875, -1.809835433959961
v,91.958740234375, 142.25, -1.809830665588379
v,91.756591796875, 142.2685546875, -1.5931291580200195
v,91.55126953125, 142.162109375, -1.5931422710418701
v,91.55126953125, 142.162109375, -1.8098483085632324
v,91.756591796875, 142.2685546875, -1.809835433959961
v,91.55126953125, 142.162109375, -1.5931422710418701
v,91.327392578125, 142.19921875, -1.5931460857391357
v,91.327392578125, 142.19921875, -1.8098523616790771
v,91.55126953125, 142.162109375, -1.8098483085632324
v,91.327392578125, 142.19921875, -1.5931460857391357
v,91.10400390625, 142.33203125, -1.5931439399719238
v,91.10400390625, 142.33203125, -1.8098499774932861
v,91.327392578125, 142.19921875, -1.8098523616790771
v,91.10400390625, 142.33203125, -1.5931439399719238
v,90.99462890625, 142.6328125, -1.5931270122528076
v,90.99462890625, 142.6328125, -1.809833288192749
v,91.10400390625, 142.33203125, -1.8098499774932861
v,90.99462890625, 142.6328125, -1.5931270122528076
v,91.104736328125, 142.93359375, -1.5931041240692139
v,91.104736328125, 142.93359375, -1.8098104000091553
v,90.99462890625, 142.6328125, -1.809833288192749
v,91.104736328125, 142.93359375, -1.5931041240692139
v,91.38232421875, 143.0947265625, -1.593085527420044
v,91.38232421875, 143.0947265625, -1.8097918033599854
v,91.104736328125, 142.93359375, -1.8098104000091553
i,1,3,0
i,12,6,10
i,20,22,26
i,30,32,33
i,35,37,34
i,39,41,38
i,43,45,42
i,46,48,49
i,50,52,53
i,55,57,54
i,59,61,58
i,62,64,65
i,66,68,69
i,70,72,73
i,74,76,77
i,1,2,3
i,16,4,6
i,4,5,6
i,6,7,9
i,7,8,9
i,14,15,12
i,15,16,12
i,12,13,14
i,10,11,12
i,9,10,6
i,16,6,12
i,29,17,20
i,17,18,20
i,18,19,20
i,20,21,22
i,22,23,26
i,23,24,25
i,26,23,25
i,26,27,28
i,28,29,26
i,26,29,20
i,30,31,32
i,35,36,37
i,39,40,41
i,43,44,45
i,46,47,48
i,50,51,52
i,55,56,57
i,59,60,61
i,62,63,64
i,66,67,68
i,70,71,72
i,74,75,76
n,2.0499536991119385, 4.0102219581604, 0.0
n,0.00012979497842025012, 0.0002968591288663447, -4.50379753112793
n,-0.00013016059529036283, -0.0002945980231743306, 4.50379753112793
n,0.3451386094093323, 4.490553855895996, 0.0
n,2.635707378387451, 3.6520183086395264, 0.0
n,4.3141069412231445, 1.2933181524276733, 0.0
n,4.490828990936279, 0.3415355384349823, 0.0
n,2.082650661468506, -3.9933395385742188, 0.0
n,-0.4233682155609131, -4.4838547706604, -0.00042361189844086766
n,2.0763773918151855, -3.9966046810150146, 0.0
n,-0.7404198050498962, -4.442518711090088, 0.0
n,-2.298929214477539, -3.8728694915771484, 0.0
n,-4.233351230621338, -1.537182092666626, 0.0
n,-4.229427337646484, 1.5479460954666138, 0.0
n,-2.254163980484009, 3.899094343185425, 0.0
n,2.0499536991119385, 4.0102219581604, 0.0
n,0.00012930356024298817, 0.0002959500125143677, -4.50379753112793
n,0.0001272986555704847, 0.0002944160078186542, -4.50379753112793
n,0.0001326937781414017, 0.0002962342114187777, -4.50379753112793
n,0.00012867026089224964, 0.0002980197605211288, -4.50379753112793
n,0.00012731018068734556, 0.0002956313837785274, -4.50379753112793
n,0.00013084725651424378, 0.000296703539788723, -4.50379753112793
n,0.00012960658932570368, 0.00029739385354332626, -4.50379753112793
n,0.00013011845294386148, 0.00029485864797607064, -4.50379753112793
n,0.00013178386143408716, 0.0002961508871521801, -4.50379753112793
n,0.00012987956870347261, 0.0002967628533951938, -4.50379753112793
n,-0.00013084725651424378, -0.000296703539788723, 4.50379753112793
n,-0.00012731018068734556, -0.0002956313837785274, 4.50379753112793
n,-0.00013744254829362035, -0.0003034079563803971, 4.50379753112793
n,-0.0001280197611777112, -0.00030783770489506423, 4.50379753112793
n,-0.00013172594481147826, -0.00029404059750959277, 4.50379753112793
n,-0.00013030537229496986, -0.0002945856540463865, 4.50379753112793
n,-0.00013156495697330683, -0.0002940259291790426, 4.50379753112793
n,-0.0001373108971165493, -0.00030207668896764517, 4.50379753112793
n,-0.00012539958697743714, -0.00029296294087544084, 4.50379753112793
n,-0.00012816677917726338, -0.00029686783091165125, 4.50379753112793
n,0.3451386094093323, 4.490553855895996, 0.0
n,2.635707378387451, 3.6520187854766846, 0.0
n,4.3141069412231445, 1.2933180332183838, 0.0
n,4.490828990936279, 0.3415355384349823, 0.0
n,2.080693483352661, -3.994359016418457, 0.0020818908233195543
n,-0.4238189458847046, -4.48381233215332, 0.0
n,2.0763773918151855, -3.9966042041778564, 0.0
n,-0.7404198050498962, -4.442518711090088, 0.0
n,-2.298929214477539, -3.8728692531585693, 0.0
n,-4.233351230621338, -1.537182331085205, 0.0
n,-4.229427337646484, 1.5479460954666138, 0.0
n,-2.254163980484009, 3.899094343185425, 0.0
u,0.8875558972358704, 0.7818182110786438, 0
u,0.8369895815849304, 0.9978154897689819, 0
u,0.8369895815849304, 0.7818182110786438, 0
u,0.0, 0.0, 0
u,0.0, 0.0, 0
u,0.0, 0.0, 0
u,0.05751959979534149, 0.08555720001459122, 0
u,0.1567016988992691, 0.0628570020198822, 0
u,0.2137904018163681, 0.4795461893081665, 0
u,0.6742581129074097, 0.7818182110786438, 0
u,0.7317795157432556, 0.9978154897689819, 0
u,0.6742581129074097, 0.9978154897689819, 0
u,0.7898547053337097, 0.7818182110786438, 0
u,0.7317795157432556, 0.9978154897689819, 0
u,0.7317795157432556, 0.7818182110786438, 0
u,0.8369895815849304, 0.7818182110786438, 0
u,0.7898547053337097, 0.9978154897689819, 0
u,0.7898547053337097, 0.7818182110786438, 0
u,0.9470254182815552, 0.7818182110786438, 0
u,0.8875558972358704, 0.9978154897689819, 0
u,0.8875558972358704, 0.7818182110786438, 0
u,0.9470254182815552, 0.7818182110786438, 0
u,0.9922227263450623, 0.9978154897689819, 0
u,0.9470254182815552, 0.9978154897689819, 0
u,0.25806450843811035, 0.7818182110786438, 0
u,0.3029139041900635, 0.9978154897689819, 0
u,0.25806450843811035, 0.9978154897689819, 0
u,0.35407620668411255, 0.7818182110786438, 0
u,0.3029139041900635, 0.9978154897689819, 0
u,0.3029139041900635, 0.7818182110786438, 0
u,0.40417951345443726, 0.7818182110786438, 0
u,0.35407620668411255, 0.9978154897689819, 0
u,0.35407620668411255, 0.7818182110786438, 0
u,0.40417951345443726, 0.7818182110786438, 0
u,0.46168771386146545, 0.9978154897689819, 0
u,0.40417951345443726, 0.9978154897689819, 0
u,0.46168771386146545, 0.7818182110786438, 0
u,0.5325539708137512, 0.9978154897689819, 0
u,0.46168771386146545, 0.9978154897689819, 0
u,0.5325539708137512, 0.7818182110786438, 0
u,0.6034278869628906, 0.9978154897689819, 0
u,0.5325539708137512, 0.9978154897689819, 0
u,0.6034278869628906, 0.7818182110786438, 0
u,0.6742581129074097, 0.9978154897689819, 0
u,0.6034278869628906, 0.9978154897689819, 0
u,0.8875558972358704, 0.7818182110786438, 0
u,0.8875558972358704, 0.9978154897689819, 0
u,0.8369895815849304, 0.9978154897689819, 0
u,0.0, 0.0, 0
u,0.0, 0.0, 0
u,0.0, 0.0, 0
u,0.0, 0.0, 0
u,0.0, 0.0, 0
u,0.0, 0.0, 0
u,0.0, 0.0, 0
u,0.0, 0.0, 0
u,0.0, 0.0, 0
u,0.0, 0.0, 0
u,0.0, 0.0, 0
u,0.0, 0.0, 0
u,0.0, 0.0, 0
u,0.0, 0.0, 0
u,0.0, 0.0, 0
u,0.0, 0.0, 0
u,0.0, 0.0, 0
u,0.0, 0.0, 0
u,0.0, 0.0, 0
u,0.0, 0.0, 0
u,0.0, 0.0, 0
u,0.0, 0.0, 0
u,0.0, 0.0, 0
u,0.0, 0.0, 0
u,0.0, 0.0, 0
u,0.0, 0.0, 0
u,0.0, 0.0, 0
u,0.0, 0.0, 0
u,0.0, 0.0, 0
u,0.0, 0.0, 0
u,0.11276210099458694, 0.9755656123161316, 0
u,0.043079499155282974, 0.8744701743125916, 0
u,0.05751959979534149, 0.08555720001459122, 0
u,0.043079499155282974, 0.8744701743125916, 0
u,0.004032299853861332, 0.5950431227684021, 0
u,0.05751959979534149, 0.08555720001459122, 0
u,0.004032299853861332, 0.5950431227684021, 0
u,0.013955799862742424, 0.2678520977497101, 0
u,0.05751959979534149, 0.08555720001459122, 0
u,0.05751959979534149, 0.08555720001459122, 0
u,0.10569790005683899, 1.0000000116860974e-07, 0
u,0.1567016988992691, 0.0628570020198822, 0
u,0.1567016988992691, 0.0628570020198822, 0
u,0.20090599358081818, 1.0000000116860974e-07, 0
u,0.2137904018163681, 0.4795461893081665, 0
u,0.20090599358081818, 1.0000000116860974e-07, 0
u,0.2459421008825302, 0.05587809905409813, 0
u,0.25425899028778076, 0.33045610785484314, 0
u,0.2137904018163681, 0.4795461893081665, 0
u,0.20090599358081818, 1.0000000116860974e-07, 0
u,0.25425899028778076, 0.33045610785484314, 0
u,0.2137904018163681, 0.4795461893081665, 0
u,0.2099045068025589, 0.6984943151473999, 0
u,0.16978220641613007, 0.8997660279273987, 0
u,0.16978220641613007, 0.8997660279273987, 0
u,0.11276210099458694, 0.9755656123161316, 0
u,0.2137904018163681, 0.4795461893081665, 0
u,0.2137904018163681, 0.4795461893081665, 0
u,0.11276210099458694, 0.9755656123161316, 0
u,0.05751959979534149, 0.08555720001459122, 0
u,0.6742581129074097, 0.7818182110786438, 0
u,0.7317795157432556, 0.7818182110786438, 0
u,0.7317795157432556, 0.9978154897689819, 0
u,0.7898547053337097, 0.7818182110786438, 0
u,0.7898547053337097, 0.9978154897689819, 0
u,0.7317795157432556, 0.9978154897689819, 0
u,0.8369895815849304, 0.7818182110786438, 0
u,0.8369895815849304, 0.9978154897689819, 0
u,0.7898547053337097, 0.9978154897689819, 0
u,0.9470254182815552, 0.7818182110786438, 0
u,0.9470254182815552, 0.9978154897689819, 0
u,0.8875558972358704, 0.9978154897689819, 0
u,0.9470254182815552, 0.7818182110786438, 0
u,0.9922227263450623, 0.7818182110786438, 0
u,0.9922227263450623, 0.9978154897689819, 0
u,0.25806450843811035, 0.7818182110786438, 0
u,0.3029139041900635, 0.7818182110786438, 0
u,0.3029139041900635, 0.9978154897689819, 0
u,0.35407620668411255, 0.7818182110786438, 0
u,0.35407620668411255, 0.9978154897689819, 0
u,0.3029139041900635, 0.9978154897689819, 0
u,0.40417951345443726, 0.7818182110786438, 0
u,0.40417951345443726, 0.9978154897689819, 0
u,0.35407620668411255, 0.9978154897689819, 0
u,0.40417951345443726, 0.7818182110786438, 0
u,0.46168771386146545, 0.7818182110786438, 0
u,0.46168771386146545, 0.9978154897689819, 0
u,0.46168771386146545, 0.7818182110786438, 0
u,0.5325539708137512, 0.7818182110786438, 0
u,0.5325539708137512, 0.9978154897689819, 0
u,0.5325539708137512, 0.7818182110786438, 0
u,0.6034278869628906, 0.7818182110786438, 0
u,0.6034278869628906, 0.9978154897689819, 0
u,0.6034278869628906, 0.7818182110786438, 0
u,0.6742581129074097, 0.7818182110786438, 0
u,0.6742581129074097, 0.9978154897689819, 0
