s,176.520263671875, 86.083984375, -0.12927865982055664
b,180.61376953125, 90.1318359375, 9.02005386352539
v,178.76025390625, 87.3798828125, 9.02005386352539
v,178.76025390625, 87.380859375, 8.67367935180664
v,178.45166015625, 87.7939453125, 8.673662185668945
v,178.45166015625, 87.7939453125, 9.020036697387695
v,178.5166015625, 89.927734375, -0.12906503677368164
v,178.516845703125, 89.927734375, -0.12906503677368164
v,180.311279296875, 87.5556640625, -0.1289677619934082
v,180.284423828125, 87.53515625, -0.12897109985351562
v,180.61376953125, 87.0830078125, -0.1289525032043457
v,179.800048828125, 86.4912109375, -0.1290421485900879
v,179.743408203125, 86.568359375, -0.1290454864501953
v,179.053466796875, 86.083984375, -0.1291208267211914
v,178.7939453125, 86.455078125, -0.1291346549987793
v,178.383056640625, 86.15625, -0.1291794776916504
v,176.721435546875, 88.4189453125, -0.12926816940307617
v,176.71875, 88.4169921875, -0.12926816940307617
v,176.521240234375, 88.7041015625, -0.12927865982055664
v,178.375, 90.1318359375, -0.1290726661682129
v,179.70361328125, 86.6220703125, 7.666817665100098
v,179.469482421875, 86.9443359375, 7.666805267333984
v,178.84716796875, 86.494140625, 7.666735649108887
v,179.06884765625, 86.1767578125, 7.666748046875
v,179.70361328125, 86.6220703125, 7.888852119445801
v,179.06884765625, 86.1767578125, 7.888782501220703
v,178.84716796875, 86.494140625, 7.888771057128906
v,178.793212890625, 86.455078125, 7.888765335083008
v,179.052734375, 86.083984375, 7.888779640197754
v,179.742919921875, 86.568359375, 7.888854026794434
v,178.522705078125, 89.8076171875, 8.673725128173828
v,177.523193359375, 89.037109375, 8.673614501953125
v,178.451416015625, 87.7939453125, 8.673662185668945
v,178.760009765625, 87.380859375, 8.67367935180664
v,179.180419921875, 86.8173828125, 8.673704147338867
v,180.21630859375, 87.5693359375, 8.673816680908203
v,177.523193359375, 89.037109375, 8.673614501953125
v,176.773193359375, 88.4599609375, 8.673530578613281
v,178.396728515625, 86.2490234375, 8.673616409301758
v,179.180419921875, 86.8173828125, 8.673704147338867
v,178.760009765625, 87.380859375, 8.67367935180664
v,178.244384765625, 86.99609375, 8.673622131347656
v,177.93603515625, 87.4091796875, 8.673606872558594
v,178.451416015625, 87.7939453125, 8.673662185668945
v,178.382568359375, 86.15625, 8.895648956298828
v,180.310546875, 87.5556640625, 8.89586067199707
v,178.51611328125, 89.927734375, 8.895761489868164
v,178.46337890625, 89.88671875, 8.895757675170898
v,180.21630859375, 87.5693359375, 8.895853042602539
v,178.396728515625, 86.2490234375, 8.895652770996094
v,176.715087890625, 88.5390625, 8.895563125610352
v,176.662353515625, 88.498046875, 8.895557403564453
v,176.520263671875, 88.703125, 8.888887405395508
v,176.718017578125, 88.4169921875, 8.888898849487305
v,176.720458984375, 88.4189453125, 8.888898849487305
v,176.662353515625, 88.498046875, 8.888896942138672
v,176.715087890625, 88.5390625, 8.888900756835938
v,176.773193359375, 88.4599609375, 8.888904571533203
v,178.522705078125, 89.8076171875, 8.88909912109375
v,178.46337890625, 89.88671875, 8.889097213745117
v,178.515869140625, 89.9267578125, 8.889101028442383
v,178.374267578125, 90.1318359375, 8.889095306396484
v,180.22998046875, 87.49609375, 8.129831314086914
v,179.523193359375, 86.9833984375, 8.129753112792969
v,179.81396484375, 86.583984375, 8.129770278930664
v,180.52001953125, 87.09765625, 8.129847526550293
v,180.52001953125, 87.09765625, 8.185356140136719
v,179.81396484375, 86.583984375, 8.18527889251709
v,179.523193359375, 86.9833984375, 8.185261726379395
v,179.469482421875, 86.9443359375, 8.185256958007812
v,179.79931640625, 86.490234375, 8.185273170471191
v,180.613037109375, 87.0830078125, 8.18536376953125
v,180.28369140625, 87.53515625, 8.185346603393555
v,180.22998046875, 87.49609375, 8.18533992767334
v,178.451416015625, 87.7939453125, 9.020036697387695
v,177.93603515625, 87.4091796875, 9.019981384277344
v,178.244384765625, 86.99609375, 9.019998550415039
v,178.760009765625, 87.3798828125, 9.02005386352539
v,178.84716796875, 86.494140625, 7.666735649108887
v,178.84716796875, 86.494140625, 7.888771057128906
v,179.06884765625, 86.1767578125, 7.888782501220703
v,179.06884765625, 86.1767578125, 7.666748046875
v,179.70361328125, 86.6220703125, 7.888852119445801
v,179.70361328125, 86.6220703125, 7.666817665100098
v,179.06884765625, 86.1767578125, 7.666748046875
v,179.06884765625, 86.1767578125, 7.888782501220703
v,179.743408203125, 86.568359375, -0.1290454864501953
v,179.742919921875, 86.568359375, 7.888854026794434
v,179.052734375, 86.083984375, 7.888779640197754
v,179.053466796875, 86.083984375, -0.1291208267211914
v,178.793212890625, 86.455078125, 7.888765335083008
v,178.7939453125, 86.455078125, -0.1291346549987793
v,179.053466796875, 86.083984375, -0.1291208267211914
v,179.052734375, 86.083984375, 7.888779640197754
v,180.311279296875, 87.5556640625, -0.1289677619934082
v,180.310546875, 87.5556640625, 8.89586067199707
v,178.382568359375, 86.15625, 8.895648956298828
v,178.383056640625, 86.15625, -0.1291794776916504
v,178.7939453125, 86.455078125, -0.1291346549987793
v,178.793212890625, 86.455078125, 7.888765335083008
v,178.84716796875, 86.494140625, 7.888771057128906
v,178.84716796875, 86.494140625, 7.666735649108887
v,179.469482421875, 86.9443359375, 7.666805267333984
v,179.469482421875, 86.9443359375, 8.185256958007812
v,179.523193359375, 86.9833984375, 8.185261726379395
v,179.523193359375, 86.9833984375, 8.129753112792969
v,180.22998046875, 87.49609375, 8.129831314086914
v,180.22998046875, 87.49609375, 8.18533992767334
v,180.28369140625, 87.53515625, 8.185346603393555
v,180.284423828125, 87.53515625, -0.12897109985351562
v,178.51611328125, 89.927734375, 8.895761489868164
v,180.310546875, 87.5556640625, 8.89586067199707
v,180.311279296875, 87.5556640625, -0.1289677619934082
v,178.516845703125, 89.927734375, -0.12906503677368164
v,176.721435546875, 88.4189453125, -0.12926816940307617
v,178.383056640625, 86.15625, -0.1291794776916504
v,178.382568359375, 86.15625, 8.895648956298828
v,176.662353515625, 88.498046875, 8.895557403564453
v,176.662353515625, 88.498046875, 8.888896942138672
v,176.720458984375, 88.4189453125, 8.888898849487305
v,178.5166015625, 89.927734375, -0.12906503677368164
v,178.515869140625, 89.9267578125, 8.889101028442383
v,178.46337890625, 89.88671875, 8.889097213745117
v,178.46337890625, 89.88671875, 8.895757675170898
v,178.51611328125, 89.927734375, 8.895761489868164
v,178.516845703125, 89.927734375, -0.12906503677368164
v,176.715087890625, 88.5390625, 8.888900756835938
v,176.662353515625, 88.498046875, 8.888896942138672
v,176.662353515625, 88.498046875, 8.895557403564453
v,176.715087890625, 88.5390625, 8.895563125610352
v,178.46337890625, 89.88671875, 8.889097213745117
v,178.522705078125, 89.8076171875, 8.88909912109375
v,178.522705078125, 89.8076171875, 8.673725128173828
v,180.21630859375, 87.5693359375, 8.673816680908203
v,180.21630859375, 87.5693359375, 8.895853042602539
v,178.46337890625, 89.88671875, 8.895757675170898
v,178.396728515625, 86.2490234375, 8.895652770996094
v,180.21630859375, 87.5693359375, 8.895853042602539
v,180.21630859375, 87.5693359375, 8.673816680908203
v,179.180419921875, 86.8173828125, 8.673704147338867
v,178.396728515625, 86.2490234375, 8.673616409301758
v,176.715087890625, 88.5390625, 8.895563125610352
v,178.396728515625, 86.2490234375, 8.895652770996094
v,178.396728515625, 86.2490234375, 8.673616409301758
v,176.773193359375, 88.4599609375, 8.673530578613281
v,176.773193359375, 88.4599609375, 8.888904571533203
v,176.715087890625, 88.5390625, 8.888900756835938
v,176.520263671875, 88.703125, 8.888887405395508
v,178.374267578125, 90.1318359375, 8.889095306396484
v,178.375, 90.1318359375, -0.1290726661682129
v,176.521240234375, 88.7041015625, -0.12927865982055664
v,178.515869140625, 89.9267578125, 8.889101028442383
v,178.5166015625, 89.927734375, -0.12906503677368164
v,178.375, 90.1318359375, -0.1290726661682129
v,178.374267578125, 90.1318359375, 8.889095306396484
v,176.721435546875, 88.4189453125, -0.12926816940307617
v,176.720458984375, 88.4189453125, 8.888898849487305
v,176.718017578125, 88.4169921875, 8.888898849487305
v,176.71875, 88.4169921875, -0.12926816940307617
v,176.71875, 88.4169921875, -0.12926816940307617
v,176.718017578125, 88.4169921875, 8.888898849487305
v,176.520263671875, 88.703125, 8.888887405395508
v,176.521240234375, 88.7041015625, -0.12927865982055664
v,178.522705078125, 89.8076171875, 8.88909912109375
v,176.773193359375, 88.4599609375, 8.888904571533203
v,176.773193359375, 88.4599609375, 8.673530578613281
v,177.523193359375, 89.037109375, 8.673614501953125
v,178.522705078125, 89.8076171875, 8.673725128173828
v,180.284423828125, 87.53515625, -0.12897109985351562
v,180.28369140625, 87.53515625, 8.185346603393555
v,180.613037109375, 87.0830078125, 8.18536376953125
v,180.61376953125, 87.0830078125, -0.1289525032043457
v,180.613037109375, 87.0830078125, 8.18536376953125
v,179.79931640625, 86.490234375, 8.185273170471191
v,179.800048828125, 86.4912109375, -0.1290421485900879
v,180.61376953125, 87.0830078125, -0.1289525032043457
v,179.70361328125, 86.6220703125, 7.888852119445801
v,179.742919921875, 86.568359375, 7.888854026794434
v,179.743408203125, 86.568359375, -0.1290454864501953
v,179.800048828125, 86.4912109375, -0.1290421485900879
v,179.79931640625, 86.490234375, 8.185273170471191
v,179.469482421875, 86.9443359375, 8.185256958007812
v,179.469482421875, 86.9443359375, 7.666805267333984
v,179.70361328125, 86.6220703125, 7.666817665100098
v,179.523193359375, 86.9833984375, 8.129753112792969
v,179.523193359375, 86.9833984375, 8.185261726379395
v,179.81396484375, 86.583984375, 8.18527889251709
v,179.81396484375, 86.583984375, 8.129770278930664
v,180.22998046875, 87.49609375, 8.18533992767334
v,180.22998046875, 87.49609375, 8.129831314086914
v,180.52001953125, 87.09765625, 8.129847526550293
v,180.52001953125, 87.09765625, 8.185356140136719
v,179.81396484375, 86.583984375, 8.18527889251709
v,180.52001953125, 87.09765625, 8.185356140136719
v,180.52001953125, 87.09765625, 8.129847526550293
v,179.81396484375, 86.583984375, 8.129770278930664
v,178.244384765625, 86.99609375, 8.673622131347656
v,178.760009765625, 87.380859375, 8.67367935180664
v,178.760009765625, 87.3798828125, 9.02005386352539
v,178.244384765625, 86.99609375, 9.019998550415039
v,177.93603515625, 87.4091796875, 9.019981384277344
v,177.93603515625, 87.4091796875, 8.673606872558594
v,178.244384765625, 86.99609375, 8.673622131347656
v,178.244384765625, 86.99609375, 9.019998550415039
v,178.451416015625, 87.7939453125, 9.020036697387695
v,178.451416015625, 87.7939453125, 8.673662185668945
v,177.93603515625, 87.4091796875, 8.673606872558594
v,177.93603515625, 87.4091796875, 9.019981384277344
i,1,3,0
i,7,10,12
i,19,21,18
i,23,25,26
i,31,32,33
i,35,36,40
i,46,47,42
i,50,54,57
i,60,62,63
i,65,68,69
i,72,74,75
i,77,79,76
i,81,83,80
i,85,87,84
i,89,91,88
i,101,102,93
i,109,111,108
i,117,113,114
i,119,122,123
i,124,126,127
i,129,131,132
i,135,136,137
i,141,142,143
i,146,148,145
i,150,152,149
i,154,156,153
i,157,159,160
i,162,163,164
i,166,168,169
i,170,172,173
i,174,175,178
i,183,185,182
i,186,188,189
i,190,192,193
i,195,197,194
i,198,200,201
i,203,205,202
i,1,2,3
i,4,5,7
i,5,6,7
i,7,8,10
i,8,9,10
i,16,17,4
i,14,15,16
i,12,13,14
i,10,11,12
i,16,4,14
i,4,7,12
i,12,14,4
i,19,20,21
i,27,22,23
i,23,24,25
i,26,27,23
i,33,28,30
i,28,29,30
i,33,30,31
i,41,34,40
i,34,35,40
i,36,37,39
i,37,38,39
i,36,39,40
i,43,44,46
i,44,45,46
i,48,49,47
i,49,42,47
i,43,46,42
i,51,52,53
i,54,55,56
i,50,51,53
i,54,56,57
i,50,53,54
i,58,59,57
i,59,50,57
i,60,61,62
i,65,66,67
i,69,70,64
i,70,71,64
i,65,67,68
i,69,64,65
i,72,73,74
i,77,78,79
i,81,82,83
i,85,86,87
i,89,90,91
i,107,92,106
i,92,93,106
i,94,95,97
i,95,96,97
i,103,104,102
i,104,105,102
i,105,106,93
i,93,94,101
i,94,97,98
i,98,99,100
i,94,98,101
i,105,93,102
i,98,100,101
i,109,110,111
i,117,112,113
i,114,115,117
i,115,116,117
i,119,120,121
i,119,121,122
i,123,118,119
i,124,125,126
i,133,128,129
i,129,130,131
i,132,133,129
i,138,134,137
i,134,135,137
i,144,139,143
i,139,140,143
i,140,141,143
i,146,147,148
i,150,151,152
i,154,155,156
i,157,158,159
i,165,161,164
i,161,162,164
i,166,167,168
i,170,171,172
i,175,176,177
i,178,179,174
i,179,180,174
i,180,181,174
i,175,177,178
i,183,184,185
i,186,187,188
i,190,191,192
i,195,196,197
i,198,199,200
i,203,204,205
n,3.6102869510650635, 2.692578077316284, 0.006742243189364672
n,0.00040759218973107636, 0.00011911163164768368, -4.50379753112793
n,-0.0004035636375192553, -0.00012738394434563816, 4.50379753112793
n,-0.00037580521893687546, -9.856645920081064e-05, 4.50379753112793
n,-0.0004093398747500032, -0.00011581044236663729, 4.50379753112793
n,-0.00040477054426446557, -0.0001212671777466312, 4.50379753112793
n,-0.0004227647150401026, -9.922749450197443e-05, 4.50379753112793
n,-0.0004117961507290602, -0.00011680633906507865, 4.50379753112793
n,-0.0004161111719440669, -0.00011135737440781668, 4.50379753112793
n,-0.00036031054332852364, -0.0001876311143860221, 4.50379753112793
n,-0.0004021857166662812, -0.00011554041702765971, 4.50379753112793
n,3.6884677410125732, 2.584453582763672, 0.0
n,-2.585378885269165, 3.687818765640259, 0.0
n,2.585789680480957, -3.687530994415283, 0.00020978529937565327
n,-3.6882338523864746, -2.584786891937256, -0.000398968841182068
n,2.6455092430114746, -3.6449241638183594, 0.0006638052291236818
n,3.591817855834961, 2.7171742916107178, 0.00034518868778832257
n,-3.62990403175354, -2.666081190109253, -0.00026163668371737003
n,-4.368565559387207, 1.0953656435012817, -0.00041983742266893387
n,-2.7559213638305664, 3.5621750354766846, 0.0
n,-3.5916507244110107, -2.7173948287963867, 0.0
n,-2.6455576419830322, 3.6448891162872314, 0.0
n,3.6300277709960938, 2.6659128665924072, 0.0
n,-2.7499635219573975, 3.5667760372161865, 7.855708099668846e-05
n,3.709033489227295, 2.5548510551452637, 0.0006024300819262862
n,2.4982573986053467, -3.7473862171173096, 0.0002402703248662874
n,-3.706723928451538, -2.5582008361816406, -0.0006025301408953965
n,2.748107433319092, -3.568206787109375, 0.0
n,3.642836093902588, 2.648383855819702, 0.00028500703047029674
n,2.6485445499420166, -3.6427195072174072, 0.0002072159550152719
n,-3.6379332542419434, -2.655104637145996, -0.007296753581613302
n,3.6424689292907715, 2.6488888263702393, 0.0
n,-3.642554759979248, -2.648770809173584, 0.0
n,-2.6490063667297363, 3.642383575439453, 0.0
n,2.6949892044067383, -3.6084935665130615, 0.0
n,-3.6111977100372314, -2.691364288330078, 0.0
n,-2.6918158531188965, 3.61086106300354, 0.0
n,3.6075804233551025, 2.696211338043213, 0.0
n,0.0, -0.00017701399337965995, -4.50379753112793
n,0.00045138009591028094, 0.000156529393279925, -4.50379753112793
n,0.0004139305674470961, 0.00011556584649952129, -4.50379753112793
n,0.0004179586539976299, 0.0001087510390789248, -4.50379753112793
n,0.00041046945261768997, 0.00011620753502938896, -4.50379753112793
n,7.302508311113343e-05, -0.00010953762102872133, -4.50379753112793
n,0.0004047452239319682, 0.0001202286803163588, -4.50379753112793
n,0.00040742731653153896, 0.00012048931239405647, -4.50379753112793
n,0.0004054786404594779, 0.0001243454753421247, -4.50379753112793
n,0.0004051854775752872, 0.0001224309962708503, -4.50379753112793
n,0.0004069674469064921, 0.0001225732994498685, -4.50379753112793
n,-0.0004144538543187082, -0.00012170196714578196, 4.50379753112793
n,-0.00039184250636026263, -0.0001441031345166266, 4.50379753112793
n,-0.0003623440279625356, -8.518939284840599e-05, 4.50379753112793
n,-0.00042308238334953785, -9.028191561810672e-05, 4.50379753112793
n,-0.00040935014840215445, -0.00012566782243084162, 4.50379753112793
n,-0.0004068512062076479, -0.00012575634173117578, 4.50379753112793
n,-0.00040871300734579563, -0.00012066146155120805, 4.50379753112793
n,-0.00039906901656650007, -0.00011994819942628965, 4.50379753112793
n,-0.0004049192648380995, -0.0001214317962876521, 4.50379753112793
n,-0.0004131745081394911, -0.00011498821550048888, 4.50379753112793
n,-0.0004139939555898309, -0.00011928130697924644, 4.50379753112793
n,-0.00036333268508315086, -0.00010481434583198279, 4.50379753112793
n,-0.00042530434438958764, -0.00013519519416149706, 4.50379753112793
n,-0.0003639977949205786, -9.09909067559056e-05, 4.50379753112793
n,-0.00036411694600246847, -9.083688200917095e-05, 4.50379753112793
n,-0.00038295649574138224, -0.00010536613262956962, 4.50379753112793
n,-0.0004204444703646004, -0.00010223922436125576, 4.50379753112793
n,-4.5785192924086004e-05, 6.295463390415534e-05, 4.50379753112793
n,-0.00041501459782011807, -0.00011223098408663645, 4.50379753112793
n,-0.030636128038167953, -0.021070700138807297, 4.5036444664001465
n,-0.0004118728102184832, -0.0001167068985523656, 4.50379753112793
n,-0.00037648010766133666, -7.485686364816502e-05, 4.50379753112793
n,-0.00036034645745530725, -9.974953718483448e-05, 4.50379753112793
n,-0.0004109862493351102, -0.00011813554010586813, 4.50379753112793
n,-0.00041574312490411103, -0.00011152512888656929, 4.50379753112793
n,-0.00036923729931004345, -7.770501542836428e-05, 4.50379753112793
n,-0.000340643513482064, -7.92999635450542e-05, 4.50379753112793
n,-0.00046230852603912354, -0.00014495088544208556, 4.50379753112793
n,-0.0004667986650019884, -0.00017086908337660134, 4.50379753112793
n,-0.0003583203360904008, -0.00019081978825852275, 4.50379753112793
n,-0.0004023955261800438, -0.0001154859783127904, 4.50379753112793
n,3.6884677410125732, 2.584453582763672, 0.0
n,-2.585378885269165, 3.687818765640259, 0.0
n,2.585789680480957, -3.687530755996704, 0.0002097852702718228
n,-3.68924880027771, -2.5833382606506348, -0.00029930894379504025
n,2.6835739612579346, -3.616990804672241, 0.0002799420617520809
n,2.6791834831237793, -3.6202445030212402, 0.0002574806858319789
n,2.647481918334961, -3.643491744995117, 0.00019082552171312273
n,2.646260976791382, -3.644378185272217, 0.00028625509003177285
n,2.6444814205169678, -3.645670175552368, 0.0
n,2.6444814205169678, -3.645670175552368, 0.0
n,2.6455087661743164, -3.644923686981201, 0.002224686788395047
n,2.6450066566467285, -3.6452889442443848, 0.0015718474751338363
n,2.6385347843170166, -3.649972677230835, -0.005378798581659794
n,2.642958402633667, -3.6467742919921875, 0.0
n,2.643538236618042, -3.6463534832000732, -0.001857110532000661
n,2.6444807052612305, -3.64566969871521, 0.002403340535238385
n,2.642958164215088, -3.6467742919921875, 0.0
n,3.591817855834961, 2.7171740531921387, 0.0003451886586844921
n,-3.630070447921753, -2.6658546924591064, -0.00034912259434349835
n,-3.629305362701416, -2.6658620834350586, -0.07424163073301315
n,-3.62680983543396, -2.670288562774658, 0.0
n,-2.725923776626587, 3.5851824283599854, 0.0
n,-2.746438980102539, 3.5499649047851562, -0.37284788489341736
n,0.0, 4.50379753112793, 0.0004331534437369555
n,-2.7559213638305664, 3.5621750354766846, 0.0
n,-3.598287582397461, -2.7086009979248047, 0.0
n,-3.5916507244110107, -2.7173948287963867, 0.0
n,-3.5896761417388916, -2.7154250144958496, 0.15775083005428314
n,-2.643483877182007, 3.646393299102783, 0.0
n,-2.6446619033813477, 3.645533561706543, -0.006359981372952461
n,3.62680983543396, 2.670288562774658, 0.0
n,3.629382610321045, 2.6656744480133057, 0.077158123254776
n,3.6300277709960938, 2.6659128665924072, 0.0
n,-2.7489168643951416, 3.5675830841064453, -0.000264377478742972
n,3.7039756774902344, 2.562178134918213, 0.0003562304191291332
n,2.6490063667297363, -3.6423838138580322, 0.00019107645493932068
n,-3.7017717361450195, -2.565361738204956, -0.0002670138783287257
n,2.7488553524017334, -3.5676305294036865, 0.0
n,2.7485342025756836, -3.5678770542144775, 0.002371816895902157
n,3.6420063972473145, 2.649524688720703, 0.0003799227124545723
n,2.6506214141845703, -3.6412086486816406, -0.00010333497630199417
n,-3.632209062576294, -2.6629397869110107, -0.0002946813765447587
n,-3.6451642513275146, -2.64517879486084, -0.0005495768273249269
n,-3.6449241638183594, -2.6455094814300537, 0.0
n,-3.6449241638183594, -2.6455092430114746, 0.0
n,-3.6499524116516113, -2.6385676860809326, -0.0006559988833032548
n,3.6424689292907715, 2.6488888263702393, 0.0
n,-3.642554759979248, -2.648770809173584, 0.0
n,-2.6490063667297363, 3.642383575439453, 0.0
n,2.6910831928253174, -3.611396074295044, -0.009042972698807716
n,-3.6111981868743896, -2.691364288330078, 0.0
n,-2.6918158531188965, 3.6108615398406982, 0.0
u,0.5262566804885864, 0.23678159713745117, 0
u,0.49937498569488525, 0.19485199451446533, 0
u,0.5262566804885864, 0.19485199451446533, 0
u,0.0, 0.0, 0
u,0.0, 0.0, 0
u,0.0, 0.0, 0
u,0.9365162253379822, 0.17176230251789093, 0
u,0.8900008797645569, 0.12012550234794617, 0
u,0.9361339807510376, 0.11661150306463242, 0
u,0.8900008797645569, 0.12012550234794617, 0
u,0.8867858052253723, 0.17370909452438354, 0
u,0.8859081268310547, 0.11121589690446854, 0
u,0.9183406829833984, 0.27893510460853577, 0
u,0.9182063937187195, 0.1816968023777008, 0
u,0.994402289390564, 0.17871400713920593, 0
u,0.8623635172843933, 0.5634778141975403, 0
u,0.8605858087539673, 0.18395249545574188, 0
u,0.8801491856575012, 0.3506292998790741, 0
u,0.994402289390564, 0.17871400713920593, 0
u,0.8605858087539673, 0.18395249545574188, 0
u,0.8565775752067566, 0.1748916059732437, 0
u,0.8590347766876221, 0.6114212870597839, 0
u,0.8624271154403687, 0.5770785212516785, 0
u,0.9938415288925171, 0.5808207988739014, 0
u,0.9924393892288208, 0.1695730984210968, 0
u,0.9400069713592529, 0.10317839682102203, 0
u,0.9919791221618652, 0.10131169855594635, 0
u,0.9400069713592529, 0.10317839682102203, 0
u,0.93597811460495, 0.09410549700260162, 0
u,0.9958820939064026, 0.09195409715175629, 0
u,0.9184393882751465, 0.3503459095954895, 0
u,0.880045473575592, 0.2792583107948303, 0
u,0.9183406829833984, 0.27893510460853577, 0
u,0.46587538719177246, 0.16551730036735535, 0
u,0.475196897983551, 0.12782029807567596, 0
u,0.475196897983551, 0.16551730036735535, 0
u,0.475196897983551, 0.05216969922184944, 0
u,0.46587538719177246, 0.12782029807567596, 0
u,0.46587538719177246, 0.05216969922184944, 0
u,0.46587538719177246, 0.38109830021858215, 0
u,0.8442245721817017, 0.2886408865451813, 0
u,0.8442245721817017, 0.38109830021858215, 0
u,0.8442245721817017, 0.2390805035829544, 0
u,0.46587538719177246, 0.2886408865451813, 0
u,0.46587538719177246, 0.2390805035829544, 0
u,0.036562200635671616, 0.5119640827178955, 0
u,0.036562200635671616, 0.5199304819107056, 0
u,0.0, 0.6362627148628235, 0
u,0.0, 0.6362627148628235, 0
u,0.4644083082675934, 0.9920331835746765, 0
u,0.0, 0.9920331835746765, 0
u,0.00034279999090358615, 0.015546999871730804, 0
u,0.4644083082675934, 0.3513514995574951, 0
u,0.0, 0.3513514995574951, 0
u,0.00034279999090358615, 0.9920647740364075, 0
u,0.0, 0.9920331835746765, 0
u,0.4644083082675934, 0.9920331835746765, 0
u,0.5641400218009949, 0.1805586963891983, 0
u,0.563798189163208, 0.18850579857826233, 0
u,0.563798189163208, 0.1805586963891983, 0
u,0.8819053173065186, 0.61960768699646, 0
u,0.7339887022972107, 0.6459770202636719, 0
u,0.7339887022972107, 0.6187921166419983, 0
u,0.7339887022972107, 0.6187921166419983, 0
u,0.7339887022972107, 0.6459770202636719, 0
u,0.6665549874305725, 0.6459770202636719, 0
u,0.6155605912208557, 0.6459770202636719, 0
u,0.4710538983345032, 0.6459770202636719, 0
u,0.4710538983345032, 0.61960768699646, 0
u,0.46587538719177246, 0.6780561208724976, 0
u,0.929524302482605, 0.9577603936195374, 0
u,0.46587538719177246, 0.9577603936195374, 0
u,0.929524302482605, 0.6482759118080139, 0
u,0.46587538719177246, 0.6780561208724976, 0
u,0.46587538719177246, 0.6482759118080139, 0
u,0.46587538719177246, 0.9996687769889832, 0
u,0.929524302482605, 0.9992988705635071, 0
u,0.929524302482605, 0.9996687769889832, 0
u,0.929524302482605, 0.9992988705635071, 0
u,0.46587538719177246, 0.9577603936195374, 0
u,0.929524302482605, 0.9577603936195374, 0
u,0.4668644964694977, 0.1872234046459198, 0
u,0.4668644964694977, 0.16551730036735535, 0
u,0.5079290270805359, 0.16551730036735535, 0
u,0.8547164797782898, 0.615165114402771, 0
u,0.46587538719177246, 0.5543045997619629, 0
u,0.8547164797782898, 0.5543045997619629, 0
u,0.46587538719177246, 0.5543045997619629, 0
u,0.8547164797782898, 0.44492068886756897, 0
u,0.8547164797782898, 0.5543045997619629, 0
u,0.4797380864620209, 0.42723849415779114, 0
u,0.4797380864620209, 0.4344797134399414, 0
u,0.46587538719177246, 0.44492068886756897, 0
u,0.58852618932724, 0.23678159713745117, 0
u,0.5911272764205933, 0.18291279673576355, 0
u,0.5911272764205933, 0.23678159713745117, 0
u,0.58852618932724, 0.03408779948949814, 0
u,0.5911272764205933, 0.0878245010972023, 0
u,0.58852618932724, 0.0878245010972023, 0
u,0.58852618932724, 0.18291279673576355, 0
u,0.5911272764205933, 0.0878245010972023, 0
u,0.5911272764205933, 0.18291279673576355, 0
u,0.5262566804885864, 0.23678159713745117, 0
u,0.5597609281539917, 0.19485199451446533, 0
u,0.5597609281539917, 0.23678159713745117, 0
u,0.5866274833679199, 0.19485199451446533, 0
u,0.5597609281539917, 0.23678159713745117, 0
u,0.5597609281539917, 0.19485199451446533, 0
u,0.49937498569488525, 0.23678159713745117, 0
u,0.46587538719177246, 0.19485199451446533, 0
u,0.49937498569488525, 0.19485199451446533, 0
u,0.5262566804885864, 0.23678159713745117, 0
u,0.49937498569488525, 0.23678159713745117, 0
u,0.49937498569488525, 0.19485199451446533, 0
u,0.0, 0.0, 0
u,0.0, 0.0, 0
u,0.0, 0.0, 0
u,0.0, 0.0, 0
u,0.0, 0.0, 0
u,0.0, 0.0, 0
u,0.0, 0.0, 0
u,0.0, 0.0, 0
u,0.0, 0.0, 0
u,0.0, 0.0, 0
u,0.0, 0.0, 0
u,0.0, 0.0, 0
u,0.0, 0.0, 0
u,0.0, 0.0, 0
u,0.0, 0.0, 0
u,0.0, 0.0, 0
u,0.0, 0.0, 0
u,0.0, 0.0, 0
u,0.0, 0.0, 0
u,0.0, 0.0, 0
u,0.0, 0.0, 0
u,0.0, 0.0, 0
u,0.0, 0.0, 0
u,0.0, 0.0, 0
u,0.0, 0.0, 0
u,0.0, 0.0, 0
u,0.0, 0.0, 0
u,0.0, 0.0, 0
u,0.0, 0.0, 0
u,0.0, 0.0, 0
u,0.0, 0.0, 0
u,0.0, 0.0, 0
u,0.0, 0.0, 0
u,0.9365162253379822, 0.17176230251789093, 0
u,0.8907511830329895, 0.17355379462242126, 0
u,0.8900008797645569, 0.12012550234794617, 0
u,0.9360702037811279, 0.10739489644765854, 0
u,0.9361339807510376, 0.11661150306463242, 0
u,0.8900008797645569, 0.12012550234794617, 0
u,0.8900008797645569, 0.12012550234794617, 0
u,0.8907511830329895, 0.17355379462242126, 0
u,0.8867858052253723, 0.17370909452438354, 0
u,0.8859081268310547, 0.11121589690446854, 0
u,0.9360702037811279, 0.10739489644765854, 0
u,0.8900008797645569, 0.12012550234794617, 0
u,0.994402289390564, 0.17871400713920593, 0
u,0.9938604831695557, 0.5672159790992737, 0
u,0.9184393882751465, 0.3503459095954895, 0
u,0.9938604831695557, 0.5672159790992737, 0
u,0.9187361001968384, 0.5650802850723267, 0
u,0.9184393882751465, 0.3503459095954895, 0
u,0.994402289390564, 0.17871400713920593, 0
u,0.9184393882751465, 0.3503459095954895, 0
u,0.9183406829833984, 0.27893510460853577, 0
u,0.9184393882751465, 0.3503459095954895, 0
u,0.9187361001968384, 0.5650802850723267, 0
u,0.8801491856575012, 0.3506292998790741, 0
u,0.9187361001968384, 0.5650802850723267, 0
u,0.8623635172843933, 0.5634778141975403, 0
u,0.8801491856575012, 0.3506292998790741, 0
u,0.8605858087539673, 0.18395249545574188, 0
u,0.9182063937187195, 0.1816968023777008, 0
u,0.880045473575592, 0.2792583107948303, 0
u,0.9182063937187195, 0.1816968023777008, 0
u,0.9183406829833984, 0.27893510460853577, 0
u,0.880045473575592, 0.2792583107948303, 0
u,0.8605858087539673, 0.18395249545574188, 0
u,0.880045473575592, 0.2792583107948303, 0
u,0.8801491856575012, 0.3506292998790741, 0
u,0.9983810186386108, 0.16934040188789368, 0
u,0.9978069067001343, 0.580933690071106, 0
u,0.994402289390564, 0.17871400713920593, 0
u,0.9978069067001343, 0.580933690071106, 0
u,0.9938415288925171, 0.5808207988739014, 0
u,0.994402289390564, 0.17871400713920593, 0
u,0.8624271154403687, 0.5770785212516785, 0
u,0.8584607839584351, 0.5769655704498291, 0
u,0.8605858087539673, 0.18395249545574188, 0
u,0.8584607839584351, 0.5769655704498291, 0
u,0.8565775752067566, 0.1748916059732437, 0
u,0.8605858087539673, 0.18395249545574188, 0
u,0.9983810186386108, 0.16934040188789368, 0
u,0.994402289390564, 0.17871400713920593, 0
u,0.8565775752067566, 0.1748916059732437, 0
u,0.8582128286361694, 0.5633596777915955, 0
u,0.8583971261978149, 0.5633649826049805, 0
u,0.8584607839584351, 0.5769655704498291, 0
u,0.8624271154403687, 0.5770785212516785, 0
u,0.8623635172843933, 0.5634778141975403, 0
u,0.9938604831695557, 0.5672159790992737, 0
u,0.8590347766876221, 0.6114212870597839, 0
u,0.8582128286361694, 0.5633596777915955, 0
u,0.8584607839584351, 0.5769655704498291, 0
u,0.8624271154403687, 0.5770785212516785, 0
u,0.9938604831695557, 0.5672159790992737, 0
u,0.9938415288925171, 0.5808207988739014, 0
u,0.8590347766876221, 0.6114212870597839, 0
u,0.8584607839584351, 0.5769655704498291, 0
u,0.8624271154403687, 0.5770785212516785, 0
u,0.9977911710739136, 0.5809332728385925, 0
u,0.9983810186386108, 0.6153901815414429, 0
u,0.9938415288925171, 0.5808207988739014, 0
u,0.9983810186386108, 0.6153901815414429, 0
u,0.8590347766876221, 0.6114212870597839, 0
u,0.9938415288925171, 0.5808207988739014, 0
u,0.9924393892288208, 0.1695730984210968, 0
u,0.9404811859130859, 0.171607106924057, 0
u,0.9400069713592529, 0.10317839682102203, 0
u,0.9400069713592529, 0.10317839682102203, 0
u,0.9404811859130859, 0.171607106924057, 0
u,0.9365162253379822, 0.17176230251789093, 0
u,0.9958820939064026, 0.09195409715175629, 0
u,0.9964042901992798, 0.16941779851913452, 0
u,0.9919791221618652, 0.10131169855594635, 0
u,0.9964042901992798, 0.16941779851913452, 0
u,0.9924393892288208, 0.1695730984210968, 0
u,0.9919791221618652, 0.10131169855594635, 0
u,0.9400069713592529, 0.10317839682102203, 0
u,0.9365162253379822, 0.17176230251789093, 0
u,0.93597811460495, 0.09410549700260162, 0
u,0.9958820939064026, 0.09195409715175629, 0
u,0.9919791221618652, 0.10131169855594635, 0
u,0.9400069713592529, 0.10317839682102203, 0
u,0.9184393882751465, 0.3503459095954895, 0
u,0.8801491856575012, 0.3506292998790741, 0
u,0.880045473575592, 0.2792583107948303, 0
u,0.46587538719177246, 0.16551730036735535, 0
u,0.46587538719177246, 0.12782029807567596, 0
u,0.475196897983551, 0.12782029807567596, 0
u,0.475196897983551, 0.05216969922184944, 0
u,0.475196897983551, 0.12782029807567596, 0
u,0.46587538719177246, 0.12782029807567596, 0
u,0.46587538719177246, 0.38109830021858215, 0
u,0.46587538719177246, 0.2886408865451813, 0
u,0.8442245721817017, 0.2886408865451813, 0
u,0.8442245721817017, 0.2390805035829544, 0
u,0.8442245721817017, 0.2886408865451813, 0
u,0.46587538719177246, 0.2886408865451813, 0
u,0.4644083082675934, 0.632291316986084, 0
u,0.4644083082675934, 0.6362627148628235, 0
u,0.036562200635671616, 0.632291316986084, 0
u,0.4644083082675934, 0.6362627148628235, 0
u,0.0, 0.6362627148628235, 0
u,0.036562200635671616, 0.632291316986084, 0
u,0.0, 0.3513514995574951, 0
u,0.4644083082675934, 0.3513514995574951, 0
u,0.05181549862027168, 0.4120456874370575, 0
u,0.4644083082675934, 0.3513514995574951, 0
u,0.4644083082675934, 0.4120456874370575, 0
u,0.05181549862027168, 0.4120456874370575, 0
u,0.039418600499629974, 0.5199304819107056, 0
u,0.039418600499629974, 0.6243249177932739, 0
u,0.036562200635671616, 0.5199304819107056, 0
u,0.039418600499629974, 0.6243249177932739, 0
u,0.036562200635671616, 0.6243249177932739, 0
u,0.036562200635671616, 0.5199304819107056, 0
u,0.036562200635671616, 0.6243249177932739, 0
u,0.036562200635671616, 0.632291316986084, 0
u,0.0, 0.6362627148628235, 0
u,0.0, 0.6362627148628235, 0
u,0.0, 0.3513514995574951, 0
u,0.036562200635671616, 0.5119640827178955, 0
u,0.0, 0.3513514995574951, 0
u,0.05181549862027168, 0.4120456874370575, 0
u,0.05181549862027168, 0.4200131893157959, 0
u,0.05181549862027168, 0.4200131893157959, 0
u,0.06324110180139542, 0.4200131893157959, 0
u,0.06324110180139542, 0.5119640827178955, 0
u,0.0, 0.3513514995574951, 0
u,0.05181549862027168, 0.4200131893157959, 0
u,0.036562200635671616, 0.5119640827178955, 0
u,0.036562200635671616, 0.6243249177932739, 0
u,0.0, 0.6362627148628235, 0
u,0.036562200635671616, 0.5199304819107056, 0
u,0.05181549862027168, 0.4200131893157959, 0
u,0.06324110180139542, 0.5119640827178955, 0
u,0.036562200635671616, 0.5119640827178955, 0
u,0.0, 0.6362627148628235, 0
u,0.4644083082675934, 0.6362627148628235, 0
u,0.4644083082675934, 0.9920331835746765, 0
u,0.00034279999090358615, 0.015546999871730804, 0
u,0.4644083082675934, 0.015546999871730804, 0
u,0.4644083082675934, 0.3513514995574951, 0
u,0.0, 0.3513514995574951, 0
u,0.0, 0.003790500108152628, 0
u,0.00034279999090358615, 0.015546999871730804, 0
u,0.0, 0.003790500108152628, 0
u,0.00034279999090358615, 0.003790500108152628, 0
u,0.00034279999090358615, 0.015546999871730804, 0
u,0.00034279999090358615, 0.9920647740364075, 0
u,0.00034279999090358615, 1.0, 0
u,0.0, 1.0, 0
u,0.00034279999090358615, 0.9920647740364075, 0
u,0.0, 1.0, 0
u,0.0, 0.9920331835746765, 0
u,0.4644083082675934, 0.9920331835746765, 0
u,0.4644083082675934, 0.9920647740364075, 0
u,0.00034279999090358615, 0.9920647740364075, 0
u,0.5641400218009949, 0.1805586963891983, 0
u,0.5641400218009949, 0.18850579857826233, 0
u,0.563798189163208, 0.18850579857826233, 0
u,0.8870850801467896, 0.6187921166419983, 0
u,0.8870850801467896, 0.61960768699646, 0
u,0.8819053173065186, 0.61960768699646, 0
u,0.8819053173065186, 0.61960768699646, 0
u,0.8819053173065186, 0.6459770202636719, 0
u,0.7339887022972107, 0.6459770202636719, 0
u,0.7339887022972107, 0.6187921166419983, 0
u,0.8870850801467896, 0.6187921166419983, 0
u,0.8819053173065186, 0.61960768699646, 0
u,0.6155605912208557, 0.6459770202636719, 0
u,0.6155605912208557, 0.6187921166419983, 0
u,0.6665549874305725, 0.6459770202636719, 0
u,0.6155605912208557, 0.6187921166419983, 0
u,0.7339887022972107, 0.6187921166419983, 0
u,0.6665549874305725, 0.6459770202636719, 0
u,0.46587538719177246, 0.61960768699646, 0
u,0.46587538719177246, 0.6187921166419983, 0
u,0.4710538983345032, 0.61960768699646, 0
u,0.46587538719177246, 0.6187921166419983, 0
u,0.6155605912208557, 0.6187921166419983, 0
u,0.4710538983345032, 0.61960768699646, 0
u,0.6155605912208557, 0.6187921166419983, 0
u,0.6155605912208557, 0.6459770202636719, 0
u,0.4710538983345032, 0.61960768699646, 0
u,0.46587538719177246, 0.6780561208724976, 0
u,0.929524302482605, 0.6780561208724976, 0
u,0.929524302482605, 0.9577603936195374, 0
u,0.929524302482605, 0.6482759118080139, 0
u,0.929524302482605, 0.6780561208724976, 0
u,0.46587538719177246, 0.6780561208724976, 0
u,0.46587538719177246, 0.9996687769889832, 0
u,0.46587538719177246, 0.9992988705635071, 0
u,0.929524302482605, 0.9992988705635071, 0
u,0.929524302482605, 0.9992988705635071, 0
u,0.46587538719177246, 0.9992988705635071, 0
u,0.46587538719177246, 0.9577603936195374, 0
u,0.562653124332428, 0.16551730036735535, 0
u,0.562653124332428, 0.1872234046459198, 0
u,0.5079290270805359, 0.16551730036735535, 0
u,0.562653124332428, 0.1872234046459198, 0
u,0.4668644964694977, 0.1872234046459198, 0
u,0.5079290270805359, 0.16551730036735535, 0
u,0.8547164797782898, 0.615165114402771, 0
u,0.46587538719177246, 0.615165114402771, 0
u,0.46587538719177246, 0.5543045997619629, 0
u,0.46587538719177246, 0.5543045997619629, 0
u,0.46587538719177246, 0.44492068886756897, 0
u,0.8547164797782898, 0.44492068886756897, 0
u,0.4797380864620209, 0.4344797134399414, 0
u,0.8547164797782898, 0.4344797134399414, 0
u,0.8547164797782898, 0.44492068886756897, 0
u,0.46587538719177246, 0.44492068886756897, 0
u,0.46587538719177246, 0.3839080035686493, 0
u,0.4797380864620209, 0.42723849415779114, 0
u,0.46587538719177246, 0.3839080035686493, 0
u,0.49012210965156555, 0.3839080035686493, 0
u,0.4797380864620209, 0.42723849415779114, 0
u,0.49012210965156555, 0.3839080035686493, 0
u,0.49012210965156555, 0.42723849415779114, 0
u,0.4797380864620209, 0.42723849415779114, 0
u,0.4797380864620209, 0.4344797134399414, 0
u,0.8547164797782898, 0.44492068886756897, 0
u,0.46587538719177246, 0.44492068886756897, 0
u,0.58852618932724, 0.23678159713745117, 0
u,0.58852618932724, 0.18291279673576355, 0
u,0.5911272764205933, 0.18291279673576355, 0
u,0.58852618932724, 0.03408779948949814, 0
u,0.5911272764205933, 0.03408779948949814, 0
u,0.5911272764205933, 0.0878245010972023, 0
u,0.58852618932724, 0.18291279673576355, 0
u,0.58852618932724, 0.0878245010972023, 0
u,0.5911272764205933, 0.0878245010972023, 0
u,0.5262566804885864, 0.23678159713745117, 0
u,0.5262566804885864, 0.19485199451446533, 0
u,0.5597609281539917, 0.19485199451446533, 0
u,0.5866274833679199, 0.19485199451446533, 0
u,0.5866274833679199, 0.23678159713745117, 0
u,0.5597609281539917, 0.23678159713745117, 0
u,0.49937498569488525, 0.23678159713745117, 0
u,0.46587538719177246, 0.23678159713745117, 0
u,0.46587538719177246, 0.19485199451446533, 0
