s,44.879150390625, 137.7978515625, -1.4854252338409424
b,50.584716796875, 139.5517578125, 5.521198749542236
v,45.012939453125, 137.8662109375, 4.370969295501709
v,50.514892578125, 138.0478515625, 4.370969295501709
v,50.514892578125, 138.0478515625, 4.148934841156006
v,48.2001953125, 137.970703125, 4.148931980133057
v,45.804443359375, 137.892578125, 4.1489338874816895
v,45.012939453125, 137.8662109375, 4.148934841156006
v,44.94970703125, 137.7978515625, -1.4854252338409424
v,44.879150390625, 139.11328125, -1.485342264175415
v,47.984619140625, 139.2724609375, -1.4853413105010986
v,48.020751953125, 139.5517578125, -1.4853239059448242
v,50.5068359375, 139.42578125, -1.4853341579437256
v,50.584716796875, 137.9833984375, -1.4854252338409424
v,48.197509765625, 138.46484375, 4.736245632171631
v,48.199462890625, 138.056640625, 4.736219882965088
v,48.8857421875, 138.060546875, 4.736219882965088
v,48.883544921875, 138.4677734375, 4.7362446784973145
v,48.199951171875, 137.970703125, 4.148931980133057
v,48.199462890625, 138.056640625, 4.148937702178955
v,48.197509765625, 138.46484375, 4.148963451385498
v,48.193359375, 139.267578125, 4.149013996124268
v,45.80419921875, 137.892578125, 4.1489338874816895
v,45.012939453125, 137.8662109375, 4.148934841156006
v,45.80419921875, 137.892578125, 4.1489338874816895
v,48.193359375, 139.267578125, 4.149013996124268
v,48.32177734375, 139.341796875, 4.14901876449585
v,48.460693359375, 139.4208984375, 4.149023532867432
v,48.5263671875, 139.458984375, 4.1490254402160645
v,48.078857421875, 139.482421875, 4.149028301239014
v,48.043701171875, 139.208984375, 4.149011135101318
v,44.94921875, 139.0498046875, 4.1490092277526855
v,48.883544921875, 138.4677734375, 4.148962497711182
v,48.8857421875, 138.060546875, 4.148936748504639
v,48.199462890625, 138.056640625, 4.148937702178955
v,48.199951171875, 137.970703125, 4.148931980133057
v,50.5146484375, 138.0478515625, 4.148934841156006
v,50.443603515625, 139.3623046875, 4.149017810821533
v,48.5263671875, 139.458984375, 4.1490254402160645
v,48.460693359375, 139.4208984375, 4.149023532867432
v,48.61865234375, 139.3935546875, 4.149020671844482
v,48.721435546875, 139.2705078125, 4.149013042449951
v,48.72119140625, 139.1103515625, 4.149003505706787
v,48.6181640625, 138.986328125, 4.148995876312256
v,48.460205078125, 138.9599609375, 4.148993968963623
v,48.3212890625, 139.0400390625, 4.148998737335205
v,48.2666015625, 139.1904296875, 4.1490092277526855
v,48.32177734375, 139.341796875, 4.14901876449585
v,48.193359375, 139.267578125, 4.149013996124268
v,48.197509765625, 138.46484375, 4.148963451385498
v,50.584716796875, 137.9833984375, 4.37096643447876
v,50.5068359375, 139.42578125, 4.371057033538818
v,48.020751953125, 139.5517578125, 4.371066570281982
v,48.078857421875, 139.482421875, 4.371062755584717
v,50.443603515625, 139.3623046875, 4.371052265167236
v,50.5146484375, 138.0478515625, 4.370969295501709
v,45.012939453125, 137.8662109375, 4.370969295501709
v,44.94921875, 139.0498046875, 4.371043682098389
v,44.879150390625, 139.11328125, 4.371048450469971
v,44.94970703125, 137.7978515625, 4.370965480804443
v,44.94921875, 139.0498046875, 4.371043682098389
v,48.043701171875, 139.2080078125, 4.3710455894470215
v,48.078857421875, 139.482421875, 4.371062755584717
v,48.020751953125, 139.5517578125, 4.371066570281982
v,47.984619140625, 139.2724609375, 4.371049404144287
v,44.879150390625, 139.11328125, 4.371048450469971
v,48.32177734375, 139.341796875, 5.521193981170654
v,48.2666015625, 139.1904296875, 5.52118444442749
v,48.3212890625, 139.0400390625, 5.52117395401001
v,48.460205078125, 138.958984375, 5.521169185638428
v,48.6181640625, 138.986328125, 5.5211710929870605
v,48.72119140625, 139.1103515625, 5.521178722381592
v,48.721435546875, 139.2705078125, 5.521189212799072
v,48.61865234375, 139.3935546875, 5.5211968421936035
v,48.460693359375, 139.4208984375, 5.521198749542236
v,48.197509765625, 138.46484375, 4.148963451385498
v,48.197509765625, 138.46484375, 4.736245632171631
v,48.883544921875, 138.4677734375, 4.7362446784973145
v,48.883544921875, 138.4677734375, 4.148962497711182
v,48.883544921875, 138.4677734375, 4.148962497711182
v,48.883544921875, 138.4677734375, 4.7362446784973145
v,48.8857421875, 138.060546875, 4.736219882965088
v,48.8857421875, 138.060546875, 4.148936748504639
v,48.8857421875, 138.060546875, 4.148936748504639
v,48.8857421875, 138.060546875, 4.736219882965088
v,48.199462890625, 138.056640625, 4.736219882965088
v,48.199462890625, 138.056640625, 4.148937702178955
v,48.199462890625, 138.056640625, 4.148937702178955
v,48.199462890625, 138.056640625, 4.736219882965088
v,48.197509765625, 138.46484375, 4.736245632171631
v,48.197509765625, 138.46484375, 4.148963451385498
v,50.5146484375, 138.0478515625, 4.370969295501709
v,50.443603515625, 139.3623046875, 4.371052265167236
v,50.443603515625, 139.3623046875, 4.149017810821533
v,50.5146484375, 138.0478515625, 4.148934841156006
v,44.94921875, 139.0498046875, 4.371043682098389
v,45.012939453125, 137.8662109375, 4.370969295501709
v,45.012939453125, 137.8662109375, 4.148934841156006
v,44.94921875, 139.0498046875, 4.1490092277526855
v,48.043701171875, 139.2080078125, 4.3710455894470215
v,44.94921875, 139.0498046875, 4.371043682098389
v,44.94921875, 139.0498046875, 4.1490092277526855
v,48.043701171875, 139.208984375, 4.149011135101318
v,48.078857421875, 139.482421875, 4.371062755584717
v,48.043701171875, 139.2080078125, 4.3710455894470215
v,48.043701171875, 139.208984375, 4.149011135101318
v,48.078857421875, 139.482421875, 4.149028301239014
v,50.443603515625, 139.3623046875, 4.371052265167236
v,48.078857421875, 139.482421875, 4.371062755584717
v,48.078857421875, 139.482421875, 4.149028301239014
v,48.5263671875, 139.458984375, 4.1490254402160645
v,50.443603515625, 139.3623046875, 4.149017810821533
v,50.584716796875, 137.9833984375, 4.37096643447876
v,44.94970703125, 137.7978515625, 4.370965480804443
v,44.94970703125, 137.7978515625, -1.4854252338409424
v,50.584716796875, 137.9833984375, -1.4854252338409424
v,44.94970703125, 137.7978515625, 4.370965480804443
v,44.879150390625, 139.11328125, 4.371048450469971
v,44.879150390625, 139.11328125, -1.485342264175415
v,44.94970703125, 137.7978515625, -1.4854252338409424
v,44.879150390625, 139.11328125, 4.371048450469971
v,47.984619140625, 139.2724609375, 4.371049404144287
v,47.984619140625, 139.2724609375, -1.4853413105010986
v,44.879150390625, 139.11328125, -1.485342264175415
v,47.984619140625, 139.2724609375, 4.371049404144287
v,48.020751953125, 139.5517578125, 4.371066570281982
v,48.020751953125, 139.5517578125, -1.4853239059448242
v,47.984619140625, 139.2724609375, -1.4853413105010986
v,48.020751953125, 139.5517578125, 4.371066570281982
v,50.5068359375, 139.42578125, 4.371057033538818
v,50.5068359375, 139.42578125, -1.4853341579437256
v,48.020751953125, 139.5517578125, -1.4853239059448242
v,50.5068359375, 139.42578125, 4.371057033538818
v,50.584716796875, 137.9833984375, 4.37096643447876
v,50.584716796875, 137.9833984375, -1.4854252338409424
v,50.5068359375, 139.42578125, -1.4853341579437256
v,48.61865234375, 139.3935546875, 4.149020671844482
v,48.460693359375, 139.4208984375, 4.149023532867432
v,48.460693359375, 139.4208984375, 5.521198749542236
v,48.61865234375, 139.3935546875, 5.5211968421936035
v,48.721435546875, 139.2705078125, 5.521189212799072
v,48.721435546875, 139.2705078125, 4.149013042449951
v,48.61865234375, 139.3935546875, 4.149020671844482
v,48.61865234375, 139.3935546875, 5.5211968421936035
v,48.72119140625, 139.1103515625, 5.521178722381592
v,48.72119140625, 139.1103515625, 4.149003505706787
v,48.721435546875, 139.2705078125, 4.149013042449951
v,48.721435546875, 139.2705078125, 5.521189212799072
v,48.6181640625, 138.986328125, 5.5211710929870605
v,48.6181640625, 138.986328125, 4.148995876312256
v,48.72119140625, 139.1103515625, 4.149003505706787
v,48.72119140625, 139.1103515625, 5.521178722381592
v,48.460205078125, 138.958984375, 5.521169185638428
v,48.460205078125, 138.9599609375, 4.148993968963623
v,48.6181640625, 138.986328125, 4.148995876312256
v,48.6181640625, 138.986328125, 5.5211710929870605
v,48.3212890625, 139.0400390625, 5.52117395401001
v,48.3212890625, 139.0400390625, 4.148998737335205
v,48.460205078125, 138.9599609375, 4.148993968963623
v,48.460205078125, 138.958984375, 5.521169185638428
v,48.2666015625, 139.1904296875, 5.52118444442749
v,48.2666015625, 139.1904296875, 4.1490092277526855
v,48.3212890625, 139.0400390625, 4.148998737335205
v,48.3212890625, 139.0400390625, 5.52117395401001
v,48.32177734375, 139.341796875, 5.521193981170654
v,48.32177734375, 139.341796875, 4.14901876449585
v,48.2666015625, 139.1904296875, 4.1490092277526855
v,48.2666015625, 139.1904296875, 5.52118444442749
v,48.460693359375, 139.4208984375, 5.521198749542236
v,48.460693359375, 139.4208984375, 4.149023532867432
v,48.32177734375, 139.341796875, 4.14901876449585
v,48.32177734375, 139.341796875, 5.521193981170654
i,1,2,3
i,8,10,11
i,13,15,12
i,17,18,20
i,23,24,27
i,42,43,47
i,48,53,57
i,60,61,62
i,72,65,69
i,73,75,76
i,77,79,80
i,82,84,81
i,86,88,85
i,89,91,92
i,94,96,93
i,98,100,97
i,101,103,104
i,106,107,108
i,111,113,110
i,114,116,117
i,118,120,121
i,122,124,125
i,127,129,126
i,131,133,130
i,135,137,134
i,138,140,141
i,142,144,145
i,146,148,149
i,151,153,150
i,154,156,157
i,159,161,158
i,163,165,162
i,167,169,166
i,5,0,4
i,0,1,3
i,4,0,3
i,11,6,8
i,6,7,8
i,8,9,10
i,13,14,15
i,20,16,17
i,18,19,20
i,29,21,22
i,28,29,22
i,26,27,25
i,27,28,23
i,24,25,27
i,28,22,23
i,31,32,33
i,34,35,30
i,35,36,38
i,36,37,38
i,35,38,39
i,31,33,34
i,30,31,34
i,35,39,40
i,35,40,30
i,30,40,41
i,44,45,46
i,43,44,46
i,47,30,42
i,30,41,42
i,43,46,47
i,49,50,51
i,49,51,52
i,55,56,57
i,54,55,57
i,48,49,53
i,49,52,53
i,53,54,57
i,63,58,62
i,58,59,62
i,59,60,62
i,72,64,65
i,65,66,69
i,66,67,68
i,69,66,68
i,69,70,72
i,70,71,72
i,73,74,75
i,77,78,79
i,82,83,84
i,86,87,88
i,89,90,91
i,94,95,96
i,98,99,100
i,101,102,103
i,109,105,108
i,105,106,108
i,111,112,113
i,114,115,116
i,118,119,120
i,122,123,124
i,127,128,129
i,131,132,133
i,135,136,137
i,138,139,140
i,142,143,144
i,146,147,148
i,151,152,153
i,154,155,156
i,159,160,161
i,163,164,165
i,167,168,169
n,-0.14842863380908966, 4.501351356506348, 0.0
n,-4.43459975940641e-06, 0.0002840725937858224, -4.50379753112793
n,6.979830686759669e-06, -0.0002807015844155103, 4.50379753112793
n,1.1347040526743513e-05, -0.0002806783595588058, 4.50379753112793
n,1.150745083577931e-05, -0.0002787564881145954, 4.50379753112793
n,4.200071998639032e-06, -0.00027952584787271917, 4.50379753112793
n,6.905661848577438e-06, -0.00023020712251309305, 4.50379753112793
n,-1.2367509043542668e-05, -0.00028524777735583484, 4.50379753112793
n,7.711912985541858e-06, -0.00028757748077623546, 4.50379753112793
n,-0.022774919867515564, 4.503740310668945, 0.0
n,4.503734111785889, 0.02395602874457836, 0.0
n,0.022774919867515564, -4.503740310668945, 0.0
n,-4.503734111785889, -0.02395602874457836, 0.0
n,-4.497223377227783, -0.24325351417064667, 0.0
n,4.497326374053955, 0.2413400560617447, 0.0
n,0.2294500768184662, -4.497914791107178, -0.017569979652762413
n,4.46702766418457, -0.5743321180343628, 0.0
n,-0.2266480028629303, -4.498091220855713, 0.0
n,0.14826694130897522, -4.50135612487793, 0.0
n,-4.49735164642334, -0.24087662994861603, 0.0
n,-0.22988981008529663, 4.497926235198975, 0.0
n,-4.466851711273193, 0.5756968259811401, 0.0
n,0.22753070294857025, 4.498046875, 0.0
n,4.497252941131592, 0.24271102249622345, 0.0
n,0.7788752913475037, 4.435937881469727, 0.0
n,3.457916259765625, 2.885655403137207, 0.0
n,4.503793239593506, -0.006086207460612059, 0.0
n,3.4519295692443848, -2.8928141593933105, 0.0
n,0.7799128293991089, -4.435754776000977, -0.0028037482406944036
n,-2.260637044906616, -3.8953440189361572, -0.00246216612868011
n,-4.234767436981201, -1.5332778692245483, 0.0
n,-4.230861663818359, 1.5440213680267334, 0.0
n,-2.2423794269561768, 3.905883550643921, 0.0
n,-0.14799009263515472, 4.5013651847839355, 0.0
n,-0.14830663800239563, 4.501354694366455, -0.0012729710433632135
n,-0.1482933610677719, 4.5013556480407715, -0.001082153175957501
n,-9.0501716840663e-06, 0.0002747615217231214, -4.50379753112793
n,-1.3257335012895055e-05, 0.00028342148289084435, -4.50379753112793
n,-4.2205620047752745e-06, 0.00028055612347088754, -4.50379753112793
n,6.979830686759669e-06, -0.0002807015844155103, 4.50379753112793
n,1.3427493286144454e-05, -0.00031091884011402726, 4.50379753112793
n,1.2361558219708968e-05, -0.00028491971897892654, 4.50379753112793
n,1.411725770594785e-05, -0.00028279193793423474, 4.50379753112793
n,1.2115463505324442e-05, -0.00028427006327547133, 4.50379753112793
n,1.4260611351346597e-05, -0.00022447093215305358, 4.50379753112793
n,8.526447345502675e-06, -0.0002803495735861361, 4.50379753112793
n,3.401544745429419e-06, -0.0002927666937466711, 4.50379753112793
n,5.913325367146172e-06, -0.0002737207105383277, 4.50379753112793
n,7.1327972364088055e-06, -0.000310950621496886, 4.50379753112793
n,3.9078818190319e-06, -0.00028410754748620093, 4.50379753112793
n,3.494468728604261e-06, -0.00028446101350709796, 4.50379753112793
n,2.8639307856792584e-05, -0.00024922515149228275, 4.50379753112793
n,3.644017851911485e-06, -0.00027572072576731443, 4.50379753112793
n,4.6913473852328025e-06, -0.0002922130806837231, 4.50379753112793
n,4.78318679597578e-06, -0.0002807132841553539, 4.50379753112793
n,4.155258920945926e-06, -0.0002852968464139849, 4.50379753112793
n,4.006082690466428e-06, -0.0002842788817360997, 4.50379753112793
n,5.986400992696872e-06, -0.0002837784413713962, 4.50379753112793
n,1.4045325769984629e-05, -0.0002831753809005022, 4.50379753112793
n,-1.1604854989855085e-05, -0.0003075286513194442, 4.50379753112793
n,6.981348633416928e-06, -0.00028100170311518013, 4.50379753112793
n,4.832331796933431e-07, -0.00028659444069489837, 4.50379753112793
n,2.885887079173699e-05, -0.0002848351141437888, 4.50379753112793
n,4.706570052803727e-06, -0.00027094822144135833, 4.50379753112793
n,3.912191914423602e-06, -0.00030516149126924574, 4.50379753112793
n,1.626231642148923e-05, -0.00028326050960458815, 4.50379753112793
n,5.315194357535802e-06, -0.0002832642931025475, 4.50379753112793
n,-4.362206891528331e-05, -0.0002853437908925116, 4.50379753112793
n,-1.6061601854744367e-05, -0.0002851876779459417, 4.50379753112793
n,9.458449312660377e-06, -0.0002870797470677644, 4.50379753112793
n,1.3410348401521333e-05, -0.00028641524841077626, 4.50379753112793
n,9.229653187503573e-06, -0.0002292613935424015, 4.50379753112793
n,-3.8800073525635526e-05, -0.0002733968140091747, 4.50379753112793
n,-6.385394499375252e-06, -0.00027571935788728297, 4.50379753112793
n,5.255597443465376e-06, -0.000301423977361992, 4.50379753112793
n,1.19658284347679e-06, -0.00028169553843326867, 4.50379753112793
n,1.4960401131247636e-06, -0.00028001537430100143, 4.50379753112793
n,1.0426439985167235e-05, -0.0002853053156286478, 4.50379753112793
n,2.7479663913254626e-05, -0.0002558297128416598, 4.50379753112793
n,-0.022774919867515564, 4.503740310668945, 0.0
n,4.503734111785889, 0.02395602874457836, 0.0
n,0.022774919867515564, -4.503740310668945, 0.0
n,-4.503734111785889, -0.02395602874457836, 0.0
n,-4.497223377227783, -0.24325351417064667, 0.0
n,4.497326374053955, 0.2413400560617447, 0.0
n,0.2307092398405075, -4.497884750366211, 0.0
n,4.467256546020508, -0.5725437998771667, -0.0022364992182701826
n,-0.22790278494358063, -4.498027801513672, 0.0
n,-0.22766532003879547, -4.498039245605469, -0.0020557355601340532
n,0.14826692640781403, -4.50135612487793, 0.0
n,-4.49735164642334, -0.24087662994861603, 0.0
n,-0.22988983988761902, 4.497926235198975, 0.0
n,-4.466851711273193, 0.5756967663764954, 0.0
n,0.22753070294857025, 4.498046875, 0.0
n,4.497252941131592, 0.24271102249622345, 0.0
n,0.7788752913475037, 4.435937881469727, 0.0
n,3.457916259765625, 2.885655403137207, 0.0
n,4.503793239593506, -0.006086207460612059, 0.0
n,3.4519295692443848, -2.8928141593933105, 0.0
n,0.7562388181686401, -4.439853191375732, 0.0
n,-2.2423794269561768, -3.905883550643921, 0.0
n,-4.234767436981201, -1.5332778692245483, 0.0
n,-4.230861663818359, 1.5440213680267334, 0.0
n,-2.2423794269561768, 3.905883550643921, 0.0
u,0.40222489833831787, 0.040150199085474014, 0
u,0.40222489833831787, 0.002890199888497591, 0
u,0.5341913104057312, 0.002890199888497591, 0
u,0.0, 0.0, 0
u,0.0, 0.0, 0
u,0.0, 0.0, 0
u,0.798661470413208, 0.44897881150245667, 0
u,0.8208168745040894, 0.3320103883743286, 0
u,0.8219072818756104, 0.4470863938331604, 0
u,0.798661470413208, 0.44897881150245667, 0
u,0.8219072818756104, 0.4470863938331604, 0
u,0.7937849164009094, 0.851611316204071, 0
u,0.8676050901412964, 0.4433661997318268, 0
u,0.871574878692627, 0.4214121103286743, 0
u,0.8800249099731445, 0.46137291193008423, 0
u,0.8495724201202393, 0.40031111240386963, 0
u,0.8544101119041443, 0.4231446087360382, 0
u,0.8219072818756104, 0.4470863938331604, 0
u,0.7899901866912842, 0.04938419908285141, 0
u,0.7937849164009094, 0.06079750135540962, 0
u,0.7899901866912842, 0.9954395890235901, 0
u,0.8800249099731445, 0.46137291193008423, 0
u,0.8840991258621216, 0.470745712518692, 0
u,0.8682631254196167, 0.47832348942756653, 0
u,0.8758705258369446, 0.3976565897464752, 0
u,0.8630995750427246, 0.43147799372673035, 0
u,0.8576452732086182, 0.355665385723114, 0
u,0.9172660112380981, 0.7549064755439758, 0
u,0.8851814866065979, 0.6445087194442749, 0
u,0.9172660112380981, 0.6445087194442749, 0
u,0.9172660112380981, 0.9965882897377014, 0
u,0.8851814866065979, 0.9309815764427185, 0
u,0.9172660112380981, 0.9309815764427185, 0
u,0.8851814866065979, 0.9309815764427185, 0
u,0.9172660112380981, 0.8205838799476624, 0
u,0.9172660112380981, 0.9309815764427185, 0
u,0.8851814866065979, 0.8205838799476624, 0
u,0.9172660112380981, 0.7549064755439758, 0
u,0.9172660112380981, 0.8205838799476624, 0
u,0.40222489833831787, 0.040150199085474014, 0
u,0.3272011876106262, 0.002890199888497591, 0
u,0.40222489833831787, 0.002890199888497591, 0
u,0.7159237861633301, 0.040150199085474014, 0
u,0.7834814190864563, 0.002890199888497591, 0
u,0.7834814190864563, 0.040150199085474014, 0
u,0.0, 0.040150199085474014, 0
u,0.17656239867210388, 0.002890199888497591, 0
u,0.17656239867210388, 0.040150199085474014, 0
u,0.19226689636707306, 0.040150199085474014, 0
u,0.17656239867210388, 0.002890199888497591, 0
u,0.19226689636707306, 0.002890199888497591, 0
u,0.19226689636707306, 0.040150199085474014, 0
u,0.19226689636707306, 0.002890199888497591, 0
u,0.21780000627040863, 0.002890199888497591, 0
u,0.7160794138908386, 0.047350700944662094, 0
u,0.40463340282440186, 1.0, 0
u,0.40463340282440186, 0.047350700944662094, 0
u,0.7160794138908386, 0.047350700944662094, 0
u,0.7888584733009338, 1.0, 0
u,0.7160794138908386, 1.0, 0
u,0.0, 0.047350700944662094, 0
u,0.17176690697669983, 1.0, 0
u,0.0, 1.0, 0
u,0.17176690697669983, 0.047350700944662094, 0
u,0.18732179701328278, 1.0, 0
u,0.17176690697669983, 1.0, 0
u,0.3248383104801178, 0.047350700944662094, 0
u,0.18732179701328278, 1.0, 0
u,0.18732179701328278, 0.047350700944662094, 0
u,0.40463340282440186, 0.047350700944662094, 0
u,0.3248383104801178, 1.0, 0
u,0.3248383104801178, 0.047350700944662094, 0
u,0.9988793730735779, 0.85882169008255, 0
u,0.9185475707054138, 0.8311641216278076, 0
u,0.9988793730735779, 0.8311641216278076, 0
u,0.9185475707054138, 0.8035063743591309, 0
u,0.9988793730735779, 0.8311641216278076, 0
u,0.9185475707054138, 0.8311641216278076, 0
u,0.9185475707054138, 0.775848925113678, 0
u,0.9988793730735779, 0.8035063743591309, 0
u,0.9185475707054138, 0.8035063743591309, 0
u,0.9185475707054138, 0.7481911778450012, 0
u,0.9988793730735779, 0.775848925113678, 0
u,0.9185475707054138, 0.775848925113678, 0
u,0.9988793730735779, 0.9694522023200989, 0
u,0.9185475707054138, 0.9971097707748413, 0
u,0.9185475707054138, 0.9694522023200989, 0
u,0.9185475707054138, 0.9417945742607117, 0
u,0.9988793730735779, 0.9694522023200989, 0
u,0.9185475707054138, 0.9694522023200989, 0
u,0.9988793730735779, 0.9141368865966797, 0
u,0.9185475707054138, 0.9417945742607117, 0
u,0.9185475707054138, 0.9141368865966797, 0
u,0.9988793730735779, 0.8864793181419373, 0
u,0.9185475707054138, 0.9141368865966797, 0
u,0.9185475707054138, 0.8864793181419373, 0
u,0.9988793730735779, 0.85882169008255, 0
u,0.9185475707054138, 0.8864793181419373, 0
u,0.9185475707054138, 0.85882169008255, 0
u,0.7159237861633301, 0.002890199888497591, 0
u,0.7159237861633301, 0.040150199085474014, 0
u,0.6707957983016968, 0.002890199888497591, 0
u,0.7159237861633301, 0.040150199085474014, 0
u,0.40222489833831787, 0.040150199085474014, 0
u,0.5341913104057312, 0.002890199888497591, 0
u,0.6707957983016968, 0.002890199888497591, 0
u,0.7159237861633301, 0.040150199085474014, 0
u,0.5341913104057312, 0.002890199888497591, 0
u,0.0, 0.0, 0
u,0.0, 0.0, 0
u,0.0, 0.0, 0
u,0.0, 0.0, 0
u,0.0, 0.0, 0
u,0.0, 0.0, 0
u,0.0, 0.0, 0
u,0.0, 0.0, 0
u,0.0, 0.0, 0
u,0.798661470413208, 0.44897881150245667, 0
u,0.7975960969924927, 0.33390098810195923, 0
u,0.8208168745040894, 0.3320103883743286, 0
u,0.7937849164009094, 0.851611316204071, 0
u,0.7937849164009094, 0.4493756890296936, 0
u,0.798661470413208, 0.44897881150245667, 0
u,0.8219072818756104, 0.4470863938331604, 0
u,0.8676050901412964, 0.4433661997318268, 0
u,0.7937849164009094, 0.851611316204071, 0
u,0.8613150715827942, 0.9885954260826111, 0
u,0.7937849164009094, 0.9844918847084045, 0
u,0.7937849164009094, 0.851611316204071, 0
u,0.864526629447937, 0.4687890112400055, 0
u,0.8613150715827942, 0.9885954260826111, 0
u,0.7937849164009094, 0.851611316204071, 0
u,0.8778964877128601, 0.38645169138908386, 0
u,0.8800249099731445, 0.46137291193008423, 0
u,0.8758705258369446, 0.3976565897464752, 0
u,0.8800249099731445, 0.46137291193008423, 0
u,0.864526629447937, 0.4687890112400055, 0
u,0.8676050901412964, 0.4433661997318268, 0
u,0.871574878692627, 0.4214121103286743, 0
u,0.8758705258369446, 0.3976565897464752, 0
u,0.8800249099731445, 0.46137291193008423, 0
u,0.864526629447937, 0.4687890112400055, 0
u,0.7937849164009094, 0.851611316204071, 0
u,0.8676050901412964, 0.4433661997318268, 0
u,0.7975960969924927, 0.33390098810195923, 0
u,0.798661470413208, 0.44897881150245667, 0
u,0.7937849164009094, 0.4493756890296936, 0
u,0.7937849164009094, 0.06079750135540962, 0
u,0.8687778115272522, 0.06543870270252228, 0
u,0.8208168745040894, 0.3320103883743286, 0
u,0.8687778115272522, 0.06543870270252228, 0
u,0.8778964877128601, 0.38645169138908386, 0
u,0.8739761710166931, 0.3713271915912628, 0
u,0.8778964877128601, 0.38645169138908386, 0
u,0.8758705258369446, 0.3976565897464752, 0
u,0.8739761710166931, 0.3713271915912628, 0
u,0.8687778115272522, 0.06543870270252228, 0
u,0.8739761710166931, 0.3713271915912628, 0
u,0.8667786121368408, 0.35474351048469543, 0
u,0.7975960969924927, 0.33390098810195923, 0
u,0.7937849164009094, 0.4493756890296936, 0
u,0.7937849164009094, 0.06079750135540962, 0
u,0.8208168745040894, 0.3320103883743286, 0
u,0.7975960969924927, 0.33390098810195923, 0
u,0.7937849164009094, 0.06079750135540962, 0
u,0.8687778115272522, 0.06543870270252228, 0
u,0.8667786121368408, 0.35474351048469543, 0
u,0.8576452732086182, 0.355665385723114, 0
u,0.8687778115272522, 0.06543870270252228, 0
u,0.8576452732086182, 0.355665385723114, 0
u,0.8208168745040894, 0.3320103883743286, 0
u,0.8208168745040894, 0.3320103883743286, 0
u,0.8576452732086182, 0.355665385723114, 0
u,0.8508501052856445, 0.37366148829460144, 0
u,0.8630995750427246, 0.43147799372673035, 0
u,0.871574878692627, 0.4214121103286743, 0
u,0.8676050901412964, 0.4433661997318268, 0
u,0.8544101119041443, 0.4231446087360382, 0
u,0.8630995750427246, 0.43147799372673035, 0
u,0.8676050901412964, 0.4433661997318268, 0
u,0.8219072818756104, 0.4470863938331604, 0
u,0.8208168745040894, 0.3320103883743286, 0
u,0.8495724201202393, 0.40031111240386963, 0
u,0.8208168745040894, 0.3320103883743286, 0
u,0.8508501052856445, 0.37366148829460144, 0
u,0.8495724201202393, 0.40031111240386963, 0
u,0.8544101119041443, 0.4231446087360382, 0
u,0.8676050901412964, 0.4433661997318268, 0
u,0.8219072818756104, 0.4470863938331604, 0
u,0.8722743988037109, 0.054476700723171234, 0
u,0.8840991258621216, 0.470745712518692, 0
u,0.8800249099731445, 0.46137291193008423, 0
u,0.8722743988037109, 0.054476700723171234, 0
u,0.8800249099731445, 0.46137291193008423, 0
u,0.8687778115272522, 0.06543870270252228, 0
u,0.8613150715827942, 0.9885954260826111, 0
u,0.865040123462677, 1.0, 0
u,0.7899901866912842, 0.9954395890235901, 0
u,0.7937849164009094, 0.9844918847084045, 0
u,0.8613150715827942, 0.9885954260826111, 0
u,0.7899901866912842, 0.9954395890235901, 0
u,0.7899901866912842, 0.04938419908285141, 0
u,0.8722743988037109, 0.054476700723171234, 0
u,0.7937849164009094, 0.06079750135540962, 0
u,0.8722743988037109, 0.054476700723171234, 0
u,0.8687778115272522, 0.06543870270252228, 0
u,0.7937849164009094, 0.06079750135540962, 0
u,0.7937849164009094, 0.06079750135540962, 0
u,0.7937849164009094, 0.9844918847084045, 0
u,0.7899901866912842, 0.9954395890235901, 0
u,0.865040123462677, 1.0, 0
u,0.8613150715827942, 0.9885954260826111, 0
u,0.8682631254196167, 0.47832348942756653, 0
u,0.8613150715827942, 0.9885954260826111, 0
u,0.864526629447937, 0.4687890112400055, 0
u,0.8682631254196167, 0.47832348942756653, 0
u,0.864526629447937, 0.4687890112400055, 0
u,0.8800249099731445, 0.46137291193008423, 0
u,0.8682631254196167, 0.47832348942756653, 0
u,0.8758705258369446, 0.3976565897464752, 0
u,0.871574878692627, 0.4214121103286743, 0
u,0.8630995750427246, 0.43147799372673035, 0
u,0.8630995750427246, 0.43147799372673035, 0
u,0.8544101119041443, 0.4231446087360382, 0
u,0.8576452732086182, 0.355665385723114, 0
u,0.8544101119041443, 0.4231446087360382, 0
u,0.8495724201202393, 0.40031111240386963, 0
u,0.8508501052856445, 0.37366148829460144, 0
u,0.8576452732086182, 0.355665385723114, 0
u,0.8544101119041443, 0.4231446087360382, 0
u,0.8508501052856445, 0.37366148829460144, 0
u,0.8576452732086182, 0.355665385723114, 0
u,0.8667786121368408, 0.35474351048469543, 0
u,0.8758705258369446, 0.3976565897464752, 0
u,0.8667786121368408, 0.35474351048469543, 0
u,0.8739761710166931, 0.3713271915912628, 0
u,0.8758705258369446, 0.3976565897464752, 0
u,0.9172660112380981, 0.7549064755439758, 0
u,0.8851814866065979, 0.7549064755439758, 0
u,0.8851814866065979, 0.6445087194442749, 0
u,0.9172660112380981, 0.9965882897377014, 0
u,0.8851814866065979, 0.9965882897377014, 0
u,0.8851814866065979, 0.9309815764427185, 0
u,0.8851814866065979, 0.9309815764427185, 0
u,0.8851814866065979, 0.8205838799476624, 0
u,0.9172660112380981, 0.8205838799476624, 0
u,0.8851814866065979, 0.8205838799476624, 0
u,0.8851814866065979, 0.7549064755439758, 0
u,0.9172660112380981, 0.7549064755439758, 0
u,0.40222489833831787, 0.040150199085474014, 0
u,0.3272011876106262, 0.040150199085474014, 0
u,0.3272011876106262, 0.002890199888497591, 0
u,0.7159237861633301, 0.040150199085474014, 0
u,0.7159237861633301, 0.002890199888497591, 0
u,0.7834814190864563, 0.002890199888497591, 0
u,0.0, 0.040150199085474014, 0
u,0.0, 0.002890199888497591, 0
u,0.17656239867210388, 0.002890199888497591, 0
u,0.19226689636707306, 0.040150199085474014, 0
u,0.17656239867210388, 0.040150199085474014, 0
u,0.17656239867210388, 0.002890199888497591, 0
u,0.3272011876106262, 0.002890199888497591, 0
u,0.3272011876106262, 0.040150199085474014, 0
u,0.21780000627040863, 0.002890199888497591, 0
u,0.3272011876106262, 0.040150199085474014, 0
u,0.19226689636707306, 0.040150199085474014, 0
u,0.21780000627040863, 0.002890199888497591, 0
u,0.7160794138908386, 0.047350700944662094, 0
u,0.7160794138908386, 1.0, 0
u,0.40463340282440186, 1.0, 0
u,0.7160794138908386, 0.047350700944662094, 0
u,0.7888584733009338, 0.047350700944662094, 0
u,0.7888584733009338, 1.0, 0
u,0.0, 0.047350700944662094, 0
u,0.17176690697669983, 0.047350700944662094, 0
u,0.17176690697669983, 1.0, 0
u,0.17176690697669983, 0.047350700944662094, 0
u,0.18732179701328278, 0.047350700944662094, 0
u,0.18732179701328278, 1.0, 0
u,0.3248383104801178, 0.047350700944662094, 0
u,0.3248383104801178, 1.0, 0
u,0.18732179701328278, 1.0, 0
u,0.40463340282440186, 0.047350700944662094, 0
u,0.40463340282440186, 1.0, 0
u,0.3248383104801178, 1.0, 0
u,0.9988793730735779, 0.85882169008255, 0
u,0.9185475707054138, 0.85882169008255, 0
u,0.9185475707054138, 0.8311641216278076, 0
u,0.9185475707054138, 0.8035063743591309, 0
u,0.9988793730735779, 0.8035063743591309, 0
u,0.9988793730735779, 0.8311641216278076, 0
u,0.9185475707054138, 0.775848925113678, 0
u,0.9988793730735779, 0.775848925113678, 0
u,0.9988793730735779, 0.8035063743591309, 0
u,0.9185475707054138, 0.7481911778450012, 0
u,0.9988793730735779, 0.7481911778450012, 0
u,0.9988793730735779, 0.775848925113678, 0
u,0.9988793730735779, 0.9694522023200989, 0
u,0.9988793730735779, 0.9971097707748413, 0
u,0.9185475707054138, 0.9971097707748413, 0
u,0.9185475707054138, 0.9417945742607117, 0
u,0.9988793730735779, 0.9417945742607117, 0
u,0.9988793730735779, 0.9694522023200989, 0
u,0.9988793730735779, 0.9141368865966797, 0
u,0.9988793730735779, 0.9417945742607117, 0
u,0.9185475707054138, 0.9417945742607117, 0
u,0.9988793730735779, 0.8864793181419373, 0
u,0.9988793730735779, 0.9141368865966797, 0
u,0.9185475707054138, 0.9141368865966797, 0
u,0.9988793730735779, 0.85882169008255, 0
u,0.9988793730735779, 0.8864793181419373, 0
u,0.9185475707054138, 0.8864793181419373, 0
