s,93.70556640625, 143.7666015625, -1.783876895904541
b,96.328369140625, 146.96484375, 1.6977782249450684
v,94.544921875, 145.0185546875, 1.1126317977905273
v,94.378173828125, 144.689453125, 1.1126046180725098
v,93.968017578125, 144.8974609375, 1.1126060485839844
v,93.759765625, 144.486328125, 1.1125717163085938
v,94.5458984375, 144.087890625, 1.1125693321228027
v,95.0947265625, 145.1728515625, 1.112658977508545
v,95.439697265625, 145.85546875, 1.1127161979675293
v,95.695556640625, 146.361328125, 1.1127591133117676
v,94.90966796875, 146.759765625, 1.1127614974975586
v,94.13427734375, 145.2275390625, 1.112633228302002
v,94.866943359375, 146.78125, -1.7836825847625732
v,94.960205078125, 146.96484375, -1.7836670875549316
v,95.432861328125, 146.7255859375, -1.7836687564849854
v,95.33984375, 146.5419921875, -1.783684253692627
v,95.5458984375, 146.4375, -1.7836849689483643
v,95.63525390625, 146.6142578125, -1.7836699485778809
v,96.302978515625, 146.275390625, -1.7836718559265137
v,96.21337890625, 146.0986328125, -1.783686637878418
v,96.328369140625, 146.041015625, -1.7836871147155762
v,95.178466796875, 143.767578125, -1.783876895904541
v,93.705810546875, 144.513671875, -1.783872365951538
v,94.856201171875, 146.787109375, -1.7836825847625732
v,93.967529296875, 144.8974609375, 1.5766587257385254
v,94.378173828125, 144.689453125, 1.5766572952270508
v,94.544677734375, 145.0185546875, 1.5766844749450684
v,94.134033203125, 145.2275390625, 1.5766863822937012
v,93.759765625, 144.486328125, 1.1125717163085938
v,93.9677734375, 144.8974609375, 1.1126060485839844
v,94.134033203125, 145.2275390625, 1.112633228302002
v,94.909423828125, 146.759765625, 1.1127614974975586
v,94.856201171875, 146.787109375, 1.1127619743347168
v,93.70556640625, 144.513671875, 1.1125717163085938
v,96.044677734375, 145.5166015625, 1.1127128601074219
v,95.69873046875, 144.8330078125, 1.1126551628112793
v,95.094482421875, 145.1728515625, 1.112658977508545
v,94.545654296875, 144.087890625, 1.1125693321228027
v,95.17822265625, 143.7666015625, 1.1125679016113281
v,96.328369140625, 146.041015625, 1.1127572059631348
v,95.6953125, 146.361328125, 1.1127591133117676
v,95.439453125, 145.85546875, 1.1127161979675293
v,95.094482421875, 145.1728515625, 1.6971063613891602
v,95.69873046875, 144.8330078125, 1.123641014099121
v,96.044677734375, 145.5166015625, 1.124166488647461
v,95.439453125, 145.85546875, 1.6977782249450684
v,95.5458984375, 146.4375, 1.0983271598815918
v,96.21337890625, 146.0986328125, 1.098325252532959
v,96.302734375, 146.275390625, 1.0983405113220215
v,95.63525390625, 146.6142578125, 1.0983424186706543
v,94.9599609375, 146.96484375, 1.0983448028564453
v,94.866943359375, 146.78125, 1.0983295440673828
v,95.33984375, 146.5419921875, 1.0983281135559082
v,95.432861328125, 146.7255859375, 1.098343849182129
v,94.544677734375, 145.0185546875, 1.1126317977905273
v,94.134033203125, 145.2275390625, 1.112633228302002
v,94.134033203125, 145.2275390625, 1.5766863822937012
v,94.544677734375, 145.0185546875, 1.5766844749450684
v,94.378173828125, 144.689453125, 1.1126046180725098
v,94.544677734375, 145.0185546875, 1.1126317977905273
v,94.544677734375, 145.0185546875, 1.5766844749450684
v,94.378173828125, 144.689453125, 1.5766572952270508
v,93.9677734375, 144.8974609375, 1.1126060485839844
v,94.378173828125, 144.689453125, 1.1126046180725098
v,94.378173828125, 144.689453125, 1.5766572952270508
v,93.967529296875, 144.8974609375, 1.5766587257385254
v,94.134033203125, 145.2275390625, 1.112633228302002
v,93.9677734375, 144.8974609375, 1.1126060485839844
v,93.967529296875, 144.8974609375, 1.5766587257385254
v,94.134033203125, 145.2275390625, 1.5766863822937012
v,95.33984375, 146.5419921875, 1.0983281135559082
v,94.866943359375, 146.78125, 1.0983295440673828
v,94.866943359375, 146.78125, -1.7836825847625732
v,94.856201171875, 146.787109375, -1.7836825847625732
v,94.856201171875, 146.787109375, 1.1127619743347168
v,94.909423828125, 146.759765625, 1.1127614974975586
v,95.6953125, 146.361328125, 1.1127591133117676
v,96.328369140625, 146.041015625, 1.1127572059631348
v,96.328369140625, 146.041015625, -1.7836871147155762
v,96.21337890625, 146.0986328125, -1.783686637878418
v,96.21337890625, 146.0986328125, 1.098325252532959
v,95.5458984375, 146.4375, 1.0983271598815918
v,95.5458984375, 146.4375, -1.7836849689483643
v,95.33984375, 146.5419921875, -1.783684253692627
v,96.328369140625, 146.041015625, -1.7836871147155762
v,96.328369140625, 146.041015625, 1.1127572059631348
v,95.17822265625, 143.7666015625, 1.1125679016113281
v,95.178466796875, 143.767578125, -1.783876895904541
v,95.17822265625, 143.7666015625, 1.1125679016113281
v,94.545654296875, 144.087890625, 1.1125693321228027
v,93.759765625, 144.486328125, 1.1125717163085938
v,93.70556640625, 144.513671875, 1.1125717163085938
v,93.705810546875, 144.513671875, -1.783872365951538
v,95.178466796875, 143.767578125, -1.783876895904541
v,93.70556640625, 144.513671875, 1.1125717163085938
v,94.856201171875, 146.787109375, 1.1127619743347168
v,94.856201171875, 146.787109375, -1.7836825847625732
v,93.705810546875, 144.513671875, -1.783872365951538
v,96.044677734375, 145.5166015625, 1.1127128601074219
v,95.439453125, 145.85546875, 1.1127161979675293
v,95.439453125, 145.85546875, 1.6977782249450684
v,96.044677734375, 145.5166015625, 1.124166488647461
v,95.69873046875, 144.8330078125, 1.1126551628112793
v,96.044677734375, 145.5166015625, 1.1127128601074219
v,96.044677734375, 145.5166015625, 1.124166488647461
v,95.69873046875, 144.8330078125, 1.123641014099121
v,95.094482421875, 145.1728515625, 1.112658977508545
v,95.69873046875, 144.8330078125, 1.1126551628112793
v,95.69873046875, 144.8330078125, 1.123641014099121
v,95.094482421875, 145.1728515625, 1.6971063613891602
v,95.439453125, 145.85546875, 1.1127161979675293
v,95.094482421875, 145.1728515625, 1.112658977508545
v,95.094482421875, 145.1728515625, 1.6971063613891602
v,95.439453125, 145.85546875, 1.6977782249450684
v,95.63525390625, 146.6142578125, 1.0983424186706543
v,96.302734375, 146.275390625, 1.0983405113220215
v,96.302978515625, 146.275390625, -1.7836718559265137
v,95.63525390625, 146.6142578125, -1.7836699485778809
v,96.21337890625, 146.0986328125, 1.098325252532959
v,96.21337890625, 146.0986328125, -1.783686637878418
v,96.302978515625, 146.275390625, -1.7836718559265137
v,96.302734375, 146.275390625, 1.0983405113220215
v,95.5458984375, 146.4375, -1.7836849689483643
v,95.5458984375, 146.4375, 1.0983271598815918
v,95.63525390625, 146.6142578125, 1.0983424186706543
v,95.63525390625, 146.6142578125, -1.7836699485778809
v,94.9599609375, 146.96484375, 1.0983448028564453
v,95.432861328125, 146.7255859375, 1.098343849182129
v,95.432861328125, 146.7255859375, -1.7836687564849854
v,94.960205078125, 146.96484375, -1.7836670875549316
v,95.432861328125, 146.7255859375, 1.098343849182129
v,95.33984375, 146.5419921875, 1.0983281135559082
v,95.33984375, 146.5419921875, -1.783684253692627
v,95.432861328125, 146.7255859375, -1.7836687564849854
v,94.960205078125, 146.96484375, -1.7836670875549316
v,94.866943359375, 146.78125, -1.7836825847625732
v,94.866943359375, 146.78125, 1.0983295440673828
v,94.9599609375, 146.96484375, 1.0983448028564453
i,1,4,5
i,20,13,14
i,22,24,25
i,28,30,31
i,33,36,37
i,40,42,43
i,44,46,47
i,49,51,48
i,53,55,52
i,57,59,56
i,60,62,63
i,64,66,67
i,74,79,68
i,83,85,82
i,90,91,87
i,92,94,95
i,97,99,96
i,101,103,100
i,104,106,107
i,109,111,108
i,113,115,112
i,116,118,119
i,120,122,123
i,125,127,124
i,129,131,128
i,132,134,135
i,1,2,3
i,6,7,8
i,8,9,6
i,9,0,5
i,6,9,5
i,1,3,4
i,0,1,5
i,10,11,13
i,11,12,13
i,20,21,10
i,18,19,17
i,19,20,14
i,17,19,14
i,15,16,14
i,16,17,14
i,20,10,13
i,22,23,24
i,31,26,27
i,28,29,30
i,31,27,28
i,33,34,35
i,37,38,39
i,37,39,32
i,33,35,36
i,37,32,33
i,40,41,42
i,44,45,46
i,49,50,51
i,53,54,55
i,57,58,59
i,60,61,62
i,64,65,66
i,69,70,71
i,72,73,69
i,73,74,68
i,75,76,78
i,76,77,78
i,73,68,69
i,74,75,78
i,69,71,72
i,80,81,79
i,81,68,79
i,74,78,79
i,83,84,85
i,91,86,87
i,87,88,90
i,88,89,90
i,92,93,94
i,97,98,99
i,101,102,103
i,104,105,106
i,109,110,111
i,113,114,115
i,116,117,118
i,120,121,122
i,125,126,127
i,129,130,131
i,132,133,134
n,-0.00013952651352155954, -0.00030185942887328565, 4.50379753112793
n,0.00014003909018356353, 0.0003046496713068336, -4.50379753112793
n,-0.00013705866876989603, -0.00030691453139297664, 4.50379753112793
n,-0.00011519644613144919, -0.0003183053922839463, 4.50379753112793
n,-0.0003172779397573322, -0.00021526156342588365, 4.50379753112793
n,2.5615596771240234, -1.299677848815918, 3.4689249992370605
n,-0.00014523373101837933, -0.0003147512034047395, 4.50379753112793
n,-0.00014085853763390332, -0.0003021756710950285, 4.50379753112793
n,2.037043571472168, 4.016795635223389, 0.0
n,4.019820690155029, -2.031067132949829, 0.0
n,-2.037043571472168, -4.0167951583862305, -0.0009518183069303632
n,-4.019820690155029, 2.031067132949829, 0.0
n,2.0428388118743896, 4.009706020355225, -0.18237075209617615
n,4.018767356872559, -2.0331497192382812, 0.0
n,-2.035193681716919, -4.017733097076416, -0.0006379496771842241
n,-4.018925666809082, 2.032837390899658, -0.00030086105107329786
n,2.2016849517822266, 3.9289660453796387, 0.0
n,4.018582820892334, -2.033515214920044, 0.0
n,-2.208371639251709, -3.9252116680145264, 0.0
n,-4.019598007202148, 2.031505584716797, 0.003011600812897086
n,2.0360562801361084, 4.017295837402344, 0.0
n,4.020405292510986, -2.0299103260040283, 0.00030247896211221814
n,-4.0163774490356445, 2.0378663539886475, 0.0
n,2.0340330600738525, 4.0183210372924805, 0.0001530323934275657
n,4.018795967102051, -2.0330939292907715, 0.0
n,-4.018796443939209, 2.0330936908721924, -0.0003023579192813486
n,-0.00013873552961740643, -0.0003009136416949332, 4.50379753112793
n,-0.00014203744649421424, -0.00030910817440599203, 4.50379753112793
n,-0.0001384924544254318, -0.0003070294624194503, 4.50379753112793
n,-0.00013849705283064395, -0.0003097508742939681, 4.50379753112793
n,-0.0001383600611006841, -0.00030730426078662276, 4.50379753112793
n,-0.00013851735275238752, -0.0003015784313902259, 4.50379753112793
n,-0.00014155617100186646, -0.00029885495314374566, 4.50379753112793
n,0.00013967134873382747, 0.00030779815278947353, -4.50379753112793
n,0.00014348574040923268, 0.0003112197737209499, -4.50379753112793
n,0.00016397159197367728, 0.0002928064204752445, -4.50379753112793
n,0.00013792967365588993, 0.0003061087045352906, -4.50379753112793
n,0.00014049807214178145, 0.00030421087285503745, -4.50379753112793
n,0.00014297186862677336, 0.0003038703871425241, -4.50379753112793
n,0.00014477435615845025, 0.0003111182013526559, -4.50379753112793
n,0.0001434033620171249, 0.00030471960781142116, -4.50379753112793
n,0.00013864572974853218, 0.0003057719732169062, -4.50379753112793
n,-0.00013842145563103259, -0.00030043881270103157, 4.50379753112793
n,-0.00014761390048079193, -0.0002964182640425861, 4.50379753112793
n,-0.00012701786181423813, -0.0003128349781036377, 4.50379753112793
n,-0.00011800791980931535, -0.00031661783577874303, 4.50379753112793
n,-0.00014100351836532354, -0.00030111297382973135, 4.50379753112793
n,-0.00014409387949854136, -0.000308067596051842, 4.50379753112793
n,-0.0001449933333788067, -0.00030373927438631654, 4.50379753112793
n,-0.00014084098802413791, -0.0003013642563018948, 4.50379753112793
n,-7.697177352383733e-05, -0.0003405936586204916, 4.50379753112793
n,2.5614819526672363, -1.2988492250442505, 3.4692928791046143
n,-0.00014315896260086447, -0.00030501873698085546, 4.50379753112793
n,-0.00014182788436301053, -0.0003120584588032216, 4.50379753112793
n,2.037043571472168, 4.016795635223389, 0.0
n,4.019820690155029, -2.031067132949829, 0.0
n,-2.037899971008301, -4.016360759735107, 0.0
n,-4.0208845138549805, 2.0289595127105713, -0.0018787772860378027
n,2.200570821762085, 3.9295904636383057, 0.0
n,2.0781352519989014, 3.99391770362854, -0.11903358995914459
n,2.0349221229553223, 4.016643047332764, 0.0993114784359932
n,2.0292892456054688, 4.020718574523926, 0.0
n,2.0292892456054688, 4.020718574523926, 0.0
n,2.0339200496673584, 4.018096923828125, 0.047497786581516266
n,2.035905361175537, 4.016786575317383, -0.06861523538827896
n,2.200570821762085, 3.9295904636383057, 0.0
n,2.031067132949829, 4.019820213317871, 0.0012097398284822702
n,2.0445163249969482, 4.012997150421143, 0.0
n,2.035792589187622, 4.016776084899902, -0.07246451824903488
n,4.018925666809082, -2.0328378677368164, -0.0003078604640904814
n,-2.0378072261810303, -4.0164079666137695, -0.0013552425662055612
n,-2.0384960174560547, -4.016058444976807, 0.000565629918128252
n,-2.0076804161071777, -4.031551837921143, -0.0001502970844740048
n,-4.018771171569824, 2.0331428050994873, 0.0
n,2.201599359512329, 3.9290099143981934, 0.005824551451951265
n,4.018582820892334, -2.033515214920044, 0.0
n,-2.208371639251709, -3.9252116680145264, 0.0
n,-4.018558025360107, 2.033564329147339, 0.0
n,2.0355300903320312, 4.017562389373779, 0.00015314502525143325
n,4.018421649932861, -2.0338335037231445, 0.0
n,-4.020405292510986, 2.0299103260040283, 0.0006108888774178922
n,2.034775733947754, 4.017944812774658, 0.0
n,4.018795967102051, -2.0330939292907715, 0.0
n,-4.016886234283447, 2.0368645191192627, 0.0
u,0.05358380079269409, 0.2669501006603241, 0
u,6.710000161547214e-05, 0.16964790225028992, 0
u,0.14107739925384521, 0.16974219679832458, 0
u,0.0, 0.0, 0
u,0.0, 0.0, 0
u,0.0, 0.0, 0
u,0.05361669883131981, 0.37318679690361023, 0
u,0.09631449729204178, 0.26694488525390625, 0
u,0.09637100249528885, 0.3732019066810608, 0
u,0.09637100249528885, 0.3732019066810608, 0
u,0.29552939534187317, 0.3870967924594879, 0
u,0.00015619999612681568, 0.3870967924594879, 0
u,0.13758909702301025, 0.009869899600744247, 0
u,0.0, 0.005902899894863367, 0
u,0.2953763008117676, 0.005969900172203779, 0
u,0.6204240918159485, 0.008397200144827366, 0
u,0.7259395718574524, 0.19203059375286102, 0
u,0.6174088716506958, 0.19203059375286102, 0
u,0.2954576909542084, 0.20853610336780548, 0
u,0.31831079721450806, 0.03572870045900345, 0
u,0.3183830976486206, 0.2085396945476532, 0
u,0.29552820324897766, 0.3842945098876953, 0
u,0.3193703889846802, 0.2618863880634308, 0
u,0.31940731406211853, 0.38427940011024475, 0
u,0.9964550733566284, 0.8198140859603882, 0
u,0.9473683834075928, 0.7228413224220276, 0
u,0.9964550733566284, 0.7228413224220276, 0
u,0.9964550733566284, 0.7228413224220276, 0
u,0.9473683834075928, 0.6451612710952759, 0
u,0.9964550733566284, 0.6451612710952759, 0
u,0.9964550733566284, 0.8975368142127991, 0
u,0.9473683834075928, 0.9944912195205688, 0
u,0.9473683834075928, 0.8975368142127991, 0
u,0.9964550733566284, 0.8198140859603882, 0
u,0.9473683834075928, 0.8975368142127991, 0
u,0.9473683834075928, 0.8198140859603882, 0
u,0.07439129799604416, 1.0, 0
u,0.09195499867200851, 0.996986985206604, 0
u,0.11616490036249161, 0.996986985206604, 0
u,0.8802347779273987, 1.0, 0
u,0.613143801689148, 0.3953177034854889, 0
u,0.8802347779273987, 0.3953177034854889, 0
u,0.44010069966316223, 0.3953177034854889, 0
u,0.613143801689148, 0.3953177034854889, 0
u,0.5388116836547852, 1.0, 0
u,0.44010069966316223, 1.0, 0
u,0.17301270365715027, 0.3953177034854889, 0
u,0.44010069966316223, 0.3953177034854889, 0
u,0.9433488845825195, 0.6970332264900208, 0
u,0.9421594142913818, 0.5536314845085144, 0
u,0.9433488845825195, 0.5536314845085144, 0
u,0.9433488845825195, 0.5536314845085144, 0
u,0.9422081112861633, 0.39516130089759827, 0
u,0.9433488845825195, 0.39516130089759827, 0
u,0.9433488845825195, 0.8552184104919434, 0
u,0.9422081112861633, 0.9985954165458679, 0
u,0.8826549053192139, 0.8552184104919434, 0
u,0.9433488845825195, 0.8552184104919434, 0
u,0.8825911283493042, 0.6970332264900208, 0
u,0.9433488845825195, 0.6970332264900208, 0
u,0.3218623995780945, 0.19696180522441864, 0
u,0.612327516078949, 0.34722980856895447, 0
u,0.3218623995780945, 0.34722980856895447, 0
u,0.3218623995780945, 0.15725809335708618, 0
u,0.612327516078949, 0.19696180522441864, 0
u,0.3218623995780945, 0.19696180522441864, 0
u,0.612327516078949, 0.38693881034851074, 0
u,0.3218623995780945, 0.34722980856895447, 0
u,0.612327516078949, 0.34722980856895447, 0
u,0.615384578704834, 0.24304459989070892, 0
u,0.9061992168426514, 0.3495995104312897, 0
u,0.615384578704834, 0.3495995104312897, 0
u,0.615384578704834, 0.2016129046678543, 0
u,0.9061992168426514, 0.24304459989070892, 0
u,0.615384578704834, 0.24304459989070892, 0
u,0.9061992168426514, 0.3495995104312897, 0
u,0.615384578704834, 0.3910098969936371, 0
u,0.615384578704834, 0.3495995104312897, 0
u,0.05358380079269409, 0.2669501006603241, 0
u,0.05361669883131981, 0.37318679690361023, 0
u,0.00015049999637994915, 0.3731679916381836, 0
u,0.22971010208129883, 0.1698015034198761, 0
u,0.2954421043395996, 0.16984540224075317, 0
u,0.2955237925052643, 0.3732720911502838, 0
u,0.2955237925052643, 0.3732720911502838, 0
u,0.09637100249528885, 0.3732019066810608, 0
u,0.22971010208129883, 0.1698015034198761, 0
u,0.09637100249528885, 0.3732019066810608, 0
u,0.09631449729204178, 0.26694488525390625, 0
u,0.14107739925384521, 0.16974219679832458, 0
u,0.22971010208129883, 0.1698015034198761, 0
u,0.09637100249528885, 0.3732019066810608, 0
u,0.14107739925384521, 0.16974219679832458, 0
u,0.05358380079269409, 0.2669501006603241, 0
u,0.00015049999637994915, 0.3731679916381836, 0
u,6.710000161547214e-05, 0.16964790225028992, 0
u,0.09631449729204178, 0.26694488525390625, 0
u,0.05358380079269409, 0.2669501006603241, 0
u,0.14107739925384521, 0.16974219679832458, 0
u,0.0, 0.0, 0
u,0.0, 0.0, 0
u,0.0, 0.0, 0
u,0.0, 0.0, 0
u,0.0, 0.0, 0
u,0.0, 0.0, 0
u,0.0, 0.0, 0
u,0.0, 0.0, 0
u,0.0, 0.0, 0
u,0.0, 0.0, 0
u,0.0, 0.0, 0
u,0.0, 0.0, 0
u,0.0, 0.0, 0
u,0.0, 0.0, 0
u,0.0, 0.0, 0
u,0.0, 0.0, 0
u,0.0, 0.0, 0
u,0.0, 0.0, 0
u,0.0, 0.0, 0
u,0.0, 0.0, 0
u,0.0, 0.0, 0
u,0.0, 0.0, 0
u,0.0, 0.0, 0
u,0.0, 0.0, 0
u,0.0, 0.0, 0
u,0.0, 0.0, 0
u,0.0, 0.0, 0
u,0.05361669883131981, 0.37318679690361023, 0
u,0.05358380079269409, 0.2669501006603241, 0
u,0.09631449729204178, 0.26694488525390625, 0
u,0.00015619999612681568, 0.3870967924594879, 0
u,0.00015049999637994915, 0.3731679916381836, 0
u,0.05361669883131981, 0.37318679690361023, 0
u,0.09637100249528885, 0.3732019066810608, 0
u,0.2955237925052643, 0.3732720911502838, 0
u,0.29552939534187317, 0.3870967924594879, 0
u,0.00015619999612681568, 0.3870967924594879, 0
u,0.05361669883131981, 0.37318679690361023, 0
u,0.09637100249528885, 0.3732019066810608, 0
u,0.13758909702301025, 0.009869899600744247, 0
u,0.14107739925384521, 0.16974219679832458, 0
u,6.710000161547214e-05, 0.16964790225028992, 0
u,0.2953763008117676, 0.005969900172203779, 0
u,0.2954421043395996, 0.16984540224075317, 0
u,0.22971010208129883, 0.1698015034198761, 0
u,0.2953763008117676, 0.005969900172203779, 0
u,0.22971010208129883, 0.1698015034198761, 0
u,0.22638140618801117, 0.009888200089335442, 0
u,0.13758909702301025, 0.009869899600744247, 0
u,6.710000161547214e-05, 0.16964790225028992, 0
u,0.0, 0.005902899894863367, 0
u,0.2953763008117676, 0.005969900172203779, 0
u,0.22638140618801117, 0.009888200089335442, 0
u,0.13758909702301025, 0.009869899600744247, 0
u,0.6204240918159485, 0.008397200144827366, 0
u,0.7289323210716248, 0.008064599707722664, 0
u,0.7259395718574524, 0.19203059375286102, 0
u,0.2954576909542084, 0.20853610336780548, 0
u,0.2953883111476898, 0.035758599638938904, 0
u,0.31831079721450806, 0.03572870045900345, 0
u,0.29552820324897766, 0.3842945098876953, 0
u,0.29547908902168274, 0.2618679106235504, 0
u,0.3193703889846802, 0.2618863880634308, 0
u,0.9964550733566284, 0.8198140859603882, 0
u,0.9473683834075928, 0.8198140859603882, 0
u,0.9473683834075928, 0.7228413224220276, 0
u,0.9964550733566284, 0.7228413224220276, 0
u,0.9473683834075928, 0.7228413224220276, 0
u,0.9473683834075928, 0.6451612710952759, 0
u,0.9964550733566284, 0.8975368142127991, 0
u,0.9964550733566284, 0.9944912195205688, 0
u,0.9473683834075928, 0.9944912195205688, 0
u,0.9964550733566284, 0.8198140859603882, 0
u,0.9964550733566284, 0.8975368142127991, 0
u,0.9473683834075928, 0.8975368142127991, 0
u,0.1717406064271927, 0.996986985206604, 0
u,0.1717406064271927, 0.3953177034854889, 0
u,0.17301270365715027, 0.3953177034854889, 0
u,0.17301270365715027, 1.0, 0
u,0.166736900806427, 1.0, 0
u,0.1717406064271927, 0.996986985206604, 0
u,0.166736900806427, 1.0, 0
u,0.07439129799604416, 1.0, 0
u,0.11616490036249161, 0.996986985206604, 0
u,0.0, 1.0, 0
u,0.0, 0.3953177034854889, 0
u,0.013522500172257423, 0.996986985206604, 0
u,0.0, 0.3953177034854889, 0
u,0.013522500172257423, 0.3953177034854889, 0
u,0.013522500172257423, 0.996986985206604, 0
u,0.166736900806427, 1.0, 0
u,0.11616490036249161, 0.996986985206604, 0
u,0.1717406064271927, 0.996986985206604, 0
u,0.07439129799604416, 1.0, 0
u,0.0, 1.0, 0
u,0.013522500172257423, 0.996986985206604, 0
u,0.1717406064271927, 0.996986985206604, 0
u,0.17301270365715027, 0.3953177034854889, 0
u,0.17301270365715027, 1.0, 0
u,0.09195499867200851, 0.3953177034854889, 0
u,0.11616490036249161, 0.3953177034854889, 0
u,0.09195499867200851, 0.996986985206604, 0
u,0.11616490036249161, 0.3953177034854889, 0
u,0.11616490036249161, 0.996986985206604, 0
u,0.09195499867200851, 0.996986985206604, 0
u,0.07439129799604416, 1.0, 0
u,0.013522500172257423, 0.996986985206604, 0
u,0.09195499867200851, 0.996986985206604, 0
u,0.8802347779273987, 1.0, 0
u,0.613143801689148, 1.0, 0
u,0.613143801689148, 0.3953177034854889, 0
u,0.613143801689148, 0.3953177034854889, 0
u,0.613143801689148, 1.0, 0
u,0.5388116836547852, 1.0, 0
u,0.5388116836547852, 1.0, 0
u,0.4464237093925476, 1.0, 0
u,0.44010069966316223, 0.3953177034854889, 0
u,0.4464237093925476, 1.0, 0
u,0.44010069966316223, 1.0, 0
u,0.44010069966316223, 0.3953177034854889, 0
u,0.44010069966316223, 1.0, 0
u,0.17301270365715027, 1.0, 0
u,0.17301270365715027, 0.3953177034854889, 0
u,0.9433488845825195, 0.6970332264900208, 0
u,0.8825911283493042, 0.6970332264900208, 0
u,0.9421594142913818, 0.5536314845085144, 0
u,0.9433488845825195, 0.5536314845085144, 0
u,0.9421594142913818, 0.5536314845085144, 0
u,0.9422081112861633, 0.39516130089759827, 0
u,0.9433488845825195, 0.8552184104919434, 0
u,0.9433488845825195, 0.9985954165458679, 0
u,0.9422081112861633, 0.9985954165458679, 0
u,0.9433488845825195, 0.8552184104919434, 0
u,0.8826549053192139, 0.8552184104919434, 0
u,0.8825911283493042, 0.6970332264900208, 0
u,0.3218623995780945, 0.19696180522441864, 0
u,0.612327516078949, 0.19696180522441864, 0
u,0.612327516078949, 0.34722980856895447, 0
u,0.3218623995780945, 0.15725809335708618, 0
u,0.612327516078949, 0.15725809335708618, 0
u,0.612327516078949, 0.19696180522441864, 0
u,0.612327516078949, 0.38693881034851074, 0
u,0.3218623995780945, 0.38693881034851074, 0
u,0.3218623995780945, 0.34722980856895447, 0
u,0.615384578704834, 0.24304459989070892, 0
u,0.9061992168426514, 0.24304459989070892, 0
u,0.9061992168426514, 0.3495995104312897, 0
u,0.615384578704834, 0.2016129046678543, 0
u,0.9061992168426514, 0.2016129046678543, 0
u,0.9061992168426514, 0.24304459989070892, 0
u,0.9061992168426514, 0.3495995104312897, 0
u,0.9061992168426514, 0.3910098969936371, 0
u,0.615384578704834, 0.3910098969936371, 0
