s,39.015380859375, 56.61328125, -1.8973331451416016
b,40.034423828125, 58.923828125, -1.3546626567840576
v,40.034423828125, 58.923828125, -1.354668140411377
v,39.8779296875, 56.61328125, -1.354680061340332
v,39.8779296875, 56.61328125, -1.8973331451416016
v,40.0341796875, 58.923828125, -1.8973212242126465
v,40.033935546875, 58.923828125, -1.8973212242126465
v,39.8779296875, 56.61328125, -1.8973331451416016
v,39.015380859375, 56.6708984375, -1.8973262310028076
v,39.155517578125, 58.7470703125, -1.897315502166748
v,39.015380859375, 56.6708984375, -1.3546726703643799
v,39.8779296875, 56.61328125, -1.354680061340332
v,40.0341796875, 58.923828125, -1.354668140411377
v,39.155517578125, 58.7470703125, -1.3546626567840576
v,39.155517578125, 58.7470703125, -1.3546626567840576
v,40.0341796875, 58.923828125, -1.354668140411377
v,40.033935546875, 58.923828125, -1.8973212242126465
v,39.155517578125, 58.7470703125, -1.897315502166748
v,39.8779296875, 56.61328125, -1.354680061340332
v,39.015380859375, 56.6708984375, -1.3546726703643799
v,39.015380859375, 56.6708984375, -1.8973262310028076
v,39.8779296875, 56.61328125, -1.8973331451416016
v,39.015380859375, 56.6708984375, -1.3546726703643799
v,39.155517578125, 58.7470703125, -1.3546626567840576
v,39.155517578125, 58.7470703125, -1.897315502166748
v,39.015380859375, 56.6708984375, -1.8973262310028076
i,1,3,0
i,5,7,4
i,9,11,8
i,13,15,12
i,16,18,19
i,20,22,23
i,1,2,3
i,5,6,7
i,9,10,11
i,13,14,15
i,16,17,18
i,20,21,22
n,4.493523120880127, -0.3040381371974945, -0.001795501564629376
n,-3.443895184318535e-05, 2.5440829631406814e-05, -4.50379753112793
n,3.596741225919686e-05, -2.4476443286403082e-05, 4.50379753112793
n,-0.889133870601654, 4.415159702301025, 0.0
n,-0.2982385456562042, -4.493912696838379, 0.0
n,-4.4935526847839355, 0.30360573530197144, 0.0
n,4.493552207946777, -0.3036183714866638, 0.0
n,-3.480601662886329e-05, 2.531657082727179e-05, -4.50379753112793
n,3.333055065013468e-05, -2.5369063223479316e-05, 4.50379753112793
n,-0.8893448114395142, 4.415117263793945, 0.00035536036011762917
n,-0.29823851585388184, -4.4939117431640625, 0.0
n,-4.4935526847839355, 0.3036057651042938, 0.0
u,0.7278481125831604, 1.0, 0
u,0.9974455833435059, 0.4042711853981018, 0
u,0.9974455833435059, 1.0, 0
u,0.0, 0.0, 0
u,0.0, 0.0, 0
u,0.0, 0.0, 0
u,0.0021464999299496412, 0.004395800177007914, 0
u,0.25110670924186707, 0.9802095890045166, 0
u,0.002078999998047948, 0.9803922176361084, 0
u,0.2806653082370758, 1.0, 0
u,0.38497599959373474, 0.4042711853981018, 0
u,0.38497599959373474, 1.0, 0
u,0.7278481125831604, 1.0, 0
u,0.6271939277648926, 0.4042711853981018, 0
u,0.7278481125831604, 0.4042711853981018, 0
u,0.6271939277648926, 1.0, 0
u,0.38497599959373474, 0.4042711853981018, 0
u,0.6271939277648926, 0.4042711853981018, 0
u,0.7278481125831604, 1.0, 0
u,0.7278481125831604, 0.4042711853981018, 0
u,0.9974455833435059, 0.4042711853981018, 0
u,0.0, 0.0, 0
u,0.0, 0.0, 0
u,0.0, 0.0, 0
u,0.0021464999299496412, 0.004395800177007914, 0
u,0.2793237864971161, 0.004395800177007914, 0
u,0.25110670924186707, 0.9802095890045166, 0
u,0.2806653082370758, 1.0, 0
u,0.2806653082370758, 0.4042711853981018, 0
u,0.38497599959373474, 0.4042711853981018, 0
u,0.7278481125831604, 1.0, 0
u,0.6271939277648926, 1.0, 0
u,0.6271939277648926, 0.4042711853981018, 0
u,0.6271939277648926, 1.0, 0
u,0.38497599959373474, 1.0, 0
u,0.38497599959373474, 0.4042711853981018, 0
