s,55.44140625, 108.79296875, -1.5435285568237305
b,61.031494140625, 112.4013671875, 5.6528801918029785
v,57.538330078125, 110.80078125, 4.592690944671631
v,57.538330078125, 110.80078125, 5.416440486907959
v,58.3486328125, 110.72265625, 5.416440486907959
v,58.3486328125, 110.72265625, 4.592691898345947
v,55.78564453125, 110.3037109375, -1.5434925556182861
v,55.44140625, 110.3076171875, -1.5434939861297607
v,55.46728515625, 112.09375, -1.5434160232543945
v,55.730224609375, 112.0888671875, -1.5434150695800781
v,55.727783203125, 112.1787109375, -1.5434112548828125
v,56.03271484375, 112.158203125, -1.5434110164642334
v,56.056884765625, 112.4013671875, -1.5434002876281738
v,60.76220703125, 111.015625, -1.5434350967407227
v,60.710693359375, 110.10546875, -1.5434749126434326
v,61.031494140625, 110.025390625, -1.54347562789917
v,60.937744140625, 108.7939453125, -1.5435285568237305
v,55.808837890625, 109.552734375, -1.5435247421264648
v,58.296630859375, 110.1904296875, 4.5926690101623535
v,57.486572265625, 110.2685546875, 4.592668056488037
v,57.490966796875, 110.314453125, 4.59266996383667
v,57.165283203125, 110.345703125, 4.59266996383667
v,56.818359375, 110.3798828125, 4.59266996383667
v,55.89208984375, 110.46875, 4.59266996383667
v,55.889404296875, 110.3017578125, 4.592662334442139
v,55.87451171875, 110.3017578125, 4.592662334442139
v,55.8935546875, 109.681640625, 4.592635631561279
v,56.813720703125, 109.537109375, 4.5926337242126465
v,56.891357421875, 110.2431640625, 4.5926642417907715
v,60.86083984375, 109.6201171875, 4.592660427093506
v,60.782958984375, 108.9150390625, 4.592629909515381
v,60.857177734375, 108.90234375, 4.592629909515381
v,60.935546875, 109.9365234375, 4.592674732208252
v,55.915283203125, 112.076171875, 4.592740535736084
v,55.89208984375, 110.46875, 4.59266996383667
v,56.818359375, 110.3798828125, 4.59266996383667
v,56.861572265625, 110.82421875, 4.592689037322998
v,57.208740234375, 110.791015625, 4.592689037322998
v,57.165283203125, 110.345703125, 4.59266996383667
v,57.490966796875, 110.314453125, 4.59266996383667
v,57.5380859375, 110.80078125, 4.592690944671631
v,58.348388671875, 110.72265625, 4.592691898345947
v,58.34521484375, 110.69140625, 4.5926899909973145
v,58.749267578125, 110.65234375, 4.592690944671631
v,59.096435546875, 110.619140625, 4.592691898345947
v,59.052978515625, 110.173828125, 4.592671871185303
v,58.7060546875, 110.2080078125, 4.592671871185303
v,58.30224609375, 110.24609375, 4.592671871185303
v,58.296630859375, 110.1904296875, 4.5926690101623535
v,60.935546875, 109.9365234375, 4.592674732208252
v,60.93701171875, 109.95703125, 4.592675685882568
v,60.617919921875, 110.037109375, 4.592676639556885
v,60.66943359375, 110.94921875, 4.592716693878174
v,56.134521484375, 112.28515625, 4.592749118804932
v,56.1123046875, 112.0634765625, 4.592740535736084
v,60.857177734375, 108.90234375, 4.592629909515381
v,60.782958984375, 108.9150390625, 4.592629909515381
v,56.813720703125, 109.537109375, 4.5926337242126465
v,55.8935546875, 109.681640625, 4.592635631561279
v,55.898193359375, 109.5380859375, 4.592629909515381
v,60.849609375, 108.806640625, 4.592627048492432
v,58.7060546875, 110.2080078125, 4.592671871185303
v,58.749267578125, 110.65234375, 4.592690944671631
v,58.34521484375, 110.69140625, 4.5926899909973145
v,58.30224609375, 110.24609375, 4.592671871185303
v,60.937744140625, 108.79296875, 4.859067440032959
v,61.03125, 110.025390625, 4.859120845794678
v,60.710693359375, 110.10546875, 4.859121799468994
v,60.76220703125, 111.015625, 4.859161853790283
v,56.056640625, 112.4013671875, 4.859196186065674
v,56.03271484375, 112.1572265625, 4.859185695648193
v,55.727783203125, 112.1787109375, 4.859185695648193
v,55.808837890625, 109.5517578125, 4.859072208404541
v,55.898193359375, 109.5380859375, 4.859072208404541
v,55.8193359375, 112.0830078125, 4.859180927276611
v,56.1123046875, 112.0634765625, 4.859181880950928
v,56.134521484375, 112.28515625, 4.859191417694092
v,60.66943359375, 110.94921875, 4.859158039093018
v,60.617919921875, 110.037109375, 4.859118938446045
v,60.93701171875, 109.95703125, 4.859117031097412
v,60.849609375, 108.806640625, 4.859067440032959
v,55.78564453125, 110.302734375, 4.752527713775635
v,55.730224609375, 112.0888671875, 4.752604961395264
v,55.46728515625, 112.0927734375, 4.752604007720947
v,55.44140625, 110.3076171875, 4.752525806427002
v,55.915283203125, 112.076171875, 4.752604961395264
v,55.8193359375, 112.0830078125, 4.752604961395264
v,55.87451171875, 110.3017578125, 4.752527713775635
v,55.889404296875, 110.3017578125, 4.752527713775635
v,56.818359375, 110.3798828125, 5.325384616851807
v,57.165283203125, 110.345703125, 5.325384616851807
v,57.208740234375, 110.791015625, 5.325403690338135
v,56.861572265625, 110.82421875, 5.325403690338135
v,58.7060546875, 110.2080078125, 5.324276447296143
v,59.052978515625, 110.173828125, 5.324276447296143
v,59.096435546875, 110.619140625, 5.324296474456787
v,58.749267578125, 110.65234375, 5.324296474456787
v,58.296630859375, 110.1904296875, 5.416417598724365
v,58.348388671875, 110.72265625, 5.416440486907959
v,57.5380859375, 110.80078125, 5.416440486907959
v,57.486572265625, 110.2685546875, 5.416417598724365
v,60.782958984375, 108.9150390625, 5.652846813201904
v,60.86083984375, 109.6201171875, 5.652877330780029
v,56.891357421875, 110.2431640625, 5.6528801918029785
v,56.813720703125, 109.537109375, 5.6528496742248535
v,60.937744140625, 108.7939453125, -1.5435285568237305
v,60.937744140625, 108.79296875, 4.859067440032959
v,60.849609375, 108.806640625, 4.859067440032959
v,60.849609375, 108.806640625, 4.592627048492432
v,55.898193359375, 109.5380859375, 4.592629909515381
v,55.898193359375, 109.5380859375, 4.859072208404541
v,55.808837890625, 109.5517578125, 4.859072208404541
v,55.808837890625, 109.552734375, -1.5435247421264648
v,55.78564453125, 110.3037109375, -1.5434925556182861
v,55.808837890625, 109.552734375, -1.5435247421264648
v,55.808837890625, 109.5517578125, 4.859072208404541
v,55.727783203125, 112.1787109375, 4.859185695648193
v,55.727783203125, 112.1787109375, -1.5434112548828125
v,55.730224609375, 112.0888671875, -1.5434150695800781
v,55.730224609375, 112.0888671875, 4.752604961395264
v,55.78564453125, 110.302734375, 4.752527713775635
v,55.727783203125, 112.1787109375, -1.5434112548828125
v,55.727783203125, 112.1787109375, 4.859185695648193
v,56.03271484375, 112.1572265625, 4.859185695648193
v,56.03271484375, 112.158203125, -1.5434110164642334
v,56.03271484375, 112.158203125, -1.5434110164642334
v,56.03271484375, 112.1572265625, 4.859185695648193
v,56.056640625, 112.4013671875, 4.859196186065674
v,56.056884765625, 112.4013671875, -1.5434002876281738
v,60.76220703125, 111.015625, 4.859161853790283
v,60.76220703125, 111.015625, -1.5434350967407227
v,56.056884765625, 112.4013671875, -1.5434002876281738
v,56.056640625, 112.4013671875, 4.859196186065674
v,60.76220703125, 111.015625, 4.859161853790283
v,60.710693359375, 110.10546875, 4.859121799468994
v,60.710693359375, 110.10546875, -1.5434749126434326
v,60.76220703125, 111.015625, -1.5434350967407227
v,61.03125, 110.025390625, 4.859120845794678
v,61.031494140625, 110.025390625, -1.54347562789917
v,60.710693359375, 110.10546875, -1.5434749126434326
v,60.710693359375, 110.10546875, 4.859121799468994
v,61.03125, 110.025390625, 4.859120845794678
v,60.937744140625, 108.79296875, 4.859067440032959
v,60.937744140625, 108.7939453125, -1.5435285568237305
v,61.031494140625, 110.025390625, -1.54347562789917
v,55.8193359375, 112.0830078125, 4.859180927276611
v,55.898193359375, 109.5380859375, 4.859072208404541
v,55.898193359375, 109.5380859375, 4.592629909515381
v,55.8935546875, 109.681640625, 4.592635631561279
v,55.87451171875, 110.3017578125, 4.592662334442139
v,55.87451171875, 110.3017578125, 4.752527713775635
v,55.8193359375, 112.0830078125, 4.752604961395264
v,55.8193359375, 112.0830078125, 4.752604961395264
v,55.915283203125, 112.076171875, 4.752604961395264
v,55.915283203125, 112.076171875, 4.592740535736084
v,56.1123046875, 112.0634765625, 4.592740535736084
v,56.1123046875, 112.0634765625, 4.859181880950928
v,55.8193359375, 112.0830078125, 4.859180927276611
v,56.134521484375, 112.28515625, 4.859191417694092
v,56.1123046875, 112.0634765625, 4.859181880950928
v,56.1123046875, 112.0634765625, 4.592740535736084
v,56.134521484375, 112.28515625, 4.592749118804932
v,60.66943359375, 110.94921875, 4.859158039093018
v,56.134521484375, 112.28515625, 4.859191417694092
v,56.134521484375, 112.28515625, 4.592749118804932
v,60.66943359375, 110.94921875, 4.592716693878174
v,60.617919921875, 110.037109375, 4.859118938446045
v,60.66943359375, 110.94921875, 4.859158039093018
v,60.66943359375, 110.94921875, 4.592716693878174
v,60.617919921875, 110.037109375, 4.592676639556885
v,60.93701171875, 109.95703125, 4.592675685882568
v,60.93701171875, 109.95703125, 4.859117031097412
v,60.617919921875, 110.037109375, 4.859118938446045
v,60.617919921875, 110.037109375, 4.592676639556885
v,60.849609375, 108.806640625, 4.592627048492432
v,60.849609375, 108.806640625, 4.859067440032959
v,60.93701171875, 109.95703125, 4.859117031097412
v,60.93701171875, 109.95703125, 4.592675685882568
v,60.935546875, 109.9365234375, 4.592674732208252
v,60.857177734375, 108.90234375, 4.592629909515381
v,55.78564453125, 110.3037109375, -1.5434925556182861
v,55.78564453125, 110.302734375, 4.752527713775635
v,55.44140625, 110.3076171875, 4.752525806427002
v,55.44140625, 110.3076171875, -1.5434939861297607
v,55.44140625, 110.3076171875, 4.752525806427002
v,55.46728515625, 112.0927734375, 4.752604007720947
v,55.46728515625, 112.09375, -1.5434160232543945
v,55.44140625, 110.3076171875, -1.5434939861297607
v,55.730224609375, 112.0888671875, 4.752604961395264
v,55.730224609375, 112.0888671875, -1.5434150695800781
v,55.46728515625, 112.09375, -1.5434160232543945
v,55.46728515625, 112.0927734375, 4.752604007720947
v,55.87451171875, 110.3017578125, 4.752527713775635
v,55.87451171875, 110.3017578125, 4.592662334442139
v,55.889404296875, 110.3017578125, 4.592662334442139
v,55.889404296875, 110.3017578125, 4.752527713775635
v,55.915283203125, 112.076171875, 4.592740535736084
v,55.915283203125, 112.076171875, 4.752604961395264
v,55.889404296875, 110.3017578125, 4.752527713775635
v,55.889404296875, 110.3017578125, 4.592662334442139
v,55.89208984375, 110.46875, 4.59266996383667
v,56.818359375, 110.3798828125, 4.59266996383667
v,56.818359375, 110.3798828125, 5.325384616851807
v,56.861572265625, 110.82421875, 5.325403690338135
v,56.861572265625, 110.82421875, 4.592689037322998
v,56.861572265625, 110.82421875, 4.592689037322998
v,56.861572265625, 110.82421875, 5.325403690338135
v,57.208740234375, 110.791015625, 5.325403690338135
v,57.208740234375, 110.791015625, 4.592689037322998
v,57.208740234375, 110.791015625, 4.592689037322998
v,57.208740234375, 110.791015625, 5.325403690338135
v,57.165283203125, 110.345703125, 5.325384616851807
v,57.165283203125, 110.345703125, 4.59266996383667
v,57.165283203125, 110.345703125, 4.59266996383667
v,57.165283203125, 110.345703125, 5.325384616851807
v,56.818359375, 110.3798828125, 5.325384616851807
v,56.818359375, 110.3798828125, 4.59266996383667
v,58.7060546875, 110.2080078125, 5.324276447296143
v,58.749267578125, 110.65234375, 5.324296474456787
v,58.749267578125, 110.65234375, 4.592690944671631
v,58.7060546875, 110.2080078125, 4.592671871185303
v,59.096435546875, 110.619140625, 5.324296474456787
v,59.096435546875, 110.619140625, 4.592691898345947
v,58.749267578125, 110.65234375, 4.592690944671631
v,58.749267578125, 110.65234375, 5.324296474456787
v,59.052978515625, 110.173828125, 4.592671871185303
v,59.096435546875, 110.619140625, 4.592691898345947
v,59.096435546875, 110.619140625, 5.324296474456787
v,59.052978515625, 110.173828125, 5.324276447296143
v,58.7060546875, 110.2080078125, 5.324276447296143
v,58.7060546875, 110.2080078125, 4.592671871185303
v,59.052978515625, 110.173828125, 4.592671871185303
v,59.052978515625, 110.173828125, 5.324276447296143
v,57.486572265625, 110.2685546875, 4.592668056488037
v,57.486572265625, 110.2685546875, 5.416417598724365
v,57.5380859375, 110.80078125, 5.416440486907959
v,57.5380859375, 110.80078125, 4.592690944671631
v,57.490966796875, 110.314453125, 4.59266996383667
v,58.348388671875, 110.72265625, 4.592691898345947
v,58.348388671875, 110.72265625, 5.416440486907959
v,58.296630859375, 110.1904296875, 5.416417598724365
v,58.296630859375, 110.1904296875, 4.5926690101623535
v,58.30224609375, 110.24609375, 4.592671871185303
v,58.34521484375, 110.69140625, 4.5926899909973145
v,58.296630859375, 110.1904296875, 4.5926690101623535
v,58.296630859375, 110.1904296875, 5.416417598724365
v,57.486572265625, 110.2685546875, 5.416417598724365
v,57.486572265625, 110.2685546875, 4.592668056488037
v,56.891357421875, 110.2431640625, 4.5926642417907715
v,56.813720703125, 109.537109375, 4.5926337242126465
v,56.813720703125, 109.537109375, 5.6528496742248535
v,56.891357421875, 110.2431640625, 5.6528801918029785
v,56.891357421875, 110.2431640625, 5.6528801918029785
v,60.86083984375, 109.6201171875, 5.652877330780029
v,60.86083984375, 109.6201171875, 4.592660427093506
v,56.891357421875, 110.2431640625, 4.5926642417907715
v,60.782958984375, 108.9150390625, 5.652846813201904
v,60.782958984375, 108.9150390625, 4.592629909515381
v,60.86083984375, 109.6201171875, 4.592660427093506
v,60.86083984375, 109.6201171875, 5.652877330780029
v,56.813720703125, 109.537109375, 4.5926337242126465
v,60.782958984375, 108.9150390625, 4.592629909515381
v,60.782958984375, 108.9150390625, 5.652846813201904
v,56.813720703125, 109.537109375, 5.6528496742248535
i,1,3,0
i,4,7,9
i,27,30,16
i,42,43,49
i,55,57,58
i,59,61,62
i,66,67,74
i,80,82,79
i,83,85,86
i,88,90,87
i,92,94,91
i,95,97,98
i,100,102,99
i,103,107,110
i,113,114,118
i,120,122,119
i,123,125,126
i,127,129,130
i,132,134,131
i,135,137,138
i,139,141,142
i,144,146,148
i,154,155,151
i,157,159,156
i,160,162,163
i,164,166,167
i,169,171,168
i,176,177,174
i,178,180,181
i,183,185,182
i,187,189,186
i,191,193,190
i,196,197,198
i,200,202,199
i,204,206,203
i,207,209,210
i,212,214,211
i,215,217,218
i,220,222,219
i,224,226,223
i,227,229,230
i,233,234,235
i,240,241,237
i,242,244,245
i,246,248,249
i,251,253,250
i,254,256,257
i,258,260,261
i,1,2,3
i,4,5,7
i,5,6,7
i,7,8,9
i,14,15,12
i,15,4,12
i,12,13,14
i,10,11,9
i,11,12,4
i,9,11,4
i,17,18,19
i,19,20,26
i,20,21,22
i,22,23,24
i,20,22,26
i,17,19,26
i,22,24,26
i,24,25,26
i,16,17,26
i,28,29,27
i,29,30,27
i,26,27,16
i,52,31,32
i,32,33,34
i,35,36,37
i,52,32,34
i,35,37,38
i,52,34,35
i,50,51,41
i,51,52,38
i,50,41,42
i,47,48,49
i,49,50,42
i,52,35,38
i,39,40,41
i,38,39,51
i,46,47,43
i,47,49,43
i,39,41,51
i,44,45,46
i,43,44,46
i,58,53,54
i,55,56,57
i,58,54,55
i,59,60,61
i,78,63,77
i,63,64,77
i,70,71,72
i,77,64,65
i,69,70,72
i,68,69,72
i,76,77,65
i,68,72,73
i,68,73,74
i,76,65,75
i,65,66,75
i,67,68,74
i,74,75,66
i,80,81,82
i,83,84,85
i,88,89,90
i,92,93,94
i,95,96,97
i,100,101,102
i,103,104,106
i,104,105,106
i,108,109,107
i,109,110,107
i,103,106,107
i,118,111,112
i,114,115,117
i,115,116,117
i,118,112,113
i,114,117,118
i,120,121,122
i,123,124,125
i,127,128,129
i,132,133,134
i,135,136,137
i,139,140,141
i,149,143,148
i,143,144,148
i,144,145,146
i,146,147,148
i,155,150,151
i,151,152,153
i,153,154,151
i,157,158,159
i,160,161,162
i,164,165,166
i,169,170,171
i,177,172,173
i,173,174,177
i,174,175,176
i,178,179,180
i,183,184,185
i,187,188,189
i,191,192,193
i,198,194,195
i,195,196,198
i,200,201,202
i,204,205,206
i,207,208,209
i,212,213,214
i,215,216,217
i,220,221,222
i,224,225,226
i,227,228,229
i,235,231,232
i,232,233,235
i,241,236,237
i,237,238,240
i,238,239,240
i,242,243,244
i,246,247,248
i,251,252,253
i,254,255,256
i,258,259,260
n,0.4318693280220032, 4.483043670654297, 0.0
n,1.8664883100427687e-05, 0.00019603149848990142, -4.50379753112793
n,-2.918260906881187e-05, -0.00019795363186858594, 4.50379753112793
n,-2.9207567422417924e-05, -0.00019434529531281441, 4.50379753112793
n,-1.6920248526730575e-05, -0.00013529698480851948, 4.50379753112793
n,-1.7657257558312267e-05, -0.00018690609431359917, 4.50379753112793
n,-3.0855953809805214e-05, -0.00021760269009973854, 4.50379753112793
n,-2.510551166778896e-05, -0.00019506810349412262, 4.50379753112793
n,0.0, -0.00019562062516342849, 4.50379753112793
n,-1.9082985090790316e-05, -0.0001957229251274839, 4.50379753112793
n,-1.9082985090790316e-05, -0.0001957229251274839, 4.50379753112793
n,-2.3153426809585653e-05, -0.00019147609418723732, 4.50379753112793
n,-2.6216230253339745e-05, -0.000191861909115687, 4.50379753112793
n,-0.6584963202476501, -4.4553985595703125, -0.0004892352735623717
n,-4.501653671264648, -0.13895832002162933, 0.0006621784996241331
n,0.30679962038993835, 4.493335723876953, 0.0
n,-4.481603622436523, 0.4465654790401459, -0.00015177438035607338
n,1.2725337743759155, 4.320283889770508, 4.30957370554097e-05
n,4.496630668640137, -0.2539803385734558, 0.0
n,1.0992830991744995, 4.367581367492676, 0.0
n,4.490809440612793, -0.3417952358722687, 0.00015208615513984114
n,4.501648902893066, 0.13908667862415314, -0.0022277715615928173
n,-0.3059873878955841, -4.493357181549072, 0.01737675629556179
n,4.481618881225586, -0.44641128182411194, 0.0
n,-1.272497534751892, -4.320294380187988, 0.0
n,-4.496671199798584, 0.2532583475112915, 0.0
n,-1.0923312902450562, -4.369325160980225, 0.0
n,-4.490872859954834, 0.340959757566452, -0.0010547097772359848
n,-0.05671839043498039, -4.5034403800964355, 0.0
n,-4.503319263458252, 0.06564605236053467, 0.0
n,0.059401895850896835, 4.503406047821045, 0.0
n,0.0, -4.50379753112793, 0.0
n,4.50325345993042, -0.06999876350164413, 0.0
n,-4.482685565948486, 0.43557342886924744, 0.0
n,0.4256793260574341, 4.483635425567627, 0.0
n,4.482556343078613, -0.43689635396003723, 0.0
n,-0.4370478093624115, -4.482542037963867, 0.0
n,-4.482685565948486, 0.4355734586715698, 0.0
n,0.42567935585975647, 4.483635902404785, 0.0
n,4.4825568199157715, -0.43689635396003723, 0.0
n,-0.4370478391647339, -4.482542037963867, 0.0
n,-4.482811450958252, 0.4342723488807678, 0.0
n,4.482767105102539, -0.4347323179244995, -4.140257806284353e-05
n,-0.4318693280220032, -4.483043670654297, 0.0
n,-4.476818084716797, 0.49223002791404724, 0.0
n,0.6980551481246948, 4.449372291564941, 0.0
n,4.476602554321289, -0.4941883087158203, 0.0
n,-0.6971432566642761, -4.449514865875244, 0.0
n,0.4318693280220032, 4.483043670654297, 0.0
n,1.9087108739768155e-05, 0.00019604455155786127, -4.50379753112793
n,1.7739672330208123e-05, 0.00019626316498033702, -4.50379753112793
n,1.9415187125559896e-05, 0.00019272159261163324, -4.50379753112793
n,2.458234848745633e-05, 0.0001889700215542689, -4.50379753112793
n,2.404421684332192e-05, 0.00019373705436009914, -4.50379753112793
n,3.6137967981630936e-05, 0.00019097045878879726, -4.50379753112793
n,2.369580397498794e-05, 0.00019329007773194462, -4.50379753112793
n,2.412298090348486e-05, 0.0001956987543962896, -4.50379753112793
n,2.4180480977520347e-05, 0.000195296888705343, -4.50379753112793
n,-1.5762338080094196e-05, -0.0001644099538680166, 4.50379753112793
n,-2.004063208005391e-05, -0.00020554495858959854, 4.50379753112793
n,-1.9750565115828067e-05, -0.00020479226077441126, 4.50379753112793
n,0.0, -0.00019069291010964662, 4.50379753112793
n,-1.9702465579030104e-05, -0.00020536461670417339, 4.50379753112793
n,-2.3465730919269845e-05, -0.00019645692373160273, 4.50379753112793
n,-1.8846232705982402e-05, -0.0001908181147882715, 4.50379753112793
n,-1.7871281670522876e-05, -0.00019255178631283343, 4.50379753112793
n,-2.351803232159e-05, -0.00019526091637089849, 4.50379753112793
n,-3.132365964120254e-05, -0.0001912980806082487, 4.50379753112793
n,-5.792672891402617e-05, -0.0001911613653646782, 4.50379753112793
n,-2.2507121684611775e-05, -0.00016796212003100663, 4.50379753112793
n,-1.2991380572202615e-05, -0.00019681941193994135, 4.50379753112793
n,-1.8877823094953783e-05, -0.00019574286125134677, 4.50379753112793
n,-1.873020846687723e-05, -0.0001953664905158803, 4.50379753112793
n,-1.8776425349642523e-05, -0.00019601995882112533, 4.50379753112793
n,-1.752549178490881e-05, -0.0001946522097568959, 4.50379753112793
n,-1.8600148905534297e-05, -0.00019591340969782323, 4.50379753112793
n,-2.7748583306674846e-05, -0.0002055940276477486, 4.50379753112793
n,-1.1218236068089027e-05, -0.00018786943110171705, 4.50379753112793
n,-2.945956111943815e-05, -0.00019455129222478718, 4.50379753112793
n,-3.325701254652813e-05, -0.00018083500617649406, 4.50379753112793
n,-2.939815749414265e-05, -0.00019484356744214892, 4.50379753112793
n,-1.751601666910574e-05, -0.0001949792931554839, 4.50379753112793
n,-3.274414120824076e-05, -0.00024116320128086954, 4.50379753112793
n,-2.396685340499971e-05, -0.00019991991575807333, 4.50379753112793
n,-2.3116019292501733e-05, -0.00013495839084498584, 4.50379753112793
n,-2.6024828912341036e-05, -0.00015800063556525856, 4.50379753112793
n,-2.6028910724562593e-05, -0.00020284079073462635, 4.50379753112793
n,-1.9298860934213735e-05, -0.00020428284187801182, 4.50379753112793
n,-2.2817284843767993e-05, -0.00012124804925406352, 4.50379753112793
n,-2.5631035896367393e-05, -0.00015653239097446203, 4.50379753112793
n,-1.7018446669680998e-05, -0.00018713349709287286, 4.50379753112793
n,-2.015205791394692e-05, -0.00015315733617171645, 4.50379753112793
n,-2.8267550078453496e-05, -0.0001948304707184434, 4.50379753112793
n,-2.8094122171751224e-05, -0.000190103572094813, 4.50379753112793
n,-6.600432243430987e-05, -0.00019012474513147026, 4.50379753112793
n,-2.828936521837022e-05, -0.00019425364735070616, 4.50379753112793
n,-4.37433373008389e-05, -0.00022109034762252122, 4.50379753112793
n,5.7454990383121185e-06, -0.00019439647439867258, 4.50379753112793
n,-1.526265623397194e-05, -0.0002145929611288011, 4.50379753112793
n,-2.3733948182780296e-05, -0.00019054970471188426, 4.50379753112793
n,-2.5600184017093852e-05, -0.0001847053354140371, 4.50379753112793
n,-2.742003016464878e-05, -0.00018625556549523026, 4.50379753112793
n,-2.0180414139758795e-05, -0.00019536272156983614, 4.50379753112793
n,-2.547337680880446e-05, -0.00019562245870474726, 4.50379753112793
n,-7.575857125630137e-06, -0.00020201024017296731, 4.50379753112793
n,-2.5005558200064115e-05, -0.0001962811074918136, 4.50379753112793
n,-1.7093854694394395e-05, -0.0001963679533218965, 4.50379753112793
n,-1.413906466041226e-05, -0.00019529584096744657, 4.50379753112793
n,-1.8549890228314325e-05, -0.00019538405467756093, 4.50379753112793
n,-1.8549890228314325e-05, -0.00019538405467756093, 4.50379753112793
n,-2.3153426809585653e-05, -0.00019147609418723732, 4.50379753112793
n,-2.6220923246000893e-05, -0.00019163373508490622, 4.50379753112793
n,-0.6566467881202698, -4.455671310424805, -0.0006035846308805048
n,-0.6584346294403076, -4.455407619476318, 0.0
n,-0.6490463018417358, -4.456784725189209, 0.0
n,-0.6508094668388367, -4.456528186798096, -0.0006037006387487054
n,-0.658667802810669, -4.4553728103637695, -0.0006331705953925848
n,-4.501650333404541, -0.1390521228313446, -1.9155464542564005e-05
n,-4.501888275146484, -0.13112296164035797, 0.0
n,-4.501888751983643, -0.13112296164035797, 0.0
n,-4.501650333404541, -0.1390548050403595, -1.8836970411939546e-05
n,-4.501636981964111, -0.13931067287921906, 0.006868934724479914
n,0.31951984763145447, 4.492448806762695, 0.0006085666827857494
n,-4.48214864730835, 0.44106248021125793, 5.9748246712842956e-05
n,1.2725876569747925, 4.320267677307129, 0.0
n,4.496630668640137, -0.2539803385734558, 0.0
n,1.0985840559005737, 4.367757320404053, 3.720474342117086e-05
n,4.490887641906738, -0.34076982736587524, -4.6162163926055655e-05
n,4.501646995544434, 0.13916970789432526, 0.0
n,4.501644611358643, 0.13923801481723785, -0.0011424809927120805
n,4.501519680023193, 0.14323017001152039, 0.0
n,4.501667022705078, 0.13851282000541687, 0.0
n,-0.32521557807922363, -4.492040157318115, 0.0
n,-0.29663485288619995, -4.494018077850342, 0.0
n,-0.29663488268852234, -4.494018077850342, 0.0
n,4.481618881225586, -0.44641128182411194, 0.0
n,-1.272497534751892, -4.320294380187988, 0.0
n,-4.496671199798584, 0.2532583475112915, 0.0
n,-1.0923312902450562, -4.369325160980225, 0.0
n,-4.490650177001953, 0.3438786268234253, 0.0
n,-4.490872383117676, 0.34096115827560425, -0.0010603256523609161
n,-4.4918718338012695, 0.3275323212146759, 0.0
n,-0.06805969029664993, -4.5032830238342285, -0.0006203607772476971
n,-4.50331974029541, 0.06561417877674103, 9.038842108566314e-06
n,0.07424872368574142, 4.503185272216797, 0.0006203473312780261
n,0.0, -4.50379753112793, 0.0
n,4.503328323364258, -0.06501027196645737, 0.0
n,4.503319263458252, -0.06548101454973221, 0.004731775727123022
n,-4.482685565948486, 0.43557342886924744, 0.0
n,0.4256793260574341, 4.483635425567627, 0.0
n,4.482556343078613, -0.43689635396003723, 0.0
n,-0.4370478093624115, -4.482542037963867, 0.0
n,-4.482685565948486, 0.4355734586715698, 0.0
n,0.4256793260574341, 4.483635902404785, 0.0
n,4.4825568199157715, -0.43689635396003723, 0.0
n,-0.4370478689670563, -4.482542037963867, 0.0
n,-4.481863021850586, 0.4439581334590912, 0.0
n,-4.482730388641357, 0.43511009216308594, -0.0004985491978004575
n,4.482661724090576, -0.43581435084342957, 0.0
n,4.482730388641357, -0.43511003255844116, 0.00017901582759805024
n,4.482474327087402, -0.43774160742759705, 0.0
n,-0.4318693280220032, -4.483043670654297, 0.0
n,-4.476818084716797, 0.49223002791404724, 0.0
n,0.6980551481246948, 4.449372291564941, 0.0
n,4.476602554321289, -0.4941883087158203, 0.0
n,-0.6971432566642761, -4.449514865875244, 0.0
u,0.6768863201141357, 0.37606480717658997, 0
u,0.6316112875938416, 0.2995089888572693, 0
u,0.6768863201141357, 0.2995089888572693, 0
u,0.0, 0.0, 0
u,0.0, 0.0, 0
u,0.0, 0.0, 0
u,0.32476121187210083, 0.07841449975967407, 0
u,0.32633569836616516, 0.10931830108165741, 0
u,0.17541000247001648, 0.096493199467659, 0
u,0.21693439781665802, 0.14799310266971588, 0
u,0.21819590032100677, 0.1055063009262085, 0
u,0.3075810968875885, 0.11438050121068954, 0
u,0.09723210334777832, 0.014229199849069118, 0
u,0.04557780176401138, 0.001636600005440414, 0
u,0.33091509342193604, 0.001636600005440414, 0
u,0.19835570454597473, 0.1038053035736084, 0
u,0.17397600412368774, 0.14430509507656097, 0
u,0.1752500981092453, 0.10182440280914307, 0
u,0.3075628876686096, 0.20852920413017273, 0
u,0.030667899176478386, 0.2735925018787384, 0
u,0.036017801612615585, 0.26379290223121643, 0
u,0.014860699884593487, 0.23967130482196808, 0
u,0.013405299745500088, 0.06772969663143158, 0
u,0.03286439925432205, 0.0720973014831543, 0
u,0.025396600365638733, 0.2410154938697815, 0
u,0.0378866009414196, 0.0732244998216629, 0
u,0.03873790055513382, 0.0734155997633934, 0
u,0.11030969768762589, 0.09539709985256195, 0
u,0.08919599652290344, 0.13620510697364807, 0
u,0.0904712975025177, 0.09372170269489288, 0
u,0.21819590032100677, 0.1055063009262085, 0
u,0.197080597281456, 0.1462886929512024, 0
u,0.19835570454597473, 0.1038053035736084, 0
u,0.17541000247001648, 0.096493199467659, 0
u,0.1275448054075241, 0.14335750043392181, 0
u,0.12906859815120697, 0.0925552025437355, 0
u,0.32476121187210083, 0.07841449975967407, 0
u,0.09723210334777832, 0.014229199849069118, 0
u,0.32624518871307373, 0.010879600420594215, 0
u,0.4622724950313568, 0.4075286090373993, 0
u,0.18066979944705963, 0.9742553234100342, 0
u,0.17568250000476837, 0.4075286090373993, 0
u,0.17568250000476837, 0.9988635182380676, 0
u,0.030438799411058426, 0.9988635182380676, 0
u,0.13414199650287628, 0.9890202283859253, 0
u,0.030438799411058426, 0.9988635182380676, 0
u,0.013541899621486664, 0.4075286090373993, 0
u,0.030438799411058426, 0.4075286090373993, 0
u,0.013541899621486664, 0.4075286090373993, 0
u,0.0, 0.9988635182380676, 0
u,0.0, 0.4075286090373993, 0
u,0.5991587042808533, 0.9988635182380676, 0
u,0.8702955842018127, 0.4075286090373993, 0
u,0.8702955842018127, 0.9988635182380676, 0
u,0.5488008856773376, 0.9988635182380676, 0
u,0.5991587042808533, 0.4075286090373993, 0
u,0.5991587042808533, 0.9988635182380676, 0
u,0.5305237770080566, 0.9988635182380676, 0
u,0.5488008856773376, 0.4075286090373993, 0
u,0.5488008856773376, 0.9988635182380676, 0
u,0.5305237770080566, 0.9988635182380676, 0
u,0.4622724950313568, 0.4075286090373993, 0
u,0.5305237770080566, 0.4075286090373993, 0
u,0.0, 0.40425530076026917, 0
u,0.007931300438940525, 0.37949278950691223, 0
u,0.042469799518585205, 0.3943502902984619, 0
u,0.15792520344257355, 0.40425530076026917, 0
u,0.1415863037109375, 0.40425530076026917, 0
u,0.14693030714988708, 0.3943502902984619, 0
u,0.15792520344257355, 0.40425530076026917, 0
u,0.17037679255008698, 0.37949278950691223, 0
u,0.17037679255008698, 0.40425530076026917, 0
u,0.43333131074905396, 0.40425530076026917, 0
u,0.17037679255008698, 0.37949278950691223, 0
u,0.43333131074905396, 0.37949278950691223, 0
u,0.4841673970222473, 0.40425530076026917, 0
u,0.43333131074905396, 0.37949278950691223, 0
u,0.4841673970222473, 0.37949278950691223, 0
u,0.5024781823158264, 0.40425530076026917, 0
u,0.4841673970222473, 0.37949278950691223, 0
u,0.5024781823158264, 0.37949278950691223, 0
u,0.5036101937294006, 0.37949278950691223, 0
u,0.5612720251083374, 0.37949278950691223, 0
u,0.5024781823158264, 0.40425530076026917, 0
u,0.8716943860054016, 0.9991912841796875, 0
u,0.8898867964744568, 0.44353508949279785, 0
u,0.8898867964744568, 0.9991912841796875, 0
u,0.9842084050178528, 0.44353508949279785, 0
u,0.8898867964744568, 0.9991912841796875, 0
u,0.8898867964744568, 0.44353508949279785, 0
u,0.9981005787849426, 0.9991912841796875, 0
u,0.9842084050178528, 0.44353508949279785, 0
u,0.9981005787849426, 0.44353508949279785, 0
u,0.9681674838066101, 0.44189849495887756, 0
u,0.9673553705215454, 0.427502304315567, 0
u,0.9681674838066101, 0.427502304315567, 0
u,0.9673553705215454, 0.427502304315567, 0
u,0.9673553705215454, 0.44189849495887756, 0
u,0.9583197832107544, 0.44189849495887756, 0
u,0.703589677810669, 0.4052639901638031, 0
u,0.6787462830543518, 0.3371522128582001, 0
u,0.703589677810669, 0.3371522128582001, 0
u,0.7672201991081238, 0.4052639901638031, 0
u,0.7478206753730774, 0.3371522128582001, 0
u,0.7672201991081238, 0.3371522128582001, 0
u,0.7478206753730774, 0.3371522128582001, 0
u,0.7229759097099304, 0.4052639901638031, 0
u,0.7229759097099304, 0.3371522128582001, 0
u,0.7229759097099304, 0.4052639901638031, 0
u,0.703589677810669, 0.3371522128582001, 0
u,0.7229759097099304, 0.3371522128582001, 0
u,0.813058614730835, 0.4050978124141693, 0
u,0.7882382273674011, 0.3371522128582001, 0
u,0.813058614730835, 0.3371522128582001, 0
u,0.768854022026062, 0.3371522128582001, 0
u,0.7882382273674011, 0.4050978124141693, 0
u,0.768854022026062, 0.4050978124141693, 0
u,0.8572512269020081, 0.3371522128582001, 0
u,0.8324292898178101, 0.4050978124141693, 0
u,0.8324292898178101, 0.3371522128582001, 0
u,0.813058614730835, 0.4050978124141693, 0
u,0.8324292898178101, 0.3371522128582001, 0
u,0.8324292898178101, 0.4050978124141693, 0
u,0.5269343852996826, 0.37606480717658997, 0
u,0.5269343852996826, 0.2995089888572693, 0
u,0.5540540814399719, 0.2995089888572693, 0
u,0.6050270795822144, 0.2995089888572693, 0
u,0.6298630237579346, 0.2995089888572693, 0
u,0.6316112875938416, 0.37606480717658997, 0
u,0.6019102931022644, 0.2995089888572693, 0
u,0.5566353797912598, 0.37606480717658997, 0
u,0.5566353797912598, 0.2995089888572693, 0
u,0.22344060242176056, 0.27659571170806885, 0
u,0.2629412114620209, 0.375110387802124, 0
u,0.22344060242176056, 0.375110387802124, 0
u,0.0, 0.375110387802124, 0
u,0.22344060242176056, 0.27659571170806885, 0
u,0.22344060242176056, 0.375110387802124, 0
u,0.4863640069961548, 0.375110387802124, 0
u,0.5258176922798157, 0.27659571170806885, 0
u,0.5258176922798157, 0.375110387802124, 0
u,0.2629412114620209, 0.27659571170806885, 0
u,0.4863640069961548, 0.375110387802124, 0
u,0.2629412114620209, 0.375110387802124, 0
u,0.6768863201141357, 0.37606480717658997, 0
u,0.6316112875938416, 0.37606480717658997, 0
u,0.6316112875938416, 0.2995089888572693, 0
u,0.0, 0.0, 0
u,0.0, 0.0, 0
u,0.0, 0.0, 0
u,0.0, 0.0, 0
u,0.0, 0.0, 0
u,0.0, 0.0, 0
u,0.0, 0.0, 0
u,0.0, 0.0, 0
u,0.0, 0.0, 0
u,0.0, 0.0, 0
u,0.0, 0.0, 0
u,0.0, 0.0, 0
u,0.0, 0.0, 0
u,0.0, 0.0, 0
u,0.0, 0.0, 0
u,0.0, 0.0, 0
u,0.0, 0.0, 0
u,0.0, 0.0, 0
u,0.0, 0.0, 0
u,0.0, 0.0, 0
u,0.0, 0.0, 0
u,0.0, 0.0, 0
u,0.0, 0.0, 0
u,0.0, 0.0, 0
u,0.0, 0.0, 0
u,0.0, 0.0, 0
u,0.0, 0.0, 0
u,0.12906859815120697, 0.0925552025437355, 0
u,0.12893620133399963, 0.09697029739618301, 0
u,0.11030969768762589, 0.09539709985256195, 0
u,0.11030969768762589, 0.09539709985256195, 0
u,0.0904712975025177, 0.09372170269489288, 0
u,0.09573040157556534, 0.08184359967708588, 0
u,0.0904712975025177, 0.09372170269489288, 0
u,0.037477798759937286, 0.08924610167741776, 0
u,0.03873790055513382, 0.0734155997633934, 0
u,0.03873790055513382, 0.0734155997633934, 0
u,0.0378866009414196, 0.0732244998216629, 0
u,0.0441415011882782, 0.015005799941718578, 0
u,0.0904712975025177, 0.09372170269489288, 0
u,0.03873790055513382, 0.0734155997633934, 0
u,0.09573040157556534, 0.08184359967708588, 0
u,0.12906859815120697, 0.0925552025437355, 0
u,0.11030969768762589, 0.09539709985256195, 0
u,0.09573040157556534, 0.08184359967708588, 0
u,0.03873790055513382, 0.0734155997633934, 0
u,0.0441415011882782, 0.015005799941718578, 0
u,0.09573040157556534, 0.08184359967708588, 0
u,0.0441415011882782, 0.015005799941718578, 0
u,0.09723210334777832, 0.014229199849069118, 0
u,0.09573040157556534, 0.08184359967708588, 0
u,0.17541000247001648, 0.096493199467659, 0
u,0.12906859815120697, 0.0925552025437355, 0
u,0.09573040157556534, 0.08184359967708588, 0
u,0.32624518871307373, 0.010879600420594215, 0
u,0.3305247128009796, 0.010816999711096287, 0
u,0.32476121187210083, 0.07841449975967407, 0
u,0.3305247128009796, 0.010816999711096287, 0
u,0.32633569836616516, 0.10931830108165741, 0
u,0.32476121187210083, 0.07841449975967407, 0
u,0.09573040157556534, 0.08184359967708588, 0
u,0.32476121187210083, 0.07841449975967407, 0
u,0.17541000247001648, 0.096493199467659, 0
u,0.03663010150194168, 0.24249319732189178, 0
u,0.025396600365638733, 0.2410154938697815, 0
u,0.037477798759937286, 0.08924610167741776, 0
u,0.037477798759937286, 0.08924610167741776, 0
u,0.0904712975025177, 0.09372170269489288, 0
u,0.08919599652290344, 0.13620510697364807, 0
u,0.10904800146818161, 0.1378840059041977, 0
u,0.11030969768762589, 0.09539709985256195, 0
u,0.12893620133399963, 0.09697029739618301, 0
u,0.03663010150194168, 0.24249319732189178, 0
u,0.037477798759937286, 0.08924610167741776, 0
u,0.08919599652290344, 0.13620510697364807, 0
u,0.10904800146818161, 0.1378840059041977, 0
u,0.12893620133399963, 0.09697029739618301, 0
u,0.1275448054075241, 0.14335750043392181, 0
u,0.03663010150194168, 0.24249319732189178, 0
u,0.08919599652290344, 0.13620510697364807, 0
u,0.10904800146818161, 0.1378840059041977, 0
u,0.3028830885887146, 0.20108619332313538, 0
u,0.036017801612615585, 0.26379290223121643, 0
u,0.197080597281456, 0.1462886929512024, 0
u,0.036017801612615585, 0.26379290223121643, 0
u,0.03663010150194168, 0.24249319732189178, 0
u,0.1275448054075241, 0.14335750043392181, 0
u,0.3028830885887146, 0.20108619332313538, 0
u,0.197080597281456, 0.1462886929512024, 0
u,0.21693439781665802, 0.14799310266971588, 0
u,0.32633569836616516, 0.10931830108165741, 0
u,0.32625341415405273, 0.1112523004412651, 0
u,0.3075810968875885, 0.11438050121068954, 0
u,0.3075810968875885, 0.11438050121068954, 0
u,0.3028830885887146, 0.20108619332313538, 0
u,0.21693439781665802, 0.14799310266971588, 0
u,0.03663010150194168, 0.24249319732189178, 0
u,0.10904800146818161, 0.1378840059041977, 0
u,0.1275448054075241, 0.14335750043392181, 0
u,0.17388629913330078, 0.1472955048084259, 0
u,0.17397600412368774, 0.14430509507656097, 0
u,0.197080597281456, 0.1462886929512024, 0
u,0.1275448054075241, 0.14335750043392181, 0
u,0.17388629913330078, 0.1472955048084259, 0
u,0.036017801612615585, 0.26379290223121643, 0
u,0.17541000247001648, 0.096493199467659, 0
u,0.32633569836616516, 0.10931830108165741, 0
u,0.21819590032100677, 0.1055063009262085, 0
u,0.32633569836616516, 0.10931830108165741, 0
u,0.3075810968875885, 0.11438050121068954, 0
u,0.21819590032100677, 0.1055063009262085, 0
u,0.17388629913330078, 0.1472955048084259, 0
u,0.197080597281456, 0.1462886929512024, 0
u,0.036017801612615585, 0.26379290223121643, 0
u,0.19835570454597473, 0.1038053035736084, 0
u,0.1752500981092453, 0.10182440280914307, 0
u,0.17541000247001648, 0.096493199467659, 0
u,0.21819590032100677, 0.1055063009262085, 0
u,0.19835570454597473, 0.1038053035736084, 0
u,0.17541000247001648, 0.096493199467659, 0
u,0.33091509342193604, 0.001636600005440414, 0
u,0.3305247128009796, 0.010816999711096287, 0
u,0.32624518871307373, 0.010879600420594215, 0
u,0.09723210334777832, 0.014229199849069118, 0
u,0.0441415011882782, 0.015005799941718578, 0
u,0.04557780176401138, 0.001636600005440414, 0
u,0.33091509342193604, 0.001636600005440414, 0
u,0.32624518871307373, 0.010879600420594215, 0
u,0.09723210334777832, 0.014229199849069118, 0
u,0.19835570454597473, 0.1038053035736084, 0
u,0.197080597281456, 0.1462886929512024, 0
u,0.17397600412368774, 0.14430509507656097, 0
u,0.33091509342193604, 0.001636600005440414, 0
u,0.33599019050598145, 0.001636600005440414, 0
u,0.32625341415405273, 0.1112523004412651, 0
u,0.33599019050598145, 0.001636600005440414, 0
u,0.33100080490112305, 0.11895869672298431, 0
u,0.32625341415405273, 0.1112523004412651, 0
u,0.040434498339891434, 0.001636600005440414, 0
u,0.04557780176401138, 0.001636600005440414, 0
u,0.0199366994202137, 0.24029730260372162, 0
u,0.32625341415405273, 0.1112523004412651, 0
u,0.33100080490112305, 0.11895869672298431, 0
u,0.3122459053993225, 0.12210089713335037, 0
u,0.013966199941933155, 0.24799729883670807, 0
u,0.040434498339891434, 0.001636600005440414, 0
u,0.0199366994202137, 0.24029730260372162, 0
u,0.03133799880743027, 0.2502825856208801, 0
u,0.013966199941933155, 0.24799729883670807, 0
u,0.0199366994202137, 0.24029730260372162, 0
u,0.3075810968875885, 0.11438050121068954, 0
u,0.32625341415405273, 0.1112523004412651, 0
u,0.3122459053993225, 0.12210089713335037, 0
u,0.03133799880743027, 0.2502825856208801, 0
u,0.0199366994202137, 0.24029730260372162, 0
u,0.03663010150194168, 0.24249319732189178, 0
u,0.03133799880743027, 0.2502825856208801, 0
u,0.03663010150194168, 0.24249319732189178, 0
u,0.036017801612615585, 0.26379290223121643, 0
u,0.3075810968875885, 0.11438050121068954, 0
u,0.3122459053993225, 0.12210089713335037, 0
u,0.3028830885887146, 0.20108619332313538, 0
u,0.3122459053993225, 0.12210089713335037, 0
u,0.3075628876686096, 0.20852920413017273, 0
u,0.3028830885887146, 0.20108619332313538, 0
u,0.030667899176478386, 0.2735925018787384, 0
u,0.03133799880743027, 0.2502825856208801, 0
u,0.036017801612615585, 0.26379290223121643, 0
u,0.036017801612615585, 0.26379290223121643, 0
u,0.3028830885887146, 0.20108619332313538, 0
u,0.3075628876686096, 0.20852920413017273, 0
u,0.014860699884593487, 0.23967130482196808, 0
u,0.0, 0.23635099828243256, 0
u,0.013405299745500088, 0.06772969663143158, 0
u,0.025396600365638733, 0.2410154938697815, 0
u,0.0199366994202137, 0.24029730260372162, 0
u,0.0378866009414196, 0.0732244998216629, 0
u,0.11030969768762589, 0.09539709985256195, 0
u,0.10904800146818161, 0.1378840059041977, 0
u,0.08919599652290344, 0.13620510697364807, 0
u,0.21819590032100677, 0.1055063009262085, 0
u,0.21693439781665802, 0.14799310266971588, 0
u,0.197080597281456, 0.1462886929512024, 0
u,0.17541000247001648, 0.096493199467659, 0
u,0.17388629913330078, 0.1472955048084259, 0
u,0.1275448054075241, 0.14335750043392181, 0
u,0.32476121187210083, 0.07841449975967407, 0
u,0.09573040157556534, 0.08184359967708588, 0
u,0.09723210334777832, 0.014229199849069118, 0
u,0.4622724950313568, 0.4075286090373993, 0
u,0.4622724950313568, 0.9988635182380676, 0
u,0.4573513865470886, 0.9742553234100342, 0
u,0.4622724950313568, 0.9988635182380676, 0
u,0.4573513865470886, 0.9988635182380676, 0
u,0.4573513865470886, 0.9742553234100342, 0
u,0.18066979944705963, 0.9988635182380676, 0
u,0.17568250000476837, 0.9988635182380676, 0
u,0.18066979944705963, 0.9742553234100342, 0
u,0.17568250000476837, 0.9988635182380676, 0
u,0.17568250000476837, 0.4075286090373993, 0
u,0.18066979944705963, 0.9742553234100342, 0
u,0.4622724950313568, 0.4075286090373993, 0
u,0.4573513865470886, 0.9742553234100342, 0
u,0.18066979944705963, 0.9742553234100342, 0
u,0.13414199650287628, 0.9890202283859253, 0
u,0.13414199650287628, 0.4075286090373993, 0
u,0.17568250000476837, 0.4075286090373993, 0
u,0.030438799411058426, 0.9988635182380676, 0
u,0.030438799411058426, 0.4075286090373993, 0
u,0.03534749895334244, 0.9890202283859253, 0
u,0.030438799411058426, 0.4075286090373993, 0
u,0.03534749895334244, 0.4075286090373993, 0
u,0.03534749895334244, 0.9890202283859253, 0
u,0.13414199650287628, 0.9890202283859253, 0
u,0.17568250000476837, 0.4075286090373993, 0
u,0.17568250000476837, 0.9988635182380676, 0
u,0.030438799411058426, 0.9988635182380676, 0
u,0.03534749895334244, 0.9890202283859253, 0
u,0.13414199650287628, 0.9890202283859253, 0
u,0.030438799411058426, 0.9988635182380676, 0
u,0.013541899621486664, 0.9988635182380676, 0
u,0.013541899621486664, 0.4075286090373993, 0
u,0.013541899621486664, 0.4075286090373993, 0
u,0.013541899621486664, 0.9988635182380676, 0
u,0.0, 0.9988635182380676, 0
u,0.5991587042808533, 0.9988635182380676, 0
u,0.5991587042808533, 0.4075286090373993, 0
u,0.8702955842018127, 0.4075286090373993, 0
u,0.5488008856773376, 0.9988635182380676, 0
u,0.5488008856773376, 0.4075286090373993, 0
u,0.5991587042808533, 0.4075286090373993, 0
u,0.5305237770080566, 0.9988635182380676, 0
u,0.5305237770080566, 0.4075286090373993, 0
u,0.5488008856773376, 0.4075286090373993, 0
u,0.5305237770080566, 0.9988635182380676, 0
u,0.4622724950313568, 0.9988635182380676, 0
u,0.4622724950313568, 0.4075286090373993, 0
u,0.1415863037109375, 0.3943502902984619, 0
u,0.1415863037109375, 0.40425530076026917, 0
u,0.042469799518585205, 0.3943502902984619, 0
u,0.1415863037109375, 0.40425530076026917, 0
u,0.0, 0.40425530076026917, 0
u,0.042469799518585205, 0.3943502902984619, 0
u,0.0, 0.40425530076026917, 0
u,0.0, 0.37949278950691223, 0
u,0.007931300438940525, 0.37949278950691223, 0
u,0.007931300438940525, 0.37949278950691223, 0
u,0.042469799518585205, 0.37949278950691223, 0
u,0.042469799518585205, 0.3943502902984619, 0
u,0.1415863037109375, 0.40425530076026917, 0
u,0.1415863037109375, 0.3943502902984619, 0
u,0.14693030714988708, 0.3943502902984619, 0
u,0.14693030714988708, 0.3943502902984619, 0
u,0.14693030714988708, 0.37949278950691223, 0
u,0.15792520344257355, 0.37949278950691223, 0
u,0.15792520344257355, 0.37949278950691223, 0
u,0.15792520344257355, 0.40425530076026917, 0
u,0.14693030714988708, 0.3943502902984619, 0
u,0.15792520344257355, 0.40425530076026917, 0
u,0.15792520344257355, 0.37949278950691223, 0
u,0.17037679255008698, 0.37949278950691223, 0
u,0.43333131074905396, 0.40425530076026917, 0
u,0.17037679255008698, 0.40425530076026917, 0
u,0.17037679255008698, 0.37949278950691223, 0
u,0.4841673970222473, 0.40425530076026917, 0
u,0.43333131074905396, 0.40425530076026917, 0
u,0.43333131074905396, 0.37949278950691223, 0
u,0.5024781823158264, 0.40425530076026917, 0
u,0.4841673970222473, 0.40425530076026917, 0
u,0.4841673970222473, 0.37949278950691223, 0
u,0.5612720251083374, 0.37949278950691223, 0
u,0.5666462182998657, 0.37949278950691223, 0
u,0.5666462182998657, 0.40425530076026917, 0
u,0.5666462182998657, 0.40425530076026917, 0
u,0.5024781823158264, 0.40425530076026917, 0
u,0.5612720251083374, 0.37949278950691223, 0
u,0.5024781823158264, 0.40425530076026917, 0
u,0.5024781823158264, 0.37949278950691223, 0
u,0.5036101937294006, 0.37949278950691223, 0
u,0.8716943860054016, 0.9991912841796875, 0
u,0.8716943860054016, 0.44353508949279785, 0
u,0.8898867964744568, 0.44353508949279785, 0
u,0.9842084050178528, 0.44353508949279785, 0
u,0.9842084050178528, 0.9991912841796875, 0
u,0.8898867964744568, 0.9991912841796875, 0
u,0.9981005787849426, 0.9991912841796875, 0
u,0.9842084050178528, 0.9991912841796875, 0
u,0.9842084050178528, 0.44353508949279785, 0
u,0.9681674838066101, 0.44189849495887756, 0
u,0.9673553705215454, 0.44189849495887756, 0
u,0.9673553705215454, 0.427502304315567, 0
u,0.9583197832107544, 0.44189849495887756, 0
u,0.8716943860054016, 0.44189849495887756, 0
u,0.8716943860054016, 0.427502304315567, 0
u,0.8716943860054016, 0.427502304315567, 0
u,0.9673553705215454, 0.427502304315567, 0
u,0.9583197832107544, 0.44189849495887756, 0
u,0.703589677810669, 0.4052639901638031, 0
u,0.6787462830543518, 0.4052639901638031, 0
u,0.6787462830543518, 0.3371522128582001, 0
u,0.7672201991081238, 0.4052639901638031, 0
u,0.7478206753730774, 0.4052639901638031, 0
u,0.7478206753730774, 0.3371522128582001, 0
u,0.7478206753730774, 0.3371522128582001, 0
u,0.7478206753730774, 0.4052639901638031, 0
u,0.7229759097099304, 0.4052639901638031, 0
u,0.7229759097099304, 0.4052639901638031, 0
u,0.703589677810669, 0.4052639901638031, 0
u,0.703589677810669, 0.3371522128582001, 0
u,0.813058614730835, 0.4050978124141693, 0
u,0.7882382273674011, 0.4050978124141693, 0
u,0.7882382273674011, 0.3371522128582001, 0
u,0.768854022026062, 0.3371522128582001, 0
u,0.7882382273674011, 0.3371522128582001, 0
u,0.7882382273674011, 0.4050978124141693, 0
u,0.8572512269020081, 0.3371522128582001, 0
u,0.8572512269020081, 0.4050978124141693, 0
u,0.8324292898178101, 0.4050978124141693, 0
u,0.813058614730835, 0.4050978124141693, 0
u,0.813058614730835, 0.3371522128582001, 0
u,0.8324292898178101, 0.3371522128582001, 0
u,0.5540540814399719, 0.2995089888572693, 0
u,0.5566353797912598, 0.2995089888572693, 0
u,0.5566353797912598, 0.37606480717658997, 0
u,0.5566353797912598, 0.37606480717658997, 0
u,0.5269343852996826, 0.37606480717658997, 0
u,0.5540540814399719, 0.2995089888572693, 0
u,0.6298630237579346, 0.2995089888572693, 0
u,0.6316112875938416, 0.2995089888572693, 0
u,0.6316112875938416, 0.37606480717658997, 0
u,0.6316112875938416, 0.37606480717658997, 0
u,0.6019102931022644, 0.37606480717658997, 0
u,0.6050270795822144, 0.2995089888572693, 0
u,0.6019102931022644, 0.37606480717658997, 0
u,0.6019102931022644, 0.2995089888572693, 0
u,0.6050270795822144, 0.2995089888572693, 0
u,0.6019102931022644, 0.2995089888572693, 0
u,0.6019102931022644, 0.37606480717658997, 0
u,0.5566353797912598, 0.37606480717658997, 0
u,0.22344060242176056, 0.27659571170806885, 0
u,0.2629412114620209, 0.27659571170806885, 0
u,0.2629412114620209, 0.375110387802124, 0
u,0.0, 0.375110387802124, 0
u,0.0, 0.27659571170806885, 0
u,0.22344060242176056, 0.27659571170806885, 0
u,0.4863640069961548, 0.375110387802124, 0
u,0.4863640069961548, 0.27659571170806885, 0
u,0.5258176922798157, 0.27659571170806885, 0
u,0.2629412114620209, 0.27659571170806885, 0
u,0.4863640069961548, 0.27659571170806885, 0
u,0.4863640069961548, 0.375110387802124, 0
