s,53.351806640625, 202.0673828125, -0.7092761993408203
b,55.27734375, 204.0400390625, 0.802980899810791
v,53.351806640625, 202.3037109375, 0.5463523864746094
v,53.59521484375, 204.0400390625, 0.546541690826416
v,53.59521484375, 204.0400390625, -0.7090654373168945
v,53.351806640625, 202.3037109375, -0.709254264831543
v,55.27734375, 203.8037109375, -0.7090868949890137
v,55.033447265625, 202.0673828125, -0.7092761993408203
v,53.351806640625, 202.3037109375, -0.709254264831543
v,53.594970703125, 204.0400390625, -0.7090654373168945
v,53.351806640625, 202.3037109375, 0.5463523864746094
v,54.436767578125, 203.921875, 0.802980899810791
v,53.594970703125, 204.0400390625, 0.546541690826416
v,54.191650390625, 202.185546875, 0.8027915954589844
v,54.436767578125, 203.921875, 0.802980899810791
v,53.351806640625, 202.3037109375, 0.5463523864746094
v,54.436767578125, 203.921875, 0.802980899810791
v,54.191650390625, 202.185546875, 0.8027915954589844
v,55.27734375, 203.8037109375, 0.5465207099914551
v,55.27734375, 203.8037109375, 0.5465207099914551
v,54.191650390625, 202.185546875, 0.8027915954589844
v,55.033447265625, 202.0673828125, 0.5463314056396484
v,54.191650390625, 202.185546875, 0.8027915954589844
v,53.351806640625, 202.3037109375, 0.5463523864746094
v,55.033447265625, 202.0673828125, 0.5463314056396484
v,54.436767578125, 203.921875, 0.802980899810791
v,55.27734375, 203.8037109375, 0.5465207099914551
v,53.594970703125, 204.0400390625, 0.546541690826416
v,53.594970703125, 204.0400390625, 0.546541690826416
v,55.27734375, 203.8037109375, 0.5465207099914551
v,55.27734375, 203.8037109375, -0.7090868949890137
v,53.594970703125, 204.0400390625, -0.7090654373168945
v,55.27734375, 203.8037109375, 0.5465207099914551
v,55.033447265625, 202.0673828125, 0.5463314056396484
v,55.033447265625, 202.0673828125, -0.7092761993408203
v,55.27734375, 203.8037109375, -0.7090868949890137
v,55.033447265625, 202.0673828125, 0.5463314056396484
v,53.351806640625, 202.3037109375, 0.5463523864746094
v,53.351806640625, 202.3037109375, -0.709254264831543
v,55.033447265625, 202.0673828125, -0.7092761993408203
i,0,2,3
i,4,6,7
i,8,9,10
i,11,12,13
i,14,15,16
i,17,18,19
i,20,21,22
i,23,24,25
i,27,29,26
i,31,33,30
i,34,36,37
i,0,1,2
i,4,5,6
i,27,28,29
i,31,32,33
i,34,35,36
n,-4.460231304168701, 0.624922513961792, 0.0
n,1.2027542652504053e-05, 0.0004882286302745342, -4.50379753112793
n,-1.2882208824157715, 0.18002240359783173, 4.311875820159912
n,-1.2904325723648071, 0.1816214770078659, 4.311147212982178
n,1.289671778678894, -0.1824541985988617, 4.311339855194092
n,1.2882895469665527, -0.1814548522233963, 4.311794757843018
n,-0.627914309501648, -4.459800720214844, -0.009665238671004772
n,0.6276770830154419, 4.459840297698975, 0.006214907858520746
n,0.6276776194572449, 4.459844589233398, 0.0
n,4.460000991821289, -0.6265611052513123, 0.0
n,-0.627915620803833, -4.459811210632324, 0.0
n,-4.460231304168701, 0.624922513961792, 0.0
n,1.1070985237893183e-05, 0.0004894569865427911, -4.50379753112793
n,0.6276776194572449, 4.459844589233398, 0.0
n,4.460000991821289, -0.6265611052513123, 0.0
n,-0.627915620803833, -4.459811210632324, 0.0
u,0.8326221108436584, 0.9930555820465088, 0
u,0.4288538098335266, 0.6543893814086914, 0
u,0.8326221108436584, 0.6543893814086914, 0
u,0.0, 0.0, 0
u,0.0, 0.0, 0
u,0.0, 0.0, 0
u,0.0, 0.26809510588645935, 0
u,0.44353339076042175, 0.00543610006570816, 0
u,0.44353339076042175, 0.26851850748062134, 0
u,3.590000051190145e-05, 0.005502699874341488, 0
u,0.44353339076042175, 0.00543610006570816, 0
u,0.0, 0.26809510588645935, 0
u,0.886690616607666, 0.26816919445991516, 0
u,0.45059290528297424, 0.26851850748062134, 0
u,0.8867698907852173, 0.009808800183236599, 0
u,0.8867698907852173, 0.009808800183236599, 0
u,0.45059290528297424, 0.26851850748062134, 0
u,0.4506126940250397, 0.009808800183236599, 0
u,0.9899088740348816, 0.7641386985778809, 0
u,0.9308301210403442, 0.9930555820465088, 0
u,0.9308301210403442, 0.5347394943237305, 0
u,0.8517786860466003, 0.7636725902557373, 0
u,0.910857617855072, 0.5346115231513977, 0
u,0.910857617855072, 0.9930555820465088, 0
u,0.3971678912639618, 0.2708333134651184, 0
u,0.005928900092840195, 0.6094995141029358, 0
u,0.005928900092840195, 0.2708333134651184, 0
u,0.4097192883491516, 0.6543893814086914, 0
u,0.005928900092840195, 0.9930555820465088, 0
u,0.005928900092840195, 0.6543893814086914, 0
u,0.8041731715202332, 0.6094995141029358, 0
u,0.4130434989929199, 0.2708333134651184, 0
u,0.8041731715202332, 0.2708333134651184, 0
u,0.8326221108436584, 0.9930555820465088, 0
u,0.4288538098335266, 0.9930555820465088, 0
u,0.4288538098335266, 0.6543893814086914, 0
u,0.0, 0.0, 0
u,0.0, 0.0, 0
u,0.0, 0.0, 0
u,0.3971678912639618, 0.2708333134651184, 0
u,0.3971678912639618, 0.6094995141029358, 0
u,0.005928900092840195, 0.6094995141029358, 0
u,0.4097192883491516, 0.6543893814086914, 0
u,0.4097192883491516, 0.9930555820465088, 0
u,0.005928900092840195, 0.9930555820465088, 0
u,0.8041731715202332, 0.6094995141029358, 0
u,0.4130434989929199, 0.6094995141029358, 0
u,0.4130434989929199, 0.2708333134651184, 0
