s,45.100830078125, 139.3974609375, -1.4695689678192139
b,50.577880859375, 143.1650390625, 6.39387845993042
v,48.193603515625, 141.865234375, 5.597959041595459
v,48.00732421875, 141.88671875, 5.597960948944092
v,48.00732421875, 141.88671875, 6.103088855743408
v,48.193603515625, 141.865234375, 6.103087902069092
v,50.271728515625, 139.4873046875, -1.4695661067962646
v,50.272216796875, 139.498046875, -1.4695651531219482
v,49.009033203125, 139.6044921875, -1.469557523727417
v,49.009033203125, 139.603515625, -1.469557523727417
v,49.00244140625, 139.6044921875, -1.469557523727417
v,48.020751953125, 139.6865234375, -1.4695508480072021
v,47.991455078125, 139.3984375, -1.4695689678192139
v,45.200439453125, 139.677734375, -1.469543218612671
v,45.260986328125, 140.2783203125, -1.4695050716400146
v,45.100830078125, 140.296875, -1.469503402709961
v,45.385009765625, 143.1650390625, -1.4693174362182617
v,50.577880859375, 142.7109375, -1.4693572521209717
v,50.552734375, 139.4677734375, -1.469566822052002
v,49.052734375, 140.0439453125, 4.907310962677002
v,49.009033203125, 139.603515625, 4.907283306121826
v,50.272216796875, 139.498046875, 4.907275676727295
v,50.303955078125, 139.93359375, 4.907303333282471
v,48.06591796875, 140.1318359375, 4.907318592071533
v,48.020751953125, 139.6865234375, 4.907289981842041
v,49.00244140625, 139.6044921875, 4.907283306121826
v,48.101318359375, 139.6923828125, 4.907289981842041
v,48.14453125, 140.125, 4.907317638397217
v,48.101318359375, 139.6923828125, 5.4224114418029785
v,49.009033203125, 139.603515625, 5.422403812408447
v,49.06884765625, 140.2041015625, 5.42244291305542
v,48.16162109375, 140.294921875, 5.422449588775635
v,48.16162109375, 140.294921875, 5.112710475921631
v,49.06884765625, 140.2041015625, 5.112703800201416
v,49.0595703125, 140.1103515625, 5.112698078155518
v,50.375, 139.994140625, 5.11268949508667
v,50.3427734375, 139.548828125, 5.112660884857178
v,50.48681640625, 139.5390625, 5.112659931182861
v,50.5107421875, 142.6494140625, 5.112861156463623
v,48.12353515625, 142.8583984375, 5.112877368927002
v,48.11572265625, 142.79296875, 5.112873554229736
v,48.273193359375, 142.7763671875, 5.1128716468811035
v,48.26611328125, 142.7080078125, 5.112867832183838
v,49.540771484375, 142.5771484375, 5.112857341766357
v,49.331298828125, 140.529296875, 5.1127238273620605
v,47.862060546875, 140.6787109375, 5.112736225128174
v,47.819580078125, 140.3271484375, 5.11271333694458
v,48.083251953125, 140.2998046875, 5.112711429595947
v,48.07275390625, 140.197265625, 5.112704753875732
v,48.151123046875, 140.1904296875, 5.112703800201416
v,47.450927734375, 142.3134765625, 5.112843036651611
v,46.75341796875, 142.384765625, 5.112849712371826
v,46.685302734375, 141.7158203125, 5.1128058433532715
v,46.76318359375, 141.7080078125, 5.1128058433532715
v,46.774169921875, 141.9306640625, 5.112820148468018
v,47.612548828125, 141.888671875, 5.1128153800964355
v,47.601806640625, 141.673828125, 5.112800121307373
v,47.644287109375, 142.08984375, 5.112827777862549
v,47.432861328125, 142.111328125, 5.112830638885498
v,47.509033203125, 142.8544921875, 5.112878322601318
v,48.11572265625, 142.79296875, 5.112873554229736
v,48.12353515625, 142.8583984375, 5.112877368927002
v,46.826171875, 142.9716796875, 5.112887859344482
v,46.8193359375, 142.8359375, 5.112879276275635
v,47.4970703125, 142.7666015625, 5.11287260055542
v,46.826171875, 142.9716796875, 5.112887859344482
v,45.44482421875, 143.0927734375, 5.112900257110596
v,45.173828125, 140.35546875, 5.112722873687744
v,45.26806640625, 140.34375, 5.112721920013428
v,45.291748046875, 140.580078125, 5.11273717880249
v,46.699462890625, 140.4384765625, 5.1127238273620605
v,46.71728515625, 140.794921875, 5.112746715545654
v,45.87548828125, 140.880859375, 5.1127543449401855
v,46.0830078125, 142.91015625, 5.11288595199585
v,46.8193359375, 142.8359375, 5.112879276275635
v,46.699462890625, 140.4384765625, 5.1127238273620605
v,47.819580078125, 140.3271484375, 5.11271333694458
v,47.862060546875, 140.6787109375, 5.112736225128174
v,46.71728515625, 140.794921875, 5.112746715545654
v,48.14453125, 140.125, 5.290327548980713
v,48.151123046875, 140.1904296875, 5.2903313636779785
v,48.07275390625, 140.197265625, 5.290332317352295
v,48.06591796875, 140.1318359375, 5.290328502655029
v,50.577880859375, 142.7099609375, 5.290493488311768
v,45.385009765625, 143.1650390625, 5.290533542633057
v,45.100830078125, 140.296875, 5.290347576141357
v,45.26123046875, 140.2783203125, 5.290345668792725
v,45.26806640625, 140.34375, 5.29034948348999
v,45.173828125, 140.35546875, 5.290351390838623
v,45.44482421875, 143.0927734375, 5.290527820587158
v,50.5107421875, 142.6494140625, 5.290489673614502
v,50.48681640625, 139.5390625, 5.29028844833374
v,50.3427734375, 139.548828125, 5.29028844833374
v,50.375, 139.994140625, 5.290317058563232
v,49.0595703125, 140.1103515625, 5.29032564163208
v,49.052734375, 140.0439453125, 5.2903218269348145
v,50.303955078125, 139.93359375, 5.290313243865967
v,50.271728515625, 139.486328125, 5.290284633636475
v,50.552734375, 139.4677734375, 5.290283679962158
v,45.87548828125, 140.880859375, 5.5912394523620605
v,47.945556640625, 140.669921875, 5.591220378875732
v,47.95703125, 140.7822265625, 5.591228008270264
v,47.875732421875, 140.7919921875, 5.59122896194458
v,47.965087890625, 141.5380859375, 5.5912766456604
v,47.596923828125, 141.5751953125, 5.59127950668335
v,47.58837890625, 141.40234375, 5.591268062591553
v,46.749755859375, 141.443359375, 5.591273784637451
v,46.76318359375, 141.7080078125, 5.59128999710083
v,46.685302734375, 141.7158203125, 5.5912909507751465
v,46.75341796875, 142.384765625, 5.591334819793701
v,47.450927734375, 142.3134765625, 5.591328144073486
v,47.4970703125, 142.7666015625, 5.591357707977295
v,46.0830078125, 142.91015625, 5.591371059417725
v,47.945556640625, 140.669921875, 5.59788179397583
v,48.194580078125, 140.6455078125, 5.597878932952881
v,48.208740234375, 140.7626953125, 5.597886562347412
v,48.339599609375, 141.857421875, 5.597958087921143
v,48.439208984375, 142.6904296875, 5.598012447357178
v,48.26611328125, 142.7080078125, 5.598013401031494
v,48.197021484375, 142.033203125, 5.597968578338623
v,47.644287109375, 142.08984375, 5.5979743003845215
v,47.601806640625, 141.673828125, 5.597946643829346
v,47.596923828125, 141.5751953125, 5.597940921783447
v,47.965087890625, 141.5380859375, 5.597938060760498
v,48.007080078125, 141.88671875, 5.597960948944092
v,48.193359375, 141.865234375, 5.597959041595459
v,48.061767578125, 140.76953125, 5.5978875160217285
v,47.95703125, 140.7822265625, 5.597888469696045
v,48.733154296875, 141.9404296875, 5.597961902618408
v,49.235595703125, 141.880859375, 5.597958087921143
v,49.09765625, 140.7314453125, 5.597883701324463
v,48.595458984375, 140.7919921875, 5.597888469696045
v,48.5732421875, 140.6064453125, 5.597876071929932
v,49.331298828125, 140.529296875, 5.597870349884033
v,49.540771484375, 142.5771484375, 5.59800386428833
v,48.818359375, 142.6513671875, 5.598008632659912
v,48.339599609375, 141.857421875, 5.597958087921143
v,48.526123046875, 141.8359375, 5.59795618057251
v,48.394775390625, 140.740234375, 5.597884654998779
v,48.208740234375, 140.7626953125, 5.597886562347412
v,48.194580078125, 140.6455078125, 5.597878932952881
v,48.5732421875, 140.6064453125, 5.597876071929932
v,48.595458984375, 140.7919921875, 5.597888469696045
v,48.733154296875, 141.9404296875, 5.597961902618408
v,48.818359375, 142.6513671875, 5.598008632659912
v,48.439208984375, 142.6904296875, 5.598012447357178
v,48.197021484375, 142.033203125, 5.957665920257568
v,48.273193359375, 142.7763671875, 5.957714557647705
v,47.509033203125, 142.8544921875, 5.95772123336792
v,47.432861328125, 142.111328125, 5.957672595977783
v,48.595458984375, 140.7919921875, 6.11522912979126
v,49.09765625, 140.7314453125, 6.115225315093994
v,49.235595703125, 141.880859375, 6.115299701690674
v,48.733154296875, 141.9404296875, 6.1153035163879395
v,48.339599609375, 141.857421875, 6.104197025299072
v,48.208740234375, 140.7626953125, 6.104126453399658
v,48.394775390625, 140.740234375, 6.104124546051025
v,48.526123046875, 141.8359375, 6.1041951179504395
v,48.193359375, 141.865234375, 6.103087902069092
v,48.007080078125, 141.88671875, 6.103088855743408
v,47.875732421875, 140.7919921875, 6.1030192375183105
v,48.061767578125, 140.76953125, 6.103017330169678
v,46.749755859375, 141.443359375, 6.1541314125061035
v,47.58837890625, 141.40234375, 6.1541266441345215
v,47.612548828125, 141.888671875, 6.154158115386963
v,46.774169921875, 141.9306640625, 6.154162883758545
v,45.200439453125, 139.6767578125, 6.393820285797119
v,47.991455078125, 139.3974609375, 6.393795490264893
v,48.083251953125, 140.2998046875, 6.3938517570495605
v,45.291748046875, 140.580078125, 6.39387845993042
v,49.009033203125, 139.603515625, 4.907283306121826
v,49.009033203125, 139.6044921875, -1.469557523727417
v,50.272216796875, 139.498046875, -1.4695651531219482
v,50.272216796875, 139.498046875, 4.907275676727295
v,49.00244140625, 139.6044921875, -1.469557523727417
v,49.00244140625, 139.6044921875, 4.907283306121826
v,48.020751953125, 139.6865234375, 4.907289981842041
v,48.020751953125, 139.6865234375, -1.4695508480072021
v,49.06884765625, 140.2041015625, 5.42244291305542
v,49.009033203125, 139.603515625, 5.422403812408447
v,49.009033203125, 139.603515625, -1.469557523727417
v,49.009033203125, 139.6044921875, -1.469557523727417
v,49.009033203125, 139.603515625, 4.907283306121826
v,49.052734375, 140.0439453125, 4.907310962677002
v,49.052734375, 140.0439453125, 5.2903218269348145
v,49.0595703125, 140.1103515625, 5.29032564163208
v,49.0595703125, 140.1103515625, 5.112698078155518
v,49.06884765625, 140.2041015625, 5.112703800201416
v,48.101318359375, 139.6923828125, 4.907289981842041
v,49.00244140625, 139.6044921875, 4.907283306121826
v,49.00244140625, 139.6044921875, -1.469557523727417
v,49.009033203125, 139.603515625, -1.469557523727417
v,49.009033203125, 139.603515625, 5.422403812408447
v,48.101318359375, 139.6923828125, 5.4224114418029785
v,48.14453125, 140.125, 4.907317638397217
v,48.101318359375, 139.6923828125, 4.907289981842041
v,48.101318359375, 139.6923828125, 5.4224114418029785
v,48.16162109375, 140.294921875, 5.422449588775635
v,48.16162109375, 140.294921875, 5.112710475921631
v,48.151123046875, 140.1904296875, 5.112703800201416
v,48.151123046875, 140.1904296875, 5.2903313636779785
v,48.14453125, 140.125, 5.290327548980713
v,48.16162109375, 140.294921875, 5.112710475921631
v,48.16162109375, 140.294921875, 5.422449588775635
v,49.06884765625, 140.2041015625, 5.42244291305542
v,49.06884765625, 140.2041015625, 5.112703800201416
v,50.303955078125, 139.93359375, 4.907303333282471
v,50.272216796875, 139.498046875, 4.907275676727295
v,50.272216796875, 139.498046875, -1.4695651531219482
v,50.271728515625, 139.4873046875, -1.4695661067962646
v,50.271728515625, 139.486328125, 5.290284633636475
v,50.303955078125, 139.93359375, 5.290313243865967
v,50.552734375, 139.4677734375, 5.290283679962158
v,50.271728515625, 139.486328125, 5.290284633636475
v,50.271728515625, 139.4873046875, -1.4695661067962646
v,50.552734375, 139.4677734375, -1.469566822052002
v,50.577880859375, 142.7099609375, 5.290493488311768
v,50.552734375, 139.4677734375, 5.290283679962158
v,50.552734375, 139.4677734375, -1.469566822052002
v,50.577880859375, 142.7109375, -1.4693572521209717
v,45.260986328125, 140.2783203125, -1.4695050716400146
v,45.26123046875, 140.2783203125, 5.290345668792725
v,45.100830078125, 140.296875, 5.290347576141357
v,45.100830078125, 140.296875, -1.469503402709961
v,45.100830078125, 140.296875, 5.290347576141357
v,45.385009765625, 143.1650390625, 5.290533542633057
v,45.385009765625, 143.1650390625, -1.4693174362182617
v,45.100830078125, 140.296875, -1.469503402709961
v,45.385009765625, 143.1650390625, -1.4693174362182617
v,45.385009765625, 143.1650390625, 5.290533542633057
v,50.577880859375, 142.7099609375, 5.290493488311768
v,50.577880859375, 142.7109375, -1.4693572521209717
v,49.052734375, 140.0439453125, 4.907310962677002
v,50.303955078125, 139.93359375, 4.907303333282471
v,50.303955078125, 139.93359375, 5.290313243865967
v,49.052734375, 140.0439453125, 5.2903218269348145
v,48.06591796875, 140.1318359375, 4.907318592071533
v,48.14453125, 140.125, 4.907317638397217
v,48.14453125, 140.125, 5.290327548980713
v,48.06591796875, 140.1318359375, 5.290328502655029
v,50.48681640625, 139.5390625, 5.29028844833374
v,50.5107421875, 142.6494140625, 5.290489673614502
v,50.5107421875, 142.6494140625, 5.112861156463623
v,50.48681640625, 139.5390625, 5.112659931182861
v,50.3427734375, 139.548828125, 5.29028844833374
v,50.48681640625, 139.5390625, 5.29028844833374
v,50.48681640625, 139.5390625, 5.112659931182861
v,50.3427734375, 139.548828125, 5.112660884857178
v,50.375, 139.994140625, 5.290317058563232
v,50.3427734375, 139.548828125, 5.29028844833374
v,50.3427734375, 139.548828125, 5.112660884857178
v,50.375, 139.994140625, 5.11268949508667
v,48.151123046875, 140.1904296875, 5.2903313636779785
v,48.151123046875, 140.1904296875, 5.112703800201416
v,48.07275390625, 140.197265625, 5.112704753875732
v,48.07275390625, 140.197265625, 5.290332317352295
v,49.0595703125, 140.1103515625, 5.112698078155518
v,49.0595703125, 140.1103515625, 5.29032564163208
v,50.375, 139.994140625, 5.290317058563232
v,50.375, 139.994140625, 5.11268949508667
v,45.26806640625, 140.34375, 5.29034948348999
v,45.26806640625, 140.34375, 5.112721920013428
v,45.173828125, 140.35546875, 5.112722873687744
v,45.173828125, 140.35546875, 5.290351390838623
v,45.44482421875, 143.0927734375, 5.290527820587158
v,45.173828125, 140.35546875, 5.290351390838623
v,45.173828125, 140.35546875, 5.112722873687744
v,45.44482421875, 143.0927734375, 5.112900257110596
v,46.826171875, 142.9716796875, 5.112887859344482
v,48.12353515625, 142.8583984375, 5.112877368927002
v,50.5107421875, 142.6494140625, 5.112861156463623
v,50.5107421875, 142.6494140625, 5.290489673614502
v,45.44482421875, 143.0927734375, 5.290527820587158
v,45.44482421875, 143.0927734375, 5.112900257110596
v,46.75341796875, 142.384765625, 5.112849712371826
v,46.75341796875, 142.384765625, 5.591334819793701
v,46.685302734375, 141.7158203125, 5.5912909507751465
v,46.685302734375, 141.7158203125, 5.1128058433532715
v,46.685302734375, 141.7158203125, 5.1128058433532715
v,46.685302734375, 141.7158203125, 5.5912909507751465
v,46.76318359375, 141.7080078125, 5.59128999710083
v,46.76318359375, 141.7080078125, 5.1128058433532715
v,45.87548828125, 140.880859375, 5.1127543449401855
v,45.87548828125, 140.880859375, 5.5912394523620605
v,46.0830078125, 142.91015625, 5.591371059417725
v,46.0830078125, 142.91015625, 5.11288595199585
v,46.0830078125, 142.91015625, 5.11288595199585
v,46.0830078125, 142.91015625, 5.591371059417725
v,47.4970703125, 142.7666015625, 5.591357707977295
v,47.4970703125, 142.7666015625, 5.11287260055542
v,46.8193359375, 142.8359375, 5.112879276275635
v,47.4970703125, 142.7666015625, 5.11287260055542
v,47.4970703125, 142.7666015625, 5.591357707977295
v,47.450927734375, 142.3134765625, 5.591328144073486
v,47.450927734375, 142.3134765625, 5.112843036651611
v,47.450927734375, 142.3134765625, 5.112843036651611
v,47.450927734375, 142.3134765625, 5.591328144073486
v,46.75341796875, 142.384765625, 5.591334819793701
v,46.75341796875, 142.384765625, 5.112849712371826
v,49.331298828125, 140.529296875, 5.1127238273620605
v,49.331298828125, 140.529296875, 5.597870349884033
v,48.5732421875, 140.6064453125, 5.597876071929932
v,48.194580078125, 140.6455078125, 5.597878932952881
v,47.945556640625, 140.669921875, 5.59788179397583
v,47.945556640625, 140.669921875, 5.591220378875732
v,45.87548828125, 140.880859375, 5.5912394523620605
v,45.87548828125, 140.880859375, 5.1127543449401855
v,46.71728515625, 140.794921875, 5.112746715545654
v,47.862060546875, 140.6787109375, 5.112736225128174
v,47.601806640625, 141.673828125, 5.112800121307373
v,47.601806640625, 141.673828125, 5.597946643829346
v,47.644287109375, 142.08984375, 5.5979743003845215
v,47.644287109375, 142.08984375, 5.112827777862549
v,48.26611328125, 142.7080078125, 5.112867832183838
v,48.26611328125, 142.7080078125, 5.598013401031494
v,48.439208984375, 142.6904296875, 5.598012447357178
v,48.818359375, 142.6513671875, 5.598008632659912
v,49.540771484375, 142.5771484375, 5.59800386428833
v,49.540771484375, 142.5771484375, 5.112857341766357
v,49.540771484375, 142.5771484375, 5.112857341766357
v,49.540771484375, 142.5771484375, 5.59800386428833
v,49.331298828125, 140.529296875, 5.597870349884033
v,49.331298828125, 140.529296875, 5.1127238273620605
v,47.95703125, 140.7822265625, 5.591228008270264
v,47.945556640625, 140.669921875, 5.591220378875732
v,47.945556640625, 140.669921875, 5.59788179397583
v,47.95703125, 140.7822265625, 5.597888469696045
v,47.596923828125, 141.5751953125, 5.59127950668335
v,47.965087890625, 141.5380859375, 5.5912766456604
v,47.965087890625, 141.5380859375, 5.597938060760498
v,47.596923828125, 141.5751953125, 5.597940921783447
v,48.197021484375, 142.033203125, 5.957665920257568
v,48.197021484375, 142.033203125, 5.597968578338623
v,48.26611328125, 142.7080078125, 5.598013401031494
v,48.26611328125, 142.7080078125, 5.112867832183838
v,48.273193359375, 142.7763671875, 5.1128716468811035
v,48.273193359375, 142.7763671875, 5.957714557647705
v,48.197021484375, 142.033203125, 5.957665920257568
v,47.432861328125, 142.111328125, 5.957672595977783
v,47.432861328125, 142.111328125, 5.112830638885498
v,47.644287109375, 142.08984375, 5.112827777862549
v,47.644287109375, 142.08984375, 5.5979743003845215
v,48.197021484375, 142.033203125, 5.597968578338623
v,47.509033203125, 142.8544921875, 5.112878322601318
v,47.432861328125, 142.111328125, 5.112830638885498
v,47.432861328125, 142.111328125, 5.957672595977783
v,47.509033203125, 142.8544921875, 5.95772123336792
v,47.509033203125, 142.8544921875, 5.112878322601318
v,47.509033203125, 142.8544921875, 5.95772123336792
v,48.273193359375, 142.7763671875, 5.957714557647705
v,48.273193359375, 142.7763671875, 5.1128716468811035
v,48.11572265625, 142.79296875, 5.112873554229736
v,49.235595703125, 141.880859375, 6.115299701690674
v,49.235595703125, 141.880859375, 5.597958087921143
v,48.733154296875, 141.9404296875, 5.597961902618408
v,48.733154296875, 141.9404296875, 6.1153035163879395
v,49.235595703125, 141.880859375, 5.597958087921143
v,49.235595703125, 141.880859375, 6.115299701690674
v,49.09765625, 140.7314453125, 6.115225315093994
v,49.09765625, 140.7314453125, 5.597883701324463
v,48.595458984375, 140.7919921875, 6.11522912979126
v,48.595458984375, 140.7919921875, 5.597888469696045
v,49.09765625, 140.7314453125, 5.597883701324463
v,49.09765625, 140.7314453125, 6.115225315093994
v,48.733154296875, 141.9404296875, 6.1153035163879395
v,48.733154296875, 141.9404296875, 5.597961902618408
v,48.595458984375, 140.7919921875, 5.597888469696045
v,48.595458984375, 140.7919921875, 6.11522912979126
v,48.526123046875, 141.8359375, 6.1041951179504395
v,48.526123046875, 141.8359375, 5.59795618057251
v,48.339599609375, 141.857421875, 5.597958087921143
v,48.339599609375, 141.857421875, 6.104197025299072
v,48.526123046875, 141.8359375, 5.59795618057251
v,48.526123046875, 141.8359375, 6.1041951179504395
v,48.394775390625, 140.740234375, 6.104124546051025
v,48.394775390625, 140.740234375, 5.597884654998779
v,48.208740234375, 140.7626953125, 6.104126453399658
v,48.208740234375, 140.7626953125, 5.597886562347412
v,48.394775390625, 140.740234375, 5.597884654998779
v,48.394775390625, 140.740234375, 6.104124546051025
v,48.339599609375, 141.857421875, 6.104197025299072
v,48.339599609375, 141.857421875, 5.597958087921143
v,48.208740234375, 140.7626953125, 5.597886562347412
v,48.208740234375, 140.7626953125, 6.104126453399658
v,48.193359375, 141.865234375, 6.103087902069092
v,48.061767578125, 140.76953125, 6.103017330169678
v,48.061767578125, 140.76953125, 5.5978875160217285
v,48.193359375, 141.865234375, 5.597959041595459
v,47.875732421875, 140.7919921875, 5.59122896194458
v,47.95703125, 140.7822265625, 5.591228008270264
v,47.95703125, 140.7822265625, 5.597888469696045
v,48.061767578125, 140.76953125, 5.5978875160217285
v,48.061767578125, 140.76953125, 6.103017330169678
v,47.875732421875, 140.7919921875, 6.1030192375183105
v,47.875732421875, 140.7919921875, 6.1030192375183105
v,48.007080078125, 141.88671875, 6.103088855743408
v,48.007080078125, 141.88671875, 5.597960948944092
v,47.965087890625, 141.5380859375, 5.597938060760498
v,47.965087890625, 141.5380859375, 5.5912766456604
v,47.875732421875, 140.7919921875, 5.59122896194458
v,47.612548828125, 141.888671875, 5.1128153800964355
v,46.774169921875, 141.9306640625, 5.112820148468018
v,46.774169921875, 141.9306640625, 6.154162883758545
v,47.612548828125, 141.888671875, 6.154158115386963
v,47.596923828125, 141.5751953125, 5.597940921783447
v,47.601806640625, 141.673828125, 5.597946643829346
v,47.601806640625, 141.673828125, 5.112800121307373
v,47.612548828125, 141.888671875, 5.1128153800964355
v,47.612548828125, 141.888671875, 6.154158115386963
v,47.58837890625, 141.40234375, 6.1541266441345215
v,47.58837890625, 141.40234375, 5.591268062591553
v,47.596923828125, 141.5751953125, 5.59127950668335
v,46.749755859375, 141.443359375, 5.591273784637451
v,47.58837890625, 141.40234375, 5.591268062591553
v,47.58837890625, 141.40234375, 6.1541266441345215
v,46.749755859375, 141.443359375, 6.1541314125061035
v,46.749755859375, 141.443359375, 6.1541314125061035
v,46.774169921875, 141.9306640625, 6.154162883758545
v,46.774169921875, 141.9306640625, 5.112820148468018
v,46.76318359375, 141.7080078125, 5.1128058433532715
v,46.76318359375, 141.7080078125, 5.59128999710083
v,46.749755859375, 141.443359375, 5.591273784637451
v,48.083251953125, 140.2998046875, 6.3938517570495605
v,47.991455078125, 139.3974609375, 6.393795490264893
v,47.991455078125, 139.3984375, -1.4695689678192139
v,48.020751953125, 139.6865234375, -1.4695508480072021
v,48.020751953125, 139.6865234375, 4.907289981842041
v,48.06591796875, 140.1318359375, 4.907318592071533
v,48.06591796875, 140.1318359375, 5.290328502655029
v,48.07275390625, 140.197265625, 5.290332317352295
v,48.07275390625, 140.197265625, 5.112704753875732
v,48.083251953125, 140.2998046875, 5.112711429595947
v,47.991455078125, 139.3974609375, 6.393795490264893
v,45.200439453125, 139.6767578125, 6.393820285797119
v,45.200439453125, 139.677734375, -1.469543218612671
v,47.991455078125, 139.3984375, -1.4695689678192139
v,45.200439453125, 139.6767578125, 6.393820285797119
v,45.291748046875, 140.580078125, 6.39387845993042
v,45.291748046875, 140.580078125, 5.11273717880249
v,45.26806640625, 140.34375, 5.112721920013428
v,45.26806640625, 140.34375, 5.29034948348999
v,45.26123046875, 140.2783203125, 5.290345668792725
v,45.260986328125, 140.2783203125, -1.4695050716400146
v,45.200439453125, 139.677734375, -1.469543218612671
v,45.291748046875, 140.580078125, 5.11273717880249
v,45.291748046875, 140.580078125, 6.39387845993042
v,48.083251953125, 140.2998046875, 6.3938517570495605
v,48.083251953125, 140.2998046875, 5.112711429595947
v,47.819580078125, 140.3271484375, 5.11271333694458
v,46.699462890625, 140.4384765625, 5.1127238273620605
i,1,3,0
i,11,12,9
i,17,19,20
i,22,23,24
i,27,29,26
i,42,30,31
i,52,53,56
i,64,67,70
i,73,75,76
i,77,79,80
i,81,89,96
i,97,104,106
i,122,123,117
i,127,128,131
i,139,140,136
i,144,146,147
i,149,151,148
i,152,154,155
i,157,159,156
i,161,163,160
i,165,167,164
i,169,171,168
i,173,175,172
i,176,177,182
i,187,189,190
i,194,195,199
i,200,202,203
i,205,207,208
i,210,212,213
i,215,217,214
i,219,221,218
i,222,224,225
i,227,229,226
i,230,232,233
i,234,236,237
i,238,240,241
i,243,245,242
i,247,249,246
i,250,252,253
i,254,256,257
i,258,260,261
i,263,265,262
i,270,271,266
i,272,274,275
i,276,278,279
i,281,283,280
i,286,287,288
i,289,291,292
i,294,296,293
i,300,302,306
i,308,310,307
i,314,315,316
i,317,319,320
i,321,323,324
i,325,327,328
i,331,333,334
i,337,338,339
i,341,343,344
i,347,348,349
i,350,352,353
i,354,356,357
i,359,361,358
i,363,365,362
i,366,368,369
i,370,372,373
i,375,377,374
i,379,381,378
i,383,385,382
i,388,390,391
i,395,396,397
i,399,401,398
i,407,402,403
i,410,412,413
i,416,417,418
i,426,427,420
i,431,433,430
i,439,441,434
i,447,444,446
i,1,2,3
i,16,4,5
i,6,7,8
i,15,16,5
i,6,8,15
i,8,9,15
i,15,5,6
i,13,14,12
i,14,15,9
i,12,14,9
i,10,11,9
i,17,18,19
i,25,21,24
i,21,22,24
i,27,28,29
i,31,32,42
i,32,33,42
i,33,34,35
i,36,37,41
i,37,38,39
i,39,40,41
i,37,39,41
i,33,35,36
i,42,43,30
i,43,44,45
i,36,41,42
i,46,47,45
i,47,30,45
i,43,45,30
i,33,36,42
i,49,50,52
i,50,51,52
i,48,49,56
i,49,52,56
i,53,54,55
i,60,61,57
i,61,62,57
i,58,59,57
i,59,60,57
i,53,55,56
i,56,57,48
i,57,62,48
i,72,63,71
i,63,64,71
i,64,65,67
i,65,66,67
i,67,68,70
i,68,69,70
i,70,71,64
i,73,74,75
i,77,78,79
i,83,84,86
i,84,85,86
i,92,93,94
i,83,86,87
i,91,92,94
i,90,91,94
i,82,83,87
i,82,87,81
i,87,88,81
i,90,94,95
i,89,90,95
i,89,95,96
i,81,88,89
i,97,98,100
i,98,99,100
i,100,101,103
i,101,102,103
i,108,109,107
i,109,110,107
i,104,105,106
i,100,103,104
i,107,110,106
i,110,97,106
i,97,100,104
i,125,111,124
i,111,112,124
i,113,114,123
i,114,115,117
i,117,115,116
i,123,124,113
i,124,112,113
i,123,114,117
i,120,121,119
i,121,122,119
i,117,118,122
i,118,119,122
i,133,126,127
i,128,129,130
i,132,133,127
i,128,130,131
i,132,127,131
i,143,134,141
i,134,135,141
i,136,137,138
i,142,143,141
i,136,138,139
i,135,136,140
i,141,135,140
i,144,145,146
i,149,150,151
i,152,153,154
i,157,158,159
i,161,162,163
i,165,166,167
i,169,170,171
i,173,174,175
i,178,179,180
i,180,181,182
i,183,184,185
i,183,185,176
i,177,178,180
i,182,183,176
i,177,180,182
i,191,186,187
i,187,188,189
i,190,191,187
i,199,192,193
i,195,196,198
i,196,197,198
i,199,193,194
i,195,198,199
i,200,201,202
i,209,204,205
i,205,206,207
i,208,209,205
i,210,211,212
i,215,216,217
i,219,220,221
i,222,223,224
i,227,228,229
i,230,231,232
i,234,235,236
i,238,239,240
i,243,244,245
i,247,248,249
i,250,251,252
i,254,255,256
i,258,259,260
i,263,264,265
i,266,267,270
i,267,268,269
i,269,270,267
i,272,273,274
i,276,277,278
i,281,282,283
i,288,284,285
i,285,286,288
i,289,290,291
i,294,295,296
i,306,297,299
i,297,298,299
i,299,300,306
i,300,301,302
i,304,305,303
i,305,306,302
i,302,303,305
i,308,309,310
i,316,311,314
i,311,312,313
i,314,311,313
i,317,318,319
i,321,322,323
i,325,326,327
i,334,329,331
i,329,330,331
i,331,332,333
i,340,335,339
i,335,336,339
i,336,337,339
i,341,342,343
i,349,345,346
i,346,347,349
i,350,351,352
i,354,355,356
i,359,360,361
i,363,364,365
i,366,367,368
i,370,371,372
i,375,376,377
i,379,380,381
i,383,384,385
i,391,386,388
i,386,387,388
i,388,389,390
i,397,392,395
i,392,393,395
i,393,394,395
i,399,400,401
i,403,404,405
i,406,407,403
i,407,408,402
i,408,409,402
i,403,405,406
i,410,411,412
i,419,414,418
i,414,415,418
i,415,416,418
i,421,422,424
i,422,423,424
i,424,425,426
i,428,429,427
i,429,420,427
i,420,421,426
i,421,424,426
i,431,432,433
i,434,435,439
i,435,436,438
i,436,437,438
i,439,440,441
i,435,438,439
i,447,442,443
i,443,444,447
i,444,445,446
n,0.5207899808883667, 4.473586082458496, 0.0
n,-1.3056813259026967e-05, 0.00028733350336551666, -4.50379753112793
n,2.0238048819010146e-06, -0.0002886993461288512, 4.50379753112793
n,1.4696665857627522e-05, -0.00019525570678524673, 4.50379753112793
n,9.66086645348696e-06, -0.00028615593328140676, 4.50379753112793
n,5.161373792361701e-06, -0.00028641463723033667, 4.50379753112793
n,1.2502818208304234e-05, -0.0002979653945658356, 4.50379753112793
n,2.1025487512815744e-05, -0.0002942945284303278, 4.50379753112793
n,1.0601002031762619e-05, -0.0002894642238970846, 4.50379753112793
n,2.281507659063209e-05, -0.0002916844096034765, 4.50379753112793
n,3.201496656402014e-05, -0.0002920524275396019, 4.50379753112793
n,1.2119940038246568e-05, -0.000290349533315748, 4.50379753112793
n,9.266601409763098e-06, -0.00027225908706896007, 4.50379753112793
n,-8.004670235095546e-06, -0.0002911489282269031, 4.50379753112793
n,2.6560662718111416e-06, -0.00030860744300298393, 4.50379753112793
n,9.915805094351526e-06, -0.00029388992697931826, 4.50379753112793
n,3.125738203380024e-06, -0.0002924840082414448, 4.50379753112793
n,6.805045359215001e-06, -0.0002933358191512525, 4.50379753112793
n,7.212510354293045e-06, -0.00028990372084081173, 4.50379753112793
n,1.3187544027459808e-05, -0.00029022086528129876, 4.50379753112793
n,1.2132166375522502e-05, -0.00028852757532149553, 4.50379753112793
n,-0.37593260407447815, -4.4880805015563965, -0.0006104304920881987
n,-0.3766448497772217, -4.488020896911621, 0.0
n,4.481637001037598, -0.4462234675884247, -0.0023563476279377937
n,-0.5952386856079102, -4.464289665222168, 0.0
n,-4.481380462646484, 0.4487835466861725, 0.003582204692065716
n,0.44559919834136963, 4.4816999435424805, 0.0
n,-4.496255397796631, 0.2605348825454712, 3.342796117067337e-05
n,-0.3048766851425171, -4.493466377258301, 0.0
n,4.503662109375, -0.03494013100862503, -4.482998065213906e-06
n,-0.5325490236282349, -4.472201347351074, 1.7082194972317666e-05
n,-4.481860160827637, 0.4439834654331207, 0.0
n,0.39190831780433655, 4.486713886260986, -1.2570964827318676e-05
n,-0.3949936330318451, -4.486443042755127, 0.0
n,-0.3965792953968048, -4.486303806304932, 0.0
n,-4.503662586212158, 0.03485126793384552, 0.0
n,0.29779136180877686, 4.493941783905029, 0.0
n,4.492016792297363, -0.325540155172348, 0.0
n,0.3965792655944824, 4.486303329467773, 0.0
n,0.39635229110717773, 4.486323356628418, 0.0
n,0.5345789790153503, 4.471959114074707, 0.0
n,4.481879711151123, -0.44378557801246643, 0.0
n,-0.3943556249141693, -4.486499309539795, 0.0
n,4.480486869812012, -0.4576372504234314, 0.0
n,0.4493805468082428, 4.481322288513184, 0.0
n,-4.48043966293335, 0.4580962657928467, 0.0
n,0.45878973603248596, 4.480368614196777, 0.0
n,4.480544567108154, -0.4570670425891876, 0.0
n,-0.4569719433784485, -4.480554580688477, 0.0
n,-0.45233073830604553, -4.481024742126465, -0.002308258321136236
n,-4.480512619018555, 0.4573856294155121, 0.0
n,0.45733293890953064, 4.480517864227295, 0.0
n,4.48043966293335, -0.4580974876880646, 0.0
n,-4.480226516723633, 0.46017828583717346, 0.0
n,-0.4538923501968384, -4.480867862701416, 0.0
n,4.479437828063965, -0.4677893817424774, 0.0
n,-0.45951732993125916, -4.4802937507629395, 0.0
n,-4.48031759262085, 0.4592849314212799, 0.0
n,0.4682716429233551, 4.4793877601623535, 0.0
n,0.5327240824699402, 4.472180366516113, 0.0
n,4.471716403961182, -0.536605954170227, 0.0
n,-0.5329509377479553, -4.472153186798096, 0.0
n,-4.471815586090088, 0.5357741117477417, 0.0
n,0.5201925039291382, 4.4736552238464355, 0.0
n,4.471741676330566, -0.5363965630531311, 0.0
n,-0.5419480800628662, -4.471071720123291, 0.0
n,-4.471900463104248, 0.5350689888000488, 0.0
n,4.4716362953186035, -0.537269115447998, 0.0
n,-0.5419477820396423, -4.4710693359375, 0.004885342437773943
n,-4.471685409545898, 0.5368622541427612, 0.0
n,0.2233424186706543, 4.498256206512451, 0.0
n,4.498471736907959, -0.21895228326320648, 0.0018623487558215857
n,-0.2187005579471588, -4.4984846115112305, 0.0
n,-4.498222351074219, 0.22403255105018616, 0.0
n,4.480562210083008, -0.4568994343280792, 0.00011584111780393869
n,-0.44842031598091125, -4.481418609619141, -0.0004942973027937114
n,-4.4808244705200195, 0.45431697368621826, 5.011084795114584e-05
n,0.4476292133331299, 4.481496810913086, 0.002003247616812587
n,0.5207899808883667, 4.473586082458496, 0.0
n,1.1255891877226532e-05, 0.0003658164932858199, -4.50379753112793
n,0.0, 0.0, -4.50379753112793
n,3.4043550840578973e-06, 0.00029111141338944435, -4.50379753112793
n,0.0, 0.00029039185028523207, -4.50379753112793
n,-6.438605396397179e-06, 0.000293657009024173, -4.50379753112793
n,-2.5457072752033127e-06, 0.0002916775119956583, -4.50379753112793
n,-1.2689656614384148e-05, 0.00029327571974135935, -4.50379753112793
n,-8.70674011821393e-06, 0.0002955748641397804, -4.50379753112793
n,-1.179137052531587e-05, 0.0002932371571660042, -4.50379753112793
n,-1.3053181646682788e-05, 0.00028615270275622606, -4.50379753112793
n,3.218815209038439e-06, -0.0002860324166249484, 4.50379753112793
n,2.2635937057202682e-05, -0.00029371093842200935, 4.50379753112793
n,2.211046012234874e-05, -0.00029375325539149344, 4.50379753112793
n,4.5661413423658814e-06, -0.0002924012951552868, 4.50379753112793
n,3.991491212218534e-06, -0.0002854683843906969, 4.50379753112793
n,3.789187758229673e-06, -0.0002853369223885238, 4.50379753112793
n,7.182160516094882e-06, -0.0002914546348620206, 4.50379753112793
n,3.2853265565790934e-06, -0.00030922694713808596, 4.50379753112793
n,1.7927608496393077e-05, -0.0002914808865170926, 4.50379753112793
n,7.42236716178013e-06, -0.00027914473321288824, 4.50379753112793
n,5.317288582773472e-07, -0.0003231139271520078, 4.50379753112793
n,5.171506927581504e-06, -0.0002919477119576186, 4.50379753112793
n,6.444489372370299e-06, -0.0002928230678662658, 4.50379753112793
n,-8.808194138509862e-07, -0.0002923880238085985, 4.50379753112793
n,2.0482657419051975e-06, -0.00029255644767545164, 4.50379753112793
n,2.204222255386412e-05, -0.0003004273457918316, 4.50379753112793
n,2.8967549951630645e-05, -0.00029611276113428175, 4.50379753112793
n,3.0425637305597775e-05, -0.00027411995688453317, 4.50379753112793
n,5.270463816486881e-07, -0.00029171028290875256, 4.50379753112793
n,-1.941607661137823e-05, -0.000294655590550974, 4.50379753112793
n,-2.91428677883232e-05, -0.00029061915120109916, 4.50379753112793
n,1.4751269191037863e-05, -0.00028446217766031623, 4.50379753112793
n,1.1210037882847246e-05, -0.0002932674833573401, 4.50379753112793
n,0.0001601439726073295, -0.00030956402770243585, 4.50379753112793
n,1.2996863915759604e-05, -0.0002825841074809432, 4.50379753112793
n,1.3633478374686092e-05, -0.0003066845238208771, 4.50379753112793
n,8.256764886027668e-06, -0.0002903356507886201, 4.50379753112793
n,8.391585652134381e-06, -0.00030943972524255514, 4.50379753112793
n,2.4569675588281825e-05, -0.00028823441243730485, 4.50379753112793
n,-0.0007227289606817067, -0.00021878528059460223, 4.50379753112793
n,-0.000290893716737628, -0.00026522664120420814, 4.50379753112793
n,1.2820303709304426e-05, -0.0002825753472279757, 4.50379753112793
n,1.463308490201598e-05, -0.0003047625068575144, 4.50379753112793
n,9.319842320110183e-06, -0.00029358136816881597, 4.50379753112793
n,5.583340680459514e-06, -0.00029161933343857527, 4.50379753112793
n,1.4978682884247974e-05, -0.0002825625124387443, 4.50379753112793
n,1.1256018296990078e-05, -0.0002894969074986875, 4.50379753112793
n,1.7419435607735068e-05, -0.00029499700758606195, 4.50379753112793
n,1.1512854143802542e-05, -0.0002938761608675122, 4.50379753112793
n,2.281507659063209e-05, -0.0002916844096034765, 4.50379753112793
n,3.4894412237918004e-05, -0.00030632971902377903, 4.50379753112793
n,4.5739696361124516e-05, -0.00029402211657725275, 4.50379753112793
n,5.298764790495625e-06, -0.0002861333196051419, 4.50379753112793
n,2.4840313926688395e-05, -0.0002937245590146631, 4.50379753112793
n,1.1262088719377061e-06, -0.00031547926482744515, 4.50379753112793
n,-2.1134421331225894e-05, -0.0002894025237765163, 4.50379753112793
n,2.8671689506154507e-05, -0.0002941958955489099, 4.50379753112793
n,7.223576631076867e-06, -0.0003119616594631225, 4.50379753112793
n,6.521758677990874e-06, -0.00032138050301000476, 4.50379753112793
n,3.462656604824588e-05, -0.0002837824576999992, 4.50379753112793
n,-1.505543423263589e-05, -0.00022720018750987947, 4.50379753112793
n,6.688735993520822e-06, -0.00031560269417241216, 4.50379753112793
n,-2.1355901481001638e-05, -0.0002905159490182996, 4.50379753112793
n,1.1282341802143492e-05, -0.0003054905391763896, 4.50379753112793
n,7.5381472015578765e-06, -0.0003076281864196062, 4.50379753112793
n,4.294149675843073e-06, -0.00029202678706496954, 4.50379753112793
n,2.1132991605554707e-06, -0.00028599126380868256, 4.50379753112793
n,8.131549293466378e-06, -0.0002957306569442153, 4.50379753112793
n,9.987469638872426e-06, -0.00029934654594399035, 4.50379753112793
n,2.0078374291188084e-05, -0.0002884672721847892, 4.50379753112793
n,1.3306193068274297e-05, -0.00028778036357834935, 4.50379753112793
n,1.5353052731370553e-05, -0.0002925023145508021, 4.50379753112793
n,1.468711798224831e-05, -0.000292838056338951, 4.50379753112793
n,1.196287394122919e-05, -0.0002901052066590637, 4.50379753112793
n,4.7436169552383944e-06, -0.0002732462889980525, 4.50379753112793
n,1.6916421373025514e-05, -0.0002874302736017853, 4.50379753112793
n,1.0383975677541457e-05, -0.00029399374034255743, 4.50379753112793
n,-1.2426720786606893e-05, -0.00029173059738241136, 4.50379753112793
n,1.3873819625587203e-05, -0.00030143262119963765, 4.50379753112793
n,1.2073619473085273e-05, -0.0002939701662398875, 4.50379753112793
n,1.2142495506850537e-05, -0.00029251084197312593, 4.50379753112793
n,1.154050278273644e-05, -0.00027230888372287154, 4.50379753112793
n,1.377728858642513e-05, -0.0002731278946157545, 4.50379753112793
n,5.248943125479855e-06, -0.0002960341807920486, 4.50379753112793
n,1.3130123988958076e-05, -0.00027726564439944923, 4.50379753112793
n,3.9790697883290704e-06, -0.0002936221717391163, 4.50379753112793
n,2.742130391197861e-06, -0.0002956930547952652, 4.50379753112793
n,8.713699571671896e-06, -0.0003093363484367728, 4.50379753112793
n,1.4354466202348704e-06, -0.0002964008308481425, 4.50379753112793
n,1.6808303371362854e-06, -0.00028000440215691924, 4.50379753112793
n,-1.019957289827289e-05, -0.0002913041680585593, 4.50379753112793
n,1.392241392750293e-05, -0.00029488015570677817, 4.50379753112793
n,9.213493285642471e-06, -0.00027262314688414335, 4.50379753112793
n,5.647438229061663e-06, -0.0002917347592301667, 4.50379753112793
n,9.717816283227876e-06, -0.00029652987723238766, 4.50379753112793
n,9.414242413186003e-06, -0.00029963647830300033, 4.50379753112793
n,-1.4896347693138523e-06, -0.0002923408173955977, 4.50379753112793
n,1.8532304238760844e-05, -0.00029101045220158994, 4.50379753112793
n,9.91272918327013e-06, -0.00029389248811639845, 4.50379753112793
n,3.124338718407671e-06, -0.0002924844156950712, 4.50379753112793
n,5.445249371405225e-06, -0.0002934028161689639, 4.50379753112793
n,5.8613727560441475e-06, -0.0002899697865359485, 4.50379753112793
n,1.2862460607721005e-05, -0.00029072194593027234, 4.50379753112793
n,1.3786296221951488e-05, -0.00028474998543970287, 4.50379753112793
n,-0.3789922893047333, -4.487823486328125, 0.0
n,-0.3766448497772217, -4.488020896911621, 0.0
n,4.50379753112793, 0.0, 0.0
n,4.4817070960998535, -0.44552406668663025, 0.0
n,4.4816508293151855, -0.4460902512073517, 0.0
n,4.4816508293151855, -0.4460902512073517, 0.0
n,0.0, 0.0, 4.50379753112793
n,4.481155872344971, -0.4510256350040436, 0.0035341361071914434
n,4.4817070960998535, -0.44552409648895264, 0.0
n,-0.4400283992290497, -4.482250213623047, 0.0
n,-0.5952386260032654, -4.464289665222168, 0.0
n,-0.4411470890045166, -4.482140064239502, -0.0019759174901992083
n,-4.481490135192871, 0.44769906997680664, 0.0
n,-4.481445789337158, 0.4481445550918579, 0.0
n,-4.481446266174316, 0.4481446146965027, 0.0
n,-4.481490135192871, 0.44769909977912903, 0.0
n,-4.480556488037109, 0.45689934492111206, -0.006966790650039911
n,0.44559919834136963, 4.4816999435424805, 0.0
n,-4.491986274719238, 0.3259592652320862, 0.0
n,-4.495026588439941, 0.28093916177749634, 0.0
n,-4.492107391357422, 0.32428470253944397, 0.001917169545777142
n,-0.2910779118537903, -4.494381904602051, -0.000576652237214148
n,4.503662109375, -0.03493078425526619, 0.0
n,-0.5318393707275391, -4.472285747528076, 0.0
n,-4.4818267822265625, 0.4443190395832062, 0.0001437603496015072
n,0.39266830682754517, 4.486647605895996, 0.0005756599130108953
n,-0.3949936032295227, -4.486443042755127, 0.0
n,-0.3965792953968048, -4.486303806304932, 0.0
n,-4.503662586212158, 0.03485126420855522, 0.0
n,0.29779133200645447, 4.493941783905029, 0.0
n,4.492016792297363, -0.325540155172348, 0.0
n,0.3965792655944824, 4.486303329467773, 0.0
n,0.39635229110717773, 4.486323356628418, 0.0
n,0.5345790386199951, 4.471959114074707, 0.0
n,4.481879711151123, -0.4437856078147888, 0.0
n,-0.38995644450187683, -4.486752033233643, 0.03438305854797363
n,-0.3928350508213043, -4.486632347106934, 0.0
n,-0.39251548051834106, -4.486658573150635, -0.004326316993683577
n,4.480486869812012, -0.457637220621109, 0.0
n,0.44938045740127563, 4.481322288513184, 0.0
n,-4.48043966293335, 0.4580962061882019, 0.0
n,0.453892320394516, 4.480867385864258, 0.0
n,0.45623937249183655, 4.480627536773682, 0.0036492624785751104
n,4.480544567108154, -0.4570670425891876, 0.0
n,-0.4569719731807709, -4.480554580688477, 0.0
n,-0.45757099986076355, -4.48049259185791, -0.002061617560684681
n,-0.4562651515007019, -4.480626583099365, 0.0
n,-0.4618608355522156, -4.480051040649414, 0.004293616395443678
n,-0.4523918330669403, -4.481019020080566, 0.0
n,-0.45705723762512207, -4.480546474456787, 0.0
n,-0.45495113730430603, -4.480759620666504, -0.0018462662119418383
n,-0.4562300741672516, -4.480629920959473, 0.001470191520638764
n,-4.480512619018555, 0.4573856294155121, 0.0
n,0.45735105872154236, 4.480515480041504, 2.7254445740254596e-05
n,0.4492565989494324, 4.481334686279297, 0.0
n,0.4610770046710968, 4.480132102966309, -0.004258850589394569
n,4.48043966293335, -0.4580974876880646, 0.0
n,-4.480226516723633, 0.46017828583717346, 0.0
n,-0.4538923501968384, -4.480867385864258, 0.0
n,4.480185031890869, -0.46057963371276855, -0.001388226868584752
n,4.480260848999023, -0.459846556186676, 0.0
n,4.479438304901123, -0.4677894115447998, 0.0
n,-0.457019567489624, -4.4805498123168945, 0.0
n,-0.4577106535434723, -4.480478763580322, 0.0010730033973231912
n,-0.45951735973358154, -4.480294227600098, 0.0
n,-4.480318069458008, 0.4592849016189575, 0.0
n,0.4548035264015198, 4.480775356292725, 0.0
n,0.45758217573165894, 4.480492115020752, 0.0020160465501248837
n,0.5327240824699402, 4.472180366516113, 0.0
n,4.471716403961182, -0.536605954170227, 0.0
n,-0.5329509377479553, -4.472153663635254, 0.0
n,-4.471816062927246, 0.5357741713523865, 0.0
n,0.5201925039291382, 4.4736552238464355, 0.0
n,4.471741676330566, -0.5363965630531311, 0.0
n,-0.5419480800628662, -4.471071720123291, 0.0
n,-4.471900463104248, 0.5350688695907593, 0.0
n,4.471636772155762, -0.537269115447998, 0.0
n,-0.5718207955360413, -4.467349529266357, 0.0
n,-0.5718207955360413, -4.467349529266357, 0.0
n,-0.5187047719955444, -4.473828315734863, 0.0
n,-4.471685409545898, 0.5368622541427612, 0.0
n,-4.471691131591797, 0.5368155241012573, -6.996629963396117e-05
n,-4.47170352935791, 0.5367156267166138, 0.0
n,0.2233424186706543, 4.498256206512451, 0.0
n,4.4980878829956055, -0.22671811282634735, 0.0
n,4.49819803237915, -0.22450894117355347, -0.0008564827730879188
n,4.498178005218506, -0.22490891814231873, 0.0
n,4.498178482055664, -0.22490891814231873, 0.0
n,4.4980878829956055, -0.22671815752983093, 0.0
n,-0.2187005579471588, -4.4984846115112305, 0.0
n,-4.4982147216796875, 0.22417575120925903, 0.0
n,-4.498218059539795, 0.22411051392555237, -3.083374031120911e-05
n,-4.498222351074219, 0.22403253614902496, 0.0
n,4.48081636428833, -0.45439475774765015, -5.011942994315177e-05
n,4.4807047843933105, -0.45549333095550537, 0.0
n,4.480617046356201, -0.4563591480255127, 0.0
n,4.480688095092773, -0.45566317439079285, 0.0
n,4.480688095092773, -0.45566317439079285, 0.0
n,4.480693340301514, -0.45560893416404724, -8.296246960526332e-05
n,4.480649471282959, -0.4560410678386688, -0.00037328043254092336
n,-0.44842031598091125, -4.481418609619141, -0.0004942973027937114
n,-4.480953216552734, 0.45304548740386963, -0.0006495675770565867
n,-4.4813642501831055, 0.44896021485328674, 0.0
n,-4.481364727020264, 0.4489602744579315, 0.0
n,-4.480930328369141, 0.45327332615852356, 0.00014373160956893116
n,-4.480562210083008, 0.45689958333969116, -0.0017144472803920507
n,0.44998955726623535, 4.481261253356934, 0.0
n,0.44972991943359375, 4.481287479400635, -0.00028820388251915574
n,0.45727160573005676, 4.480524063110352, 0.0
u,0.9588704109191895, 0.49951300024986267, 0
u,0.92934250831604, 0.4832606017589569, 0
u,0.9588704109191895, 0.4832606017589569, 0
u,0.0, 0.0, 0
u,0.0, 0.0, 0
u,0.0, 0.0, 0
u,0.6806465983390808, 0.07986930012702942, 0
u,0.7528002858161926, 0.04268629848957062, 0
u,0.7524275183677673, 0.07978799939155579, 0
u,0.6236538290977478, 0.04203350096940994, 0
u,0.6799665093421936, 0.0423181988298893, 0
u,0.6282212734222412, 0.043154798448085785, 0
u,0.6803430914878845, 0.04231199994683266, 0
u,0.628650426864624, 0.094411700963974, 0
u,0.6282212734222412, 0.043154798448085785, 0
u,0.6940817832946777, 0.12286180257797241, 0
u,0.628650426864624, 0.094411700963974, 0
u,0.6807572245597839, 0.09355209767818451, 0
u,0.5415076017379761, 0.22234340012073517, 0
u,0.5894508957862854, 0.22502629458904266, 0
u,0.5781139135360718, 0.24249699711799622, 0
u,0.4600329101085663, 0.3106553852558136, 0
u,0.4638252854347229, 0.09733810275793076, 0
u,0.4955632984638214, 0.12707340717315674, 0
u,0.5446838736534119, 0.09582269936800003, 0
u,0.6096792221069336, 0.12465240061283112, 0
u,0.5439251065254211, 0.12604740262031555, 0
u,0.6285290718078613, 0.07992830127477646, 0
u,0.6240702271461487, 0.08557979762554169, 0
u,0.6240162253379822, 0.07993350178003311, 0
u,0.7542055249214172, 0.31630179286003113, 0
u,0.7647997736930847, 0.04778990149497986, 0
u,0.7689146995544434, 0.04227440059185028, 0
u,0.4955632984638214, 0.12707340717315674, 0
u,0.5425450205802917, 0.18101979792118073, 0
u,0.5375103950500488, 0.20361720025539398, 0
u,0.6119223833084106, 0.22782419621944427, 0
u,0.6226295828819275, 0.22733069956302643, 0
u,0.6220136284828186, 0.24154840409755707, 0
u,0.681908905506134, 0.23633860051631927, 0
u,0.6797708868980408, 0.13827170431613922, 0
u,0.6940817832946777, 0.12286180257797241, 0
u,0.65053790807724, 0.123785600066185, 0
u,0.6508805155754089, 0.13963410258293152, 0
u,0.6397078037261963, 0.13382859528064728, 0
u,0.6220136284828186, 0.24154840409755707, 0
u,0.578746497631073, 0.3057630956172943, 0
u,0.5781139135360718, 0.24249699711799622, 0
u,0.6797708868980408, 0.13827170431613922, 0
u,0.6530001759529114, 0.23769749701023102, 0
u,0.6508805155754089, 0.13963410258293152, 0
u,0.6310045123100281, 0.22778740525245667, 0
u,0.6397078037261963, 0.13382859528064728, 0
u,0.6417394876480103, 0.2272839993238449, 0
u,0.6119223833084106, 0.22782419621944427, 0
u,0.6205971240997314, 0.13385120034217834, 0
u,0.6226295828819275, 0.22733069956302643, 0
u,0.5904958844184875, 0.18372610211372375, 0
u,0.5415076017379761, 0.22234340012073517, 0
u,0.5425450205802917, 0.18101979792118073, 0
u,0.6234188079833984, 0.017467299476265907, 0
u,0.4638252854347229, 0.09733810275793076, 0
u,0.46311870217323303, 0.02046249993145466, 0
u,0.8341510891914368, 0.5080059170722961, 0
u,0.8997054100036621, 0.997056782245636, 0
u,0.8341510891914368, 0.997056782245636, 0
u,0.8319360017776489, 0.9974033832550049, 0
u,0.7762513160705566, 0.4628821015357971, 0
u,0.8319360017776489, 0.4628821015357971, 0
u,0.742885172367096, 0.4434939920902252, 0
u,0.7756223082542419, 0.4434939920902252, 0
u,0.7516270875930786, 0.45410579442977905, 0
u,0.8213124871253967, 0.3188459873199463, 0
u,0.455348402261734, 0.31828510761260986, 0
u,0.8508750796318054, 0.31828510761260986, 0
u,0.8007851243019104, 0.4221251904964447, 0
u,0.831095814704895, 0.4221251904964447, 0
u,0.8225312232971191, 0.4319472014904022, 0
u,0.831095814704895, 0.44515320658683777, 0
u,0.8767995238304138, 0.4221251904964447, 0
u,0.8767995238304138, 0.44515320658683777, 0
u,0.6858443021774292, 0.44987380504608154, 0
u,0.6852064728736877, 1.0, 0
u,0.6852064728736877, 0.4168317914009094, 0
u,0.6688123941421509, 0.4168317914009094, 0
u,0.6852064728736877, 1.0, 0
u,0.6688123941421509, 1.0, 0
u,0.6688123941421509, 0.4168317914009094, 0
u,0.48019859194755554, 1.0, 0
u,0.48019859194755554, 0.4168317914009094, 0
u,0.0, 0.4168317914009094, 0
u,0.009390000253915787, 1.0, 0
u,0.0, 1.0, 0
u,0.009390000253915787, 0.4168317914009094, 0
u,0.1769859939813614, 1.0, 0
u,0.009390000253915787, 1.0, 0
u,0.1769859939813614, 0.4168317914009094, 0
u,0.48019859194755554, 1.0, 0
u,0.1769859939813614, 1.0, 0
u,0.8331698179244995, 0.47743821144104004, 0
u,0.8982499241828918, 0.5068743228912354, 0
u,0.8331698179244995, 0.5068743228912354, 0
u,0.742885172367096, 0.4381367862224579, 0
u,0.7627109885215759, 0.4320738911628723, 0
u,0.7627109885215759, 0.4381367862224579, 0
u,0.6054264903068542, 0.41328129172325134, 0
u,0.4348633885383606, 0.39883551001548767, 0
u,0.6054264903068542, 0.39883551001548767, 0
u,0.6054264903068542, 0.41328129172325134, 0
u,0.6133347153663635, 0.39883551001548767, 0
u,0.6133347153663635, 0.41328129172325134, 0
u,0.6133347153663635, 0.41328129172325134, 0
u,0.6378548741340637, 0.39883551001548767, 0
u,0.6378548741340637, 0.41328129172325134, 0
u,0.7466893196105957, 0.41630271077156067, 0
u,0.742885172367096, 0.42901408672332764, 0
u,0.742885172367096, 0.41630271077156067, 0
u,0.7102754712104797, 0.39883551001548767, 0
u,0.6378548741340637, 0.41328129172325134, 0
u,0.6378548741340637, 0.39883551001548767, 0
u,0.0, 0.41328129172325134, 0
u,0.005206599831581116, 0.39883551001548767, 0
u,0.005206599831581116, 0.41328129172325134, 0
u,0.005206599831581116, 0.41328129172325134, 0
u,0.15600919723510742, 0.39883551001548767, 0
u,0.15600919723510742, 0.41328129172325134, 0
u,0.15600919723510742, 0.41328129172325134, 0
u,0.15600919723510742, 0.39883551001548767, 0
u,0.23204849660396576, 0.39883551001548767, 0
u,0.8999019265174866, 0.9344574213027954, 0
u,0.9274715781211853, 0.9918596148490906, 0
u,0.8999019265174866, 0.9918596148490906, 0
u,0.8999019265174866, 0.9918596148490906, 0
u,0.9274715781211853, 0.9985443949699402, 0
u,0.8999019265174866, 0.9985443949699402, 0
u,0.9274715781211853, 0.5396757125854492, 0
u,0.8999019265174866, 0.7140892148017883, 0
u,0.8999019265174866, 0.5396757125854492, 0
u,0.9274715781211853, 0.835582971572876, 0
u,0.8999019265174866, 0.835582971572876, 0
u,0.8999019265174866, 0.7773590087890625, 0
u,0.8999019265174866, 0.835582971572876, 0
u,0.9274715781211853, 0.8745402097702026, 0
u,0.8999019265174866, 0.8745402097702026, 0
u,0.9274715781211853, 0.8745402097702026, 0
u,0.8999019265174866, 0.9344574213027954, 0
u,0.8999019265174866, 0.8745402097702026, 0
u,0.7124632000923157, 0.6155921816825867, 0
u,0.712847113609314, 0.5941854119300842, 0
u,0.7404239177703857, 0.5870165824890137, 0
u,0.8003218770027161, 0.4599708914756775, 0
u,0.7772325873374939, 0.42024940252304077, 0
u,0.8003218770027161, 0.42024940252304077, 0
u,0.7124632000923157, 0.9514415860176086, 0
u,0.7124632000923157, 0.8893638849258423, 0
u,0.7404239177703857, 0.8893638849258423, 0
u,0.7404239177703857, 0.8893638849258423, 0
u,0.7124632000923157, 0.7132803201675415, 0
u,0.7404239177703857, 0.7132803201675415, 0
u,0.712847113609314, 0.5845249891281128, 0
u,0.7124632000923157, 0.5941854119300842, 0
u,0.7124632000923157, 0.5845249891281128, 0
u,0.742885172367096, 0.4395923912525177, 0
u,0.7642136812210083, 0.44016170501708984, 0
u,0.742885172367096, 0.44016170501708984, 0
u,0.7911272048950195, 0.11595489829778671, 0
u,0.8191329836845398, 0.12184029817581177, 0
u,0.7703630924224854, 0.12184029817581177, 0
u,0.8191329836845398, 0.2515425980091095, 0
u,0.8191329836845398, 0.2697455883026123, 0
u,0.7911272048950195, 0.2697455883026123, 0
u,0.8191329836845398, 0.1876308023929596, 0
u,0.7703630924224854, 0.2515425980091095, 0
u,0.7703630924224854, 0.1876308023929596, 0
u,0.7703630924224854, 0.12184029817581177, 0
u,0.8191329836845398, 0.12184029817581177, 0
u,0.8191329836845398, 0.13540519773960114, 0
u,0.92934250831604, 0.8093698024749756, 0
u,0.9596232771873474, 0.8533077836036682, 0
u,0.92934250831604, 0.8533077836036682, 0
u,0.9596232771873474, 0.8093698024749756, 0
u,0.92934250831604, 0.7088791728019714, 0
u,0.9596232771873474, 0.7088791728019714, 0
u,0.9596232771873474, 0.9537941217422485, 0
u,0.92934250831604, 0.9977045059204102, 0
u,0.92934250831604, 0.9537941217422485, 0
u,0.9596232771873474, 0.8533077836036682, 0
u,0.92934250831604, 0.9537941217422485, 0
u,0.92934250831604, 0.8533077836036682, 0
u,0.9607458114624023, 0.8700981736183167, 0
u,0.9903619885444641, 0.8864061236381531, 0
u,0.9607458114624023, 0.8864061236381531, 0
u,0.9903619885444641, 0.8700981736183167, 0
u,0.9607458114624023, 0.7743813991546631, 0
u,0.9903619885444641, 0.7743813991546631, 0
u,0.9903619885444641, 0.9821187853813171, 0
u,0.9607458114624023, 0.9983890056610107, 0
u,0.9607458114624023, 0.9821187853813171, 0
u,0.9903619885444641, 0.8864061236381531, 0
u,0.9607458114624023, 0.9821187853813171, 0
u,0.9607458114624023, 0.8864061236381531, 0
u,0.92934250831604, 0.6114314794540405, 0
u,0.9588704109191895, 0.7070974111557007, 0
u,0.92934250831604, 0.7070974111557007, 0
u,0.9588704109191895, 0.602281928062439, 0
u,0.92934250831604, 0.6114314794540405, 0
u,0.92934250831604, 0.5951790809631348, 0
u,0.9588704109191895, 0.5300012826919556, 0
u,0.9592598080635071, 0.5300012826919556, 0
u,0.9592598080635071, 0.5951790809631348, 0
u,0.9715039134025574, 0.33534708619117737, 0
u,0.9251298904418945, 0.4206695854663849, 0
u,0.9251298904418945, 0.33534708619117737, 0
u,0.8981972932815552, 0.4206695854663849, 0
u,0.9078227877616882, 0.3750976026058197, 0
u,0.9132316708564758, 0.3750976026058197, 0
u,0.8518155217170715, 0.37455180287361145, 0
u,0.8981972932815552, 0.4206695854663849, 0
u,0.8518155217170715, 0.4206695854663849, 0
u,0.9715039134025574, 0.33534708619117737, 0
u,0.9837769269943237, 0.33534708619117737, 0
u,0.9837769269943237, 0.37455180287361145, 0
u,0.06361740082502365, 0.3818970024585724, 0
u,0.06361740082502365, 0.3875932991504669, 0
u,0.0, 0.39642420411109924, 0
u,0.0, 0.07901120185852051, 0
u,0.4533221125602722, 0.31887778639793396, 0
u,0.0, 0.31887778639793396, 0
u,0.06361740082502365, 0.027399199083447456, 0
u,0.4533221125602722, 0.07901120185852051, 0
u,0.0, 0.07901120185852051, 0
u,0.8917096853256226, 0.31700271368026733, 0
u,0.9617828726768494, 0.22125180065631866, 0
u,0.9484438896179199, 0.31700271368026733, 0
u,0.9588704109191895, 0.49951300024986267, 0
u,0.92934250831604, 0.49951300024986267, 0
u,0.92934250831604, 0.4832606017589569, 0
u,0.0, 0.0, 0
u,0.0, 0.0, 0
u,0.0, 0.0, 0
u,0.0, 0.0, 0
u,0.0, 0.0, 0
u,0.0, 0.0, 0
u,0.0, 0.0, 0
u,0.0, 0.0, 0
u,0.0, 0.0, 0
u,0.0, 0.0, 0
u,0.0, 0.0, 0
u,0.0, 0.0, 0
u,0.0, 0.0, 0
u,0.0, 0.0, 0
u,0.0, 0.0, 0
u,0.0, 0.0, 0
u,0.0, 0.0, 0
u,0.0, 0.0, 0
u,0.0, 0.0, 0
u,0.0, 0.0, 0
u,0.0, 0.0, 0
u,0.0, 0.0, 0
u,0.0, 0.0, 0
u,0.0, 0.0, 0
u,0.0, 0.0, 0
u,0.0, 0.0, 0
u,0.0, 0.0, 0
u,0.0, 0.0, 0
u,0.0, 0.0, 0
u,0.0, 0.0, 0
u,0.6806465983390808, 0.07986930012702942, 0
u,0.6803432106971741, 0.042319998145103455, 0
u,0.7528002858161926, 0.04268629848957062, 0
u,0.6285290718078613, 0.07992830127477646, 0
u,0.6240162253379822, 0.07993350178003311, 0
u,0.6282212734222412, 0.043154798448085785, 0
u,0.6240162253379822, 0.07993350178003311, 0
u,0.6236538290977478, 0.04203350096940994, 0
u,0.6282212734222412, 0.043154798448085785, 0
u,0.6803430914878845, 0.04231199994683266, 0
u,0.6807572245597839, 0.09355209767818451, 0
u,0.628650426864624, 0.094411700963974, 0
u,0.6807572245597839, 0.09355209767818451, 0
u,0.680692195892334, 0.08551570028066635, 0
u,0.6940817832946777, 0.12286180257797241, 0
u,0.680692195892334, 0.08551570028066635, 0
u,0.7561779022216797, 0.08543030172586441, 0
u,0.6940817832946777, 0.12286180257797241, 0
u,0.7561779022216797, 0.08543030172586441, 0
u,0.7565587759017944, 0.04752520099282265, 0
u,0.7647997736930847, 0.04778990149497986, 0
u,0.750689685344696, 0.3106553852558136, 0
u,0.6137233972549438, 0.3106553852558136, 0
u,0.6958075165748596, 0.29744860529899597, 0
u,0.6137233972549438, 0.3106553852558136, 0
u,0.61360102891922, 0.3050278127193451, 0
u,0.6226540803909302, 0.30483680963516235, 0
u,0.6226540803909302, 0.30483680963516235, 0
u,0.6225950717926025, 0.29901090264320374, 0
u,0.6958075165748596, 0.29744860529899597, 0
u,0.6137233972549438, 0.3106553852558136, 0
u,0.6226540803909302, 0.30483680963516235, 0
u,0.6958075165748596, 0.29744860529899597, 0
u,0.7561779022216797, 0.08543030172586441, 0
u,0.7647997736930847, 0.04778990149497986, 0
u,0.750689685344696, 0.3106553852558136, 0
u,0.6940817832946777, 0.12286180257797241, 0
u,0.6096792221069336, 0.12465240061283112, 0
u,0.628650426864624, 0.094411700963974, 0
u,0.6096792221069336, 0.12465240061283112, 0
u,0.6090260744094849, 0.09461670368909836, 0
u,0.6241539120674133, 0.09433320164680481, 0
u,0.750689685344696, 0.3106553852558136, 0
u,0.6958075165748596, 0.29744860529899597, 0
u,0.6940817832946777, 0.12286180257797241, 0
u,0.6240702271461487, 0.08557979762554169, 0
u,0.628576397895813, 0.08557470142841339, 0
u,0.6241539120674133, 0.09433320164680481, 0
u,0.628576397895813, 0.08557470142841339, 0
u,0.628650426864624, 0.094411700963974, 0
u,0.6241539120674133, 0.09433320164680481, 0
u,0.6096792221069336, 0.12465240061283112, 0
u,0.6241539120674133, 0.09433320164680481, 0
u,0.628650426864624, 0.094411700963974, 0
u,0.7561779022216797, 0.08543030172586441, 0
u,0.750689685344696, 0.3106553852558136, 0
u,0.6940817832946777, 0.12286180257797241, 0
u,0.5380690097808838, 0.26054608821868896, 0
u,0.5375103950500488, 0.20361720025539398, 0
u,0.5415076017379761, 0.22234340012073517, 0
u,0.5375103950500488, 0.20361720025539398, 0
u,0.5419800877571106, 0.20352280139923096, 0
u,0.5415076017379761, 0.22234340012073517, 0
u,0.5781316757202148, 0.2596895098686218, 0
u,0.5380690097808838, 0.26054608821868896, 0
u,0.5781139135360718, 0.24249699711799622, 0
u,0.5380690097808838, 0.26054608821868896, 0
u,0.5415076017379761, 0.22234340012073517, 0
u,0.5781139135360718, 0.24249699711799622, 0
u,0.5894508957862854, 0.22502629458904266, 0
u,0.5899125933647156, 0.206780806183815, 0
u,0.5902621746063232, 0.2422344982624054, 0
u,0.5392904877662659, 0.3106553852558136, 0
u,0.5395792722702026, 0.2991515100002289, 0
u,0.578746497631073, 0.3057630956172943, 0
u,0.5395792722702026, 0.2991515100002289, 0
u,0.5785099864006042, 0.2983255982398987, 0
u,0.578746497631073, 0.3057630956172943, 0
u,0.61360102891922, 0.3050278127193451, 0
u,0.6137233972549438, 0.3106553852558136, 0
u,0.578746497631073, 0.3057630956172943, 0
u,0.6137233972549438, 0.3106553852558136, 0
u,0.5392904877662659, 0.3106553852558136, 0
u,0.578746497631073, 0.3057630956172943, 0
u,0.5894508957862854, 0.22502629458904266, 0
u,0.5902621746063232, 0.2422344982624054, 0
u,0.5781139135360718, 0.24249699711799622, 0
u,0.5781139135360718, 0.24249699711799622, 0
u,0.578746497631073, 0.3057630956172943, 0
u,0.5781316757202148, 0.2596895098686218, 0
u,0.578746497631073, 0.3057630956172943, 0
u,0.5785099864006042, 0.2983255982398987, 0
u,0.5781316757202148, 0.2596895098686218, 0
u,0.5395792722702026, 0.2991515100002289, 0
u,0.5392904877662659, 0.3106553852558136, 0
u,0.49727490544319153, 0.3000490069389343, 0
u,0.5392904877662659, 0.3106553852558136, 0
u,0.4600329101085663, 0.3106553852558136, 0
u,0.49727490544319153, 0.3000490069389343, 0
u,0.4600329101085663, 0.3106553852558136, 0
u,0.4582166075706482, 0.0775241032242775, 0
u,0.4638252854347229, 0.09733810275793076, 0
u,0.4582166075706482, 0.0775241032242775, 0
u,0.46364089846611023, 0.0772688016295433, 0
u,0.4638252854347229, 0.09733810275793076, 0
u,0.4638252854347229, 0.09733810275793076, 0
u,0.5446838736534119, 0.09582269936800003, 0
u,0.4955632984638214, 0.12707340717315674, 0
u,0.5446838736534119, 0.09582269936800003, 0
u,0.5439251065254211, 0.12604740262031555, 0
u,0.4955632984638214, 0.12707340717315674, 0
u,0.4955632984638214, 0.12707340717315674, 0
u,0.49727490544319153, 0.3000490069389343, 0
u,0.4600329101085663, 0.3106553852558136, 0
u,0.5446838736534119, 0.09582269936800003, 0
u,0.6090260744094849, 0.09461670368909836, 0
u,0.6096792221069336, 0.12465240061283112, 0
u,0.6285290718078613, 0.07992830127477646, 0
u,0.628576397895813, 0.08557470142841339, 0
u,0.6240702271461487, 0.08557979762554169, 0
u,0.4543670117855072, 0.07205589860677719, 0
u,0.46358901262283325, 0.07162199914455414, 0
u,0.4582166075706482, 0.0775241032242775, 0
u,0.46358901262283325, 0.07162199914455414, 0
u,0.46364089846611023, 0.0772688016295433, 0
u,0.4582166075706482, 0.0775241032242775, 0
u,0.680692195892334, 0.08551570028066635, 0
u,0.6806465983390808, 0.07986930012702942, 0
u,0.7524275183677673, 0.07978799939155579, 0
u,0.4543670117855072, 0.07205589860677719, 0
u,0.4582166075706482, 0.0775241032242775, 0
u,0.4600329101085663, 0.3106553852558136, 0
u,0.7561779022216797, 0.08543030172586441, 0
u,0.680692195892334, 0.08551570028066635, 0
u,0.7524275183677673, 0.07978799939155579, 0
u,0.7565587759017944, 0.04752520099282265, 0
u,0.7561779022216797, 0.08543030172586441, 0
u,0.7524275183677673, 0.07978799939155579, 0
u,0.4562698006629944, 0.31630179286003113, 0
u,0.4543670117855072, 0.07205589860677719, 0
u,0.4600329101085663, 0.3106553852558136, 0
u,0.4562698006629944, 0.31630179286003113, 0
u,0.4600329101085663, 0.3106553852558136, 0
u,0.7542055249214172, 0.31630179286003113, 0
u,0.4600329101085663, 0.3106553852558136, 0
u,0.750689685344696, 0.3106553852558136, 0
u,0.7542055249214172, 0.31630179286003113, 0
u,0.7565587759017944, 0.04752520099282265, 0
u,0.7524275183677673, 0.07978799939155579, 0
u,0.7528095841407776, 0.041756898164749146, 0
u,0.7647997736930847, 0.04778990149497986, 0
u,0.7565587759017944, 0.04752520099282265, 0
u,0.7528095841407776, 0.041756898164749146, 0
u,0.7647997736930847, 0.04778990149497986, 0
u,0.7528095841407776, 0.041756898164749146, 0
u,0.7689146995544434, 0.04227440059185028, 0
u,0.7542055249214172, 0.31630179286003113, 0
u,0.750689685344696, 0.3106553852558136, 0
u,0.7647997736930847, 0.04778990149497986, 0
u,0.4955632984638214, 0.12707340717315674, 0
u,0.6144713163375854, 0.1245507001876831, 0
u,0.6098899245262146, 0.13434459269046783, 0
u,0.6144713163375854, 0.1245507001876831, 0
u,0.6145694255828857, 0.1341288983821869, 0
u,0.6098899245262146, 0.13434459269046783, 0
u,0.6098899245262146, 0.13434459269046783, 0
u,0.6112747192382812, 0.19803279638290405, 0
u,0.5904958844184875, 0.18372610211372375, 0
u,0.6112747192382812, 0.19803279638290405, 0
u,0.5901225209236145, 0.19848650693893433, 0
u,0.5904958844184875, 0.18372610211372375, 0
u,0.5781316757202148, 0.2596895098686218, 0
u,0.5785099864006042, 0.2983255982398987, 0
u,0.5380690097808838, 0.26054608821868896, 0
u,0.5785099864006042, 0.2983255982398987, 0
u,0.49727490544319153, 0.3000490069389343, 0
u,0.5380690097808838, 0.26054608821868896, 0
u,0.5425450205802917, 0.18101979792118073, 0
u,0.5419800877571106, 0.20352280139923096, 0
u,0.5375103950500488, 0.20361720025539398, 0
u,0.6098899245262146, 0.13434459269046783, 0
u,0.5904958844184875, 0.18372610211372375, 0
u,0.5425450205802917, 0.18101979792118073, 0
u,0.5380690097808838, 0.26054608821868896, 0
u,0.49727490544319153, 0.3000490069389343, 0
u,0.5375103950500488, 0.20361720025539398, 0
u,0.49727490544319153, 0.3000490069389343, 0
u,0.4955632984638214, 0.12707340717315674, 0
u,0.5375103950500488, 0.20361720025539398, 0
u,0.4955632984638214, 0.12707340717315674, 0
u,0.6098899245262146, 0.13434459269046783, 0
u,0.5425450205802917, 0.18101979792118073, 0
u,0.6145694255828857, 0.1341288983821869, 0
u,0.6144713163375854, 0.1245507001876831, 0
u,0.6205971240997314, 0.13385120034217834, 0
u,0.6144713163375854, 0.1245507001876831, 0
u,0.6287810206413269, 0.12424709647893906, 0
u,0.6205971240997314, 0.13385120034217834, 0
u,0.6289976239204407, 0.13433480262756348, 0
u,0.6310045123100281, 0.22778740525245667, 0
u,0.6226295828819275, 0.22733069956302643, 0
u,0.6310045123100281, 0.22778740525245667, 0
u,0.6325293779373169, 0.29879888892173767, 0
u,0.6220136284828186, 0.24154840409755707, 0
u,0.6220136284828186, 0.24154840409755707, 0
u,0.6325293779373169, 0.29879888892173767, 0
u,0.6225950717926025, 0.29901090264320374, 0
u,0.6226295828819275, 0.22733069956302643, 0
u,0.6205971240997314, 0.13385120034217834, 0
u,0.6289976239204407, 0.13433480262756348, 0
u,0.6205971240997314, 0.13385120034217834, 0
u,0.6287810206413269, 0.12424709647893906, 0
u,0.6289976239204407, 0.13433480262756348, 0
u,0.6226295828819275, 0.22733069956302643, 0
u,0.6310045123100281, 0.22778740525245667, 0
u,0.6220136284828186, 0.24154840409755707, 0
u,0.5901225209236145, 0.19848650693893433, 0
u,0.6112747192382812, 0.19803279638290405, 0
u,0.5899125933647156, 0.206780806183815, 0
u,0.6112747192382812, 0.19803279638290405, 0
u,0.6119223833084106, 0.22782419621944427, 0
u,0.5899125933647156, 0.206780806183815, 0
u,0.6220136284828186, 0.24154840409755707, 0
u,0.5902621746063232, 0.2422344982624054, 0
u,0.6119223833084106, 0.22782419621944427, 0
u,0.5902621746063232, 0.2422344982624054, 0
u,0.5899125933647156, 0.206780806183815, 0
u,0.6119223833084106, 0.22782419621944427, 0
u,0.6543108224868774, 0.2983340919017792, 0
u,0.6530001759529114, 0.23769749701023102, 0
u,0.681908905506134, 0.23633860051631927, 0
u,0.6797708868980408, 0.13827170431613922, 0
u,0.6508805155754089, 0.13963410258293152, 0
u,0.65053790807724, 0.123785600066185, 0
u,0.6958075165748596, 0.29744860529899597, 0
u,0.6543108224868774, 0.2983340919017792, 0
u,0.681908905506134, 0.23633860051631927, 0
u,0.6797708868980408, 0.13827170431613922, 0
u,0.65053790807724, 0.123785600066185, 0
u,0.6940817832946777, 0.12286180257797241, 0
u,0.6958075165748596, 0.29744860529899597, 0
u,0.681908905506134, 0.23633860051631927, 0
u,0.6940817832946777, 0.12286180257797241, 0
u,0.6325293779373169, 0.29879888892173767, 0
u,0.6310045123100281, 0.22778740525245667, 0
u,0.6530001759529114, 0.23769749701023102, 0
u,0.6310045123100281, 0.22778740525245667, 0
u,0.6417394876480103, 0.2272839993238449, 0
u,0.6530001759529114, 0.23769749701023102, 0
u,0.6397078037261963, 0.13382859528064728, 0
u,0.6289976239204407, 0.13433480262756348, 0
u,0.6287810206413269, 0.12424709647893906, 0
u,0.6543108224868774, 0.2983340919017792, 0
u,0.6325293779373169, 0.29879888892173767, 0
u,0.6530001759529114, 0.23769749701023102, 0
u,0.6397078037261963, 0.13382859528064728, 0
u,0.6287810206413269, 0.12424709647893906, 0
u,0.65053790807724, 0.123785600066185, 0
u,0.6417394876480103, 0.2272839993238449, 0
u,0.6397078037261963, 0.13382859528064728, 0
u,0.6508805155754089, 0.13963410258293152, 0
u,0.6530001759529114, 0.23769749701023102, 0
u,0.6417394876480103, 0.2272839993238449, 0
u,0.6508805155754089, 0.13963410258293152, 0
u,0.6220136284828186, 0.24154840409755707, 0
u,0.6226540803909302, 0.30483680963516235, 0
u,0.578746497631073, 0.3057630956172943, 0
u,0.6797708868980408, 0.13827170431613922, 0
u,0.681908905506134, 0.23633860051631927, 0
u,0.6530001759529114, 0.23769749701023102, 0
u,0.6310045123100281, 0.22778740525245667, 0
u,0.6289976239204407, 0.13433480262756348, 0
u,0.6397078037261963, 0.13382859528064728, 0
u,0.6119223833084106, 0.22782419621944427, 0
u,0.6098899245262146, 0.13434459269046783, 0
u,0.6205971240997314, 0.13385120034217834, 0
u,0.5904958844184875, 0.18372610211372375, 0
u,0.5894508957862854, 0.22502629458904266, 0
u,0.5415076017379761, 0.22234340012073517, 0
u,0.6234188079833984, 0.017467299476265907, 0
u,0.6241539120674133, 0.09433320164680481, 0
u,0.4638252854347229, 0.09733810275793076, 0
u,0.8341510891914368, 0.5080059170722961, 0
u,0.8997054100036621, 0.5080059170722961, 0
u,0.8997054100036621, 0.997056782245636, 0
u,0.8319360017776489, 0.9974033832550049, 0
u,0.7762513160705566, 0.9974033832550049, 0
u,0.7762513160705566, 0.4628821015357971, 0
u,0.7756223082542419, 0.9970887899398804, 0
u,0.7756171822547913, 0.9970887899398804, 0
u,0.7756171822547913, 0.4848710000514984, 0
u,0.7756171822547913, 0.4848710000514984, 0
u,0.7516270875930786, 0.4848710000514984, 0
u,0.7516270875930786, 0.45410579442977905, 0
u,0.7480195760726929, 0.45410579442977905, 0
u,0.7480195760726929, 0.46837368607521057, 0
u,0.742885172367096, 0.46837368607521057, 0
u,0.7480195760726929, 0.45410579442977905, 0
u,0.742885172367096, 0.46837368607521057, 0
u,0.742885172367096, 0.4434939920902252, 0
u,0.7756223082542419, 0.4434939920902252, 0
u,0.7756223082542419, 0.9970887899398804, 0
u,0.7756171822547913, 0.4848710000514984, 0
u,0.7516270875930786, 0.45410579442977905, 0
u,0.7480195760726929, 0.45410579442977905, 0
u,0.742885172367096, 0.4434939920902252, 0
u,0.7756223082542419, 0.4434939920902252, 0
u,0.7756171822547913, 0.4848710000514984, 0
u,0.7516270875930786, 0.45410579442977905, 0
u,0.8508750796318054, 0.39592429995536804, 0
u,0.8213124871253967, 0.39592429995536804, 0
u,0.8213124871253967, 0.3188459873199463, 0
u,0.8213124871253967, 0.3188459873199463, 0
u,0.455348402261734, 0.3188459873199463, 0
u,0.455348402261734, 0.31828510761260986, 0
u,0.8508750796318054, 0.31828510761260986, 0
u,0.8508750796318054, 0.39592429995536804, 0
u,0.8213124871253967, 0.3188459873199463, 0
u,0.8225312232971191, 0.4319472014904022, 0
u,0.8225312232971191, 0.4604226052761078, 0
u,0.8007851243019104, 0.4604226052761078, 0
u,0.831095814704895, 0.4221251904964447, 0
u,0.831095814704895, 0.44515320658683777, 0
u,0.8258700966835022, 0.4319472014904022, 0
u,0.831095814704895, 0.44515320658683777, 0
u,0.8258700966835022, 0.44515320658683777, 0
u,0.8258700966835022, 0.4319472014904022, 0
u,0.8225312232971191, 0.4319472014904022, 0
u,0.8007851243019104, 0.4604226052761078, 0
u,0.8007851243019104, 0.4221251904964447, 0
u,0.831095814704895, 0.4221251904964447, 0
u,0.8258700966835022, 0.4319472014904022, 0
u,0.8225312232971191, 0.4319472014904022, 0
u,0.831095814704895, 0.44515320658683777, 0
u,0.831095814704895, 0.4221251904964447, 0
u,0.8767995238304138, 0.4221251904964447, 0
u,0.7113037705421448, 0.4168317914009094, 0
u,0.7113037705421448, 0.44987380504608154, 0
u,0.6858443021774292, 0.44987380504608154, 0
u,0.6858443021774292, 0.44987380504608154, 0
u,0.6858443021774292, 1.0, 0
u,0.6852064728736877, 1.0, 0
u,0.6852064728736877, 0.4168317914009094, 0
u,0.7113037705421448, 0.4168317914009094, 0
u,0.6858443021774292, 0.44987380504608154, 0
u,0.6688123941421509, 0.4168317914009094, 0
u,0.6852064728736877, 0.4168317914009094, 0
u,0.6852064728736877, 1.0, 0
u,0.6688123941421509, 0.4168317914009094, 0
u,0.6688123941421509, 1.0, 0
u,0.48019859194755554, 1.0, 0
u,0.0, 0.4168317914009094, 0
u,0.009390000253915787, 0.4168317914009094, 0
u,0.009390000253915787, 1.0, 0
u,0.009390000253915787, 0.4168317914009094, 0
u,0.1769859939813614, 0.4168317914009094, 0
u,0.1769859939813614, 1.0, 0
u,0.1769859939813614, 0.4168317914009094, 0
u,0.48019859194755554, 0.4168317914009094, 0
u,0.48019859194755554, 1.0, 0
u,0.8331698179244995, 0.47743821144104004, 0
u,0.8982499241828918, 0.47743821144104004, 0
u,0.8982499241828918, 0.5068743228912354, 0
u,0.742885172367096, 0.4381367862224579, 0
u,0.742885172367096, 0.4320738911628723, 0
u,0.7627109885215759, 0.4320738911628723, 0
u,0.6054264903068542, 0.41328129172325134, 0
u,0.4348633885383606, 0.41328129172325134, 0
u,0.4348633885383606, 0.39883551001548767, 0
u,0.6054264903068542, 0.41328129172325134, 0
u,0.6054264903068542, 0.39883551001548767, 0
u,0.6133347153663635, 0.39883551001548767, 0
u,0.6133347153663635, 0.41328129172325134, 0
u,0.6133347153663635, 0.39883551001548767, 0
u,0.6378548741340637, 0.39883551001548767, 0
u,0.7466893196105957, 0.41630271077156067, 0
u,0.7466893196105957, 0.42901408672332764, 0
u,0.742885172367096, 0.42901408672332764, 0
u,0.7102754712104797, 0.39883551001548767, 0
u,0.7102754712104797, 0.41328129172325134, 0
u,0.6378548741340637, 0.41328129172325134, 0
u,0.0, 0.41328129172325134, 0
u,0.0, 0.39883551001548767, 0
u,0.005206599831581116, 0.39883551001548767, 0
u,0.005206599831581116, 0.41328129172325134, 0
u,0.005206599831581116, 0.39883551001548767, 0
u,0.15600919723510742, 0.39883551001548767, 0
u,0.23204849660396576, 0.39883551001548767, 0
u,0.30345889925956726, 0.39883551001548767, 0
u,0.15600919723510742, 0.41328129172325134, 0
u,0.30345889925956726, 0.39883551001548767, 0
u,0.4348633885383606, 0.39883551001548767, 0
u,0.4348633885383606, 0.41328129172325134, 0
u,0.4348633885383606, 0.41328129172325134, 0
u,0.15600919723510742, 0.41328129172325134, 0
u,0.30345889925956726, 0.39883551001548767, 0
u,0.8999019265174866, 0.9344574213027954, 0
u,0.9274715781211853, 0.9344574213027954, 0
u,0.9274715781211853, 0.9918596148490906, 0
u,0.8999019265174866, 0.9918596148490906, 0
u,0.9274715781211853, 0.9918596148490906, 0
u,0.9274715781211853, 0.9985443949699402, 0
u,0.9274715781211853, 0.5396757125854492, 0
u,0.9274715781211853, 0.7140892148017883, 0
u,0.8999019265174866, 0.7140892148017883, 0
u,0.8999019265174866, 0.7773590087890625, 0
u,0.8999019265174866, 0.7140892148017883, 0
u,0.9274715781211853, 0.7140892148017883, 0
u,0.9274715781211853, 0.7140892148017883, 0
u,0.9274715781211853, 0.835582971572876, 0
u,0.8999019265174866, 0.7773590087890625, 0
u,0.8999019265174866, 0.835582971572876, 0
u,0.9274715781211853, 0.835582971572876, 0
u,0.9274715781211853, 0.8745402097702026, 0
u,0.9274715781211853, 0.8745402097702026, 0
u,0.9274715781211853, 0.9344574213027954, 0
u,0.8999019265174866, 0.9344574213027954, 0
u,0.7404239177703857, 0.5870165824890137, 0
u,0.7404239177703857, 0.7132803201675415, 0
u,0.7124632000923157, 0.648140013217926, 0
u,0.7404239177703857, 0.7132803201675415, 0
u,0.7124632000923157, 0.7132803201675415, 0
u,0.7124632000923157, 0.648140013217926, 0
u,0.7124632000923157, 0.648140013217926, 0
u,0.7124632000923157, 0.6155921816825867, 0
u,0.7404239177703857, 0.5870165824890137, 0
u,0.7124632000923157, 0.6155921816825867, 0
u,0.7124632000923157, 0.5941854119300842, 0
u,0.712847113609314, 0.5941854119300842, 0
u,0.7404239177703857, 0.41630271077156067, 0
u,0.7404239177703857, 0.4886505901813507, 0
u,0.712847113609314, 0.41630271077156067, 0
u,0.7404239177703857, 0.4886505901813507, 0
u,0.7404239177703857, 0.5870165824890137, 0
u,0.712847113609314, 0.5941854119300842, 0
u,0.712847113609314, 0.5941854119300842, 0
u,0.712847113609314, 0.41630271077156067, 0
u,0.7404239177703857, 0.4886505901813507, 0
u,0.8003218770027161, 0.4599708914756775, 0
u,0.7772325873374939, 0.4599708914756775, 0
u,0.7772325873374939, 0.42024940252304077, 0
u,0.7404239177703857, 0.8893638849258423, 0
u,0.7404239177703857, 0.9988874197006226, 0
u,0.7124632000923157, 0.9514415860176086, 0
u,0.7404239177703857, 0.9988874197006226, 0
u,0.7124632000923157, 0.9988874197006226, 0
u,0.7124632000923157, 0.9840260148048401, 0
u,0.7124632000923157, 0.9514415860176086, 0
u,0.7404239177703857, 0.9988874197006226, 0
u,0.7124632000923157, 0.9840260148048401, 0
u,0.7404239177703857, 0.8893638849258423, 0
u,0.7124632000923157, 0.8893638849258423, 0
u,0.7124632000923157, 0.7132803201675415, 0
u,0.712847113609314, 0.5845249891281128, 0
u,0.712847113609314, 0.5941854119300842, 0
u,0.7124632000923157, 0.5941854119300842, 0
u,0.742885172367096, 0.4395923912525177, 0
u,0.7642136812210083, 0.4395923912525177, 0
u,0.7642136812210083, 0.44016170501708984, 0
u,0.7703630924224854, 0.12184029817581177, 0
u,0.7703630924224854, 0.05790570005774498, 0
u,0.7911272048950195, 0.11595489829778671, 0
u,0.7703630924224854, 0.05790570005774498, 0
u,0.7911272048950195, 0.05790570005774498, 0
u,0.7911272048950195, 0.11595489829778671, 0
u,0.7911272048950195, 0.11595489829778671, 0
u,0.8191329836845398, 0.11595489829778671, 0
u,0.8191329836845398, 0.12184029817581177, 0
u,0.7911272048950195, 0.31732168793678284, 0
u,0.7703630924224854, 0.31732168793678284, 0
u,0.7911272048950195, 0.2697455883026123, 0
u,0.7703630924224854, 0.31732168793678284, 0
u,0.7703630924224854, 0.2515425980091095, 0
u,0.7911272048950195, 0.2697455883026123, 0
u,0.7703630924224854, 0.2515425980091095, 0
u,0.8191329836845398, 0.2515425980091095, 0
u,0.7911272048950195, 0.2697455883026123, 0
u,0.8191329836845398, 0.1876308023929596, 0
u,0.8191329836845398, 0.2515425980091095, 0
u,0.7703630924224854, 0.2515425980091095, 0
u,0.8191329836845398, 0.13540519773960114, 0
u,0.8191329836845398, 0.1876308023929596, 0
u,0.7703630924224854, 0.1876308023929596, 0
u,0.7703630924224854, 0.1876308023929596, 0
u,0.7703630924224854, 0.12184029817581177, 0
u,0.8191329836845398, 0.13540519773960114, 0
u,0.92934250831604, 0.8093698024749756, 0
u,0.9596232771873474, 0.8093698024749756, 0
u,0.9596232771873474, 0.8533077836036682, 0
u,0.9596232771873474, 0.8093698024749756, 0
u,0.92934250831604, 0.8093698024749756, 0
u,0.92934250831604, 0.7088791728019714, 0
u,0.9596232771873474, 0.9537941217422485, 0
u,0.9596232771873474, 0.9977045059204102, 0
u,0.92934250831604, 0.9977045059204102, 0
u,0.9596232771873474, 0.8533077836036682, 0
u,0.9596232771873474, 0.9537941217422485, 0
u,0.92934250831604, 0.9537941217422485, 0
u,0.9607458114624023, 0.8700981736183167, 0
u,0.9903619885444641, 0.8700981736183167, 0
u,0.9903619885444641, 0.8864061236381531, 0
u,0.9903619885444641, 0.8700981736183167, 0
u,0.9607458114624023, 0.8700981736183167, 0
u,0.9607458114624023, 0.7743813991546631, 0
u,0.9903619885444641, 0.9821187853813171, 0
u,0.9903619885444641, 0.9983890056610107, 0
u,0.9607458114624023, 0.9983890056610107, 0
u,0.9903619885444641, 0.8864061236381531, 0
u,0.9903619885444641, 0.9821187853813171, 0
u,0.9607458114624023, 0.9821187853813171, 0
u,0.92934250831604, 0.6114314794540405, 0
u,0.9588704109191895, 0.6114314794540405, 0
u,0.9588704109191895, 0.7070974111557007, 0
u,0.92934250831604, 0.5951790809631348, 0
u,0.9592598080635071, 0.5951790809631348, 0
u,0.9588704109191895, 0.602281928062439, 0
u,0.9592598080635071, 0.5951790809631348, 0
u,0.9592598080635071, 0.602281928062439, 0
u,0.9588704109191895, 0.602281928062439, 0
u,0.9588704109191895, 0.602281928062439, 0
u,0.9588704109191895, 0.6114314794540405, 0
u,0.92934250831604, 0.6114314794540405, 0
u,0.9592598080635071, 0.5951790809631348, 0
u,0.92934250831604, 0.5951790809631348, 0
u,0.9588704109191895, 0.5300012826919556, 0
u,0.92934250831604, 0.5951790809631348, 0
u,0.92934250831604, 0.49951300024986267, 0
u,0.9588704109191895, 0.5300012826919556, 0
u,0.92934250831604, 0.49951300024986267, 0
u,0.9588704109191895, 0.49951300024986267, 0
u,0.9588704109191895, 0.5300012826919556, 0
u,0.9715039134025574, 0.33534708619117737, 0
u,0.9715039134025574, 0.4206695854663849, 0
u,0.9251298904418945, 0.4206695854663849, 0
u,0.9132316708564758, 0.3750976026058197, 0
u,0.9132316708564758, 0.33534708619117737, 0
u,0.9251298904418945, 0.33534708619117737, 0
u,0.9251298904418945, 0.4206695854663849, 0
u,0.8981972932815552, 0.4206695854663849, 0
u,0.9132316708564758, 0.3750976026058197, 0
u,0.8981972932815552, 0.4206695854663849, 0
u,0.8981972932815552, 0.37455180287361145, 0
u,0.9078227877616882, 0.3750976026058197, 0
u,0.8981972932815552, 0.37455180287361145, 0
u,0.9078227877616882, 0.37455180287361145, 0
u,0.9078227877616882, 0.3750976026058197, 0
u,0.9132316708564758, 0.3750976026058197, 0
u,0.9251298904418945, 0.33534708619117737, 0
u,0.9251298904418945, 0.4206695854663849, 0
u,0.8518155217170715, 0.37455180287361145, 0
u,0.8981972932815552, 0.37455180287361145, 0
u,0.8981972932815552, 0.4206695854663849, 0
u,0.998451292514801, 0.37455180287361145, 0
u,0.998451292514801, 0.4206695854663849, 0
u,0.9837769269943237, 0.37455180287361145, 0
u,0.998451292514801, 0.4206695854663849, 0
u,0.9715039134025574, 0.4206695854663849, 0
u,0.9837769269943237, 0.37455180287361145, 0
u,0.9715039134025574, 0.4206695854663849, 0
u,0.9715039134025574, 0.33534708619117737, 0
u,0.9837769269943237, 0.37455180287361145, 0
u,0.0, 0.31887778639793396, 0
u,0.4533221125602722, 0.31887778639793396, 0
u,0.08569789677858353, 0.3436613976955414, 0
u,0.4533221125602722, 0.31887778639793396, 0
u,0.4533221125602722, 0.3436613976955414, 0
u,0.08569789677858353, 0.3436613976955414, 0
u,0.08569789677858353, 0.3436613976955414, 0
u,0.08569789677858353, 0.3818970024585724, 0
u,0.06361740082502365, 0.3818970024585724, 0
u,0.07385759800672531, 0.3875932991504669, 0
u,0.07385759800672531, 0.39642420411109924, 0
u,0.06361740082502365, 0.3875932991504669, 0
u,0.07385759800672531, 0.39642420411109924, 0
u,0.0, 0.39642420411109924, 0
u,0.06361740082502365, 0.3875932991504669, 0
u,0.0, 0.39642420411109924, 0
u,0.0, 0.31887778639793396, 0
u,0.06361740082502365, 0.3818970024585724, 0
u,0.0, 0.31887778639793396, 0
u,0.08569789677858353, 0.3436613976955414, 0
u,0.06361740082502365, 0.3818970024585724, 0
u,0.0, 0.07901120185852051, 0
u,0.4533221125602722, 0.07901120185852051, 0
u,0.4533221125602722, 0.31887778639793396, 0
u,0.0, 0.07901120185852051, 0
u,0.0, 0.001455600024200976, 0
u,0.06361740082502365, 0.027399199083447456, 0
u,0.0, 0.001455600024200976, 0
u,0.07385759800672531, 0.001455600024200976, 0
u,0.06361740082502365, 0.021702399477362633, 0
u,0.07385759800672531, 0.001455600024200976, 0
u,0.07385759800672531, 0.021702399477362633, 0
u,0.06361740082502365, 0.021702399477362633, 0
u,0.06361740082502365, 0.027399199083447456, 0
u,0.4533221125602722, 0.027399199083447456, 0
u,0.4533221125602722, 0.07901120185852051, 0
u,0.0, 0.001455600024200976, 0
u,0.06361740082502365, 0.021702399477362633, 0
u,0.06361740082502365, 0.027399199083447456, 0
u,0.8917096853256226, 0.31700271368026733, 0
u,0.8204122185707092, 0.31700271368026733, 0
u,0.8204122185707092, 0.22125180065631866, 0
u,0.8204122185707092, 0.22125180065631866, 0
u,0.9617828726768494, 0.22125180065631866, 0
u,0.8917096853256226, 0.31700271368026733, 0
u,0.9617828726768494, 0.22125180065631866, 0
u,0.9617828726768494, 0.31700271368026733, 0
u,0.9484438896179199, 0.31700271368026733, 0
