s,194.79248046875, 66.0234375, -0.3304591178894043
b,197.0009765625, 68.3095703125, 3.0841779708862305
v,197.0009765625, 66.865234375, 2.706751823425293
v,195.80517578125, 66.0234375, 2.7066192626953125
v,195.805419921875, 66.0234375, -0.33037281036376953
v,197.0009765625, 66.865234375, -0.33024024963378906
v,196.59619140625, 67.439453125, -0.3302745819091797
v,197.0009765625, 66.865234375, -0.33024024963378906
v,195.80517578125, 66.0234375, -0.33037281036376953
v,195.395751953125, 66.60546875, -0.33040809631347656
v,195.39453125, 66.60546875, -0.33040809631347656
v,194.79296875, 67.47265625, -0.3304591178894043
v,195.99755859375, 68.3095703125, -0.3303251266479492
v,196.599609375, 67.44140625, -0.3302741050720215
v,195.804931640625, 66.0234375, 2.7066192626953125
v,197.000732421875, 66.865234375, 2.706751823425293
v,196.595947265625, 67.439453125, 2.7067174911499023
v,195.3955078125, 66.60546875, 2.7065839767456055
v,195.997314453125, 68.3095703125, 3.0841264724731445
v,194.79248046875, 67.47265625, 3.0839929580688477
v,195.39404296875, 66.60546875, 3.084043502807617
v,196.599365234375, 67.44140625, 3.0841779708862305
v,195.3955078125, 66.60546875, 2.7065839767456055
v,195.395751953125, 66.60546875, -0.33040809631347656
v,195.80517578125, 66.0234375, -0.33037281036376953
v,195.804931640625, 66.0234375, 2.7066192626953125
v,196.595947265625, 67.439453125, 2.7067174911499023
v,197.000732421875, 66.865234375, 2.706751823425293
v,197.0009765625, 66.865234375, -0.33024024963378906
v,196.59619140625, 67.439453125, -0.3302745819091797
v,195.3955078125, 66.60546875, 2.7065839767456055
v,196.595947265625, 67.439453125, 2.7067174911499023
v,196.59619140625, 67.439453125, -0.3302745819091797
v,196.599609375, 67.44140625, -0.3302741050720215
v,196.599365234375, 67.44140625, 3.0841779708862305
v,195.39404296875, 66.60546875, 3.084043502807617
v,195.39453125, 66.60546875, -0.33040809631347656
v,195.395751953125, 66.60546875, -0.33040809631347656
v,195.39453125, 66.60546875, -0.33040809631347656
v,195.39404296875, 66.60546875, 3.084043502807617
v,194.79248046875, 67.47265625, 3.0839929580688477
v,194.79296875, 67.47265625, -0.3304591178894043
v,194.79248046875, 67.47265625, 3.0839929580688477
v,195.997314453125, 68.3095703125, 3.0841264724731445
v,195.99755859375, 68.3095703125, -0.3303251266479492
v,194.79296875, 67.47265625, -0.3304591178894043
v,195.997314453125, 68.3095703125, 3.0841264724731445
v,196.599365234375, 67.44140625, 3.0841779708862305
v,196.599609375, 67.44140625, -0.3302741050720215
v,195.99755859375, 68.3095703125, -0.3303251266479492
i,1,3,0
i,9,10,4
i,12,14,15
i,17,19,16
i,21,23,20
i,24,26,27
i,29,32,33
i,37,39,36
i,40,42,43
i,45,47,44
i,1,2,3
i,4,5,6
i,7,8,9
i,4,6,7
i,10,11,4
i,7,9,4
i,12,13,14
i,17,18,19
i,21,22,23
i,24,25,26
i,29,30,31
i,33,34,28
i,34,35,28
i,29,31,32
i,33,28,29
i,37,38,39
i,40,41,42
i,45,46,47
n,2.593592643737793, -3.68204665184021, 0.0001851736888056621
n,0.0004611090407706797, 5.6415996368741617e-05, -4.50379753112793
n,-0.0004604803107213229, -5.5258904467336833e-05, 4.50379753112793
n,-0.0004612203047145158, -5.6136359489755705e-05, 4.50379753112793
n,-3.684882164001465, -2.589562177658081, -0.00026308803353458643
n,3.68153715133667, 2.594316005706787, 0.00026284923660568893
n,2.5672738552093506, -3.70044207572937, -0.005115778185427189
n,-3.7004876136779785, -2.567213535308838, -0.00046999051119200885
n,-2.5696957111358643, 3.6987643241882324, -0.00032637122785672545
n,3.701256036758423, 2.566105604171753, 0.00023504406271968037
n,2.593592643737793, -3.68204665184021, 0.0001851736888056621
n,0.00046298583038151264, 5.3859606850892305e-05, -4.50379753112793
n,0.00013576560013461858, -0.00016970699653029442, -4.50379753112793
n,0.0004630749754142016, 5.380982474889606e-05, -4.50379753112793
n,0.0005307741230353713, 0.00010435848525958136, -4.50379753112793
n,0.00046111305709928274, 5.663582123816013e-05, -4.50379753112793
n,-0.00046298583038151264, -5.3859606850892305e-05, 4.50379753112793
n,-0.00046121925697661936, -5.607647472061217e-05, 4.50379753112793
n,-3.684882640838623, -2.58956241607666, -0.00026308809174224734
n,3.68153715133667, 2.594315767288208, 0.00026284923660568893
n,2.119434118270874, -3.9739389419555664, 0.0001513203897047788
n,2.5632686614990234, -3.703221082687378, 0.00032555495272390544
n,2.813500165939331, -3.5168750286102295, 0.00020087428856641054
n,2.107332944869995, -3.9803693294525146, 0.0001338237925665453
n,2.5684337615966797, -3.6996407508850098, 0.0003515857388265431
n,-3.7004873752593994, -2.5672130584716797, -0.00046999051119200885
n,-2.5693838596343994, 3.6989808082580566, -0.00016316580877173692
n,3.701256036758423, 2.566105604171753, 0.00023504406271968037
u,0.5881044864654541, 0.34259408712387085, 0
u,0.0, 0.11371929943561554, 0
u,0.5881044864654541, 0.11371929943561554, 0
u,0.0, 0.0, 0
u,0.0, 0.0, 0
u,0.0, 0.0, 0
u,0.5968292951583862, 0.06766919791698456, 0
u,0.9901102185249329, 0.2228488028049469, 0
u,0.5957245826721191, 0.22296270728111267, 0
u,0.5955377817153931, 0.45319420099258423, 0
u,0.9911873936653137, 0.22284850478172302, 0
u,0.9913535714149475, 0.45314690470695496, 0
u,0.0, 0.4540542960166931, 0
u,0.5881044864654541, 0.34259408712387085, 0
u,0.5881044864654541, 0.4540542960166931, 0
u,0.5881044864654541, 0.003759399987757206, 0
u,0.0, 0.11371929943561554, 0
u,0.0, 0.003759399987757206, 0
u,0.6974514126777649, 0.5221514105796814, 0
u,0.6966742277145386, 0.46276089549064636, 0
u,0.9822728037834167, 0.46276089549064636, 0
u,0.0, 0.46276089549064636, 0
u,0.20551609992980957, 1.0, 0
u,0.0, 1.0, 0
u,0.20551609992980957, 0.46276089549064636, 0
u,0.4910983145236969, 1.0, 0
u,0.20551609992980957, 1.0, 0
u,0.6966742277145386, 0.46276089549064636, 0
u,0.4910983145236969, 1.0, 0
u,0.4910983145236969, 0.46276089549064636, 0
u,0.5881044864654541, 0.34259408712387085, 0
u,0.0, 0.34259408712387085, 0
u,0.0, 0.11371929943561554, 0
u,0.0, 0.0, 0
u,0.0, 0.0, 0
u,0.0, 0.0, 0
u,0.0, 0.0, 0
u,0.0, 0.0, 0
u,0.0, 0.0, 0
u,0.0, 0.0, 0
u,0.0, 0.0, 0
u,0.0, 0.0, 0
u,0.0, 0.0, 0
u,0.0, 0.0, 0
u,0.0, 0.0, 0
u,0.0, 0.0, 0
u,0.0, 0.0, 0
u,0.0, 0.0, 0
u,0.5968292951583862, 0.06766919791698456, 0
u,0.9913535714149475, 0.0696462020277977, 0
u,0.9901102185249329, 0.2228488028049469, 0
u,0.5955377817153931, 0.45319420099258423, 0
u,0.5953487753868103, 0.2229629009962082, 0
u,0.9911873936653137, 0.22284850478172302, 0
u,0.0, 0.4540542960166931, 0
u,0.0, 0.34259408712387085, 0
u,0.5881044864654541, 0.34259408712387085, 0
u,0.5881044864654541, 0.003759399987757206, 0
u,0.5881044864654541, 0.11371929943561554, 0
u,0.0, 0.11371929943561554, 0
u,0.6974514126777649, 0.5221514105796814, 0
u,0.6974514126777649, 1.0, 0
u,0.6966742277145386, 1.0, 0
u,0.9822728037834167, 0.46276089549064636, 0
u,0.9822728037834167, 1.0, 0
u,0.982001781463623, 0.5221514105796814, 0
u,0.9822728037834167, 1.0, 0
u,0.982001781463623, 1.0, 0
u,0.982001781463623, 0.5221514105796814, 0
u,0.6974514126777649, 0.5221514105796814, 0
u,0.6966742277145386, 1.0, 0
u,0.6966742277145386, 0.46276089549064636, 0
u,0.9822728037834167, 0.46276089549064636, 0
u,0.982001781463623, 0.5221514105796814, 0
u,0.6974514126777649, 0.5221514105796814, 0
u,0.0, 0.46276089549064636, 0
u,0.20551609992980957, 0.46276089549064636, 0
u,0.20551609992980957, 1.0, 0
u,0.20551609992980957, 0.46276089549064636, 0
u,0.4910983145236969, 0.46276089549064636, 0
u,0.4910983145236969, 1.0, 0
u,0.6966742277145386, 0.46276089549064636, 0
u,0.6966742277145386, 1.0, 0
u,0.4910983145236969, 1.0, 0
