s,159.4267578125, 63.6318359375, -0.005258083343505859
b,163.624267578125, 68.33203125, 2.8411903381347656
v,163.3251953125, 67.6142578125, -0.0049190521240234375
v,163.3251953125, 67.6142578125, 0.6004400253295898
v,163.3251953125, 67.6142578125, 0.6004390716552734
v,163.3251953125, 67.6142578125, -0.0049190521240234375
v,159.4267578125, 64.583984375, -0.005258083343505859
v,162.432861328125, 68.33203125, -0.0049800872802734375
v,163.3251953125, 67.6142578125, -0.0049190521240234375
v,163.3251953125, 67.6142578125, -0.0049190521240234375
v,163.624267578125, 67.375, -0.0048980712890625
v,160.611328125, 63.6318359375, -0.005176544189453125
v,160.611328125, 63.6318359375, 0.21445369720458984
v,163.624267578125, 67.375, 0.20043134689331055
v,163.3251953125, 67.6142578125, 0.6004390716552734
v,163.3251953125, 67.6142578125, 0.6004400253295898
v,163.34521484375, 67.59765625, 0.5731582641601562
v,162.380859375, 66.3984375, 0.5776834487915039
v,162.613525390625, 66.1826171875, 0.24631929397583008
v,162.1640625, 65.6494140625, 0.2651557922363281
v,161.943603515625, 65.85546875, 0.5797348022460938
v,160.333740234375, 63.8544921875, 0.5872945785522461
v,160.3203125, 63.8662109375, 0.6051769256591797
v,161.925537109375, 65.8720703125, 0.6053237915039062
v,161.92431640625, 65.8740234375, 0.6072854995727539
v,160.31298828125, 63.87109375, 0.6151676177978516
v,161.925537109375, 65.8720703125, 0.6053237915039062
v,160.3203125, 63.8662109375, 0.6051769256591797
v,160.333740234375, 63.8544921875, 0.6051778793334961
v,161.943603515625, 65.85546875, 0.6053247451782227
v,162.380859375, 66.3984375, 0.6053657531738281
v,163.34521484375, 67.59765625, 0.6054563522338867
v,162.4326171875, 68.33203125, 0.6053934097290039
v,159.4267578125, 64.583984375, 0.6051149368286133
v,160.31298828125, 63.87109375, 0.6051759719848633
v,161.92431640625, 65.8740234375, 0.6053237915039062
v,161.573486328125, 66.2021484375, 0.6052999496459961
v,162.021240234375, 66.7333984375, 0.6053409576416016
v,162.021240234375, 66.7333984375, 2.839949607849121
v,161.5732421875, 66.2021484375, 2.8411903381347656
v,162.1640625, 65.6494140625, 1.973219871520996
v,162.61328125, 66.1826171875, 1.971482276916504
v,163.624267578125, 67.375, -0.0048980712890625
v,163.624267578125, 67.375, 0.20043134689331055
v,160.611328125, 63.6318359375, 0.21445369720458984
v,160.611328125, 63.6318359375, -0.005176544189453125
v,163.3251953125, 67.6142578125, -0.0049190521240234375
v,163.3251953125, 67.6142578125, 0.6004390716552734
v,163.624267578125, 67.375, 0.20043134689331055
v,163.624267578125, 67.375, -0.0048980712890625
v,161.92431640625, 65.8740234375, 0.6053237915039062
v,160.31298828125, 63.87109375, 0.6051759719848633
v,160.31298828125, 63.87109375, 0.6151676177978516
v,161.92431640625, 65.8740234375, 0.6072854995727539
v,163.3251953125, 67.6142578125, -0.0049190521240234375
v,162.432861328125, 68.33203125, -0.0049800872802734375
v,162.4326171875, 68.33203125, 0.6053934097290039
v,163.34521484375, 67.59765625, 0.6054563522338867
v,163.34521484375, 67.59765625, 0.5731582641601562
v,163.3251953125, 67.6142578125, 0.6004400253295898
v,159.4267578125, 64.583984375, -0.005258083343505859
v,159.4267578125, 64.583984375, 0.6051149368286133
v,162.4326171875, 68.33203125, 0.6053934097290039
v,162.432861328125, 68.33203125, -0.0049800872802734375
v,160.3203125, 63.8662109375, 0.6051769256591797
v,160.31298828125, 63.87109375, 0.6151676177978516
v,160.31298828125, 63.87109375, 0.6051759719848633
v,159.4267578125, 64.583984375, 0.6051149368286133
v,159.4267578125, 64.583984375, -0.005258083343505859
v,160.611328125, 63.6318359375, -0.005176544189453125
v,160.611328125, 63.6318359375, 0.21445369720458984
v,160.333740234375, 63.8544921875, 0.5872945785522461
v,160.333740234375, 63.8544921875, 0.6051778793334961
v,160.333740234375, 63.8544921875, 0.5872945785522461
v,161.943603515625, 65.85546875, 0.5797348022460938
v,161.943603515625, 65.85546875, 0.6053247451782227
v,160.333740234375, 63.8544921875, 0.6051778793334961
v,162.380859375, 66.3984375, 0.5776834487915039
v,163.34521484375, 67.59765625, 0.5731582641601562
v,163.34521484375, 67.59765625, 0.6054563522338867
v,162.380859375, 66.3984375, 0.6053657531738281
v,162.1640625, 65.6494140625, 0.2651557922363281
v,162.613525390625, 66.1826171875, 0.24631929397583008
v,162.61328125, 66.1826171875, 1.971482276916504
v,162.1640625, 65.6494140625, 1.973219871520996
v,161.925537109375, 65.8720703125, 0.6053237915039062
v,161.943603515625, 65.85546875, 0.6053247451782227
v,161.943603515625, 65.85546875, 0.5797348022460938
v,162.1640625, 65.6494140625, 0.2651557922363281
v,162.1640625, 65.6494140625, 1.973219871520996
v,161.5732421875, 66.2021484375, 2.8411903381347656
v,161.573486328125, 66.2021484375, 0.6052999496459961
v,161.92431640625, 65.8740234375, 0.6053237915039062
v,161.92431640625, 65.8740234375, 0.6072854995727539
v,162.021240234375, 66.7333984375, 0.6053409576416016
v,161.573486328125, 66.2021484375, 0.6052999496459961
v,161.5732421875, 66.2021484375, 2.8411903381347656
v,162.021240234375, 66.7333984375, 2.839949607849121
v,162.021240234375, 66.7333984375, 2.839949607849121
v,162.61328125, 66.1826171875, 1.971482276916504
v,162.613525390625, 66.1826171875, 0.24631929397583008
v,162.380859375, 66.3984375, 0.5776834487915039
v,162.380859375, 66.3984375, 0.6053657531738281
v,162.021240234375, 66.7333984375, 0.6053409576416016
i,0,2,3
i,6,8,9
i,11,13,14
i,21,23,20
i,25,27,24
i,30,34,35
i,37,39,36
i,41,43,40
i,44,46,47
i,49,51,48
i,54,55,57
i,58,60,61
i,64,66,69
i,71,73,74
i,75,77,78
i,79,81,82
i,89,91,87
i,93,95,92
i,100,101,97
i,0,1,2
i,9,4,6
i,4,5,6
i,6,7,8
i,14,15,11
i,15,16,11
i,17,18,19
i,17,19,10
i,16,17,10
i,16,10,11
i,11,12,13
i,21,22,23
i,25,26,27
i,35,28,29
i,30,31,34
i,31,32,34
i,32,33,34
i,35,29,30
i,37,38,39
i,41,42,43
i,44,45,46
i,49,50,51
i,57,52,53
i,55,56,57
i,57,53,54
i,58,59,60
i,62,63,64
i,64,65,66
i,66,67,69
i,67,68,69
i,69,70,62
i,62,64,69
i,71,72,73
i,75,76,77
i,79,80,81
i,91,83,84
i,84,85,86
i,86,87,84
i,87,88,89
i,84,87,91
i,89,90,91
i,93,94,95
i,101,96,97
i,97,98,100
i,98,99,100
n,0.0, 0.0, 4.50379753112793
n,0.00035695303813554347, 4.79738628200721e-05, -4.50379753112793
n,2.1556901931762695, -2.4719507694244385, 3.0865273475646973
n,2.6115221977233887, -2.090115785598755, 3.0158848762512207
n,-0.00041849087574519217, 5.936509751336416e-06, 4.50379753112793
n,-0.0003481469175312668, -5.83734035899397e-05, 4.50379753112793
n,2.5258829593658447, -2.1210949420928955, 3.066767454147339
n,3.508552074432373, -2.8238723278045654, 0.0
n,2.8072710037231445, 3.5218491554260254, 0.0
n,-3.508854866027832, 2.823495864868164, 0.0
n,2.8219711780548096, 3.5058228969573975, 0.17285040020942688
n,-3.513223171234131, 2.818058490753174, -0.001248047105036676
n,-2.810842752456665, -3.518878221511841, -0.029179422184824944
n,3.5089592933654785, -2.823366165161133, 0.0
n,3.508934497833252, -2.823397397994995, 0.0
n,3.4447145462036133, -2.901401996612549, 0.0
n,-3.0750458240509033, -3.290635347366333, -0.0017735291039571166
n,-3.4448957443237305, 2.90118670463562, 0.0
n,3.069338083267212, 3.2959601879119873, -0.0011990006314590573
n,0.0, 0.0, 4.50379753112793
n,0.00035095028579235077, 5.206472997087985e-05, -4.50379753112793
n,0.00035034993197768927, 5.283724385662936e-05, -4.50379753112793
n,0.0, 0.0, 4.50379753112793
n,2.54111647605896, -2.0329060554504395, 3.113553285598755
n,2.5421509742736816, -2.0351040363311768, 3.111271858215332
n,2.541154623031616, -2.0328917503356934, 3.1135311126708984
n,2.5427253246307373, -2.0349676609039307, 3.110891580581665
n,2.55661678314209, -2.045201539993286, 3.092742443084717
n,2.534520149230957, -2.028224468231201, 3.1219711303710938
n,2.8072710037231445, 3.5218491554260254, 0.0
n,2.4025235176086426, -1.920308232307434, 3.2900590896606445
n,-0.00033554251422174275, -6.174379086587578e-05, 4.50379753112793
n,-0.00035718901199288666, -5.3124076657695696e-05, 4.50379753112793
n,-0.000341298378771171, -6.113544077379629e-05, 4.50379753112793
n,-0.0003499151789583266, -4.969901783624664e-05, 4.50379753112793
n,-0.0003505658532958478, -4.9347043386660516e-05, 4.50379753112793
n,-0.000354897347278893, -5.663635238306597e-05, 4.50379753112793
n,2.5268614292144775, -2.1183242797851562, 3.0678763389587402
n,3.508552074432373, -2.8238725662231445, 0.0
n,2.8072710037231445, 3.5218493938446045, 0.0
n,-3.508854627609253, 2.823495864868164, 0.0
n,2.823885440826416, 3.5085413455963135, 0.0
n,2.8499321937561035, 3.487416982650757, 0.0
n,2.823472261428833, 3.508873701095581, 0.0010030181147158146
n,-3.513322353363037, 2.81793475151062, 0.0
n,-2.597264528274536, -3.679457664489746, 0.0
n,-2.823122501373291, -3.509155035018921, 0.0
n,-2.8216400146484375, -3.5103466510772705, -0.002153649227693677
n,-2.818847179412842, -3.5125906467437744, 0.0
n,-2.894195318222046, -3.4507715702056885, 0.0
n,-2.5886945724487305, -3.66725754737854, 0.3661618232727051
n,3.5089592933654785, -2.823366165161133, 0.0
n,3.508934497833252, -2.823397159576416, 0.0
n,3.4440319538116455, -2.9022116661071777, 0.00043287064181640744
n,-2.9800686836242676, -3.254456043243408, 0.9010533094406128
n,-3.0794713497161865, -3.286494731903076, 0.0
n,-3.0794713497161865, -3.286494731903076, 0.0
n,-3.076868772506714, -3.288931131362915, -0.00029838678892701864
n,-3.0911405086517334, -3.275519609451294, 0.0035358183085918427
n,-3.075051784515381, -3.29063081741333, 0.0
n,-3.444204330444336, 2.902008295059204, -0.000334010022925213
n,3.0678551197052, 3.2973406314849854, 0.0
n,3.064343214035034, 3.300604820251465, 0.0003851485962513834
n,3.064023971557617, 3.300901174545288, 0.0
u,0.7568709850311279, 0.9932858943939209, 0
u,0.7568858861923218, 0.8766521215438843, 0
u,0.7568858861923218, 0.9932858943939209, 0
u,0.0, 0.0, 0
u,0.0, 0.0, 0
u,0.0, 0.0, 0
u,0.9242861866950989, 0.5330396890640259, 0
u,0.9242656826972961, 0.6792209148406982, 0
u,0.924247682094574, 0.6692510843276978, 0
u,0.9248554706573486, 0.7518389821052551, 0
u,0.5983086824417114, 0.7525578737258911, 0
u,0.5983129739761353, 0.7488986849784851, 0
u,2.680000034160912e-05, 0.7020729184150696, 0
u,0.3180280029773712, 0.6976621747016907, 0
u,0.3182525932788849, 0.703974723815918, 0
u,0.5949075222015381, 1.0, 0
u,0.3226667046546936, 0.8280298709869385, 0
u,0.40872469544410706, 0.8240193128585815, 0
u,0.7519270181655884, 0.9950695037841797, 0
u,0.6032013297080994, 0.8101304769515991, 0
u,0.7547833919525146, 0.8101304769515991, 0
u,0.6004227995872498, 0.7592527866363525, 0
u,0.9789733290672302, 0.7929515838623047, 0
u,0.6004227995872498, 0.7929515838623047, 0
u,0.7568858861923218, 0.9932858943939209, 0
u,0.7922434210777283, 0.9537252187728882, 0
u,0.7922434210777283, 0.9932858943939209, 0
u,0.7905229926109314, 0.8002222776412964, 0
u,0.6004227995872498, 0.8005247712135315, 0
u,0.6004227995872498, 0.8002222776412964, 0
u,0.5834224820137024, 0.01044089999049902, 0
u,0.6915096044540405, 0.01044089999049902, 0
u,0.6891040802001953, 0.011404899880290031, 0
u,0.14025600254535675, 0.12775330245494843, 0
u,0.5834224820137024, 0.01044089999049902, 0
u,0.5834224820137024, 0.12775330245494843, 0
u,0.0353332981467247, 0.01044089999049902, 0
u,0.14025600254535675, 0.12775330245494843, 0
u,0.03287560120224953, 0.01387799996882677, 0
u,0.9977629780769348, 0.9943264722824097, 0
u,0.7949259877204895, 0.9913833737373352, 0
u,0.9977629780769348, 0.9913833737373352, 0
u,0.8334149718284607, 0.015761399641633034, 0
u,0.6915096044540405, 0.01044089999049902, 0
u,0.8334149718284607, 0.01044089999049902, 0
u,0.30904749035835266, 0.6819769144058228, 0
u,0.23720400035381317, 0.31750011444091797, 0
u,0.3087243139743805, 0.3168450891971588, 0
u,0.08318199962377548, 0.6101238131523132, 0
u,0.03391119837760925, 0.6098936200141907, 0
u,0.0, 0.3180314898490906, 0
u,0.08318199962377548, 0.6101238131523132, 0
u,0.1540796011686325, 0.13215860724449158, 0
u,0.1545024961233139, 0.6098496913909912, 0
u,0.2048746943473816, 0.6096560955047607, 0
u,0.1545024961233139, 0.6098496913909912, 0
u,0.23720400035381317, 0.31750011444091797, 0
u,0.7568709850311279, 0.9932858943939209, 0
u,0.7568709850311279, 0.8766520023345947, 0
u,0.7568858861923218, 0.8766521215438843, 0
u,0.0, 0.0, 0
u,0.0, 0.0, 0
u,0.0, 0.0, 0
u,0.0, 0.0, 0
u,0.0, 0.0, 0
u,0.0, 0.0, 0
u,0.0, 0.0, 0
u,0.0, 0.0, 0
u,0.0, 0.0, 0
u,0.924247682094574, 0.6692510843276978, 0
u,0.7292168140411377, 0.6715949773788452, 0
u,0.9242861866950989, 0.5330396890640259, 0
u,0.7292168140411377, 0.6715949773788452, 0
u,0.7261282801628113, 0.5505102276802063, 0
u,0.9242861866950989, 0.5330396890640259, 0
u,0.6377853751182556, 0.5577061772346497, 0
u,0.6408110857009888, 0.6726573705673218, 0
u,0.3152373135089874, 0.6765701174736023, 0
u,0.6377853751182556, 0.5577061772346497, 0
u,0.3152373135089874, 0.6765701174736023, 0
u,0.31501060724258423, 0.540317714214325, 0
u,0.7261282801628113, 0.5505102276802063, 0
u,0.6377853751182556, 0.5577061772346497, 0
u,0.31501060724258423, 0.540317714214325, 0
u,0.7261282801628113, 0.5505102276802063, 0
u,0.31501060724258423, 0.540317714214325, 0
u,0.9242861866950989, 0.5330396890640259, 0
u,0.9242861866950989, 0.5330396890640259, 0
u,0.9242861866950989, 0.6792206168174744, 0
u,0.9242656826972961, 0.6792209148406982, 0
u,0.9248554706573486, 0.7518389821052551, 0
u,0.9248723983764648, 0.7525578737258911, 0
u,0.5983086824417114, 0.7525578737258911, 0
u,2.680000034160912e-05, 0.7020729184150696, 0
u,2.719999974942766e-05, 0.6976621747016907, 0
u,0.3180280029773712, 0.6976621747016907, 0
u,0.40872469544410706, 0.8240193128585815, 0
u,0.40437740087509155, 0.6976621747016907, 0
u,0.5948718190193176, 0.6976621747016907, 0
u,0.5949075222015381, 1.0, 0
u,0.0, 0.998023271560669, 0
u,0.3226667046546936, 0.8280298709869385, 0
u,0.0, 0.998023271560669, 0
u,2.660000063769985e-05, 0.7045369148254395, 0
u,0.3226667046546936, 0.8280298709869385, 0
u,2.660000063769985e-05, 0.7045369148254395, 0
u,0.3182697892189026, 0.7044587731361389, 0
u,0.3226667046546936, 0.8280298709869385, 0
u,0.40872469544410706, 0.8240193128585815, 0
u,0.5948718190193176, 0.6976621747016907, 0
u,0.5949075222015381, 1.0, 0
u,0.7519270181655884, 0.9950695037841797, 0
u,0.6004227995872498, 0.9955946803092957, 0
u,0.6032013297080994, 0.8101304769515991, 0
u,0.6004227995872498, 0.7592527866363525, 0
u,0.9789733290672302, 0.7569057941436768, 0
u,0.9789733290672302, 0.7929515838623047, 0
u,0.7568858861923218, 0.9932858943939209, 0
u,0.7568858861923218, 0.8766521215438843, 0
u,0.7922434210777283, 0.9537252187728882, 0
u,0.7905229926109314, 0.8002222776412964, 0
u,0.7905229926109314, 0.8017621040344238, 0
u,0.6004227995872498, 0.8005247712135315, 0
u,0.6891040802001953, 0.011404899880290031, 0
u,0.6891040802001953, 0.12775330245494843, 0
u,0.5834224820137024, 0.12775330245494843, 0
u,0.6915096044540405, 0.01044089999049902, 0
u,0.6915096044540405, 0.01664859987795353, 0
u,0.6891040802001953, 0.011404899880290031, 0
u,0.6891040802001953, 0.011404899880290031, 0
u,0.5834224820137024, 0.12775330245494843, 0
u,0.5834224820137024, 0.01044089999049902, 0
u,0.14025600254535675, 0.12775330245494843, 0
u,0.14025600254535675, 0.01044089999049902, 0
u,0.5834224820137024, 0.01044089999049902, 0
u,0.0344524011015892, 0.01044089999049902, 0
u,0.0353332981467247, 0.0085207000374794, 0
u,0.0353332981467247, 0.01044089999049902, 0
u,0.0353332981467247, 0.01044089999049902, 0
u,0.14025600254535675, 0.01044089999049902, 0
u,0.14025600254535675, 0.12775330245494843, 0
u,0.14025600254535675, 0.12775330245494843, 0
u,0.0, 0.12775330245494843, 0
u,0.03287560120224953, 0.01387799996882677, 0
u,0.0, 0.12775330245494843, 0
u,0.0, 0.0855410024523735, 0
u,0.03287560120224953, 0.01387799996882677, 0
u,0.03287560120224953, 0.01387799996882677, 0
u,0.03287560120224953, 0.01044089999049902, 0
u,0.0344524011015892, 0.01044089999049902, 0
u,0.0344524011015892, 0.01044089999049902, 0
u,0.0353332981467247, 0.01044089999049902, 0
u,0.03287560120224953, 0.01387799996882677, 0
u,0.9977629780769348, 0.9943264722824097, 0
u,0.7949259877204895, 0.9955946803092957, 0
u,0.7949259877204895, 0.9913833737373352, 0
u,0.8334149718284607, 0.015761399641633034, 0
u,0.6915096044540405, 0.01664859987795353, 0
u,0.6915096044540405, 0.01044089999049902, 0
u,0.30904749035835266, 0.6819769144058228, 0
u,0.2375303953886032, 0.6862872838973999, 0
u,0.23720400035381317, 0.31750011444091797, 0
u,0.03391119837760925, 0.6098936200141907, 0
u,0.033718500286340714, 0.610313892364502, 0
u,0.031201599165797234, 0.6103234887123108, 0
u,0.031201599165797234, 0.6103234887123108, 0
u,0.031206399202346802, 0.6157938241958618, 0
u,0.0003231999871786684, 0.6831634044647217, 0
u,0.0003231999871786684, 0.6831634044647217, 0
u,0.0, 0.3180314898490906, 0
u,0.031201599165797234, 0.6103234887123108, 0
u,0.0, 0.3180314898490906, 0
u,0.08275890350341797, 0.13215860724449158, 0
u,0.08318199962377548, 0.6101238131523132, 0
u,0.031201599165797234, 0.6103234887123108, 0
u,0.0, 0.3180314898490906, 0
u,0.03391119837760925, 0.6098936200141907, 0
u,0.08318199962377548, 0.6101238131523132, 0
u,0.03391150012612343, 0.6103131175041199, 0
u,0.03391119837760925, 0.6098936200141907, 0
u,0.08318199962377548, 0.6101238131523132, 0
u,0.08275890350341797, 0.13215860724449158, 0
u,0.1540796011686325, 0.13215860724449158, 0
u,0.1545024961233139, 0.6098496913909912, 0
u,0.1540796011686325, 0.13215860724449158, 0
u,0.23720400035381317, 0.31750011444091797, 0
u,0.23720400035381317, 0.31750011444091797, 0
u,0.2375303953886032, 0.6862872838973999, 0
u,0.2048746943473816, 0.6096560955047607, 0
u,0.2375303953886032, 0.6862872838973999, 0
u,0.2048799991607666, 0.6155735850334167, 0
u,0.2048746943473816, 0.6096560955047607, 0
