s,44.669189453125, 132.27734375, -1.484877586364746
b,49.045166015625, 137.6640625, 7.025216579437256
v,48.958251953125, 135.1279296875, -1.4847116470336914
v,48.958251953125, 135.1279296875, 5.710694789886475
v,47.51904296875, 135.1396484375, 6.057149410247803
v,47.51904296875, 135.140625, -1.484708309173584
v,47.518798828125, 135.140625, -1.484708309173584
v,47.51904296875, 135.142578125, -1.484708309173584
v,47.06494140625, 135.0986328125, -1.4847099781036377
v,47.0107421875, 133.55859375, -1.4848017692565918
v,47.1396484375, 132.27734375, -1.484877586364746
v,46.348388671875, 132.287109375, -1.484874963760376
v,46.33740234375, 132.400390625, -1.4848682880401611
v,45.291259765625, 132.439453125, -1.4848623275756836
v,44.678955078125, 133.2177734375, -1.484814167022705
v,44.669189453125, 133.501953125, -1.484797477722168
v,44.734619140625, 133.5, -1.484797477722168
v,44.740234375, 137.560546875, -1.484551191329956
v,45.873779296875, 137.58203125, -1.4845540523529053
v,45.8740234375, 137.5888671875, -1.484553575515747
v,47.60595703125, 137.66015625, -1.4845540523529053
v,47.60595703125, 137.6640625, -1.484553575515747
v,49.045166015625, 137.65234375, -1.4845566749572754
v,48.9580078125, 135.1279296875, -1.4847116470336914
v,46.658447265625, 133.5654296875, 6.895238399505615
v,46.943115234375, 133.55859375, 6.895236492156982
v,46.953369140625, 134.06640625, 6.895267009735107
v,46.668701171875, 134.0712890625, 6.895267963409424
v,45.853759765625, 135.9013671875, 5.772995471954346
v,45.763427734375, 133.4375, 5.772847652435303
v,45.71728515625, 133.4345703125, 5.772847652435303
v,45.714599609375, 133.3701171875, 5.772843837738037
v,46.65380859375, 133.3359375, 5.772839069366455
v,46.658447265625, 133.5654296875, 5.772852420806885
v,46.668701171875, 134.0712890625, 5.772881984710693
v,46.671875, 134.2216796875, 5.772891521453857
v,46.17822265625, 134.2216796875, 5.77289342880249
v,46.17919921875, 135.40625, 5.772964000701904
v,46.696044921875, 135.4052734375, 5.7729620933532715
v,46.700439453125, 135.6201171875, 5.772975444793701
v,46.33251953125, 135.6220703125, 5.772977352142334
v,46.3369140625, 136.2783203125, 5.773016452789307
v,46.7138671875, 136.275390625, 5.77301549911499
v,46.74169921875, 137.6240234375, 5.773098468780518
v,45.8740234375, 137.5888671875, 5.773098468780518
v,45.760986328125, 134.5966796875, 5.772916316986084
v,47.51904296875, 135.1416015625, 5.772944927215576
v,47.60595703125, 137.66015625, 5.773098468780518
v,46.74169921875, 137.6240234375, 5.773098468780518
v,46.7138671875, 136.275390625, 5.77301549911499
v,46.829833984375, 136.2744140625, 5.77301549911499
v,46.8251953125, 135.619140625, 5.772975444793701
v,46.700439453125, 135.6201171875, 5.772975444793701
v,46.696044921875, 135.4052734375, 5.7729620933532715
v,47.017578125, 135.4052734375, 5.7729620933532715
v,47.0166015625, 134.2216796875, 5.772890567779541
v,46.671875, 134.2216796875, 5.772891521453857
v,46.668701171875, 134.0712890625, 5.772881984710693
v,46.953369140625, 134.06640625, 5.772881031036377
v,46.943115234375, 133.55859375, 5.772851467132568
v,46.658447265625, 133.5654296875, 5.772852420806885
v,46.65380859375, 133.3359375, 5.772839069366455
v,47.00244140625, 133.32421875, 5.772837162017822
v,47.06494140625, 135.09765625, 5.772943019866943
v,46.519287109375, 134.2216796875, 6.435665607452393
v,46.51513671875, 134.564453125, 6.4356865882873535
v,46.509765625, 135.03125, 6.435714244842529
v,46.50537109375, 135.4052734375, 6.435737133026123
v,46.17919921875, 135.40625, 6.4357380867004395
v,46.17822265625, 134.2216796875, 6.435667514801025
v,46.783935546875, 135.0341796875, 6.435714244842529
v,46.789794921875, 134.56640625, 6.435685634613037
v,46.51513671875, 134.564453125, 6.4356865882873535
v,46.519287109375, 134.2216796875, 6.435665607452393
v,47.0166015625, 134.2216796875, 6.435664653778076
v,47.017578125, 135.4052734375, 6.435736179351807
v,46.50537109375, 135.4052734375, 6.435737133026123
v,46.509765625, 135.03125, 6.435714244842529
v,46.51513671875, 134.5634765625, 7.02518892288208
v,46.789794921875, 134.56640625, 7.025187969207764
v,46.783935546875, 135.0341796875, 7.025216579437256
v,46.509765625, 135.03125, 7.025216579437256
v,46.33251953125, 135.6220703125, 6.149325847625732
v,46.8251953125, 135.619140625, 6.1493239402771
v,46.829833984375, 136.2744140625, 6.149363994598389
v,46.3369140625, 136.2783203125, 6.1493659019470215
v,45.249267578125, 133.400390625, 4.554986476898193
v,45.536376953125, 133.0341796875, 4.5549635887146
v,46.288330078125, 133.0068359375, 4.554958820343018
v,46.28564453125, 133.080078125, 4.5549635887146
v,46.270263671875, 133.080078125, 4.554964542388916
v,46.24365234375, 133.3505859375, 4.5549798011779785
v,45.714599609375, 133.3701171875, 4.554982662200928
v,45.71728515625, 133.4345703125, 4.554986476898193
v,46.288330078125, 133.0068359375, 4.7325873374938965
v,45.536376953125, 133.0341796875, 4.732591152191162
v,45.249267578125, 133.400390625, 4.732614040374756
v,45.169189453125, 133.39453125, 4.732614040374756
v,45.503173828125, 132.96875, 4.7325873374938965
v,46.357177734375, 132.9375, 4.7325825691223145
v,46.346435546875, 133.248046875, 4.732600688934326
v,46.279541015625, 133.2490234375, 4.732601642608643
v,46.2841796875, 132.9404296875, 3.824460506439209
v,45.503173828125, 132.96875, 3.824465274810791
v,45.169189453125, 133.39453125, 3.824491024017334
v,44.740478515625, 133.36328125, 3.824491024017334
v,44.744873046875, 133.2421875, 3.824484348297119
v,45.32470703125, 132.50390625, 3.8244385719299316
v,46.3310546875, 132.4658203125, 3.824432849884033
v,46.346435546875, 132.4658203125, 4.002060413360596
v,45.32470703125, 132.50390625, 4.002066135406494
v,44.744873046875, 133.2421875, 4.002111911773682
v,44.740478515625, 133.36328125, 4.0021185874938965
v,44.734619140625, 133.36328125, 4.0021185874938965
v,44.73486328125, 133.4990234375, 4.002127170562744
v,44.669189453125, 133.5009765625, 4.002127170562744
v,44.678955078125, 133.2177734375, 4.002110958099365
v,45.291259765625, 132.439453125, 4.0020623207092285
v,46.415283203125, 132.396484375, 4.00205659866333
v,46.409912109375, 132.55078125, 4.002065181732178
v,46.34326171875, 132.55078125, 4.002065181732178
v,47.1396484375, 132.27734375, 3.7291064262390137
v,47.0107421875, 133.55859375, 5.070133686065674
v,47.00244140625, 133.32421875, 4.823437213897705
v,46.24365234375, 133.3505859375, 4.838156223297119
v,46.270263671875, 133.080078125, 4.554964542388916
v,46.28564453125, 133.080078125, 4.5549635887146
v,46.279541015625, 133.2490234375, 4.732601642608643
v,46.346435546875, 133.248046875, 4.732600688934326
v,46.357177734375, 132.9375, 4.406761646270752
v,46.2841796875, 132.9404296875, 4.408257007598877
v,46.3310546875, 132.4658203125, 3.912750720977783
v,46.346435546875, 132.4658203125, 3.9124274253845215
v,46.34326171875, 132.55078125, 4.002065181732178
v,46.409912109375, 132.55078125, 4.002065181732178
v,46.415283203125, 132.396484375, 3.8411355018615723
v,46.33740234375, 132.3994140625, 3.8427720069885254
v,46.3486328125, 132.287109375, 3.7251858711242676
v,45.760986328125, 134.5966796875, 5.772916316986084
v,45.873779296875, 137.58203125, 5.607583522796631
v,44.740234375, 137.560546875, 3.720242977142334
v,44.734619140625, 133.36328125, 4.207255840301514
v,45.763427734375, 133.4375, 5.913839817047119
v,45.853759765625, 135.9013671875, 5.772995471954346
v,49.045166015625, 137.65234375, 5.7039475440979
v,47.60595703125, 137.6630859375, 6.050399303436279
v,47.518798828125, 135.1396484375, 6.057149410247803
v,48.9580078125, 135.1279296875, 5.710694789886475
v,46.953369140625, 134.06640625, 5.772881031036377
v,46.668701171875, 134.0712890625, 5.772881984710693
v,46.668701171875, 134.0712890625, 6.895267963409424
v,46.953369140625, 134.06640625, 6.895267009735107
v,46.943115234375, 133.55859375, 5.772851467132568
v,46.953369140625, 134.06640625, 5.772881031036377
v,46.953369140625, 134.06640625, 6.895267009735107
v,46.943115234375, 133.55859375, 6.895236492156982
v,46.658447265625, 133.5654296875, 5.772852420806885
v,46.943115234375, 133.55859375, 5.772851467132568
v,46.943115234375, 133.55859375, 6.895236492156982
v,46.658447265625, 133.5654296875, 6.895238399505615
v,46.668701171875, 134.0712890625, 5.772881984710693
v,46.658447265625, 133.5654296875, 5.772852420806885
v,46.658447265625, 133.5654296875, 6.895238399505615
v,46.668701171875, 134.0712890625, 6.895267963409424
v,47.51904296875, 135.142578125, -1.484708309173584
v,47.51904296875, 135.1416015625, 5.772944927215576
v,47.06494140625, 135.09765625, 5.772943019866943
v,47.06494140625, 135.0986328125, -1.4847099781036377
v,47.0107421875, 133.55859375, -1.4848017692565918
v,47.06494140625, 135.0986328125, -1.4847099781036377
v,47.06494140625, 135.09765625, 5.772943019866943
v,47.00244140625, 133.32421875, 5.772837162017822
v,47.00244140625, 133.32421875, 4.823437213897705
v,47.0107421875, 133.55859375, 5.070133686065674
v,45.760986328125, 134.5966796875, 5.772916316986084
v,45.8740234375, 137.5888671875, 5.773098468780518
v,45.8740234375, 137.5888671875, -1.484553575515747
v,45.873779296875, 137.58203125, -1.4845540523529053
v,45.873779296875, 137.58203125, 5.607583522796631
v,47.60595703125, 137.66015625, 5.773098468780518
v,47.60595703125, 137.66015625, -1.4845540523529053
v,45.8740234375, 137.5888671875, -1.484553575515747
v,45.8740234375, 137.5888671875, 5.773098468780518
v,46.74169921875, 137.6240234375, 5.773098468780518
v,46.24365234375, 133.3505859375, 4.838156223297119
v,47.00244140625, 133.32421875, 4.823437213897705
v,47.00244140625, 133.32421875, 5.772837162017822
v,46.65380859375, 133.3359375, 5.772839069366455
v,45.714599609375, 133.3701171875, 5.772843837738037
v,45.714599609375, 133.3701171875, 4.554982662200928
v,46.24365234375, 133.3505859375, 4.5549798011779785
v,45.71728515625, 133.4345703125, 5.772847652435303
v,45.71728515625, 133.4345703125, 4.554986476898193
v,45.714599609375, 133.3701171875, 4.554982662200928
v,45.714599609375, 133.3701171875, 5.772843837738037
v,47.017578125, 135.4052734375, 5.7729620933532715
v,46.696044921875, 135.4052734375, 5.7729620933532715
v,46.17919921875, 135.40625, 5.772964000701904
v,46.17919921875, 135.40625, 6.4357380867004395
v,46.50537109375, 135.4052734375, 6.435737133026123
v,47.017578125, 135.4052734375, 6.435736179351807
v,47.0166015625, 134.2216796875, 5.772890567779541
v,47.017578125, 135.4052734375, 5.7729620933532715
v,47.017578125, 135.4052734375, 6.435736179351807
v,47.0166015625, 134.2216796875, 6.435664653778076
v,46.17822265625, 134.2216796875, 5.77289342880249
v,46.671875, 134.2216796875, 5.772891521453857
v,47.0166015625, 134.2216796875, 5.772890567779541
v,47.0166015625, 134.2216796875, 6.435664653778076
v,46.519287109375, 134.2216796875, 6.435665607452393
v,46.17822265625, 134.2216796875, 6.435667514801025
v,46.17919921875, 135.40625, 5.772964000701904
v,46.17822265625, 134.2216796875, 5.77289342880249
v,46.17822265625, 134.2216796875, 6.435667514801025
v,46.17919921875, 135.40625, 6.4357380867004395
v,46.783935546875, 135.0341796875, 7.025216579437256
v,46.783935546875, 135.0341796875, 6.435714244842529
v,46.509765625, 135.03125, 6.435714244842529
v,46.509765625, 135.03125, 7.025216579437256
v,46.789794921875, 134.56640625, 7.025187969207764
v,46.789794921875, 134.56640625, 6.435685634613037
v,46.783935546875, 135.0341796875, 6.435714244842529
v,46.783935546875, 135.0341796875, 7.025216579437256
v,46.51513671875, 134.5634765625, 7.02518892288208
v,46.51513671875, 134.564453125, 6.4356865882873535
v,46.789794921875, 134.56640625, 6.435685634613037
v,46.789794921875, 134.56640625, 7.025187969207764
v,46.509765625, 135.03125, 7.025216579437256
v,46.509765625, 135.03125, 6.435714244842529
v,46.51513671875, 134.564453125, 6.4356865882873535
v,46.51513671875, 134.5634765625, 7.02518892288208
v,46.829833984375, 136.2744140625, 5.77301549911499
v,46.7138671875, 136.275390625, 5.77301549911499
v,46.3369140625, 136.2783203125, 5.773016452789307
v,46.3369140625, 136.2783203125, 6.1493659019470215
v,46.829833984375, 136.2744140625, 6.149363994598389
v,46.8251953125, 135.619140625, 5.772975444793701
v,46.829833984375, 136.2744140625, 5.77301549911499
v,46.829833984375, 136.2744140625, 6.149363994598389
v,46.8251953125, 135.619140625, 6.1493239402771
v,46.33251953125, 135.6220703125, 5.772977352142334
v,46.700439453125, 135.6201171875, 5.772975444793701
v,46.8251953125, 135.619140625, 5.772975444793701
v,46.8251953125, 135.619140625, 6.1493239402771
v,46.33251953125, 135.6220703125, 6.149325847625732
v,46.3369140625, 136.2783203125, 5.773016452789307
v,46.33251953125, 135.6220703125, 5.772977352142334
v,46.33251953125, 135.6220703125, 6.149325847625732
v,46.3369140625, 136.2783203125, 6.1493659019470215
v,46.279541015625, 133.2490234375, 4.732601642608643
v,46.28564453125, 133.080078125, 4.5549635887146
v,46.288330078125, 133.0068359375, 4.554958820343018
v,46.288330078125, 133.0068359375, 4.7325873374938965
v,45.536376953125, 133.0341796875, 4.5549635887146
v,45.536376953125, 133.0341796875, 4.732591152191162
v,46.288330078125, 133.0068359375, 4.7325873374938965
v,46.288330078125, 133.0068359375, 4.554958820343018
v,45.249267578125, 133.400390625, 4.732614040374756
v,45.536376953125, 133.0341796875, 4.732591152191162
v,45.536376953125, 133.0341796875, 4.5549635887146
v,45.249267578125, 133.400390625, 4.554986476898193
v,45.503173828125, 132.96875, 4.7325873374938965
v,45.503173828125, 132.96875, 3.824465274810791
v,46.2841796875, 132.9404296875, 3.824460506439209
v,46.2841796875, 132.9404296875, 4.408257007598877
v,46.357177734375, 132.9375, 4.406761646270752
v,46.357177734375, 132.9375, 4.7325825691223145
v,45.169189453125, 133.39453125, 4.732614040374756
v,45.169189453125, 133.39453125, 3.824491024017334
v,45.503173828125, 132.96875, 3.824465274810791
v,45.503173828125, 132.96875, 4.7325873374938965
v,46.357177734375, 132.9375, 4.406761646270752
v,46.346435546875, 133.248046875, 4.732600688934326
v,46.357177734375, 132.9375, 4.7325825691223145
v,46.3310546875, 132.4658203125, 3.824432849884033
v,45.32470703125, 132.50390625, 3.8244385719299316
v,45.32470703125, 132.50390625, 4.002066135406494
v,46.346435546875, 132.4658203125, 4.002060413360596
v,46.346435546875, 132.4658203125, 3.9124274253845215
v,46.3310546875, 132.4658203125, 3.912750720977783
v,46.34326171875, 132.55078125, 4.002065181732178
v,46.346435546875, 132.4658203125, 3.9124274253845215
v,46.346435546875, 132.4658203125, 4.002060413360596
v,44.744873046875, 133.2421875, 3.824484348297119
v,44.744873046875, 133.2421875, 4.002111911773682
v,45.32470703125, 132.50390625, 4.002066135406494
v,45.32470703125, 132.50390625, 3.8244385719299316
v,44.740478515625, 133.36328125, 3.824491024017334
v,44.740478515625, 133.36328125, 4.0021185874938965
v,44.744873046875, 133.2421875, 4.002111911773682
v,44.744873046875, 133.2421875, 3.824484348297119
v,46.415283203125, 132.396484375, 4.00205659866333
v,45.291259765625, 132.439453125, 4.0020623207092285
v,45.291259765625, 132.439453125, -1.4848623275756836
v,46.33740234375, 132.400390625, -1.4848682880401611
v,46.33740234375, 132.3994140625, 3.8427720069885254
v,46.415283203125, 132.396484375, 3.8411355018615723
v,45.291259765625, 132.439453125, -1.4848623275756836
v,45.291259765625, 132.439453125, 4.0020623207092285
v,44.678955078125, 133.2177734375, 4.002110958099365
v,44.678955078125, 133.2177734375, -1.484814167022705
v,44.678955078125, 133.2177734375, 4.002110958099365
v,44.669189453125, 133.5009765625, 4.002127170562744
v,44.669189453125, 133.501953125, -1.484797477722168
v,44.678955078125, 133.2177734375, -1.484814167022705
v,44.73486328125, 133.4990234375, 4.002127170562744
v,44.734619140625, 133.5, -1.484797477722168
v,44.669189453125, 133.501953125, -1.484797477722168
v,44.669189453125, 133.5009765625, 4.002127170562744
v,46.415283203125, 132.396484375, 3.8411355018615723
v,46.409912109375, 132.55078125, 4.002065181732178
v,46.415283203125, 132.396484375, 4.00205659866333
v,47.0107421875, 133.55859375, 5.070133686065674
v,47.1396484375, 132.27734375, 3.7291064262390137
v,47.1396484375, 132.27734375, -1.484877586364746
v,47.0107421875, 133.55859375, -1.4848017692565918
v,47.1396484375, 132.27734375, 3.7291064262390137
v,46.3486328125, 132.287109375, 3.7251858711242676
v,46.348388671875, 132.287109375, -1.484874963760376
v,47.1396484375, 132.27734375, -1.484877586364746
v,46.3486328125, 132.287109375, 3.7251858711242676
v,46.33740234375, 132.3994140625, 3.8427720069885254
v,46.33740234375, 132.400390625, -1.4848682880401611
v,46.348388671875, 132.287109375, -1.484874963760376
v,46.24365234375, 133.3505859375, 4.838156223297119
v,46.24365234375, 133.3505859375, 4.5549798011779785
v,46.270263671875, 133.080078125, 4.554964542388916
v,46.3310546875, 132.4658203125, 3.824432849884033
v,46.3310546875, 132.4658203125, 3.912750720977783
v,46.2841796875, 132.9404296875, 4.408257007598877
v,46.2841796875, 132.9404296875, 3.824460506439209
v,44.734619140625, 133.36328125, 4.207255840301514
v,44.740234375, 137.560546875, 3.720242977142334
v,44.740234375, 137.560546875, -1.484551191329956
v,44.734619140625, 133.5, -1.484797477722168
v,44.73486328125, 133.4990234375, 4.002127170562744
v,44.734619140625, 133.36328125, 4.0021185874938965
v,45.873779296875, 137.58203125, -1.4845540523529053
v,44.740234375, 137.560546875, -1.484551191329956
v,44.740234375, 137.560546875, 3.720242977142334
v,45.873779296875, 137.58203125, 5.607583522796631
v,45.853759765625, 135.9013671875, 5.772995471954346
v,45.763427734375, 133.4375, 5.913839817047119
v,45.763427734375, 133.4375, 5.772847652435303
v,45.169189453125, 133.39453125, 3.824491024017334
v,45.169189453125, 133.39453125, 4.732614040374756
v,45.249267578125, 133.400390625, 4.732614040374756
v,45.249267578125, 133.400390625, 4.554986476898193
v,45.71728515625, 133.4345703125, 4.554986476898193
v,45.71728515625, 133.4345703125, 5.772847652435303
v,45.763427734375, 133.4375, 5.772847652435303
v,45.763427734375, 133.4375, 5.913839817047119
v,44.734619140625, 133.36328125, 4.207255840301514
v,44.734619140625, 133.36328125, 4.0021185874938965
v,44.740478515625, 133.36328125, 4.0021185874938965
v,44.740478515625, 133.36328125, 3.824491024017334
v,47.518798828125, 135.1396484375, 6.057149410247803
v,47.60595703125, 137.6630859375, 6.050399303436279
v,47.60595703125, 137.6640625, -1.484553575515747
v,47.60595703125, 137.66015625, -1.4845540523529053
v,47.60595703125, 137.66015625, 5.773098468780518
v,47.51904296875, 135.1416015625, 5.772944927215576
v,47.51904296875, 135.142578125, -1.484708309173584
v,47.518798828125, 135.140625, -1.484708309173584
v,49.045166015625, 137.65234375, 5.7039475440979
v,48.9580078125, 135.1279296875, 5.710694789886475
v,48.9580078125, 135.1279296875, -1.4847116470336914
v,49.045166015625, 137.65234375, -1.4845566749572754
v,47.60595703125, 137.6640625, -1.484553575515747
v,47.60595703125, 137.6630859375, 6.050399303436279
v,49.045166015625, 137.65234375, 5.7039475440979
v,49.045166015625, 137.65234375, -1.4845566749572754
i,1,3,0
i,18,5,6
i,23,25,22
i,38,39,26
i,52,53,61
i,66,67,64
i,68,69,72
i,77,79,76
i,81,83,80
i,85,88,90
i,92,93,96
i,105,106,101
i,108,114,115
i,128,129,131
i,140,141,136
i,143,145,142
i,147,149,146
i,151,153,150
i,154,156,157
i,158,160,161
i,163,165,162
i,168,169,171
i,174,175,176
i,179,180,181
i,187,188,182
i,190,192,189
i,197,198,194
i,200,202,199
i,204,206,207
i,209,211,212
i,213,215,216
i,217,219,220
i,222,224,221
i,225,227,228
i,230,232,233
i,235,237,234
i,239,241,242
i,243,245,246
i,248,250,247
i,251,253,254
i,256,258,255
i,262,263,264
i,266,268,265
i,269,270,271
i,275,276,277
i,278,279,280
i,281,283,284
i,285,287,288
i,291,292,293
i,296,298,295
i,300,302,299
i,304,306,303
i,307,308,309
i,311,313,310
i,315,317,314
i,318,320,321
i,322,323,324
i,326,328,325
i,333,334,329
i,335,337,338
i,339,340,341
i,349,343,347
i,358,359,354
i,362,364,365
i,366,368,369
i,1,2,3
i,21,4,5
i,20,21,18
i,21,5,18
i,18,19,20
i,16,17,18
i,14,15,6
i,15,16,6
i,12,13,14
i,10,11,14
i,11,12,14
i,8,9,10
i,7,8,10
i,16,18,6
i,6,7,14
i,7,10,14
i,23,24,25
i,27,28,29
i,29,30,27
i,30,31,27
i,31,32,34
i,32,33,34
i,42,43,26
i,27,31,34
i,35,36,38
i,36,37,38
i,27,34,26
i,34,35,26
i,41,42,39
i,42,26,39
i,39,40,41
i,35,38,26
i,61,44,52
i,44,45,48
i,52,44,48
i,45,46,48
i,46,47,48
i,48,49,52
i,49,50,51
i,49,51,52
i,58,59,57
i,59,60,57
i,56,57,53
i,57,60,53
i,54,55,56
i,53,54,56
i,53,60,61
i,67,62,63
i,63,64,67
i,64,65,66
i,69,70,71
i,73,74,68
i,74,75,68
i,69,71,72
i,73,68,72
i,77,78,79
i,81,82,83
i,91,84,90
i,84,85,90
i,85,86,88
i,86,87,88
i,88,89,90
i,93,94,96
i,94,95,96
i,97,98,92
i,98,99,92
i,97,92,96
i,106,100,101
i,101,102,104
i,102,103,104
i,104,105,101
i,109,110,111
i,111,112,113
i,116,117,107
i,117,118,107
i,111,113,114
i,109,111,114
i,115,116,107
i,108,109,114
i,115,107,108
i,119,120,121
i,122,123,125
i,123,124,125
i,135,119,133
i,119,121,127
i,133,119,132
i,133,134,135
i,132,119,127
i,121,122,126
i,122,125,126
i,129,130,131
i,131,132,127
i,121,126,127
i,127,128,131
i,136,137,138
i,138,139,136
i,139,140,136
i,143,144,145
i,147,148,149
i,151,152,153
i,154,155,156
i,158,159,160
i,163,164,165
i,171,166,167
i,169,170,171
i,171,167,168
i,176,172,173
i,173,174,176
i,181,177,178
i,178,179,181
i,182,183,185
i,183,184,185
i,185,186,182
i,186,187,182
i,190,191,192
i,198,193,194
i,194,195,197
i,195,196,197
i,200,201,202
i,208,203,207
i,203,204,207
i,204,205,206
i,209,210,211
i,213,214,215
i,217,218,219
i,222,223,224
i,225,226,227
i,233,229,230
i,230,231,232
i,235,236,237
i,242,238,239
i,239,240,241
i,243,244,245
i,248,249,250
i,251,252,253
i,256,257,258
i,264,259,262
i,259,260,262
i,260,261,262
i,266,267,268
i,277,272,273
i,273,274,277
i,274,275,277
i,281,282,283
i,285,286,287
i,294,289,293
i,289,290,293
i,290,291,293
i,296,297,298
i,300,301,302
i,304,305,306
i,311,312,313
i,315,316,317
i,318,319,320
i,326,327,328
i,329,330,333
i,330,331,332
i,333,330,332
i,335,336,337
i,353,342,352
i,342,343,350
i,352,342,350
i,344,345,346
i,344,346,347
i,351,352,350
i,343,344,347
i,347,348,349
i,349,350,343
i,355,356,358
i,356,357,358
i,360,361,359
i,361,354,359
i,355,358,354
i,362,363,364
i,366,367,368
n,-0.04070756956934929, -4.503613471984863, 0.0
n,-1.0093888704432175e-05, 0.0002760907809715718, -4.50379753112793
n,2.116765608661808e-05, -0.00026402808725833893, 4.50379753112793
n,1.5724401237093844e-05, -0.0002735447487793863, 4.50379753112793
n,1.2342017726041377e-05, -0.00027067220071330667, 4.50379753112793
n,1.5830339179956354e-05, -0.0002704743528738618, 4.50379753112793
n,1.0847519661183469e-05, -0.0002691441331990063, 4.50379753112793
n,1.729718132992275e-05, -0.000269079435383901, 4.50379753112793
n,1.356049415335292e-05, -0.00027352970209904015, 4.50379753112793
n,1.1561497558432166e-05, -0.00026753335259854794, 4.50379753112793
n,1.1422232091717888e-05, -0.00024039811978582293, 4.50379753112793
n,1.6646110452711582e-05, -0.00026077337679453194, 4.50379753112793
n,-1.0804263183672447e-05, -0.0002876697981264442, 4.50379753112793
n,-0.0810081884264946, -3.2564077377319336, 3.110215187072754
n,-3.8551065921783447, 0.2733040750026703, 2.312498092651367
n,1.0537967681884766, -0.024679940193891525, 4.378709316253662
n,0.08231004327535629, 4.503045082092285, 0.0
n,4.50285005569458, -0.09236616641283035, 0.0
n,-0.0960225909948349, -4.502773761749268, 0.0
n,-4.502847194671631, 0.09252425283193588, 0.0
n,0.43669798970222473, -4.482576370239258, -0.0005356889450922608
n,4.5010085105896, -0.15847070515155792, -0.0002295481535838917
n,-4.500927925109863, 0.1607474386692047, 1.9658395103760995e-05
n,-0.18445464968681335, 4.500019073486328, 0.0
n,-0.1623929888010025, -4.500869274139404, 0.0
n,-4.500101089477539, 0.18243654072284698, 0.0
n,0.0, 4.50379753112793, 0.0
n,4.503795623779297, -0.004124355036765337, 0.0
n,0.0, -4.50379753112793, 0.0
n,-4.503796100616455, 0.003297068877145648, 0.0
n,-0.05700552463531494, 4.50343656539917, 0.0
n,4.503444671630859, 0.05639750137925148, 0.0
n,0.05691540613770485, -4.5034332275390625, -0.0066258166916668415
n,-4.503494739532471, -0.052220478653907776, -7.683101284783334e-05
n,0.03170214965939522, 4.50368595123291, 0.0006073112017475069
n,4.503678321838379, -0.03276485204696655, 0.0
n,-0.03171609714627266, -4.50368595123291, 0.00012791094195563346
n,-4.503689289093018, 0.03127562254667282, 0.0
n,-4.500927925109863, -0.16074739396572113, -0.000784895964898169
n,0.16616487503051758, 4.500731468200684, 0.0
n,3.542728900909424, 2.780874729156494, 0.0
n,-0.21358954906463623, -4.498730182647705, 0.0
n,-3.540540933609009, -2.7836596965789795, 0.0
n,4.501070022583008, 0.1567225158214569, 0.0
n,0.0, 4.50379753112793, 0.0
n,-4.500927925109863, -0.16074742376804352, 0.0
n,3.5417075157165527, 2.7821757793426514, 0.0
n,4.5008864402771, 0.16190239787101746, 0.0
n,-0.16790051758289337, -4.500666618347168, -0.0007326948689296842
n,-3.540597438812256, -2.783587694168091, 0.0
n,-4.501118183135986, -0.15533000230789185, 0.0
n,0.11887072771787643, 4.502228260040283, 0.000706974184140563
n,4.500992298126221, 0.1589333415031433, 0.0
n,4.481159687042236, 0.4509962797164917, 0.0
n,-0.05925536900758743, -4.503407955169678, 0.0
n,-4.482291221618652, -0.4396093487739563, 0.00018654277664609253
n,-4.482081413269043, -0.4417436420917511, 0.0
n,-4.4820098876953125, -0.4424653649330139, 0.0
n,-4.503791809082031, 0.007171643432229757, 0.0
n,-0.08360432088375092, 4.503021240234375, 0.0005506910965777934
n,4.5007829666137695, -0.16475938260555267, 0.0
n,0.30981191992759705, -4.493119716644287, 0.009073550812900066
n,-4.5011138916015625, 0.15543819963932037, -0.002485360251739621
n,4.501115798950195, -0.15539750456809998, 0.0
n,0.035280246287584305, 4.503659248352051, 0.0
n,-0.03811858594417572, -4.503636360168457, -0.0005179241416044533
n,-1.0589395969873294e-05, 1.3236744962341618e-06, -4.50379753112793
n,-6.4502905843255576e-06, 0.00027671799762174487, -4.50379753112793
n,-7.775065569148865e-06, 0.00027601068723015487, -4.50379753112793
n,-4.969388101017103e-06, 0.0005497799720615149, -4.50379753112793
n,-1.4181262486090418e-05, 0.0003146664530504495, -4.50379753112793
n,-1.810268258850556e-05, 0.0002733886067289859, -4.50379753112793
n,-1.7026739442371763e-05, 0.0002744043886195868, -4.50379753112793
n,6.954161563044181e-06, 0.00026251960662193596, -4.50379753112793
n,-1.5564806744805537e-05, 0.00026694737607613206, -4.50379753112793
n,-1.5531497410847805e-05, 0.0002669648383744061, -4.50379753112793
n,-1.0917662621068303e-05, 0.00026959014940075576, -4.50379753112793
n,-1.1596607691899408e-05, 0.0002651674149092287, -4.50379753112793
n,-1.246531701326603e-05, 0.00027659154147841036, -4.50379753112793
n,-1.5360497854999267e-05, 0.00026939099188894033, -4.50379753112793
n,-1.530691770312842e-05, 0.0002673232229426503, -4.50379753112793
n,8.448543667327613e-06, -0.0002708342217374593, 4.50379753112793
n,1.7913156625581905e-05, -0.0002384688996244222, 4.50379753112793
n,1.5837029422982596e-05, -0.0002369716967223212, 4.50379753112793
n,1.2436379620339721e-05, -0.0002668072993401438, 4.50379753112793
n,2.0341634808573872e-05, -0.00026401111972518265, 4.50379753112793
n,1.545954182802234e-05, -0.0002799696521833539, 4.50379753112793
n,6.957574078114703e-05, -0.000276719918474555, 4.50379753112793
n,1.2821410564356484e-05, -0.00026950970641337335, 4.50379753112793
n,1.4297611414804123e-05, -0.0002751032297965139, 4.50379753112793
n,1.884274934127461e-05, -0.00026748102391138673, 4.50379753112793
n,1.6644346032990143e-05, -0.0002715321897994727, 4.50379753112793
n,2.2095657186582685e-05, -0.00027047895127907395, 4.50379753112793
n,1.1408229511289392e-05, -0.00027831908664666116, 4.50379753112793
n,1.7709262465359643e-05, -0.0002760932839009911, 4.50379753112793
n,8.207523023884278e-06, -0.0002773570013232529, 4.50379753112793
n,1.4663703950645868e-05, -0.00027536306879483163, 4.50379753112793
n,9.606911589798983e-06, -0.0002710921107791364, 4.50379753112793
n,5.877288003830472e-06, -0.00027594517450779676, 4.50379753112793
n,7.6082847044744994e-06, -0.00027489211061038077, 4.50379753112793
n,1.1482703484944068e-05, -0.000279085710644722, 4.50379753112793
n,3.080686292378232e-05, -0.00027782205143012106, 4.50379753112793
n,1.3882199709769338e-05, -0.0002735365414991975, 4.50379753112793
n,-1.8578224398879684e-06, -0.0002670619869604707, 4.50379753112793
n,1.1863087820529472e-05, -0.0002753586450126022, 4.50379753112793
n,7.711337275395636e-06, -0.00026671335217542946, 4.50379753112793
n,1.2382180102576967e-05, -0.0002727745159063488, 4.50379753112793
n,-1.8502520106267184e-05, -0.00026276300195604563, 4.50379753112793
n,3.0489283744827844e-05, -0.0002681976475287229, 4.50379753112793
n,8.284213436127175e-06, -0.0002798244822770357, 4.50379753112793
n,1.1064754289691336e-05, -0.0002747798862401396, 4.50379753112793
n,-5.7522920542396605e-05, -0.00026681579765863717, 4.50379753112793
n,2.2368669306160882e-05, -0.00027810060419142246, 4.50379753112793
n,1.3746985132456757e-05, -0.0002696207957342267, 4.50379753112793
n,1.0966709851345513e-05, -0.00027475671959109604, 4.50379753112793
n,1.6533182133571245e-05, -0.0002781708026304841, 4.50379753112793
n,1.48903591252747e-05, -0.000276558828772977, 4.50379753112793
n,1.739542312861886e-05, -0.00027467860491015017, 4.50379753112793
n,7.672463652852457e-06, -0.00027123026666231453, 4.50379753112793
n,5.53173686057562e-06, -0.0002706659724935889, 4.50379753112793
n,3.5113419016852276e-06, -0.0002773960295598954, 4.50379753112793
n,1.355449694528943e-05, -0.00027353415498510003, 4.50379753112793
n,1.7228725482709706e-05, -0.00023844116367399693, 4.50379753112793
n,1.5205528143269476e-05, -0.00026946834987029433, 4.50379753112793
n,1.4036342690815218e-05, -0.0003070374659728259, 4.50379753112793
n,0.0002477881498634815, -0.00024997451691888273, 4.50379753112793
n,1.2018474990327377e-05, -0.0002666570071596652, 4.50379753112793
n,3.616439425968565e-05, -0.0002530166239012033, 4.50379753112793
n,1.992553188756574e-05, -0.00026259003789164126, 4.50379753112793
n,6.292211037361994e-05, -0.00026733914273791015, 4.50379753112793
n,5.367689664126374e-05, -0.0002651189570315182, 4.50379753112793
n,1.4966609342081938e-05, -0.0003149949188809842, 4.50379753112793
n,1.4754778931092005e-05, -0.000263885100139305, 4.50379753112793
n,2.1550786186708137e-05, -0.00026131223421543837, 4.50379753112793
n,1.8389651813777164e-05, -0.00025247459416277707, 4.50379753112793
n,2.112485708494205e-05, -0.000262494693743065, 4.50379753112793
n,0.0, -0.00025313609512522817, 4.50379753112793
n,-7.3961946327472106e-06, -0.00028013085830025375, 4.50379753112793
n,1.6203955510718515e-06, -0.0002732797001954168, 4.50379753112793
n,-3.5101675166515633e-06, -0.0002694053400773555, 4.50379753112793
n,1.5416024325531907e-05, -0.0002692986745387316, 4.50379753112793
n,-2.1803447452839464e-05, -0.0002549791825003922, 4.50379753112793
n,1.3884376130590681e-05, -0.0002610923838801682, 4.50379753112793
n,-1.0020691661338788e-05, -0.00028696097433567047, 4.50379753112793
n,1.4897863366059028e-05, -0.00030086355400271714, 4.50379753112793
n,-0.07905983924865723, -3.2589194774627686, 3.107633352279663
n,-0.07683776319026947, -3.2593472003936768, 3.107240676879883
n,0.00017086118168663234, -3.2618408203125, 3.1055729389190674
n,-0.05829538032412529, -3.2604668140411377, 3.106468915939331
n,-0.054985471069812775, -3.2576723098754883, 3.109459638595581
n,-0.05799449235200882, -3.2595508098602295, 3.107435941696167
n,-0.04391256719827652, -3.26472806930542, 3.1022274494171143
n,-0.057739127427339554, -3.2592198848724365, 3.107787609100342
n,-0.055235356092453, -3.2599828243255615, 3.1070330142974854
n,-0.04221763834357262, -3.253798723220825, 3.1137123107910156
n,0.06514725834131241, -3.2666962146759033, 3.0997815132141113
n,-0.0424540713429451, -3.258350133895874, 3.108945846557617
n,-0.05605480074882507, -3.256824493408203, 3.110328435897827
n,-0.09102267771959305, -3.2569968700408936, 3.109320640563965
n,-3.8550992012023926, 0.273671418428421, 2.312467336654663
n,-3.8552749156951904, 0.273427814245224, 2.3122029304504395
n,-3.8552322387695312, 0.2732788026332855, 2.3122923374176025
n,1.0537759065628052, -0.024691758677363396, 4.378714084625244
n,0.08231004327535629, 4.503045082092285, 0.0
n,4.50285005569458, -0.09236614406108856, 0.0
n,-0.0960225984454155, -4.502773761749268, 0.0
n,-4.502847194671631, 0.09252425283193588, 0.0
n,0.43669798970222473, -4.482576370239258, -0.0005356889450922608
n,4.501008033752441, -0.15848618745803833, 0.0
n,4.501032829284668, -0.15778528153896332, 0.0
n,4.50100564956665, -0.15856678783893585, -1.8949474906548858e-05
n,-4.500591278076172, 0.16991369426250458, -0.0012270382139831781
n,-4.5015997886657715, 0.14067499339580536, 0.0
n,-0.18514761328697205, 4.499989986419678, 0.0005377699853852391
n,-0.18705028295516968, 4.499911308288574, 0.000310792907839641
n,-0.15948250889778137, -4.500972747802734, -0.0010033900616690516
n,-0.15675364434719086, -4.501069068908691, 0.0
n,-0.16211894154548645, -4.50087833404541, 0.00015525691560469568
n,-0.1623929738998413, -4.500868797302246, 0.0
n,-4.500101089477539, 0.18243654072284698, 0.0
n,0.0, 4.50379753112793, 0.0
n,0.007556702010333538, 4.503790378570557, 0.0021755548659712076
n,0.011978143826127052, 4.503781795501709, 0.0
n,4.503795623779297, -0.004124355036765337, 0.0
n,0.0, -4.50379753112793, 0.0
n,0.0, -4.50379753112793, 0.0
n,0.0, -4.50379753112793, 0.0
n,-4.503796100616455, 0.0032970691099762917, 0.0
n,-0.05700552836060524, 4.50343656539917, 0.0
n,4.503444671630859, 0.05639749765396118, 0.0
n,0.04268810898065567, -4.503595352172852, 0.0
n,-4.503493309020996, -0.052317533642053604, 0.0
n,0.033672310411930084, 4.503671646118164, 0.0
n,0.031095674261450768, 4.503690242767334, 0.0
n,4.503678321838379, -0.03276485204696655, 0.0
n,-0.031846918165683746, -4.503684997558594, 0.0
n,-0.031330008059740067, -4.503688335418701, 0.0
n,-4.503689289093018, 0.03127561882138252, 0.0
n,-4.500994682312012, -0.15885864198207855, 0.0
n,0.16616486012935638, 4.500730991363525, 0.0
n,3.542728900909424, 2.780874729156494, 0.0
n,-0.16914433240890503, -4.500609397888184, -0.010033807717263699
n,-0.16498255729675293, -4.50077486038208, 0.0
n,-0.16498258709907532, -4.500774383544922, 0.0
n,-3.540540933609009, -2.7836599349975586, 0.0
n,0.17067420482635498, 4.5005621910095215, 0.0
n,0.17067420482635498, 4.5005621910095215, 0.0
n,0.1681024581193924, 4.500566005706787, -0.028977079316973686
n,3.5417075157165527, 2.7821757793426514, 0.0
n,4.5008864402771, 0.16190239787101746, 0.0
n,-0.15046072006225586, -4.501283168792725, 0.0
n,-0.1701604425907135, -4.5005717277526855, 0.009638887830078602
n,-0.1716262847185135, -4.500526428222656, 0.0
n,-3.540597677230835, -2.783587694168091, 0.0
n,-4.501134395599365, -0.15485556423664093, -2.4478169507347047e-05
n,0.11926405876874924, 4.502217769622803, 0.0007116700289770961
n,4.481159687042236, 0.4509963393211365, 0.0
n,-0.05923913046717644, -4.503407955169678, 2.465397756168386e-06
n,-4.48110818862915, -0.4515073299407959, -7.350401574512944e-05
n,-4.482010841369629, -0.4424653649330139, 0.0
n,-4.503793716430664, 0.005954766646027565, -0.0008077958482317626
n,-4.503793239593506, 0.006252596620470285, 0.0
n,-4.503793716430664, 0.006023246329277754, 0.0001789318775990978
n,-0.08613187074661255, 4.502974033355713, 0.0
n,0.3271792232990265, -4.491898059844971, 0.0
n,0.3227939009666443, -4.492215156555176, 0.0
n,0.3310728669166565, -4.491602420806885, 0.009448523633182049
n,0.32457873225212097, -4.492086410522461, 0.0
n,0.32457873225212097, -4.492086410522461, 0.0
n,0.0, -4.50379753112793, 0.0
n,0.34077146649360657, -4.490880966186523, -0.007326435297727585
n,0.33736297488212585, -4.49114465713501, 0.0
n,0.31508907675743103, -4.492757320404053, 0.006404993589967489
n,-4.50379753112793, 0.0, 0.0
n,-4.50379753112793, 0.0, 0.0
n,-4.469018936157227, 0.5586273670196533, 6.675859185634181e-05
n,-4.467686176300049, 0.569185197353363, 6.545706128235906e-05
n,-4.50111198425293, 0.15549901127815247, -0.0019454415887594223
n,4.501115798950195, -0.15539750456809998, 0.0
n,0.03269130364060402, 4.503678798675537, 0.0005184035981073976
u,0.018759500235319138, 0.2509402930736542, 0
u,0.4083733856678009, 0.1580086052417755, 0
u,0.4083733856678009, 0.2509402930736542, 0
u,0.0, 0.0, 0
u,0.0, 0.0, 0
u,0.0, 0.0, 0
u,0.6911045908927917, 0.5109673142433167, 0
u,0.7199802994728088, 0.5303030014038086, 0
u,0.6911045908927917, 0.5303028225898743, 0
u,0.3845483958721161, 0.11632189899682999, 0
u,0.4218127131462097, 0.11692039668560028, 0
u,0.3998740017414093, 0.1491122990846634, 0
u,0.6110672950744629, 0.5691124200820923, 0
u,0.5437242984771729, 0.5675398707389832, 0
u,0.5936146974563599, 0.565474271774292, 0
u,0.9530845284461975, 0.2786000072956085, 0
u,0.9530792236328125, 0.19813519716262817, 0
u,0.9719359278678894, 0.2531402111053467, 0
u,0.41773560643196106, 0.016054200008511543, 0
u,0.3911210894584656, 0.015636300668120384, 0
u,0.371456503868103, 0.0002339000056963414, 0
u,0.8592411279678345, 0.5314685106277466, 0
u,0.8436152935028076, 0.5632598996162415, 0
u,0.8435971736907959, 0.5314908027648926, 0
u,0.8680400252342224, 0.5575175881385803, 0
u,0.9053434133529663, 0.5909091234207153, 0
u,0.8680351972579956, 0.5909091234207153, 0
u,0.7615063190460205, 0.5371261239051819, 0
u,0.8028836846351624, 0.5420522093772888, 0
u,0.7708755731582642, 0.5601971745491028, 0
u,0.8040524125099182, 0.5371261239051819, 0
u,0.7615063190460205, 0.5371261239051819, 0
u,0.7597609162330627, 0.5326340198516846, 0
u,0.3096331059932709, 0.03871989995241165, 0
u,0.36303091049194336, 0.06190120056271553, 0
u,0.30907291173934937, 0.07221449911594391, 0
u,0.3096331059932709, 0.03871989995241165, 0
u,0.2606970965862274, 0.06678889691829681, 0
u,0.30928468704223633, 0.03379949927330017, 0
u,0.42779821157455444, 0.0896632969379425, 0
u,0.389329195022583, 0.08972150087356567, 0
u,0.3961682915687561, 0.08832679688930511, 0
u,0.25405341386795044, 0.14672419428825378, 0
u,0.10905130207538605, 0.15501169860363007, 0
u,0.18549339473247528, 0.14453290402889252, 0
u,0.6562334895133972, 0.16433319449424744, 0
u,0.5028179287910461, 0.05547880008816719, 0
u,0.6586744785308838, 0.05547880008816719, 0
u,0.7702608108520508, 0.11355219781398773, 0
u,0.7086998820304871, 0.09493540227413177, 0
u,0.7702608108520508, 0.09493540227413177, 0
u,0.7702608108520508, 0.09493540227413177, 0
u,0.7086998820304871, 0.06177150085568428, 0
u,0.7702608108520508, 0.06177150085568428, 0
u,0.7702608108520508, 0.14669640362262726, 0
u,0.7086998820304871, 0.16531060636043549, 0
u,0.7086998820304871, 0.14669640362262726, 0
u,0.7702608108520508, 0.11355219781398773, 0
u,0.7086998820304871, 0.14669640362262726, 0
u,0.7086998820304871, 0.11355219781398773, 0
u,0.49169111251831055, 0.8323509097099304, 0
u,0.897752583026886, 0.8019232153892517, 0
u,0.897752583026886, 0.8323509097099304, 0
u,0.49169111251831055, 0.8019232153892517, 0
u,0.49169111251831055, 0.6834862232208252, 0
u,0.531007707118988, 0.6991931796073914, 0
u,0.8067589998245239, 0.31002330780029297, 0
u,0.8067589998245239, 0.31043490767478943, 0
u,0.41959288716316223, 0.31043490767478943, 0
u,0.908113420009613, 0.9987906813621521, 0
u,0.908113420009613, 0.5477855205535889, 0
u,0.9533694982528687, 0.5477855205535889, 0
u,0.5598297119140625, 0.5975260138511658, 0
u,0.5598297119140625, 0.6328225135803223, 0
u,0.5439862012863159, 0.6328225135803223, 0
u,0.5598297119140625, 0.5932400822639465, 0
u,0.49169111251831055, 0.5975260138511658, 0
u,0.49169111251831055, 0.5932400822639465, 0
u,0.9521015882492065, 0.3927476108074188, 0
u,0.9521015882492065, 0.3593212068080902, 0
u,0.9883630871772766, 0.38029730319976807, 0
u,0.9883630871772766, 0.3593212068080902, 0
u,0.9521015882492065, 0.28205129504203796, 0
u,0.9883630871772766, 0.28205129504203796, 0
u,0.9883630871772766, 0.5234760046005249, 0
u,0.9521015882492065, 0.545965313911438, 0
u,0.9521015882492065, 0.5135325789451599, 0
u,0.9883630871772766, 0.4140166938304901, 0
u,0.9521015882492065, 0.4912734031677246, 0
u,0.9521015882492065, 0.4140166938304901, 0
u,0.7683284282684326, 0.24271519482135773, 0
u,0.8006622195243835, 0.2606411874294281, 0
u,0.7683284282684326, 0.2606411874294281, 0
u,0.7683284282684326, 0.21212120354175568, 0
u,0.8006622195243835, 0.24271519482135773, 0
u,0.7683284282684326, 0.24271519482135773, 0
u,0.8006622195243835, 0.29120850563049316, 0
u,0.7683284282684326, 0.3091551959514618, 0
u,0.7683284282684326, 0.29120850563049316, 0
u,0.7683284282684326, 0.2606411874294281, 0
u,0.8006622195243835, 0.29120850563049316, 0
u,0.7683284282684326, 0.29120850563049316, 0
u,0.7822105884552002, 0.5675384998321533, 0
u,0.802822470664978, 0.5920745730400085, 0
u,0.775867223739624, 0.5920745730400085, 0
u,0.775867223739624, 0.5675384998321533, 0
u,0.7399805188179016, 0.5920745730400085, 0
u,0.7399805188179016, 0.5675384998321533, 0
u,0.8588364124298096, 0.5675384998321533, 0
u,0.865645706653595, 0.5920745730400085, 0
u,0.8387079238891602, 0.5920745730400085, 0
u,0.802822470664978, 0.5675384998321533, 0
u,0.8387079238891602, 0.5920745730400085, 0
u,0.802822470664978, 0.5920745730400085, 0
u,0.6798313856124878, 0.5314685106277466, 0
u,0.675851583480835, 0.5200067758560181, 0
u,0.6890184879302979, 0.5200067758560181, 0
u,0.6351420879364014, 0.5314685106277466, 0
u,0.675851583480835, 0.5200067758560181, 0
u,0.675851583480835, 0.5314685106277466, 0
u,0.6351420879364014, 0.5200067758560181, 0
u,0.6099706888198853, 0.5314685106277466, 0
u,0.6099706888198853, 0.5200067758560181, 0
u,0.6900463104248047, 0.08045029640197754, 0
u,0.6899663805961609, 0.07578530162572861, 0
u,0.7073792219161987, 0.07578530162572861, 0
u,0.6588466167449951, 0.16471010446548462, 0
u,0.7073792219161987, 0.13024620711803436, 0
u,0.7073792219161987, 0.16471010446548462, 0
u,0.6899663805961609, 0.07578530162572861, 0
u,0.7073792219161987, 0.05594399943947792, 0
u,0.7073792219161987, 0.07578530162572861, 0
u,0.6040570139884949, 0.5200386047363281, 0
u,0.6040570139884949, 0.5258063077926636, 0
u,0.6032261848449707, 0.525785505771637, 0
u,0.6086801290512085, 0.5200386047363281, 0
u,0.6040570139884949, 0.5258063077926636, 0
u,0.6040570139884949, 0.5200386047363281, 0
u,0.49823158979415894, 0.5314685106277466, 0
u,0.5488728284835815, 0.5200386047363281, 0
u,0.5488728284835815, 0.5314685106277466, 0
u,0.49169111251831055, 0.5314685106277466, 0
u,0.49823158979415894, 0.5200386047363281, 0
u,0.49823158979415894, 0.5314685106277466, 0
u,0.8773667812347412, 0.5314685106277466, 0
u,0.8201016187667847, 0.5314685106277466, 0
u,0.8201016187667847, 0.18406489491462708, 0
u,0.8773667812347412, 0.1736782044172287, 0
u,0.9315611720085144, 0.5314685106277466, 0
u,0.8773667812347412, 0.5314685106277466, 0
u,0.9470608830451965, 0.1736782044172287, 0
u,0.9315611720085144, 0.5314685106277466, 0
u,0.9315611720085144, 0.1736782044172287, 0
u,0.9506502151489258, 0.5314685106277466, 0
u,0.9470608830451965, 0.1736782044172287, 0
u,0.9506502151489258, 0.1736782044172287, 0
u,0.8158398866653442, 0.18417149782180786, 0
u,0.8074290752410889, 0.1736782044172287, 0
u,0.8158398866653442, 0.1736782044172287, 0
u,0.48270028829574585, 0.22545519471168518, 0
u,0.7670133113861084, 0.30923980474472046, 0
u,0.40957969427108765, 0.30923980474472046, 0
u,0.4829142093658447, 0.17401160299777985, 0
u,0.7670133113861084, 0.22545519471168518, 0
u,0.48270028829574585, 0.22545519471168518, 0
u,0.4829142093658447, 0.17401160299777985, 0
u,0.7670133113861084, 0.16666659712791443, 0
u,0.7670133113861084, 0.17401160299777985, 0
u,0.7214077115058899, 0.5116549730300903, 0
u,0.7369124889373779, 0.5116549730300903, 0
u,0.7369124889373779, 0.5294172763824463, 0
u,0.8374426960945129, 0.5636578798294067, 0
u,0.842269778251648, 0.5326340198516846, 0
u,0.842269778251648, 0.5636578798294067, 0
u,0.2884064018726349, 0.8724954128265381, 0
u,0.2959989011287689, 0.8724954128265381, 0
u,0.2959989011287689, 0.886073112487793, 0
u,0.0, 0.5093240141868591, 0
u,0.06293919682502747, 0.8538215756416321, 0
u,0.0, 0.9787418842315674, 0
u,0.4901610016822815, 0.9896972179412842, 0
u,0.3532715141773224, 0.999029278755188, 0
u,0.3532715141773224, 0.9896972179412842, 0
u,0.3532715141773224, 0.999029278755188, 0
u,0.3201914131641388, 0.9208456873893738, 0
u,0.350700706243515, 0.9896972179412842, 0
u,0.5082880258560181, 0.8335561752319336, 0
u,0.5082880258560181, 0.9986600875854492, 0
u,0.49266859889030457, 0.9987758994102478, 0
u,0.019133200868964195, 0.41406041383743286, 0
u,0.4083733856678009, 0.2509402930736542, 0
u,0.4083733856678009, 0.41406041383743286, 0
u,0.4083733856678009, 0.5069929957389832, 0
u,0.019133200868964195, 0.41406041383743286, 0
u,0.4083733856678009, 0.41406041383743286, 0
u,0.018759500235319138, 0.2509402930736542, 0
u,0.0, 0.1580086052417755, 0
u,0.4083733856678009, 0.1580086052417755, 0
u,0.0, 0.0, 0
u,0.0, 0.0, 0
u,0.0, 0.0, 0
u,0.0, 0.0, 0
u,0.0, 0.0, 0
u,0.0, 0.0, 0
u,0.0, 0.0, 0
u,0.0, 0.0, 0
u,0.0, 0.0, 0
u,0.0, 0.0, 0
u,0.0, 0.0, 0
u,0.0, 0.0, 0
u,0.0, 0.0, 0
u,0.0, 0.0, 0
u,0.0, 0.0, 0
u,0.0, 0.0, 0
u,0.0, 0.0, 0
u,0.0, 0.0, 0
u,0.0, 0.0, 0
u,0.0, 0.0, 0
u,0.0, 0.0, 0
u,0.0, 0.0, 0
u,0.0, 0.0, 0
u,0.0, 0.0, 0
u,0.0, 0.0, 0
u,0.0, 0.0, 0
u,0.0, 0.0, 0
u,0.0, 0.0, 0
u,0.0, 0.0, 0
u,0.0, 0.0, 0
u,0.0, 0.0, 0
u,0.0, 0.0, 0
u,0.0, 0.0, 0
u,0.0, 0.0, 0
u,0.0, 0.0, 0
u,0.0, 0.0, 0
u,0.0, 0.0, 0
u,0.0, 0.0, 0
u,0.0, 0.0, 0
u,0.0, 0.0, 0
u,0.0, 0.0, 0
u,0.0, 0.0, 0
u,0.0, 0.0, 0
u,0.0, 0.0, 0
u,0.0, 0.0, 0
u,0.6911045908927917, 0.5109673142433167, 0
u,0.7199974060058594, 0.5109648108482361, 0
u,0.7199802994728088, 0.5303030014038086, 0
u,0.2598634958267212, 0.151814803481102, 0
u,0.2596183121204376, 0.15493659675121307, 0
u,0.2559705078601837, 0.15501169860363007, 0
u,0.2559705078601837, 0.15501169860363007, 0
u,0.2551319897174835, 0.0914003998041153, 0
u,0.2598634958267212, 0.151814803481102, 0
u,0.2551319897174835, 0.0914003998041153, 0
u,0.26812219619750977, 0.0914003998041153, 0
u,0.2598634958267212, 0.151814803481102, 0
u,0.26812219619750977, 0.0914003998041153, 0
u,0.29690268635749817, 0.0914003998041153, 0
u,0.3048684895038605, 0.12481740117073059, 0
u,0.29690268635749817, 0.0914003998041153, 0
u,0.30542099475860596, 0.0914003998041153, 0
u,0.3048684895038605, 0.12481740117073059, 0
u,0.4956609010696411, 0.1500786989927292, 0
u,0.32562580704689026, 0.15357810258865356, 0
u,0.3998740017414093, 0.1491122990846634, 0
u,0.2598634958267212, 0.151814803481102, 0
u,0.26812219619750977, 0.0914003998041153, 0
u,0.3048684895038605, 0.12481740117073059, 0
u,0.3721081018447876, 0.12639130651950836, 0
u,0.3726936876773834, 0.0914003998041153, 0
u,0.3845483958721161, 0.11632189899682999, 0
u,0.3726936876773834, 0.0914003998041153, 0
u,0.38483351469039917, 0.0914003998041153, 0
u,0.3845483958721161, 0.11632189899682999, 0
u,0.2598634958267212, 0.151814803481102, 0
u,0.3048684895038605, 0.12481740117073059, 0
u,0.3998740017414093, 0.1491122990846634, 0
u,0.3048684895038605, 0.12481740117073059, 0
u,0.3721081018447876, 0.12639130651950836, 0
u,0.3998740017414093, 0.1491122990846634, 0
u,0.4987108111381531, 0.0914003998041153, 0
u,0.4956609010696411, 0.1500786989927292, 0
u,0.4218127131462097, 0.11692039668560028, 0
u,0.4956609010696411, 0.1500786989927292, 0
u,0.3998740017414093, 0.1491122990846634, 0
u,0.4218127131462097, 0.11692039668560028, 0
u,0.4218127131462097, 0.11692039668560028, 0
u,0.4221057891845703, 0.0914003998041153, 0
u,0.4987108111381531, 0.0914003998041153, 0
u,0.3721081018447876, 0.12639130651950836, 0
u,0.3845483958721161, 0.11632189899682999, 0
u,0.3998740017414093, 0.1491122990846634, 0
u,0.5936146974563599, 0.565474271774292, 0
u,0.5966731905937195, 0.5347653031349182, 0
u,0.6110672950744629, 0.5691124200820923, 0
u,0.5966731905937195, 0.5347653031349182, 0
u,0.7399343848228455, 0.5323678255081177, 0
u,0.6602724194526672, 0.5830442905426025, 0
u,0.6110672950744629, 0.5691124200820923, 0
u,0.5966731905937195, 0.5347653031349182, 0
u,0.6602724194526672, 0.5830442905426025, 0
u,0.7399343848228455, 0.5323678255081177, 0
u,0.7368916273117065, 0.5909091234207153, 0
u,0.6602724194526672, 0.5830442905426025, 0
u,0.7368916273117065, 0.5909091234207153, 0
u,0.660181999206543, 0.5909091234207153, 0
u,0.6602724194526672, 0.5830442905426025, 0
u,0.6602724194526672, 0.5830442905426025, 0
u,0.6229556202888489, 0.5824667811393738, 0
u,0.6110672950744629, 0.5691124200820923, 0
u,0.6229556202888489, 0.5824667811393738, 0
u,0.6228588819503784, 0.5909091234207153, 0
u,0.6107025742530823, 0.5909091234207153, 0
u,0.6229556202888489, 0.5824667811393738, 0
u,0.6107025742530823, 0.5909091234207153, 0
u,0.6110672950744629, 0.5691124200820923, 0
u,0.5059884190559387, 0.5909091234207153, 0
u,0.4929805099964142, 0.5909091234207153, 0
u,0.5059881806373596, 0.5716109871864319, 0
u,0.4929805099964142, 0.5909091234207153, 0
u,0.49266859889030457, 0.5672534108161926, 0
u,0.5059881806373596, 0.5716109871864319, 0
u,0.5348250865936279, 0.571608304977417, 0
u,0.5059881806373596, 0.5716109871864319, 0
u,0.5437242984771729, 0.5675398707389832, 0
u,0.5059881806373596, 0.5716109871864319, 0
u,0.49266859889030457, 0.5672534108161926, 0
u,0.5437242984771729, 0.5675398707389832, 0
u,0.5433381199836731, 0.5909091234207153, 0
u,0.5348080992698669, 0.5909091234207153, 0
u,0.5348250865936279, 0.571608304977417, 0
u,0.5437242984771729, 0.5675398707389832, 0
u,0.5433381199836731, 0.5909091234207153, 0
u,0.5348250865936279, 0.571608304977417, 0
u,0.5437242984771729, 0.5675398707389832, 0
u,0.49266859889030457, 0.5672534108161926, 0
u,0.5936146974563599, 0.565474271774292, 0
u,0.9530792236328125, 0.19813519716262817, 0
u,0.9725235104560852, 0.19813519716262817, 0
u,0.9722750782966614, 0.2213861048221588, 0
u,0.9722750782966614, 0.2213861048221588, 0
u,0.9719359278678894, 0.2531402111053467, 0
u,0.9530792236328125, 0.19813519716262817, 0
u,0.9719359278678894, 0.2531402111053467, 0
u,0.9716638922691345, 0.2786054015159607, 0
u,0.9530845284461975, 0.2786000072956085, 0
u,0.3911210894584656, 0.015636300668120384, 0
u,0.3909341096878052, 0.03425129875540733, 0
u,0.3714633882045746, 0.03396129980683327, 0
u,0.43885061144828796, 0.00020429999858606607, 0
u,0.43885061144828796, 0.03496500104665756, 0
u,0.41773560643196106, 0.016054200008511543, 0
u,0.43885061144828796, 0.03496500104665756, 0
u,0.41752558946609497, 0.03464740142226219, 0
u,0.41773560643196106, 0.016054200008511543, 0
u,0.3911210894584656, 0.015636300668120384, 0
u,0.3714633882045746, 0.03396129980683327, 0
u,0.371456503868103, 0.0002339000056963414, 0
u,0.43885061144828796, 0.00020429999858606607, 0
u,0.41773560643196106, 0.016054200008511543, 0
u,0.371456503868103, 0.0002339000056963414, 0
u,0.8592411279678345, 0.5314685106277466, 0
u,0.8592411279678345, 0.5632653832435608, 0
u,0.8436152935028076, 0.5632598996162415, 0
u,0.8680400252342224, 0.5575175881385803, 0
u,0.9053494930267334, 0.5574957132339478, 0
u,0.9053434133529663, 0.5909091234207153, 0
u,0.7708775997161865, 0.5645300149917603, 0
u,0.7444962859153748, 0.5610532760620117, 0
u,0.7708755731582642, 0.5601971745491028, 0
u,0.7444962859153748, 0.5610532760620117, 0
u,0.7615063190460205, 0.5371261239051819, 0
u,0.7708755731582642, 0.5601971745491028, 0
u,0.7615063190460205, 0.5371261239051819, 0
u,0.8040524125099182, 0.5371261239051819, 0
u,0.8028836846351624, 0.5420522093772888, 0
u,0.8040524125099182, 0.5371261239051819, 0
u,0.8037518858909607, 0.5420724153518677, 0
u,0.8028836846351624, 0.5420522093772888, 0
u,0.8028836846351624, 0.5420522093772888, 0
u,0.8008025884628296, 0.5602322816848755, 0
u,0.7708755731582642, 0.5601971745491028, 0
u,0.7615063190460205, 0.5371261239051819, 0
u,0.7444962859153748, 0.5610532760620117, 0
u,0.7597609162330627, 0.5326340198516846, 0
u,0.7444962859153748, 0.5610532760620117, 0
u,0.7399805188179016, 0.5604581832885742, 0
u,0.7597609162330627, 0.5326340198516846, 0
u,0.8081027269363403, 0.5326340198516846, 0
u,0.8068302273750305, 0.5535780191421509, 0
u,0.8040524125099182, 0.5371261239051819, 0
u,0.8068302273750305, 0.5535780191421509, 0
u,0.8030580878257751, 0.553490400314331, 0
u,0.8040524125099182, 0.5371261239051819, 0
u,0.8081027269363403, 0.5326340198516846, 0
u,0.8040524125099182, 0.5371261239051819, 0
u,0.7597609162330627, 0.5326340198516846, 0
u,0.36303091049194336, 0.06190120056271553, 0
u,0.3504982888698578, 0.09022960066795349, 0
u,0.30907291173934937, 0.07221449911594391, 0
u,0.30907291173934937, 0.07221449911594391, 0
u,0.28255748748779297, 0.09022960066795349, 0
u,0.2636241018772125, 0.0699584037065506, 0
u,0.28255748748779297, 0.09022960066795349, 0
u,0.2608264088630676, 0.07739809900522232, 0
u,0.2636241018772125, 0.0699584037065506, 0
u,0.2636241018772125, 0.0699584037065506, 0
u,0.3096331059932709, 0.03871989995241165, 0
u,0.30907291173934937, 0.07221449911594391, 0
u,0.2636241018772125, 0.0699584037065506, 0
u,0.2608264088630676, 0.07739809900522232, 0
u,0.26052170991897583, 0.07721810042858124, 0
u,0.26052170991897583, 0.07721810042858124, 0
u,0.25761958956718445, 0.08574409782886505, 0
u,0.25415441393852234, 0.08418670296669006, 0
u,0.36893230676651, 0.05969410017132759, 0
u,0.36537688970565796, 0.069132000207901, 0
u,0.36384719610214233, 0.06225559860467911, 0
u,0.36537688970565796, 0.069132000207901, 0
u,0.3618668019771576, 0.06751260161399841, 0
u,0.36384719610214233, 0.06225559860467911, 0
u,0.26052170991897583, 0.07721810042858124, 0
u,0.25415441393852234, 0.08418670296669006, 0
u,0.2606970965862274, 0.06678889691829681, 0
u,0.2636241018772125, 0.0699584037065506, 0
u,0.26052170991897583, 0.07721810042858124, 0
u,0.2606970965862274, 0.06678889691829681, 0
u,0.30928468704223633, 0.03379949927330017, 0
u,0.36893230676651, 0.05969410017132759, 0
u,0.36384719610214233, 0.06225559860467911, 0
u,0.3096331059932709, 0.03871989995241165, 0
u,0.2636241018772125, 0.0699584037065506, 0
u,0.2606970965862274, 0.06678889691829681, 0
u,0.30928468704223633, 0.03379949927330017, 0
u,0.36384719610214233, 0.06225559860467911, 0
u,0.3096331059932709, 0.03871989995241165, 0
u,0.371456503868103, 0.0370728000998497, 0
u,0.4755789041519165, 0.0370728000998497, 0
u,0.45657071471214294, 0.03920470178127289, 0
u,0.4611737132072449, 0.0896127000451088, 0
u,0.4391879141330719, 0.08964599668979645, 0
u,0.45285940170288086, 0.0878840982913971, 0
u,0.4391879141330719, 0.08964599668979645, 0
u,0.43911778926849365, 0.08862470090389252, 0
u,0.45285940170288086, 0.0878840982913971, 0
u,0.3747675120830536, 0.08974359929561615, 0
u,0.371456503868103, 0.0370728000998497, 0
u,0.3834143877029419, 0.0845588967204094, 0
u,0.371456503868103, 0.0370728000998497, 0
u,0.45657071471214294, 0.03920470178127289, 0
u,0.42734861373901367, 0.08480480313301086, 0
u,0.3834143877029419, 0.0845588967204094, 0
u,0.371456503868103, 0.0370728000998497, 0
u,0.3958635926246643, 0.08388900011777878, 0
u,0.3834143877029419, 0.0845588967204094, 0
u,0.3838964104652405, 0.08972980082035065, 0
u,0.3747675120830536, 0.08974359929561615, 0
u,0.3958635926246643, 0.08388900011777878, 0
u,0.371456503868103, 0.0370728000998497, 0
u,0.42734861373901367, 0.08480480313301086, 0
u,0.45657071471214294, 0.03920470178127289, 0
u,0.4611737132072449, 0.0896127000451088, 0
u,0.45255470275878906, 0.08344639837741852, 0
u,0.4611737132072449, 0.0896127000451088, 0
u,0.45285940170288086, 0.0878840982913971, 0
u,0.45255470275878906, 0.08344639837741852, 0
u,0.389329195022583, 0.08972150087356567, 0
u,0.3892340064048767, 0.08869989961385727, 0
u,0.3961682915687561, 0.08832679688930511, 0
u,0.3961682915687561, 0.08832679688930511, 0
u,0.3958635926246643, 0.08388900011777878, 0
u,0.42734861373901367, 0.08480480313301086, 0
u,0.45657071471214294, 0.03920470178127289, 0
u,0.45255470275878906, 0.08344639837741852, 0
u,0.42734861373901367, 0.08480480313301086, 0
u,0.42734861373901367, 0.08480480313301086, 0
u,0.42779821157455444, 0.0896632969379425, 0
u,0.3961682915687561, 0.08832679688930511, 0
u,0.18549339473247528, 0.14453290402889252, 0
u,0.00980059988796711, 0.15501169860363007, 0
u,0.0009774999925866723, 0.00108149996958673, 0
u,0.0009774999925866723, 0.00108149996958673, 0
u,0.2493349015712738, 0.007089800201356411, 0
u,0.18549339473247528, 0.14453290402889252, 0
u,0.2493349015712738, 0.007089800201356411, 0
u,0.25405341386795044, 0.14672419428825378, 0
u,0.18549339473247528, 0.14453290402889252, 0
u,0.6562334895133972, 0.16433319449424744, 0
u,0.500488817691803, 0.164335697889328, 0
u,0.5028179287910461, 0.05547880008816719, 0
u,0.7702608108520508, 0.11355219781398773, 0
u,0.7086998820304871, 0.11355219781398773, 0
u,0.7086998820304871, 0.09493540227413177, 0
u,0.7702608108520508, 0.09493540227413177, 0
u,0.7086998820304871, 0.09493540227413177, 0
u,0.7086998820304871, 0.06177150085568428, 0
u,0.7702608108520508, 0.14669640362262726, 0
u,0.7702608108520508, 0.16531060636043549, 0
u,0.7086998820304871, 0.16531060636043549, 0
u,0.7702608108520508, 0.11355219781398773, 0
u,0.7702608108520508, 0.14669640362262726, 0
u,0.7086998820304871, 0.14669640362262726, 0
u,0.49169111251831055, 0.8323509097099304, 0
u,0.49169111251831055, 0.8019232153892517, 0
u,0.897752583026886, 0.8019232153892517, 0
u,0.531007707118988, 0.6991931796073914, 0
u,0.897752583026886, 0.6991931796073914, 0
u,0.897752583026886, 0.8019232153892517, 0
u,0.49169111251831055, 0.6834862232208252, 0
u,0.5448095202445984, 0.6834862232208252, 0
u,0.531007707118988, 0.6991931796073914, 0
u,0.531007707118988, 0.6991931796073914, 0
u,0.897752583026886, 0.8019232153892517, 0
u,0.49169111251831055, 0.8019232153892517, 0
u,0.41959288716316223, 0.31043490767478943, 0
u,0.41055721044540405, 0.5049496293067932, 0
u,0.41055721044540405, 0.31002330780029297, 0
u,0.41055721044540405, 0.31002330780029297, 0
u,0.8067589998245239, 0.31002330780029297, 0
u,0.41959288716316223, 0.31043490767478943, 0
u,0.9533694982528687, 0.5477855205535889, 0
u,0.9984585046768188, 0.5477855205535889, 0
u,0.9984585046768188, 0.9987906813621521, 0
u,0.9984585046768188, 0.9987906813621521, 0
u,0.908113420009613, 0.9987906813621521, 0
u,0.9533694982528687, 0.5477855205535889, 0
u,0.5439862012863159, 0.6328225135803223, 0
u,0.5448095202445984, 0.6834862232208252, 0
u,0.49169111251831055, 0.6602078080177307, 0
u,0.5448095202445984, 0.6834862232208252, 0
u,0.49169111251831055, 0.6834862232208252, 0
u,0.49169111251831055, 0.6602078080177307, 0
u,0.49169111251831055, 0.6602078080177307, 0
u,0.49169111251831055, 0.5975260138511658, 0
u,0.5439862012863159, 0.6328225135803223, 0
u,0.49169111251831055, 0.5975260138511658, 0
u,0.5598297119140625, 0.5975260138511658, 0
u,0.5439862012863159, 0.6328225135803223, 0
u,0.5598297119140625, 0.5932400822639465, 0
u,0.5598297119140625, 0.5975260138511658, 0
u,0.49169111251831055, 0.5975260138511658, 0
u,0.9521015882492065, 0.3593212068080902, 0
u,0.9883630871772766, 0.3593212068080902, 0
u,0.9883630871772766, 0.38029730319976807, 0
u,0.9883630871772766, 0.38029730319976807, 0
u,0.9883630871772766, 0.4140166938304901, 0
u,0.9521015882492065, 0.3927476108074188, 0
u,0.9883630871772766, 0.4140166938304901, 0
u,0.9521015882492065, 0.4140166938304901, 0
u,0.9521015882492065, 0.3927476108074188, 0
u,0.9883630871772766, 0.3593212068080902, 0
u,0.9521015882492065, 0.3593212068080902, 0
u,0.9521015882492065, 0.28205129504203796, 0
u,0.9521015882492065, 0.4912734031677246, 0
u,0.9883630871772766, 0.4912734031677246, 0
u,0.9521015882492065, 0.5135325789451599, 0
u,0.9883630871772766, 0.4912734031677246, 0
u,0.9883630871772766, 0.5234760046005249, 0
u,0.9521015882492065, 0.5135325789451599, 0
u,0.9883630871772766, 0.5234760046005249, 0
u,0.9883630871772766, 0.545965313911438, 0
u,0.9521015882492065, 0.545965313911438, 0
u,0.9883630871772766, 0.4140166938304901, 0
u,0.9883630871772766, 0.4912734031677246, 0
u,0.9521015882492065, 0.4912734031677246, 0
u,0.7683284282684326, 0.24271519482135773, 0
u,0.8006622195243835, 0.24271519482135773, 0
u,0.8006622195243835, 0.2606411874294281, 0
u,0.7683284282684326, 0.21212120354175568, 0
u,0.8006622195243835, 0.21212120354175568, 0
u,0.8006622195243835, 0.24271519482135773, 0
u,0.8006622195243835, 0.29120850563049316, 0
u,0.8006622195243835, 0.3091551959514618, 0
u,0.7683284282684326, 0.3091551959514618, 0
u,0.7683284282684326, 0.2606411874294281, 0
u,0.8006622195243835, 0.2606411874294281, 0
u,0.8006622195243835, 0.29120850563049316, 0
u,0.775867223739624, 0.5920745730400085, 0
u,0.775867223739624, 0.5675384998321533, 0
u,0.7822105884552002, 0.5675384998321533, 0
u,0.7822105884552002, 0.5675384998321533, 0
u,0.802822470664978, 0.5675384998321533, 0
u,0.802822470664978, 0.5920745730400085, 0
u,0.775867223739624, 0.5675384998321533, 0
u,0.775867223739624, 0.5920745730400085, 0
u,0.7399805188179016, 0.5920745730400085, 0
u,0.8387079238891602, 0.5920745730400085, 0
u,0.8387079238891602, 0.5675384998321533, 0
u,0.8588364124298096, 0.5675384998321533, 0
u,0.8588364124298096, 0.5675384998321533, 0
u,0.865645706653595, 0.5675384998321533, 0
u,0.865645706653595, 0.5920745730400085, 0
u,0.802822470664978, 0.5675384998321533, 0
u,0.8387079238891602, 0.5675384998321533, 0
u,0.8387079238891602, 0.5920745730400085, 0
u,0.6798313856124878, 0.5314685106277466, 0
u,0.675851583480835, 0.5314685106277466, 0
u,0.675851583480835, 0.5200067758560181, 0
u,0.6351420879364014, 0.5314685106277466, 0
u,0.6351420879364014, 0.5200067758560181, 0
u,0.675851583480835, 0.5200067758560181, 0
u,0.6351420879364014, 0.5200067758560181, 0
u,0.6351420879364014, 0.5314685106277466, 0
u,0.6099706888198853, 0.5314685106277466, 0
u,0.7073792219161987, 0.07578530162572861, 0
u,0.7073792219161987, 0.13024620711803436, 0
u,0.6900463104248047, 0.08045029640197754, 0
u,0.7073792219161987, 0.13024620711803436, 0
u,0.6588466167449951, 0.13024620711803436, 0
u,0.6900463104248047, 0.08045029640197754, 0
u,0.6588466167449951, 0.13024620711803436, 0
u,0.6588466167449951, 0.08045029640197754, 0
u,0.6900463104248047, 0.08045029640197754, 0
u,0.6588466167449951, 0.16471010446548462, 0
u,0.6588466167449951, 0.13024620711803436, 0
u,0.7073792219161987, 0.13024620711803436, 0
u,0.6032261848449707, 0.525785505771637, 0
u,0.6032261848449707, 0.5314685106277466, 0
u,0.5488728284835815, 0.5314685106277466, 0
u,0.5488728284835815, 0.5314685106277466, 0
u,0.5488728284835815, 0.5200386047363281, 0
u,0.6032261848449707, 0.525785505771637, 0
u,0.5488728284835815, 0.5200386047363281, 0
u,0.6040570139884949, 0.5200386047363281, 0
u,0.6032261848449707, 0.525785505771637, 0
u,0.49823158979415894, 0.5314685106277466, 0
u,0.49823158979415894, 0.5200386047363281, 0
u,0.5488728284835815, 0.5200386047363281, 0
u,0.49169111251831055, 0.5314685106277466, 0
u,0.49169111251831055, 0.5200386047363281, 0
u,0.49823158979415894, 0.5200386047363281, 0
u,0.8158398866653442, 0.18417149782180786, 0
u,0.8158398866653442, 0.1736782044172287, 0
u,0.8201016187667847, 0.18406489491462708, 0
u,0.8158398866653442, 0.1736782044172287, 0
u,0.8773667812347412, 0.1736782044172287, 0
u,0.8201016187667847, 0.18406489491462708, 0
u,0.8773667812347412, 0.1736782044172287, 0
u,0.8773667812347412, 0.5314685106277466, 0
u,0.8201016187667847, 0.18406489491462708, 0
u,0.8773667812347412, 0.1736782044172287, 0
u,0.9315611720085144, 0.1736782044172287, 0
u,0.9315611720085144, 0.5314685106277466, 0
u,0.9470608830451965, 0.1736782044172287, 0
u,0.9470608830451965, 0.5314685106277466, 0
u,0.9315611720085144, 0.5314685106277466, 0
u,0.9506502151489258, 0.5314685106277466, 0
u,0.9470608830451965, 0.5314685106277466, 0
u,0.9470608830451965, 0.1736782044172287, 0
u,0.48270028829574585, 0.22545519471168518, 0
u,0.7670133113861084, 0.22545519471168518, 0
u,0.7670133113861084, 0.30923980474472046, 0
u,0.4829142093658447, 0.17401160299777985, 0
u,0.7670133113861084, 0.17401160299777985, 0
u,0.7670133113861084, 0.22545519471168518, 0
u,0.4829142093658447, 0.17401160299777985, 0
u,0.47650280594825745, 0.16666659712791443, 0
u,0.7670133113861084, 0.16666659712791443, 0
u,0.8374426960945129, 0.5636578798294067, 0
u,0.8103616833686829, 0.5326340198516846, 0
u,0.842269778251648, 0.5326340198516846, 0
u,0.2959989011287689, 0.886073112487793, 0
u,0.06293919682502747, 0.8538215756416321, 0
u,0.2884064018726349, 0.8724954128265381, 0
u,0.06293919682502747, 0.8538215756416321, 0
u,0.06293919682502747, 0.5093240141868591, 0
u,0.2884064018726349, 0.5093240141868591, 0
u,0.2884064018726349, 0.8724954128265381, 0
u,0.06293919682502747, 0.8538215756416321, 0
u,0.2884064018726349, 0.5093240141868591, 0
u,0.0, 0.5093240141868591, 0
u,0.06293919682502747, 0.5093240141868591, 0
u,0.06293919682502747, 0.8538215756416321, 0
u,0.2963334918022156, 0.8607385158538818, 0
u,0.3201914131641388, 0.8607385158538818, 0
u,0.2963334918022156, 0.8724954128265381, 0
u,0.3201914131641388, 0.8607385158538818, 0
u,0.3201914131641388, 0.9208456873893738, 0
u,0.2959989011287689, 0.886073112487793, 0
u,0.2963334918022156, 0.8724954128265381, 0
u,0.3201914131641388, 0.8607385158538818, 0
u,0.2959989011287689, 0.886073112487793, 0
u,0.32465049624443054, 0.9208456873893738, 0
u,0.32465049624443054, 0.9090887904167175, 0
u,0.350700706243515, 0.9090887904167175, 0
u,0.32465049624443054, 0.9208456873893738, 0
u,0.350700706243515, 0.9090887904167175, 0
u,0.350700706243515, 0.9896972179412842, 0
u,0.2959989011287689, 0.8724954128265381, 0
u,0.2963334918022156, 0.8724954128265381, 0
u,0.2959989011287689, 0.886073112487793, 0
u,0.3201914131641388, 0.9208456873893738, 0
u,0.32465049624443054, 0.9208456873893738, 0
u,0.350700706243515, 0.9896972179412842, 0
u,0.350700706243515, 0.9896972179412842, 0
u,0.3532715141773224, 0.9896972179412842, 0
u,0.3532715141773224, 0.999029278755188, 0
u,0.3532715141773224, 0.999029278755188, 0
u,0.2959989011287689, 0.886073112487793, 0
u,0.3201914131641388, 0.9208456873893738, 0
u,0.4930481016635895, 0.8333333134651184, 0
u,0.9071540832519531, 0.8333333134651184, 0
u,0.5082880258560181, 0.8335561752319336, 0
u,0.9071540832519531, 0.8333333134651184, 0
u,0.9071540832519531, 0.8335561752319336, 0
u,0.5082880258560181, 0.8335561752319336, 0
u,0.9071540832519531, 0.9986600875854492, 0
u,0.9071540832519531, 0.9987758994102478, 0
u,0.5082880258560181, 0.9986600875854492, 0
u,0.9071540832519531, 0.9987758994102478, 0
u,0.49266859889030457, 0.9987758994102478, 0
u,0.5082880258560181, 0.9986600875854492, 0
u,0.4930481016635895, 0.8333333134651184, 0
u,0.5082880258560181, 0.8335561752319336, 0
u,0.49266859889030457, 0.9987758994102478, 0
u,0.019133200868964195, 0.41406041383743286, 0
u,0.018759500235319138, 0.2509402930736542, 0
u,0.4083733856678009, 0.2509402930736542, 0
u,0.4083733856678009, 0.5069929957389832, 0
u,0.0003738999948836863, 0.5069929957389832, 0
u,0.019133200868964195, 0.41406041383743286, 0
