s,30.005615234375, 31.482421875, -1.70965576171875
b,38.92138671875, 37.5703125, 8.902320861816406
v,35.346435546875, 33.5810546875, 7.322559833526611
v,35.9228515625, 33.82421875, 7.322551250457764
v,35.9228515625, 33.82421875, 7.621187686920166
v,35.346435546875, 33.5810546875, 7.62119722366333
v,31.402587890625, 31.482421875, -1.7095215320587158
v,30.005615234375, 34.7509765625, -1.709540605545044
v,36.60595703125, 37.5703125, -1.709648609161377
v,37.951171875, 36.9541015625, -1.70965576171875
v,38.92138671875, 34.6923828125, -1.709641933441162
v,31.8017578125, 34.9521484375, 5.743919849395752
v,31.343017578125, 34.7568359375, 5.7439284324646
v,31.825439453125, 33.5341796875, 5.7439351081848145
v,32.2841796875, 33.7294921875, 5.743926525115967
v,31.825439453125, 33.5341796875, 5.38978910446167
v,31.343017578125, 34.7568359375, 5.389782428741455
v,31.8017578125, 34.9521484375, 5.389773845672607
v,31.635009765625, 35.3740234375, 5.389771938323975
v,30.093017578125, 34.7158203125, 5.389800548553467
v,30.1142578125, 34.6669921875, 5.389800548553467
v,31.00146484375, 35.02734375, 5.389784336090088
v,31.9033203125, 32.83984375, 5.389796733856201
v,31.044189453125, 32.490234375, 5.389811992645264
v,31.437744140625, 31.5693359375, 5.3898186683654785
v,32.891357421875, 32.1904296875, 5.389791965484619
v,32.2841796875, 33.7294921875, 5.389781475067139
v,31.635009765625, 35.3740234375, 5.389771938323975
v,31.8017578125, 34.9521484375, 5.389773845672607
v,32.2841796875, 33.7294921875, 5.389781475067139
v,32.891357421875, 32.1904296875, 5.389791965484619
v,34.41748046875, 32.841796875, 5.38976526260376
v,34.082275390625, 33.6357421875, 5.389760494232178
v,36.09619140625, 34.490234375, 5.38972806930542
v,36.4296875, 33.701171875, 5.389733791351318
v,38.833984375, 34.7275390625, 5.389700412750244
v,37.900146484375, 36.904296875, 5.3896870613098145
v,36.60498046875, 37.498046875, 5.389694690704346
v,34.926513671875, 36.78125, 5.389718532562256
v,37.658203125, 36.9912109375, 5.389688968658447
v,38.777099609375, 34.83984375, 5.389700412750244
v,38.6064453125, 34.7744140625, 5.389702320098877
v,38.1416015625, 35.669921875, 5.3896965980529785
v,35.885009765625, 34.673828125, 5.389729022979736
v,34.900634765625, 36.7705078125, 5.389718532562256
v,36.60498046875, 37.498046875, 5.456305027008057
v,37.900146484375, 36.904296875, 5.456298351287842
v,38.833984375, 34.7275390625, 5.4563117027282715
v,38.92138671875, 34.6923828125, 5.456310749053955
v,37.951171875, 36.9541015625, 5.456297397613525
v,36.60595703125, 37.5703125, 5.45630407333374
v,30.005615234375, 34.7509765625, 5.456411838531494
v,31.402587890625, 31.482421875, 5.456430912017822
v,31.437744140625, 31.5693359375, 5.4564290046691895
v,31.044189453125, 32.490234375, 5.456423282623291
v,30.990234375, 32.46875, 5.456424236297607
v,30.088134765625, 34.65625, 5.456411838531494
v,30.1142578125, 34.6669921875, 5.456411838531494
v,30.093017578125, 34.7158203125, 5.456410884857178
v,34.900634765625, 36.7705078125, 5.456328868865967
v,34.896484375, 36.7783203125, 5.456328868865967
v,34.926513671875, 36.78125, 5.456328868865967
v,31.402587890625, 31.482421875, 5.456430912017822
v,38.92138671875, 34.6923828125, 5.456310749053955
v,38.833984375, 34.7275390625, 5.4563117027282715
v,36.4296875, 33.701171875, 5.456344127655029
v,36.449951171875, 33.6533203125, 5.456344127655029
v,34.435791015625, 32.798828125, 5.456376552581787
v,34.41748046875, 32.841796875, 5.456375598907471
v,31.437744140625, 31.5693359375, 5.4564290046691895
v,30.18994140625, 34.6142578125, 6.984010219573975
v,31.03271484375, 32.5693359375, 6.9840216636657715
v,31.8017578125, 32.8828125, 6.984008312225342
v,30.959228515625, 34.92578125, 6.9839959144592285
v,31.9033203125, 32.83984375, 7.07282018661499
v,31.8017578125, 32.8828125, 7.072821140289307
v,31.03271484375, 32.5693359375, 7.072835445404053
v,30.990234375, 32.46875, 7.0728373527526855
v,30.18994140625, 34.6142578125, 7.072824001312256
v,30.959228515625, 34.92578125, 7.072810649871826
v,31.8017578125, 32.8828125, 7.072821140289307
v,31.9033203125, 32.83984375, 7.07282018661499
v,31.00146484375, 35.02734375, 7.072808742523193
v,30.08837890625, 34.65625, 7.072825908660889
v,30.990234375, 32.46875, 7.0728373527526855
v,31.03271484375, 32.5693359375, 7.072835445404053
v,38.6064453125, 34.7744140625, 8.902292251586914
v,38.777099609375, 34.83984375, 8.902292251586914
v,37.658203125, 36.9912109375, 8.902278900146484
v,34.896728515625, 36.7783203125, 8.90230941772461
v,35.885009765625, 34.6748046875, 8.902320861816406
v,38.1416015625, 35.669921875, 8.902288436889648
v,35.922607421875, 33.82421875, 7.322551250457764
v,36.308349609375, 33.98828125, 7.322545528411865
v,36.09619140625, 34.490234375, 7.3225417137146
v,34.082275390625, 33.6357421875, 7.322573184967041
v,34.29345703125, 33.1357421875, 7.322576999664307
v,34.351806640625, 33.16015625, 7.32257604598999
v,34.212890625, 33.4892578125, 7.322573184967041
v,34.789306640625, 33.7333984375, 7.322563648223877
v,34.927978515625, 33.4052734375, 7.322566509246826
v,35.345947265625, 33.58203125, 7.322559833526611
v,35.20751953125, 33.9091796875, 7.3225579261779785
v,35.78369140625, 34.154296875, 7.3225483894348145
v,35.922607421875, 33.82421875, 7.322551250457764
v,35.34619140625, 33.5810546875, 7.322559833526611
v,35.345947265625, 33.58203125, 7.322559833526611
v,34.927978515625, 33.4052734375, 7.322566509246826
v,34.351806640625, 33.16015625, 7.32257604598999
v,34.29345703125, 33.1357421875, 7.322576999664307
v,34.435791015625, 32.798828125, 7.3225789070129395
v,36.449951171875, 33.6533203125, 7.3225483894348145
v,36.308349609375, 33.98828125, 7.322545528411865
v,34.351806640625, 33.16015625, 7.620102405548096
v,34.927978515625, 33.4052734375, 7.620092868804932
v,34.789306640625, 33.7333984375, 7.620090961456299
v,34.212890625, 33.4892578125, 7.620100498199463
v,35.922607421875, 33.82421875, 7.621187686920166
v,35.78369140625, 34.154296875, 7.621185779571533
v,35.20751953125, 33.9091796875, 7.621194362640381
v,35.34619140625, 33.5810546875, 7.62119722366333
v,32.2841796875, 33.7294921875, 5.389781475067139
v,32.2841796875, 33.7294921875, 5.743926525115967
v,31.825439453125, 33.5341796875, 5.7439351081848145
v,31.825439453125, 33.5341796875, 5.38978910446167
v,31.825439453125, 33.5341796875, 5.38978910446167
v,31.825439453125, 33.5341796875, 5.7439351081848145
v,31.343017578125, 34.7568359375, 5.7439284324646
v,31.343017578125, 34.7568359375, 5.389782428741455
v,31.343017578125, 34.7568359375, 5.389782428741455
v,31.343017578125, 34.7568359375, 5.7439284324646
v,31.8017578125, 34.9521484375, 5.743919849395752
v,31.8017578125, 34.9521484375, 5.389773845672607
v,31.8017578125, 34.9521484375, 5.389773845672607
v,31.8017578125, 34.9521484375, 5.743919849395752
v,32.2841796875, 33.7294921875, 5.743926525115967
v,32.2841796875, 33.7294921875, 5.389781475067139
v,34.926513671875, 36.78125, 5.456328868865967
v,34.926513671875, 36.78125, 5.389718532562256
v,36.60498046875, 37.498046875, 5.389694690704346
v,36.60498046875, 37.498046875, 5.456305027008057
v,31.635009765625, 35.3740234375, 5.389771938323975
v,34.900634765625, 36.7705078125, 5.389718532562256
v,34.900634765625, 36.7705078125, 5.456328868865967
v,30.093017578125, 34.7158203125, 5.456410884857178
v,30.093017578125, 34.7158203125, 5.389800548553467
v,37.900146484375, 36.904296875, 5.3896870613098145
v,37.900146484375, 36.904296875, 5.456298351287842
v,36.60498046875, 37.498046875, 5.456305027008057
v,36.60498046875, 37.498046875, 5.389694690704346
v,38.833984375, 34.7275390625, 5.389700412750244
v,38.833984375, 34.7275390625, 5.4563117027282715
v,37.900146484375, 36.904296875, 5.456298351287842
v,37.900146484375, 36.904296875, 5.3896870613098145
v,36.4296875, 33.701171875, 5.389733791351318
v,36.4296875, 33.701171875, 5.456344127655029
v,38.833984375, 34.7275390625, 5.4563117027282715
v,38.833984375, 34.7275390625, 5.389700412750244
v,34.41748046875, 32.841796875, 5.456375598907471
v,34.41748046875, 32.841796875, 5.38976526260376
v,32.891357421875, 32.1904296875, 5.389791965484619
v,31.437744140625, 31.5693359375, 5.3898186683654785
v,31.437744140625, 31.5693359375, 5.4564290046691895
v,31.044189453125, 32.490234375, 5.389811992645264
v,31.044189453125, 32.490234375, 5.456423282623291
v,31.437744140625, 31.5693359375, 5.4564290046691895
v,31.437744140625, 31.5693359375, 5.3898186683654785
v,30.1142578125, 34.6669921875, 5.456411838531494
v,30.1142578125, 34.6669921875, 5.389800548553467
v,30.093017578125, 34.7158203125, 5.389800548553467
v,30.093017578125, 34.7158203125, 5.456410884857178
v,36.60595703125, 37.5703125, -1.709648609161377
v,36.60595703125, 37.5703125, 5.45630407333374
v,37.951171875, 36.9541015625, 5.456297397613525
v,37.951171875, 36.9541015625, -1.70965576171875
v,37.951171875, 36.9541015625, -1.70965576171875
v,37.951171875, 36.9541015625, 5.456297397613525
v,38.92138671875, 34.6923828125, 5.456310749053955
v,38.92138671875, 34.6923828125, -1.709641933441162
v,38.92138671875, 34.6923828125, -1.709641933441162
v,38.92138671875, 34.6923828125, 5.456310749053955
v,31.402587890625, 31.482421875, 5.456430912017822
v,31.402587890625, 31.482421875, -1.7095215320587158
v,31.402587890625, 31.482421875, -1.7095215320587158
v,31.402587890625, 31.482421875, 5.456430912017822
v,30.005615234375, 34.7509765625, 5.456411838531494
v,30.005615234375, 34.7509765625, -1.709540605545044
v,36.60595703125, 37.5703125, -1.709648609161377
v,30.005615234375, 34.7509765625, -1.709540605545044
v,30.005615234375, 34.7509765625, 5.456411838531494
v,36.60595703125, 37.5703125, 5.45630407333374
v,30.959228515625, 34.92578125, 7.072810649871826
v,30.18994140625, 34.6142578125, 7.072824001312256
v,30.18994140625, 34.6142578125, 6.984010219573975
v,30.959228515625, 34.92578125, 6.9839959144592285
v,31.8017578125, 32.8828125, 7.072821140289307
v,30.959228515625, 34.92578125, 7.072810649871826
v,30.959228515625, 34.92578125, 6.9839959144592285
v,31.8017578125, 32.8828125, 6.984008312225342
v,31.03271484375, 32.5693359375, 7.072835445404053
v,31.8017578125, 32.8828125, 7.072821140289307
v,31.8017578125, 32.8828125, 6.984008312225342
v,31.03271484375, 32.5693359375, 6.9840216636657715
v,30.18994140625, 34.6142578125, 7.072824001312256
v,31.03271484375, 32.5693359375, 7.072835445404053
v,31.03271484375, 32.5693359375, 6.9840216636657715
v,30.18994140625, 34.6142578125, 6.984010219573975
v,31.9033203125, 32.83984375, 5.389796733856201
v,31.00146484375, 35.02734375, 5.389784336090088
v,31.00146484375, 35.02734375, 7.072808742523193
v,31.9033203125, 32.83984375, 7.07282018661499
v,31.9033203125, 32.83984375, 5.389796733856201
v,31.9033203125, 32.83984375, 7.07282018661499
v,30.990234375, 32.46875, 7.0728373527526855
v,30.990234375, 32.46875, 5.456424236297607
v,31.044189453125, 32.490234375, 5.456423282623291
v,31.044189453125, 32.490234375, 5.389811992645264
v,30.08837890625, 34.65625, 7.072825908660889
v,30.088134765625, 34.65625, 5.456411838531494
v,30.990234375, 32.46875, 5.456424236297607
v,30.990234375, 32.46875, 7.0728373527526855
v,30.1142578125, 34.6669921875, 5.389800548553467
v,30.1142578125, 34.6669921875, 5.456411838531494
v,30.088134765625, 34.65625, 5.456411838531494
v,30.08837890625, 34.65625, 7.072825908660889
v,31.00146484375, 35.02734375, 7.072808742523193
v,31.00146484375, 35.02734375, 5.389784336090088
v,35.885009765625, 34.673828125, 5.389729022979736
v,38.1416015625, 35.669921875, 5.3896965980529785
v,38.1416015625, 35.669921875, 8.902288436889648
v,35.885009765625, 34.6748046875, 8.902320861816406
v,35.885009765625, 34.673828125, 5.389729022979736
v,35.885009765625, 34.6748046875, 8.902320861816406
v,34.896728515625, 36.7783203125, 8.90230941772461
v,34.896484375, 36.7783203125, 5.456328868865967
v,34.900634765625, 36.7705078125, 5.456328868865967
v,34.900634765625, 36.7705078125, 5.389718532562256
v,34.926513671875, 36.78125, 5.389718532562256
v,34.926513671875, 36.78125, 5.456328868865967
v,34.896484375, 36.7783203125, 5.456328868865967
v,34.896728515625, 36.7783203125, 8.90230941772461
v,37.658203125, 36.9912109375, 8.902278900146484
v,37.658203125, 36.9912109375, 5.389688968658447
v,38.777099609375, 34.83984375, 8.902292251586914
v,38.777099609375, 34.83984375, 5.389700412750244
v,37.658203125, 36.9912109375, 5.389688968658447
v,37.658203125, 36.9912109375, 8.902278900146484
v,38.6064453125, 34.7744140625, 8.902292251586914
v,38.6064453125, 34.7744140625, 5.389702320098877
v,38.777099609375, 34.83984375, 5.389700412750244
v,38.777099609375, 34.83984375, 8.902292251586914
v,38.1416015625, 35.669921875, 8.902288436889648
v,38.1416015625, 35.669921875, 5.3896965980529785
v,38.6064453125, 34.7744140625, 5.389702320098877
v,38.6064453125, 34.7744140625, 8.902292251586914
v,34.082275390625, 33.6357421875, 7.322573184967041
v,34.082275390625, 33.6357421875, 5.389760494232178
v,34.41748046875, 32.841796875, 5.38976526260376
v,34.41748046875, 32.841796875, 5.456375598907471
v,34.435791015625, 32.798828125, 5.456376552581787
v,34.435791015625, 32.798828125, 7.3225789070129395
v,34.29345703125, 33.1357421875, 7.322576999664307
v,34.082275390625, 33.6357421875, 5.389760494232178
v,34.082275390625, 33.6357421875, 7.322573184967041
v,36.09619140625, 34.490234375, 7.3225417137146
v,36.09619140625, 34.490234375, 5.38972806930542
v,36.449951171875, 33.6533203125, 5.456344127655029
v,36.4296875, 33.701171875, 5.456344127655029
v,36.4296875, 33.701171875, 5.389733791351318
v,36.09619140625, 34.490234375, 5.38972806930542
v,36.09619140625, 34.490234375, 7.3225417137146
v,36.308349609375, 33.98828125, 7.322545528411865
v,36.449951171875, 33.6533203125, 7.3225483894348145
v,34.435791015625, 32.798828125, 5.456376552581787
v,36.449951171875, 33.6533203125, 5.456344127655029
v,36.449951171875, 33.6533203125, 7.3225483894348145
v,34.435791015625, 32.798828125, 7.3225789070129395
v,34.212890625, 33.4892578125, 7.620100498199463
v,34.212890625, 33.4892578125, 7.322573184967041
v,34.351806640625, 33.16015625, 7.32257604598999
v,34.351806640625, 33.16015625, 7.620102405548096
v,34.789306640625, 33.7333984375, 7.322563648223877
v,34.212890625, 33.4892578125, 7.322573184967041
v,34.212890625, 33.4892578125, 7.620100498199463
v,34.789306640625, 33.7333984375, 7.620090961456299
v,34.927978515625, 33.4052734375, 7.620092868804932
v,34.927978515625, 33.4052734375, 7.322566509246826
v,34.789306640625, 33.7333984375, 7.322563648223877
v,34.789306640625, 33.7333984375, 7.620090961456299
v,34.351806640625, 33.16015625, 7.32257604598999
v,34.927978515625, 33.4052734375, 7.322566509246826
v,34.927978515625, 33.4052734375, 7.620092868804932
v,34.351806640625, 33.16015625, 7.620102405548096
v,35.20751953125, 33.9091796875, 7.3225579261779785
v,35.345947265625, 33.58203125, 7.322559833526611
v,35.34619140625, 33.5810546875, 7.322559833526611
v,35.34619140625, 33.5810546875, 7.62119722366333
v,35.20751953125, 33.9091796875, 7.621194362640381
v,35.78369140625, 34.154296875, 7.3225483894348145
v,35.20751953125, 33.9091796875, 7.3225579261779785
v,35.20751953125, 33.9091796875, 7.621194362640381
v,35.78369140625, 34.154296875, 7.621185779571533
v,35.922607421875, 33.82421875, 7.322551250457764
v,35.78369140625, 34.154296875, 7.3225483894348145
v,35.78369140625, 34.154296875, 7.621185779571533
v,35.922607421875, 33.82421875, 7.621187686920166
i,0,2,3
i,6,7,8
i,10,12,9
i,20,22,23
i,33,34,38
i,58,48,49
i,64,65,60
i,69,71,68
i,73,75,72
i,76,77,80
i,86,88,89
i,93,97,100
i,109,103,108
i,112,114,111
i,115,117,118
i,120,122,119
i,123,125,126
i,127,129,130
i,132,134,131
i,136,138,135
i,142,139,141
i,145,147,144
i,148,150,151
i,152,154,155
i,158,159,160
i,162,164,161
i,166,168,165
i,169,171,172
i,173,175,176
i,178,180,177
i,181,183,184
i,186,188,185
i,189,191,192
i,194,196,193
i,198,200,197
i,201,203,204
i,205,207,208
i,211,212,213
i,215,217,218
i,223,224,220
i,225,227,228
i,231,232,233
i,239,240,236
i,242,244,241
i,246,248,245
i,249,251,252
i,259,254,256
i,260,262,263
i,265,267,269
i,271,273,274
i,275,277,278
i,280,282,279
i,284,286,283
i,287,289,290
i,292,294,295
i,297,299,296
i,300,302,303
i,0,1,2
i,8,4,6
i,4,5,6
i,10,11,12
i,14,15,16
i,16,17,19
i,17,18,19
i,14,16,19
i,20,21,22
i,14,19,13
i,19,20,13
i,23,24,20
i,24,13,20
i,42,25,26
i,26,27,30
i,27,28,30
i,28,29,30
i,31,32,39
i,32,33,39
i,26,30,42
i,30,31,41
i,41,42,30
i,39,40,31
i,40,41,31
i,35,36,37
i,34,35,37
i,34,37,38
i,38,39,33
i,44,45,47
i,45,46,47
i,50,51,53
i,51,52,53
i,58,59,48
i,59,43,48
i,43,44,47
i,49,50,53
i,54,55,56
i,49,53,54
i,43,47,48
i,56,57,58
i,49,54,56
i,56,58,49
i,61,62,64
i,62,63,64
i,66,67,65
i,67,60,65
i,61,64,60
i,69,70,71
i,73,74,75
i,77,78,80
i,78,79,80
i,81,82,76
i,82,83,76
i,81,76,80
i,89,84,85
i,86,87,88
i,89,85,86
i,101,90,91
i,93,94,96
i,94,95,96
i,101,91,92
i,98,99,97
i,99,100,97
i,100,101,92
i,92,93,100
i,93,96,97
i,103,104,105
i,106,107,108
i,103,105,108
i,105,106,108
i,109,110,102
i,102,103,109
i,112,113,114
i,115,116,117
i,120,121,122
i,123,124,125
i,127,128,129
i,132,133,134
i,136,137,138
i,143,139,142
i,139,140,141
i,145,146,147
i,148,149,150
i,152,153,154
i,160,156,158
i,156,157,158
i,162,163,164
i,166,167,168
i,169,170,171
i,173,174,175
i,178,179,180
i,181,182,183
i,186,187,188
i,189,190,191
i,194,195,196
i,198,199,200
i,201,202,203
i,205,206,207
i,214,209,213
i,209,210,213
i,210,211,213
i,215,216,217
i,224,219,220
i,220,221,222
i,222,223,220
i,225,226,227
i,234,229,233
i,229,230,233
i,230,231,233
i,240,235,236
i,236,237,238
i,238,239,236
i,242,243,244
i,246,247,248
i,249,250,251
i,259,253,254
i,254,255,256
i,256,257,258
i,258,259,256
i,260,261,262
i,270,264,265
i,265,266,267
i,267,268,269
i,269,270,265
i,271,272,273
i,275,276,277
i,280,281,282
i,284,285,286
i,287,288,289
i,295,291,292
i,292,293,294
i,297,298,299
i,300,301,302
n,1.754146933555603, -4.148151397705078, 0.0
n,-4.5882323320256546e-05, -4.750836160383187e-05, -4.50379753112793
n,6.210731953615323e-05, 4.9456109991297126e-05, 4.50379753112793
n,6.00294406467583e-05, 5.605353362625465e-05, 4.50379753112793
n,0.0003745098365470767, 0.00018869532505050302, 4.50379753112793
n,0.00014981669664848596, -0.0001788655063137412, 4.50379753112793
n,-0.00031004537595435977, 0.0008997321710921824, 4.5037970542907715
n,6.377792306011543e-05, 5.055295332567766e-05, 4.50379753112793
n,6.084419146645814e-05, 5.583145684795454e-05, 4.50379753112793
n,5.875949136679992e-05, 5.070046245236881e-05, 4.50379753112793
n,4.4335261918604374e-05, 4.510788494371809e-05, 4.50379753112793
n,5.716285522794351e-05, 1.5866458852542564e-05, 4.50379753112793
n,4.439681288204156e-05, 6.048111026757397e-05, 4.50379753112793
n,4.921967047266662e-05, 5.562578371609561e-05, 4.50379753112793
n,4.9286638386547565e-05, 5.562158548855223e-05, 4.50379753112793
n,1.7627794742584229, -4.1444902420043945, 0.0
n,-4.189564228057861, -1.652798056602478, 0.0
n,-1.7627795934677124, 4.144490718841553, 0.0
n,4.189564228057861, 1.652798056602478, 0.0
n,1.7679954767227173, -4.142268180847168, 0.0
n,1.7693250179290771, -4.141624450683594, 0.02505132555961609
n,-1.8756078481674194, -4.09466552734375, 0.0
n,-4.13902473449707, -1.7755756378173828, 0.0
n,-1.7678184509277344, 4.142343521118164, 0.0
n,-1.7693595886230469, 4.141685485839844, 0.0
n,4.141607284545898, 1.7695425748825073, 0.0
n,4.14432954788208, 1.763157844543457, 0.0
n,1.8768011331558228, 4.094119071960449, 0.0
n,4.139047622680664, 1.7755213975906372, -0.00021489837672561407
n,1.768364429473877, -4.142110347747803, 0.0005013938061892986
n,-4.141544818878174, -1.7696889638900757, 0.0
n,-1.7693854570388794, 4.141674041748047, 0.0
n,1.6937377452850342, -4.173181533813477, 0.0
n,-4.163702011108398, -1.716908574104309, 0.0
n,-1.6981852054595947, 4.1713738441467285, 0.0
n,4.163803577423096, 1.7166637182235718, 0.0
n,4.163673400878906, 1.716978669166565, 0.0
n,1.6784545183181763, -4.179351806640625, 0.0
n,-4.163818836212158, -1.7166260480880737, 0.0
n,-1.6965481042861938, 4.172039985656738, 0.0
n,1.818137764930725, -4.1205058097839355, 0.0010174288181588054
n,-4.068179130554199, -1.9323850870132446, 0.0002559813729021698
n,-0.3450438678264618, 4.490561008453369, 0.0
n,3.9954161643981934, 2.0786633491516113, 0.0
n,1.621056318283081, -4.201948642730713, 0.0
n,-3.9980762004852295, -2.073542356491089, 0.0
n,-4.148861885070801, -1.7524662017822266, 0.00037124703521840274
n,-1.7588199377059937, 4.146172523498535, 0.0
n,4.147976875305176, 1.7545604705810547, -1.9888870156137273e-05
n,1.7601723670959473, -4.145598411560059, 0.0
n,-4.148227691650391, -1.7539669275283813, 0.0
n,-1.7594380378723145, 4.145910263061523, 0.0
n,4.1492085456848145, 1.7516447305679321, 0.0
n,1.7599992752075195, -4.145671844482422, 0.0
n,-4.1492085456848145, -1.7516448497772217, 0.0009379624389111996
n,-1.7599992752075195, 4.145671844482422, 0.0
n,4.1498823165893555, 1.7500489950180054, 0.0
n,1.7541468143463135, -4.148151397705078, 0.0
n,-5.025873178965412e-05, -5.1028669986408204e-05, -4.50379753112793
n,-5.283041173242964e-05, -4.883092697127722e-05, -4.50379753112793
n,6.210731953615323e-05, 4.9456109991297126e-05, 4.50379753112793
n,6.461136945290491e-05, 4.35688161815051e-05, 4.50379753112793
n,7.226959860417992e-05, 2.1956033378955908e-05, 4.50379753112793
n,6.963981286389753e-05, 2.9627464755321853e-05, 4.50379753112793
n,5.8975503634428605e-05, 4.6234377805376425e-05, 4.50379753112793
n,5.6594890338601544e-05, 5.731247802032158e-05, 4.50379753112793
n,6.126505468273535e-05, 4.91238315589726e-05, 4.50379753112793
n,7.776993879815564e-05, 5.8229317801306024e-05, 4.50379753112793
n,5.770704592578113e-05, 5.252187474980019e-05, 4.50379753112793
n,5.1326846005395055e-05, 5.525446977117099e-05, 4.50379753112793
n,5.7363693485967815e-05, 4.070770228281617e-05, 4.50379753112793
n,5.564145976677537e-05, 5.002462421543896e-05, 4.50379753112793
n,5.573092494159937e-05, 5.1742121286224574e-05, 4.50379753112793
n,5.521774073713459e-05, 5.216513090999797e-05, 4.50379753112793
n,4.129469380131923e-05, 5.133717058924958e-05, 4.50379753112793
n,4.325365080148913e-05, 4.736303526442498e-05, 4.50379753112793
n,5.3784817282576114e-05, 4.680852725869045e-05, 4.50379753112793
n,5.431479439721443e-05, 4.163873745710589e-05, 4.50379753112793
n,5.090448394184932e-05, 4.756048656417988e-05, 4.50379753112793
n,4.176289803581312e-05, 4.720611104858108e-05, 4.50379753112793
n,4.8698715545469895e-05, 3.518819357850589e-05, 4.50379753112793
n,4.563689435599372e-05, 4.2169387597823516e-05, 4.50379753112793
n,4.9586280510993674e-05, 5.0380938773741946e-05, 4.50379753112793
n,4.96945358463563e-05, 5.0682956498349085e-05, 4.50379753112793
n,3.738532541319728e-05, 1.8836451999959536e-05, 4.50379753112793
n,3.3654854632914066e-05, 4.2473981011426076e-05, 4.50379753112793
n,6.553804996656254e-05, 5.5117961892392486e-05, 4.50379753112793
n,6.860384019091725e-05, 5.958439942332916e-05, 4.50379753112793
n,5.036894799559377e-05, 5.051091284258291e-05, 4.50379753112793
n,0.0001414725265931338, -0.00016085409151855856, 4.50379753112793
n,4.1498216887703165e-05, 5.18659689987544e-05, 4.50379753112793
n,4.001582783530466e-05, 3.591771383071318e-05, 4.50379753112793
n,0.0004310523218009621, 0.00021102925529703498, 4.50379753112793
n,-2.637625038914848e-05, 6.59406214253977e-05, 4.50379753112793
n,5.696840526070446e-05, 4.9651363951852545e-05, 4.50379753112793
n,4.6435099648078904e-05, 5.180719745112583e-05, 4.50379753112793
n,6.332388875307515e-05, 3.0078845156822354e-05, 4.50379753112793
n,6.675366603303701e-05, 5.81798012717627e-05, 4.50379753112793
n,5.93090990150813e-05, 3.9428912714356557e-05, 4.50379753112793
n,5.243886698735878e-05, 2.2124404495116323e-05, 4.50379753112793
n,5.2422623411985114e-05, 2.2160473235999234e-05, 4.50379753112793
n,3.653729800134897e-05, 0.00010331068187952042, 4.50379753112793
n,5.167956987861544e-05, 6.637085607508197e-05, 4.50379753112793
n,-0.0005931904306635261, 0.0015577842714264989, 4.5037970542907715
n,5.8841618738370016e-05, 5.0398975872667506e-05, 4.50379753112793
n,6.454786489484832e-05, 4.856581290368922e-05, 4.50379753112793
n,6.141586345620453e-05, 4.959364378009923e-05, 4.50379753112793
n,5.765013338532299e-05, 4.818853994947858e-05, 4.50379753112793
n,0.0001032331128953956, 6.697541539324448e-05, 4.50379753112793
n,5.9551304730121046e-05, 5.0676426326390356e-05, 4.50379753112793
n,7.943250966491178e-05, 1.0145382475457154e-05, 4.50379753112793
n,2.8995265893172473e-05, 4.0584371163276955e-05, 4.50379753112793
n,4.6382097934838384e-05, 4.354133488959633e-05, 4.50379753112793
n,2.6263298423145898e-05, 3.84925733669661e-05, 4.50379753112793
n,4.6191034925868735e-05, 5.420219531515613e-05, 4.50379753112793
n,6.529290112666786e-05, 5.814545147586614e-05, 4.50379753112793
n,4.328578870627098e-05, 5.311680070008151e-05, 4.50379753112793
n,4.4651515054283664e-05, 4.932569936499931e-05, 4.50379753112793
n,4.945441833115183e-05, 5.56924169359263e-05, 4.50379753112793
n,4.589417949318886e-05, 4.2636511352611706e-05, 4.50379753112793
n,5.6632339692441747e-05, 3.816527168964967e-05, 4.50379753112793
n,4.881370477960445e-05, 5.014157432015054e-05, 4.50379753112793
n,5.283862628857605e-05, 4.705451283371076e-05, 4.50379753112793
n,6.027566269040108e-05, 3.013783134520054e-05, 4.50379753112793
n,4.362162508186884e-05, 5.231019531493075e-05, 4.50379753112793
n,5.048584353062324e-05, 5.339467679732479e-05, 4.50379753112793
n,4.999909288017079e-05, 5.378985952120274e-05, 4.50379753112793
n,4.6365210437215865e-05, 5.379232970881276e-05, 4.50379753112793
n,4.5096770918462425e-05, 4.987755528418347e-05, 4.50379753112793
n,4.9215650506084785e-05, 5.559161945711821e-05, 4.50379753112793
n,4.7824061766732484e-05, 4.3316540541127324e-05, 4.50379753112793
n,1.7627795934677124, -4.144490718841553, 0.0
n,-4.189564228057861, -1.652798056602478, 0.0
n,-1.7627795934677124, 4.144490718841553, 0.0
n,4.189564228057861, 1.652798056602478, 0.0
n,1.7679954767227173, -4.142268180847168, 0.0
n,1.7684369087219238, -4.142079830169678, 0.0
n,1.7697840929031372, -4.141504287719727, 0.0
n,-1.8756078481674194, -4.09466552734375, 0.0
n,-4.13902473449707, -1.7755756378173828, 0.0
n,-1.7678183317184448, 4.142343521118164, 0.0
n,-1.7685471773147583, 4.141981601715088, 0.020484719425439835
n,-1.7678093910217285, 4.1423468589782715, 0.0
n,4.141607284545898, 1.7695426940917969, 0.0
n,4.14432954788208, 1.763157844543457, 0.0
n,1.8768011331558228, 4.094119071960449, 0.0
n,4.138801097869873, 1.7760965824127197, 0.0
n,1.7687686681747437, -4.141937732696533, 0.0
n,-4.141544818878174, -1.7696889638900757, 0.0
n,-1.769385814666748, 4.141674518585205, 0.0
n,1.6937377452850342, -4.173181533813477, 0.0
n,-4.163702011108398, -1.716908574104309, 0.0
n,-1.6981853246688843, 4.1713738441467285, 0.0
n,4.1638031005859375, 1.7166634798049927, 0.0
n,4.163673400878906, 1.7169787883758545, 0.0
n,1.6969612836837769, -4.171871662139893, 0.0
n,1.6969612836837769, -4.171871662139893, 0.0
n,1.6958699226379395, -4.17231559753418, 0.0006760902469977736
n,-4.163673400878906, -1.716978669166565, 0.0005585282924585044
n,-1.6965478658676147, 4.172039985656738, 0.0
n,-1.6726683378219604, 4.181671142578125, 0.0002243770140921697
n,-1.6962153911590576, 4.17217493057251, -0.00021265023679006845
n,1.8194633722305298, -4.11992073059082, 0.0
n,-4.076685905456543, -1.9143725633621216, 0.0
n,-4.0766801834106445, -1.9143848419189453, 0.0004726969636976719
n,-4.07650899887085, -1.9147495031356812, 0.00020215936820022762
n,-0.3450438678264618, 4.490561008453369, 0.0
n,-0.39016222953796387, 4.486865520477295, 2.4550115995225497e-05
n,-0.34556031227111816, 4.49052095413208, 0.00041179778054356575
n,3.9954161643981934, 2.0786635875701904, 0.0
n,1.621056079864502, -4.201948165893555, 0.0
n,-3.9980762004852295, -2.073542356491089, 0.0
n,-4.148346900939941, -1.753684639930725, 0.0
n,-4.148850440979004, -1.7524927854537964, 0.0
n,-4.152420520782471, -1.7440166473388672, 0.0
n,-4.150055408477783, -1.7496377229690552, -0.0001537050848128274
n,-1.758819818496704, 4.146172523498535, 0.0
n,4.148370265960693, 1.753629207611084, 0.0
n,4.147975921630859, 1.7545620203018188, 0.0
n,4.14794921875, 1.7546255588531494, 0.0
n,4.148072242736816, 1.7543338537216187, 2.1226102035143413e-05
n,1.7601722478866577, -4.1455979347229, 0.0
n,-4.148227691650391, -1.7539669275283813, 0.0
n,-1.7594380378723145, 4.145910263061523, 0.0
n,4.1492085456848145, 1.7516447305679321, 0.0
n,1.7599992752075195, -4.145671844482422, 0.0
n,-4.149514675140381, -1.7509195804595947, 0.0
n,-4.028318881988525, -2.0141594409942627, 0.0
n,-1.75999915599823, 4.145671844482422, 0.0
n,4.149881839752197, 1.7500488758087158, 0.0
u,0.6586102843284607, 0.6952825784683228, 0
u,0.6759644150733948, 0.6583120822906494, 0
u,0.6759644150733948, 0.6952825784683228, 0
u,0.0, 0.0, 0
u,0.0, 0.0, 0
u,0.0, 0.0, 0
u,0.861024796962738, 0.6777579188346863, 0
u,0.7816613912582397, 0.6494297981262207, 0
u,0.8609704971313477, 0.647179126739502, 0
u,0.7413169741630554, 0.6923444271087646, 0
u,0.681867778301239, 0.7492228150367737, 0
u,0.6818475723266602, 0.652262270450592, 0
u,0.6817647814750671, 0.25590381026268005, 0
u,0.8247125148773193, 0.25613081455230713, 0
u,0.6893510222434998, 0.2563961148262024, 0
u,0.888962984085083, 0.4285737872123718, 0
u,0.8924021124839783, 0.3130703866481781, 0
u,0.8924021124839783, 0.7533264756202698, 0
u,0.6786906123161316, 0.4162687063217163, 0
u,0.679000973701477, 0.5504739880561829, 0
u,0.6778489947319031, 0.753308117389679, 0
u,0.7469828724861145, 0.7479748725891113, 0
u,0.8795127272605896, 0.6953309178352356, 0
u,0.8804144263267517, 0.746252179145813, 0
u,0.7460898756980896, 0.6970499157905579, 0
u,0.742376983165741, 0.7528011798858643, 0
u,0.7413169741630554, 0.6923444271087646, 0
u,0.8804144263267517, 0.746252179145813, 0
u,0.8795127272605896, 0.6953309178352356, 0
u,0.884117603302002, 0.6905047297477722, 0
u,0.8352838754653931, 0.2676829993724823, 0
u,0.7487190961837769, 0.42353180050849915, 0
u,0.7505009770393372, 0.27224159240722656, 0
u,0.7338064908981323, 0.5502650141716003, 0
u,0.7225052714347839, 0.5080212950706482, 0
u,0.7223535180091858, 0.4801828861236572, 0
u,0.6786906123161316, 0.4162687063217163, 0
u,0.7008101940155029, 0.48027729988098145, 0
u,0.679000973701477, 0.5504739880561829, 0
u,0.7009618878364563, 0.5081155896186829, 0
u,0.7225860953330994, 0.5464246273040771, 0
u,0.7010536193847656, 0.5465015172958374, 0
u,0.7007055282592773, 0.44188448786735535, 0
u,0.7223535180091858, 0.4801828861236572, 0
u,0.7008101940155029, 0.48027729988098145, 0
u,0.8067585825920105, 0.7545493841171265, 0
u,0.8334224820137024, 0.7737972736358643, 0
u,0.8067585825920105, 0.7737972736358643, 0
u,0.6394764184951782, 0.7737972736358643, 0
u,0.7097936868667603, 0.7545493841171265, 0
u,0.7097936868667603, 0.7737972736358643, 0
u,0.7097936868667603, 0.7737972736358643, 0
u,0.7364535927772522, 0.7545493841171265, 0
u,0.7364535927772522, 0.7737972736358643, 0
u,0.7364535927772522, 0.7545493841171265, 0
u,0.8067585825920105, 0.7737972736358643, 0
u,0.7364535927772522, 0.7737972736358643, 0
u,0.89780592918396, 0.333423912525177, 0
u,0.8942598104476929, 0.4321855902671814, 0
u,0.8942598104476929, 0.333423912525177, 0
u,0.892889678478241, 0.7807514071464539, 0
u,0.8116241097450256, 0.7840328216552734, 0
u,0.6394764184951782, 0.7807514071464539, 0
u,0.8942598104476929, 0.509288489818573, 0
u,0.89780592918396, 0.4321855902671814, 0
u,0.89780592918396, 0.509288489818573, 0
u,0.89780592918396, 0.6374573111534119, 0
u,0.8942598104476929, 0.509288489818573, 0
u,0.89780592918396, 0.509288489818573, 0
u,0.89780592918396, 0.7789149880409241, 0
u,0.8942598104476929, 0.6374573111534119, 0
u,0.89780592918396, 0.6374573111534119, 0
u,0.7759330868721008, 0.7789149880409241, 0
u,0.6924030184745789, 0.7789149880409241, 0
u,0.6924030184745789, 0.775337815284729, 0
u,0.6394764184951782, 0.775337815284729, 0
u,0.6924030184745789, 0.7789149880409241, 0
u,0.6394764184951782, 0.7789149880409241, 0
u,0.8954795002937317, 0.7840328216552734, 0
u,0.892889678478241, 0.7807514071464539, 0
u,0.8954795002937317, 0.7807514071464539, 0
u,0.41196900606155396, 0.9993913173675537, 0
u,0.4969210922718048, 0.5813714861869812, 0
u,0.4969210922718048, 0.9993913173675537, 0
u,0.4969210922718048, 0.9993913173675537, 0
u,0.6381778717041016, 0.5813714861869812, 0
u,0.6381778717041016, 0.9993913173675537, 0
u,0.617814302444458, 0.57932448387146, 0
u,0.18723130226135254, 0.19577020406723022, 0
u,0.617814302444458, 0.19577020406723022, 0
u,0.18723130226135254, 0.19577020406723022, 0
u,0.0, 0.57932448387146, 0
u,0.0, 0.19577020406723022, 0
u,0.0, 0.9993913173675537, 0
u,0.41196900606155396, 0.5813714861869812, 0
u,0.41196900606155396, 0.9993913173675537, 0
u,0.7675806879997253, 0.7859677076339722, 0
u,0.8156884908676147, 0.7911974787712097, 0
u,0.7675806879997253, 0.7911974787712097, 0
u,0.7675806879997253, 0.7859677076339722, 0
u,0.6394764184951782, 0.7911974787712097, 0
u,0.6394764184951782, 0.7859677076339722, 0
u,0.9919124841690063, 0.7859677076339722, 0
u,0.9438015222549438, 0.7911974787712097, 0
u,0.9438015222549438, 0.7859677076339722, 0
u,0.8156884908676147, 0.7859677076339722, 0
u,0.9438015222549438, 0.7911974787712097, 0
u,0.8156884908676147, 0.7911974787712097, 0
u,0.9451661705970764, 0.883654773235321, 0
u,0.8186715841293335, 0.7922211289405823, 0
u,0.9451661705970764, 0.7922211289405823, 0
u,0.9978607296943665, 0.7922211289405823, 0
u,0.9978607296943665, 0.8800361156463623, 0
u,0.9947463870048523, 0.8800361156463623, 0
u,0.7659801840782166, 0.7922211289405823, 0
u,0.6394764184951782, 0.8800361156463623, 0
u,0.6394764184951782, 0.7922211289405823, 0
u,0.8186715841293335, 0.7922211289405823, 0
u,0.8186715841293335, 0.883654773235321, 0
u,0.7674769759178162, 0.8800361156463623, 0
u,0.12573379278182983, 0.0014393000165000558, 0
u,0.259111613035202, 0.19447289407253265, 0
u,0.12573379278182983, 0.19447289407253265, 0
u,0.0, 0.19447289407253265, 0
u,0.0, 0.005099799949675798, 0
u,0.0005206000059843063, 0.005099799949675798, 0
u,0.4547131061553955, 0.19447289407253265, 0
u,0.4547131061553955, 0.0014393000165000558, 0
u,0.6028571724891663, 0.005099799949675798, 0
u,0.3235827088356018, 0.0014393000165000558, 0
u,0.4547131061553955, 0.19447289407253265, 0
u,0.3235827088356018, 0.19447289407253265, 0
u,0.3136819899082184, 0.0014393000165000558, 0
u,0.3235827088356018, 0.19447289407253265, 0
u,0.3136819899082184, 0.19447289407253265, 0
u,0.259111613035202, 0.19447289407253265, 0
u,0.3136819899082184, 0.0014393000165000558, 0
u,0.3136819899082184, 0.19447289407253265, 0
u,0.8505594730377197, 0.9993162751197815, 0
u,0.8190851211547852, 0.8853632807731628, 0
u,0.8690503239631653, 0.8892905116081238, 0
u,0.8190851211547852, 0.8853632807731628, 0
u,0.692160427570343, 0.9993162751197815, 0
u,0.692160427570343, 0.8853632807731628, 0
u,0.6424636840820312, 0.8892905116081238, 0
u,0.692160427570343, 0.8853632807731628, 0
u,0.660570502281189, 0.9993162751197815, 0
u,0.8717660903930664, 0.8892905116081238, 0
u,0.9986898899078369, 0.9993162751197815, 0
u,0.8717660903930664, 0.9993162751197815, 0
u,0.6567379832267761, 0.7164055705070496, 0
u,0.6394764184951782, 0.6953651905059814, 0
u,0.6567379832267761, 0.6953651905059814, 0
u,0.6394764184951782, 0.7164055705070496, 0
u,0.6567379832267761, 0.7533264756202698, 0
u,0.6394764184951782, 0.7533264756202698, 0
u,0.6394764184951782, 0.6584609746932983, 0
u,0.6567379832267761, 0.6374099254608154, 0
u,0.6567379832267761, 0.6584609746932983, 0
u,0.6394764184951782, 0.6953651905059814, 0
u,0.6567379832267761, 0.6584609746932983, 0
u,0.6567379832267761, 0.6953651905059814, 0
u,0.6586102843284607, 0.6953660845756531, 0
u,0.6759644150733948, 0.6952825784683228, 0
u,0.6759644150733948, 0.7163677215576172, 0
u,0.6586102843284607, 0.7163677215576172, 0
u,0.6759644150733948, 0.7533264756202698, 0
u,0.6586102843284607, 0.7533264756202698, 0
u,0.6586102843284607, 0.6583120822906494, 0
u,0.6759644150733948, 0.6372243165969849, 0
u,0.6759644150733948, 0.6583120822906494, 0
u,0.6586102843284607, 0.6952825784683228, 0
u,0.6586102843284607, 0.6583120822906494, 0
u,0.6759644150733948, 0.6583120822906494, 0
u,0.0, 0.0, 0
u,0.0, 0.0, 0
u,0.0, 0.0, 0
u,0.0, 0.0, 0
u,0.0, 0.0, 0
u,0.0, 0.0, 0
u,0.861024796962738, 0.6777579188346863, 0
u,0.7817018032073975, 0.680013120174408, 0
u,0.7816613912582397, 0.6494297981262207, 0
u,0.861024796962738, 0.6777579188346863, 0
u,0.8609704971313477, 0.647179126739502, 0
u,0.8883823156356812, 0.6464012265205383, 0
u,0.8883823156356812, 0.6464012265205383, 0
u,0.8883823156356812, 0.7492405772209167, 0
u,0.884117603302002, 0.6905047297477722, 0
u,0.8883823156356812, 0.7492405772209167, 0
u,0.8851578235626221, 0.7492402791976929, 0
u,0.884117603302002, 0.6905047297477722, 0
u,0.861024796962738, 0.6777579188346863, 0
u,0.8883823156356812, 0.6464012265205383, 0
u,0.884117603302002, 0.6905047297477722, 0
u,0.7413169741630554, 0.6923444271087646, 0
u,0.7423143982887268, 0.7492280006408691, 0
u,0.681867778301239, 0.7492228150367737, 0
u,0.861024796962738, 0.6777579188346863, 0
u,0.884117603302002, 0.6905047297477722, 0
u,0.7817018032073975, 0.680013120174408, 0
u,0.884117603302002, 0.6905047297477722, 0
u,0.7413169741630554, 0.6923444271087646, 0
u,0.7817018032073975, 0.680013120174408, 0
u,0.6818475723266602, 0.652262270450592, 0
u,0.7816613912582397, 0.6494297981262207, 0
u,0.7413169741630554, 0.6923444271087646, 0
u,0.7816613912582397, 0.6494297981262207, 0
u,0.7817018032073975, 0.680013120174408, 0
u,0.7413169741630554, 0.6923444271087646, 0
u,0.8883823156356812, 0.42855289578437805, 0
u,0.8883823156356812, 0.6464012265205383, 0
u,0.8609704971313477, 0.647179126739502, 0
u,0.8609704971313477, 0.647179126739502, 0
u,0.7816613912582397, 0.6494297981262207, 0
u,0.7338064908981323, 0.5502650141716003, 0
u,0.7816613912582397, 0.6494297981262207, 0
u,0.6818475723266602, 0.652262270450592, 0
u,0.7338064908981323, 0.5502650141716003, 0
u,0.6818475723266602, 0.652262270450592, 0
u,0.6818262934684753, 0.5504633188247681, 0
u,0.7338064908981323, 0.5502650141716003, 0
u,0.7334992289543152, 0.4160586893558502, 0
u,0.6817982792854309, 0.41625678539276123, 0
u,0.6897649765014648, 0.26761940121650696, 0
u,0.6817982792854309, 0.41625678539276123, 0
u,0.6817647814750671, 0.25590381026268005, 0
u,0.6897649765014648, 0.26761940121650696, 0
u,0.8609704971313477, 0.647179126739502, 0
u,0.7338064908981323, 0.5502650141716003, 0
u,0.8883823156356812, 0.42855289578437805, 0
u,0.7338064908981323, 0.5502650141716003, 0
u,0.7334992289543152, 0.4160586893558502, 0
u,0.7487190961837769, 0.42353180050849915, 0
u,0.7487190961837769, 0.42353180050849915, 0
u,0.8883823156356812, 0.42855289578437805, 0
u,0.7338064908981323, 0.5502650141716003, 0
u,0.6897649765014648, 0.26761940121650696, 0
u,0.7505009770393372, 0.27224159240722656, 0
u,0.7334992289543152, 0.4160586893558502, 0
u,0.7505009770393372, 0.27224159240722656, 0
u,0.7487190961837769, 0.42353180050849915, 0
u,0.7334992289543152, 0.4160586893558502, 0
u,0.8883823156356812, 0.3148793876171112, 0
u,0.8883823156356812, 0.42683321237564087, 0
u,0.8352838754653931, 0.2676829993724823, 0
u,0.8247125148773193, 0.25613081455230713, 0
u,0.8883823156356812, 0.3148793876171112, 0
u,0.8352838754653931, 0.2676829993724823, 0
u,0.8247125148773193, 0.25613081455230713, 0
u,0.8352838754653931, 0.2676829993724823, 0
u,0.6893510222434998, 0.2563961148262024, 0
u,0.6893510222434998, 0.2563961148262024, 0
u,0.6897649765014648, 0.26761940121650696, 0
u,0.6817647814750671, 0.25590381026268005, 0
u,0.8247125148773193, 0.25613081455230713, 0
u,0.6817647814750671, 0.25590381026268005, 0
u,0.8262677192687988, 0.25204768776893616, 0
u,0.6817647814750671, 0.25590381026268005, 0
u,0.6777442097663879, 0.2518118917942047, 0
u,0.8262677192687988, 0.25204768776893616, 0
u,0.6778489947319031, 0.753308117389679, 0
u,0.681867778301239, 0.7492228150367737, 0
u,0.742376983165741, 0.7528011798858643, 0
u,0.681867778301239, 0.7492228150367737, 0
u,0.7423143982887268, 0.7492280006408691, 0
u,0.742376983165741, 0.7528011798858643, 0
u,0.888962984085083, 0.4285737872123718, 0
u,0.8883823156356812, 0.42683321237564087, 0
u,0.8924021124839783, 0.3130703866481781, 0
u,0.8883823156356812, 0.42683321237564087, 0
u,0.8883823156356812, 0.3148793876171112, 0
u,0.8924021124839783, 0.3130703866481781, 0
u,0.8883823156356812, 0.3148793876171112, 0
u,0.8247125148773193, 0.25613081455230713, 0
u,0.8262677192687988, 0.25204768776893616, 0
u,0.8924021124839783, 0.7533264756202698, 0
u,0.6778489947319031, 0.753308117389679, 0
u,0.742376983165741, 0.7528011798858643, 0
u,0.8851882219314575, 0.7509574890136719, 0
u,0.8851578235626221, 0.7492402791976929, 0
u,0.8883823156356812, 0.7492405772209167, 0
u,0.8924021124839783, 0.7533264756202698, 0
u,0.742376983165741, 0.7528011798858643, 0
u,0.8851882219314575, 0.7509574890136719, 0
u,0.8883823156356812, 0.3148793876171112, 0
u,0.8262677192687988, 0.25204768776893616, 0
u,0.8924021124839783, 0.3130703866481781, 0
u,0.8883823156356812, 0.7492405772209167, 0
u,0.8883823156356812, 0.42855289578437805, 0
u,0.888962984085083, 0.4285737872123718, 0
u,0.8924021124839783, 0.7533264756202698, 0
u,0.8851882219314575, 0.7509574890136719, 0
u,0.8883823156356812, 0.7492405772209167, 0
u,0.8883823156356812, 0.7492405772209167, 0
u,0.888962984085083, 0.4285737872123718, 0
u,0.8924021124839783, 0.7533264756202698, 0
u,0.6777442097663879, 0.2518118917942047, 0
u,0.6817647814750671, 0.25590381026268005, 0
u,0.6786906123161316, 0.4162687063217163, 0
u,0.6817647814750671, 0.25590381026268005, 0
u,0.6817982792854309, 0.41625678539276123, 0
u,0.6786906123161316, 0.4162687063217163, 0
u,0.6818262934684753, 0.5504633188247681, 0
u,0.681867778301239, 0.7492228150367737, 0
u,0.679000973701477, 0.5504739880561829, 0
u,0.681867778301239, 0.7492228150367737, 0
u,0.6778489947319031, 0.753308117389679, 0
u,0.679000973701477, 0.5504739880561829, 0
u,0.6777442097663879, 0.2518118917942047, 0
u,0.6786906123161316, 0.4162687063217163, 0
u,0.6778489947319031, 0.753308117389679, 0
u,0.7469828724861145, 0.7479748725891113, 0
u,0.7460898756980896, 0.6970499157905579, 0
u,0.8795127272605896, 0.6953309178352356, 0
u,0.7460898756980896, 0.6970499157905579, 0
u,0.7469828724861145, 0.7479748725891113, 0
u,0.742376983165741, 0.7528011798858643, 0
u,0.8795127272605896, 0.6953309178352356, 0
u,0.7460898756980896, 0.6970499157905579, 0
u,0.884117603302002, 0.6905047297477722, 0
u,0.7460898756980896, 0.6970499157905579, 0
u,0.7413169741630554, 0.6923444271087646, 0
u,0.884117603302002, 0.6905047297477722, 0
u,0.8851882219314575, 0.7509574890136719, 0
u,0.742376983165741, 0.7528011798858643, 0
u,0.8804144263267517, 0.746252179145813, 0
u,0.742376983165741, 0.7528011798858643, 0
u,0.7469828724861145, 0.7479748725891113, 0
u,0.8804144263267517, 0.746252179145813, 0
u,0.8851882219314575, 0.7509574890136719, 0
u,0.8804144263267517, 0.746252179145813, 0
u,0.884117603302002, 0.6905047297477722, 0
u,0.7505009770393372, 0.27224159240722656, 0
u,0.6897649765014648, 0.26761940121650696, 0
u,0.6893510222434998, 0.2563961148262024, 0
u,0.8352838754653931, 0.2676829993724823, 0
u,0.888962984085083, 0.4285737872123718, 0
u,0.7487190961837769, 0.42353180050849915, 0
u,0.7505009770393372, 0.27224159240722656, 0
u,0.6893510222434998, 0.2563961148262024, 0
u,0.8352838754653931, 0.2676829993724823, 0
u,0.7222514748573303, 0.4418022930622101, 0
u,0.7007055282592773, 0.44188448786735535, 0
u,0.7006353735923767, 0.41618460416793823, 0
u,0.7338064908981323, 0.5502650141716003, 0
u,0.7010629177093506, 0.5503898859024048, 0
u,0.7225860953330994, 0.5464246273040771, 0
u,0.7010629177093506, 0.5503898859024048, 0
u,0.7010536193847656, 0.5465015172958374, 0
u,0.7225860953330994, 0.5464246273040771, 0
u,0.7222514748573303, 0.4418022930622101, 0
u,0.7006353735923767, 0.41618460416793823, 0
u,0.7334992289543152, 0.4160586893558502, 0
u,0.7009618878364563, 0.5081155896186829, 0
u,0.7008954882621765, 0.4802769124507904, 0
u,0.7225052714347839, 0.5080212950706482, 0
u,0.7008954882621765, 0.4802769124507904, 0
u,0.7223535180091858, 0.4801828861236572, 0
u,0.7225052714347839, 0.5080212950706482, 0
u,0.7223535180091858, 0.4801828861236572, 0
u,0.7222514748573303, 0.4418022930622101, 0
u,0.7334992289543152, 0.4160586893558502, 0
u,0.7334992289543152, 0.4160586893558502, 0
u,0.7338064908981323, 0.5502650141716003, 0
u,0.7223535180091858, 0.4801828861236572, 0
u,0.7338064908981323, 0.5502650141716003, 0
u,0.7225860953330994, 0.5464246273040771, 0
u,0.7225052714347839, 0.5080212950706482, 0
u,0.7008101940155029, 0.48027729988098145, 0
u,0.7008954882621765, 0.4802769124507904, 0
u,0.7009618878364563, 0.5081155896186829, 0
u,0.7010536193847656, 0.5465015172958374, 0
u,0.7010629177093506, 0.5503898859024048, 0
u,0.679000973701477, 0.5504739880561829, 0
u,0.7008101940155029, 0.48027729988098145, 0
u,0.7009618878364563, 0.5081155896186829, 0
u,0.679000973701477, 0.5504739880561829, 0
u,0.7009618878364563, 0.5081155896186829, 0
u,0.7010536193847656, 0.5465015172958374, 0
u,0.679000973701477, 0.5504739880561829, 0
u,0.6786906123161316, 0.4162687063217163, 0
u,0.7006353735923767, 0.41618460416793823, 0
u,0.7007055282592773, 0.44188448786735535, 0
u,0.7007055282592773, 0.44188448786735535, 0
u,0.7008101940155029, 0.48027729988098145, 0
u,0.6786906123161316, 0.4162687063217163, 0
u,0.7009618878364563, 0.5081155896186829, 0
u,0.7225052714347839, 0.5080212950706482, 0
u,0.7225860953330994, 0.5464246273040771, 0
u,0.7007055282592773, 0.44188448786735535, 0
u,0.7222514748573303, 0.4418022930622101, 0
u,0.7223535180091858, 0.4801828861236572, 0
u,0.8067585825920105, 0.7545493841171265, 0
u,0.8334224820137024, 0.7545493841171265, 0
u,0.8334224820137024, 0.7737972736358643, 0
u,0.6394764184951782, 0.7737972736358643, 0
u,0.6394764184951782, 0.7545493841171265, 0
u,0.7097936868667603, 0.7545493841171265, 0
u,0.7097936868667603, 0.7737972736358643, 0
u,0.7097936868667603, 0.7545493841171265, 0
u,0.7364535927772522, 0.7545493841171265, 0
u,0.7364535927772522, 0.7545493841171265, 0
u,0.8067585825920105, 0.7545493841171265, 0
u,0.8067585825920105, 0.7737972736358643, 0
u,0.89780592918396, 0.333423912525177, 0
u,0.89780592918396, 0.4321855902671814, 0
u,0.8942598104476929, 0.4321855902671814, 0
u,0.892889678478241, 0.7840328216552734, 0
u,0.8116241097450256, 0.7840328216552734, 0
u,0.892889678478241, 0.7807514071464539, 0
u,0.8116241097450256, 0.7840328216552734, 0
u,0.6394764184951782, 0.7840328216552734, 0
u,0.6394764184951782, 0.7807514071464539, 0
u,0.8942598104476929, 0.509288489818573, 0
u,0.8942598104476929, 0.4321855902671814, 0
u,0.89780592918396, 0.4321855902671814, 0
u,0.89780592918396, 0.6374573111534119, 0
u,0.8942598104476929, 0.6374573111534119, 0
u,0.8942598104476929, 0.509288489818573, 0
u,0.89780592918396, 0.7789149880409241, 0
u,0.8942598104476929, 0.7789149880409241, 0
u,0.8942598104476929, 0.6374573111534119, 0
u,0.6924030184745789, 0.775337815284729, 0
u,0.8636314868927002, 0.775337815284729, 0
u,0.7759330868721008, 0.7789149880409241, 0
u,0.8636314868927002, 0.775337815284729, 0
u,0.8636314868927002, 0.7789149880409241, 0
u,0.7759330868721008, 0.7789149880409241, 0
u,0.6394764184951782, 0.775337815284729, 0
u,0.6924030184745789, 0.775337815284729, 0
u,0.6924030184745789, 0.7789149880409241, 0
u,0.8954795002937317, 0.7840328216552734, 0
u,0.892889678478241, 0.7840328216552734, 0
u,0.892889678478241, 0.7807514071464539, 0
u,0.41196900606155396, 0.9993913173675537, 0
u,0.41196900606155396, 0.5813714861869812, 0
u,0.4969210922718048, 0.5813714861869812, 0
u,0.4969210922718048, 0.9993913173675537, 0
u,0.4969210922718048, 0.5813714861869812, 0
u,0.6381778717041016, 0.5813714861869812, 0
u,0.617814302444458, 0.57932448387146, 0
u,0.18723130226135254, 0.57932448387146, 0
u,0.18723130226135254, 0.19577020406723022, 0
u,0.18723130226135254, 0.19577020406723022, 0
u,0.18723130226135254, 0.57932448387146, 0
u,0.0, 0.57932448387146, 0
u,0.0, 0.9993913173675537, 0
u,0.0, 0.5813714861869812, 0
u,0.41196900606155396, 0.5813714861869812, 0
u,0.7675806879997253, 0.7859677076339722, 0
u,0.8156884908676147, 0.7859677076339722, 0
u,0.8156884908676147, 0.7911974787712097, 0
u,0.7675806879997253, 0.7859677076339722, 0
u,0.7675806879997253, 0.7911974787712097, 0
u,0.6394764184951782, 0.7911974787712097, 0
u,0.9919124841690063, 0.7859677076339722, 0
u,0.9919124841690063, 0.7911974787712097, 0
u,0.9438015222549438, 0.7911974787712097, 0
u,0.8156884908676147, 0.7859677076339722, 0
u,0.9438015222549438, 0.7859677076339722, 0
u,0.9438015222549438, 0.7911974787712097, 0
u,0.9451661705970764, 0.883654773235321, 0
u,0.8186715841293335, 0.883654773235321, 0
u,0.8186715841293335, 0.7922211289405823, 0
u,0.9947463870048523, 0.883654773235321, 0
u,0.9451661705970764, 0.883654773235321, 0
u,0.9947463870048523, 0.8800361156463623, 0
u,0.9451661705970764, 0.883654773235321, 0
u,0.9451661705970764, 0.7922211289405823, 0
u,0.9947463870048523, 0.8800361156463623, 0
u,0.9451661705970764, 0.7922211289405823, 0
u,0.9978607296943665, 0.7922211289405823, 0
u,0.9947463870048523, 0.8800361156463623, 0
u,0.7659801840782166, 0.7922211289405823, 0
u,0.7659801840782166, 0.8800361156463623, 0
u,0.6394764184951782, 0.8800361156463623, 0
u,0.8186715841293335, 0.883654773235321, 0
u,0.7674769759178162, 0.883654773235321, 0
u,0.7674769759178162, 0.8800361156463623, 0
u,0.7674769759178162, 0.8800361156463623, 0
u,0.7659801840782166, 0.8800361156463623, 0
u,0.7659801840782166, 0.7922211289405823, 0
u,0.7659801840782166, 0.7922211289405823, 0
u,0.8186715841293335, 0.7922211289405823, 0
u,0.7674769759178162, 0.8800361156463623, 0
u,0.12573379278182983, 0.0014393000165000558, 0
u,0.259111613035202, 0.0014393000165000558, 0
u,0.259111613035202, 0.19447289407253265, 0
u,0.0005206000059843063, 0.0014393000165000558, 0
u,0.12573379278182983, 0.0014393000165000558, 0
u,0.0005206000059843063, 0.005099799949675798, 0
u,0.12573379278182983, 0.0014393000165000558, 0
u,0.12573379278182983, 0.19447289407253265, 0
u,0.0005206000059843063, 0.005099799949675798, 0
u,0.12573379278182983, 0.19447289407253265, 0
u,0.0, 0.19447289407253265, 0
u,0.0005206000059843063, 0.005099799949675798, 0
u,0.4547131061553955, 0.0014393000165000558, 0
u,0.6028571724891663, 0.0014393000165000558, 0
u,0.6028571724891663, 0.005099799949675798, 0
u,0.6028571724891663, 0.005099799949675798, 0
u,0.6044772863388062, 0.005099799949675798, 0
u,0.6044772863388062, 0.19447289407253265, 0
u,0.6044772863388062, 0.19447289407253265, 0
u,0.4547131061553955, 0.19447289407253265, 0
u,0.6028571724891663, 0.005099799949675798, 0
u,0.3235827088356018, 0.0014393000165000558, 0
u,0.4547131061553955, 0.0014393000165000558, 0
u,0.4547131061553955, 0.19447289407253265, 0
u,0.3136819899082184, 0.0014393000165000558, 0
u,0.3235827088356018, 0.0014393000165000558, 0
u,0.3235827088356018, 0.19447289407253265, 0
u,0.259111613035202, 0.19447289407253265, 0
u,0.259111613035202, 0.0014393000165000558, 0
u,0.3136819899082184, 0.0014393000165000558, 0
u,0.8505594730377197, 0.9993162751197815, 0
u,0.8190851211547852, 0.9993162751197815, 0
u,0.8190851211547852, 0.8853632807731628, 0
u,0.8190851211547852, 0.8853632807731628, 0
u,0.8690503239631653, 0.8853632807731628, 0
u,0.8690503239631653, 0.8892905116081238, 0
u,0.8690503239631653, 0.8892905116081238, 0
u,0.8717660903930664, 0.8892905116081238, 0
u,0.8717660903930664, 0.9993162751197815, 0
u,0.8717660903930664, 0.9993162751197815, 0
u,0.8505594730377197, 0.9993162751197815, 0
u,0.8690503239631653, 0.8892905116081238, 0
u,0.8190851211547852, 0.8853632807731628, 0
u,0.8190851211547852, 0.9993162751197815, 0
u,0.692160427570343, 0.9993162751197815, 0
u,0.6394764184951782, 0.9993162751197815, 0
u,0.6394764184951782, 0.8892905116081238, 0
u,0.6424636840820312, 0.8892905116081238, 0
u,0.6424636840820312, 0.8892905116081238, 0
u,0.6424636840820312, 0.8853632807731628, 0
u,0.692160427570343, 0.8853632807731628, 0
u,0.692160427570343, 0.8853632807731628, 0
u,0.692160427570343, 0.9993162751197815, 0
u,0.660570502281189, 0.9993162751197815, 0
u,0.660570502281189, 0.9993162751197815, 0
u,0.6394764184951782, 0.9993162751197815, 0
u,0.6424636840820312, 0.8892905116081238, 0
u,0.8717660903930664, 0.8892905116081238, 0
u,0.9986898899078369, 0.8892905116081238, 0
u,0.9986898899078369, 0.9993162751197815, 0
u,0.6567379832267761, 0.7164055705070496, 0
u,0.6394764184951782, 0.7164055705070496, 0
u,0.6394764184951782, 0.6953651905059814, 0
u,0.6394764184951782, 0.7164055705070496, 0
u,0.6567379832267761, 0.7164055705070496, 0
u,0.6567379832267761, 0.7533264756202698, 0
u,0.6394764184951782, 0.6584609746932983, 0
u,0.6394764184951782, 0.6374099254608154, 0
u,0.6567379832267761, 0.6374099254608154, 0
u,0.6394764184951782, 0.6953651905059814, 0
u,0.6394764184951782, 0.6584609746932983, 0
u,0.6567379832267761, 0.6584609746932983, 0
u,0.6759644150733948, 0.7163677215576172, 0
u,0.6586102843284607, 0.7163677215576172, 0
u,0.6586102843284607, 0.6953660845756531, 0
u,0.6586102843284607, 0.6953660845756531, 0
u,0.6586102843284607, 0.6952825784683228, 0
u,0.6759644150733948, 0.6952825784683228, 0
u,0.6586102843284607, 0.7163677215576172, 0
u,0.6759644150733948, 0.7163677215576172, 0
u,0.6759644150733948, 0.7533264756202698, 0
u,0.6586102843284607, 0.6583120822906494, 0
u,0.6586102843284607, 0.6372243165969849, 0
u,0.6759644150733948, 0.6372243165969849, 0
