s,101.046142578125, 77.001953125, -1.6650071144104004
b,103.1259765625, 79.451171875, 1.4586544036865234
v,102.44091796875, 79.451171875, 1.4586544036865234
v,103.1259765625, 77.4873046875, 1.4586400985717773
v,103.1259765625, 77.4873046875, -1.6649465560913086
v,102.441162109375, 79.451171875, -1.6649317741394043
v,101.73095703125, 77.001953125, -1.6650071144104004
v,101.04638671875, 78.96484375, -1.664992332458496
v,102.44091796875, 79.451171875, -1.6649317741394043
v,103.125732421875, 77.4873046875, -1.6649465560913086
v,102.440673828125, 79.451171875, 1.4586544036865234
v,101.046142578125, 78.96484375, 1.4585943222045898
v,101.730712890625, 77.001953125, 1.4585790634155273
v,103.125732421875, 77.4873046875, 1.4586400985717773
v,103.125732421875, 77.4873046875, 1.4586400985717773
v,101.730712890625, 77.001953125, 1.4585790634155273
v,101.73095703125, 77.001953125, -1.6650071144104004
v,103.125732421875, 77.4873046875, -1.6649465560913086
v,101.730712890625, 77.001953125, 1.4585790634155273
v,101.046142578125, 78.96484375, 1.4585943222045898
v,101.04638671875, 78.96484375, -1.664992332458496
v,101.73095703125, 77.001953125, -1.6650071144104004
v,101.046142578125, 78.96484375, 1.4585943222045898
v,102.440673828125, 79.451171875, 1.4586544036865234
v,102.44091796875, 79.451171875, -1.6649317741394043
v,101.04638671875, 78.96484375, -1.664992332458496
i,1,3,0
i,4,6,7
i,8,10,11
i,13,15,12
i,16,18,19
i,21,23,20
i,1,2,3
i,4,5,6
i,8,9,10
i,13,14,15
i,16,17,18
i,21,22,23
n,4.252496242523193, 1.4833961725234985, 0.00029519680538214743
n,0.0001638322282815352, 9.112842235481367e-05, -4.50379753112793
n,-0.00016532478912267834, -9.069582301890478e-05, 4.50379753112793
n,1.4810264110565186, -4.253322601318359, 0.0
n,-4.25278902053833, -1.4825589656829834, -0.00029521711985580623
n,-1.4814372062683105, 4.253179550170898, -0.00010283735173288733
n,4.252642631530762, 1.4829776287078857, 0.0
n,0.00016386057541240007, 9.112020052270964e-05, -4.50379753112793
n,-0.00016233914357144386, -9.156117448583245e-05, 4.50379753112793
n,1.4812318086624146, -4.253251075744629, 0.00010282310540787876
n,-4.25278902053833, -1.482559084892273, -0.0002952170907519758
n,-1.4814372062683105, 4.253179550170898, -0.00010283735900884494
u,0.6527478098869324, 0.0086131002753973, 0
u,0.4118882119655609, 1.0, 0
u,0.4118882119655609, 0.0086131002753973, 0
u,0.0, 0.0, 0
u,0.0, 0.0, 0
u,0.0, 0.0, 0
u,0.9981873035430908, 0.9903622269630432, 0
u,0.8284024000167847, 0.3351351022720337, 0
u,0.9982268214225769, 0.3351351022720337, 0
u,0.8238313794136047, 0.0086131002753973, 0
u,0.6527478098869324, 1.0, 0
u,0.6527478098869324, 0.0086131002753973, 0
u,0.0, 0.0086131002753973, 0
u,0.24084550142288208, 1.0, 0
u,0.0, 1.0, 0
u,0.4118882119655609, 0.0086131002753973, 0
u,0.24084550142288208, 1.0, 0
u,0.24084550142288208, 0.0086131002753973, 0
u,0.6527478098869324, 0.0086131002753973, 0
u,0.6527478098869324, 1.0, 0
u,0.4118882119655609, 1.0, 0
u,0.0, 0.0, 0
u,0.0, 0.0, 0
u,0.0, 0.0, 0
u,0.9981873035430908, 0.9903622269630432, 0
u,0.8284035921096802, 0.9903239011764526, 0
u,0.8284024000167847, 0.3351351022720337, 0
u,0.8238313794136047, 0.0086131002753973, 0
u,0.8238313794136047, 1.0, 0
u,0.6527478098869324, 1.0, 0
u,0.0, 0.0086131002753973, 0
u,0.24084550142288208, 0.0086131002753973, 0
u,0.24084550142288208, 1.0, 0
u,0.4118882119655609, 0.0086131002753973, 0
u,0.4118882119655609, 1.0, 0
u,0.24084550142288208, 1.0, 0
