s,207.68115234375, 69.62109375, -0.7986383438110352
b,209.586181640625, 71.8583984375, 1.7611713409423828
v,207.681396484375, 71.4140625, 1.7609786987304688
v,208.259521484375, 71.857421875, 1.7610502243041992
v,208.259765625, 71.8583984375, -0.7985672950744629
v,207.681640625, 71.4150390625, -0.7986383438110352
v,209.009765625, 69.62109375, -0.7985167503356934
v,207.681640625, 71.4150390625, -0.7986383438110352
v,208.259521484375, 71.8583984375, -0.7985672950744629
v,209.586181640625, 70.064453125, -0.7984461784362793
v,208.25927734375, 71.857421875, 1.7610502243041992
v,207.68115234375, 71.4140625, 1.7609786987304688
v,209.009521484375, 69.62109375, 1.7611007690429688
v,209.585693359375, 70.064453125, 1.7611713409423828
v,209.585693359375, 70.064453125, 1.7611713409423828
v,209.009521484375, 69.62109375, 1.7611007690429688
v,209.009765625, 69.62109375, -0.7985167503356934
v,209.586181640625, 70.064453125, -0.7984461784362793
v,209.009521484375, 69.62109375, 1.7611007690429688
v,207.68115234375, 71.4140625, 1.7609786987304688
v,207.681640625, 71.4150390625, -0.7986383438110352
v,209.009765625, 69.62109375, -0.7985167503356934
v,208.25927734375, 71.857421875, 1.7610502243041992
v,209.585693359375, 70.064453125, 1.7611713409423828
v,209.586181640625, 70.064453125, -0.7984461784362793
v,208.259521484375, 71.8583984375, -0.7985672950744629
i,1,3,0
i,5,7,4
i,9,11,8
i,12,14,15
i,17,19,16
i,20,22,23
i,1,2,3
i,5,6,7
i,9,10,11
i,12,13,14
i,17,18,19
i,20,21,22
n,-2.739661455154419, 3.574695348739624, 0.0007471160497516394
n,0.0005016233189962804, 6.625844252994284e-05, -4.50379753112793
n,-0.0005024266429245472, -6.743477570125833e-05, 4.50379753112793
n,2.7488670349121094, -3.5676214694976807, 0.00046572534483857453
n,-3.6191442012786865, -2.680669069290161, -0.0003065857454203069
n,3.6210274696350098, 2.6781246662139893, 0.0012142250780016184
n,-2.740309000015259, 3.5741989612579346, 0.0009789759060367942
n,0.0005025331629440188, 6.75416667945683e-05, -4.50379753112793
n,-0.0005001123063266277, -6.416853284463286e-05, 4.50379753112793
n,2.749516248703003, -3.5671215057373047, 0.00023291762045118958
n,-3.6199727058410645, -2.6795496940612793, -0.001521274563856423
n,3.620617389678955, 2.6786789894104004, 0.0006134212017059326
u,0.33205971121788025, 0.010594000108540058, 0
u,0.25035789608955383, 1.0, 0
u,0.25035789608955383, 0.010594000108540058, 0
u,0.0, 0.0, 0
u,0.0, 0.0, 0
u,0.0, 0.0, 0
u,0.9972437024116516, 0.9912279844284058, 0
u,0.6712828278541565, 0.6227642297744751, 0
u,0.9990273118019104, 0.6222379803657532, 0
u,0.5821977257728577, 0.010594000108540058, 0
u,0.6637870073318481, 1.0, 0
u,0.5821977257728577, 1.0, 0
u,0.25035789608955383, 0.010594000108540058, 0
u,0.0, 1.0, 0
u,0.0, 0.010594000108540058, 0
u,0.33205971121788025, 0.010594000108540058, 0
u,0.5821977257728577, 1.0, 0
u,0.33205971121788025, 1.0, 0
u,0.33205971121788025, 0.010594000108540058, 0
u,0.33205971121788025, 1.0, 0
u,0.25035789608955383, 1.0, 0
u,0.0, 0.0, 0
u,0.0, 0.0, 0
u,0.0, 0.0, 0
u,0.9972437024116516, 0.9912279844284058, 0
u,0.669211208820343, 0.9912279844284058, 0
u,0.6712828278541565, 0.6227642297744751, 0
u,0.5821977257728577, 0.010594000108540058, 0
u,0.6637870073318481, 0.010594000108540058, 0
u,0.6637870073318481, 1.0, 0
u,0.25035789608955383, 0.010594000108540058, 0
u,0.25035789608955383, 1.0, 0
u,0.0, 1.0, 0
u,0.33205971121788025, 0.010594000108540058, 0
u,0.5821977257728577, 0.010594000108540058, 0
u,0.5821977257728577, 1.0, 0
