s,86.962890625, 73.7783203125, -1.3664968013763428
b,90.5029296875, 78.509765625, 6.471680164337158
v,90.2353515625, 75.0966796875, 5.521351337432861
v,90.2353515625, 75.0966796875, 6.173023700714111
v,89.585693359375, 75.068359375, 6.1730055809021
v,89.585693359375, 75.068359375, 5.52133321762085
v,86.962890625, 78.3486328125, -1.3664166927337646
v,90.313720703125, 78.509765625, -1.366323709487915
v,90.5029296875, 73.919921875, -1.3664045333862305
v,87.161376953125, 73.7783203125, -1.3664968013763428
v,88.170654296875, 77.021484375, 5.821078777313232
v,88.154541015625, 77.48828125, 5.82108736038208
v,87.06201171875, 77.4326171875, 5.8210577964782715
v,87.0859375, 76.9658203125, 5.821049213409424
v,88.146484375, 77.7236328125, 6.471653461456299
v,88.171630859375, 76.9873046875, 6.471640110015869
v,89.160888671875, 77.021484375, 6.4716668128967285
v,89.1357421875, 77.7578125, 6.471680164337158
v,87.069091796875, 77.43359375, 5.521310329437256
v,88.154541015625, 77.48828125, 5.5213398933410645
v,88.146484375, 77.7236328125, 5.5213446617126465
v,87.058349609375, 77.685546875, 5.521315097808838
v,88.170654296875, 77.021484375, 5.521331310272217
v,87.089599609375, 76.9658203125, 5.521302700042725
v,87.224853515625, 73.84765625, 5.521249294281006
v,89.087646484375, 73.9267578125, 5.521299839019775
v,89.086669921875, 73.943359375, 5.521299839019775
v,87.37744140625, 73.8720703125, 5.5212531089782715
v,87.2578125, 76.775390625, 5.521302700042725
v,88.966552734375, 76.84765625, 5.521348476409912
v,88.959716796875, 77.0146484375, 5.521352291107178
v,88.171875, 76.9873046875, 5.5213303565979
v,89.22021484375, 78.197265625, 5.521382808685303
v,90.117431640625, 78.2265625, 5.521408557891846
v,90.131103515625, 77.7919921875, 5.521399974822998
v,90.2763671875, 77.796875, 5.521403789520264
v,90.249755859375, 78.439453125, 5.521416187286377
v,87.0322265625, 78.2841796875, 5.521326541900635
v,87.058349609375, 77.685546875, 5.521315097808838
v,88.146484375, 77.7236328125, 5.5213446617126465
v,89.1357421875, 77.7578125, 5.521371364593506
v,89.234375, 77.76171875, 5.521374225616455
v,89.552978515625, 75.8173828125, 5.521345615386963
v,90.202880859375, 75.8466796875, 5.521363735198975
v,90.235107421875, 75.0966796875, 5.521351337432861
v,89.58544921875, 75.068359375, 5.52133321762085
v,89.6337890625, 73.9501953125, 5.521315097808838
v,90.433349609375, 73.984375, 5.521337985992432
v,90.2763671875, 77.796875, 5.521403789520264
v,90.131103515625, 77.7919921875, 5.521399974822998
v,90.15185546875, 77.15234375, 5.521387577056885
v,89.495849609375, 77.130859375, 5.521369457244873
v,89.495849609375, 77.130859375, 5.521369457244873
v,89.2548828125, 77.123046875, 5.521362781524658
v,89.234375, 77.76171875, 5.521374225616455
v,89.1357421875, 77.7578125, 5.521371364593506
v,89.160888671875, 77.021484375, 5.521358013153076
v,88.959716796875, 77.0146484375, 5.521352291107178
v,88.966552734375, 76.84765625, 5.521348476409912
v,89.086669921875, 73.943359375, 5.521299839019775
v,89.087646484375, 73.9267578125, 5.521299839019775
v,89.6337890625, 73.9501953125, 5.521315097808838
v,89.58544921875, 75.068359375, 5.52133321762085
v,89.552978515625, 75.8173828125, 5.521345615386963
v,90.502685546875, 73.919921875, 5.576847553253174
v,90.433349609375, 73.984375, 5.576846599578857
v,87.224853515625, 73.84765625, 5.576757907867432
v,87.1611328125, 73.7783203125, 5.576755046844482
v,87.0859375, 76.9658203125, 5.576810359954834
v,87.06201171875, 77.4326171875, 5.576818943023682
v,87.069091796875, 77.43359375, 5.576819896697998
v,87.0322265625, 78.2841796875, 5.5768351554870605
v,86.962890625, 78.3486328125, 5.5768351554870605
v,87.1611328125, 73.7783203125, 5.576755046844482
v,87.224853515625, 73.84765625, 5.576757907867432
v,87.089599609375, 76.9658203125, 5.57681131362915
v,87.0322265625, 78.2841796875, 5.5768351554870605
v,90.249755859375, 78.439453125, 5.576924800872803
v,90.313720703125, 78.5087890625, 5.576927661895752
v,86.962890625, 78.3486328125, 5.5768351554870605
v,90.249755859375, 78.439453125, 5.576924800872803
v,90.433349609375, 73.984375, 5.576846599578857
v,90.502685546875, 73.919921875, 5.576847553253174
v,90.313720703125, 78.5087890625, 5.576927661895752
v,88.077880859375, 74.69921875, 6.362797260284424
v,88.09326171875, 74.19140625, 6.362789630889893
v,88.750732421875, 74.2119140625, 6.362806797027588
v,88.7353515625, 74.71875, 6.3628153800964355
v,88.750732421875, 74.2119140625, 6.046407222747803
v,88.09326171875, 74.19140625, 6.046390056610107
v,88.077880859375, 74.69921875, 6.046397686004639
v,87.34423828125, 74.677734375, 6.0463786125183105
v,87.37744140625, 73.8720703125, 6.046366214752197
v,89.086669921875, 73.943359375, 6.046412944793701
v,89.05419921875, 74.728515625, 6.0464253425598145
v,88.7353515625, 74.71875, 6.04641580581665
v,87.34423828125, 74.677734375, 6.0463786125183105
v,88.077880859375, 74.69921875, 6.046397686004639
v,88.7353515625, 74.71875, 6.04641580581665
v,89.05419921875, 74.728515625, 6.0464253425598145
v,88.966552734375, 76.84765625, 6.046461582183838
v,87.257568359375, 76.775390625, 6.046414852142334
v,90.117431640625, 78.2265625, 5.686824321746826
v,89.22021484375, 78.197265625, 5.686798572540283
v,89.2548828125, 77.123046875, 5.686778545379639
v,90.15185546875, 77.15234375, 5.686803340911865
v,89.58544921875, 75.068359375, 6.1730055809021
v,90.235107421875, 75.0966796875, 6.173023700714111
v,90.202880859375, 75.8466796875, 6.173037052154541
v,89.552978515625, 75.8173828125, 6.173017978668213
v,88.170654296875, 77.021484375, 5.521331310272217
v,88.170654296875, 77.021484375, 5.821078777313232
v,87.0859375, 76.9658203125, 5.821049213409424
v,87.0859375, 76.9658203125, 5.576810359954834
v,87.089599609375, 76.9658203125, 5.57681131362915
v,87.089599609375, 76.9658203125, 5.521302700042725
v,87.06201171875, 77.4326171875, 5.576818943023682
v,87.0859375, 76.9658203125, 5.576810359954834
v,87.0859375, 76.9658203125, 5.821049213409424
v,87.06201171875, 77.4326171875, 5.8210577964782715
v,87.069091796875, 77.43359375, 5.521310329437256
v,87.069091796875, 77.43359375, 5.576819896697998
v,87.06201171875, 77.4326171875, 5.576818943023682
v,87.06201171875, 77.4326171875, 5.8210577964782715
v,88.154541015625, 77.48828125, 5.82108736038208
v,88.154541015625, 77.48828125, 5.5213398933410645
v,88.171630859375, 76.9873046875, 6.471640110015869
v,88.146484375, 77.7236328125, 6.471653461456299
v,88.146484375, 77.7236328125, 5.5213446617126465
v,88.154541015625, 77.48828125, 5.5213398933410645
v,88.154541015625, 77.48828125, 5.82108736038208
v,88.170654296875, 77.021484375, 5.821078777313232
v,88.170654296875, 77.021484375, 5.521331310272217
v,88.171875, 76.9873046875, 5.5213303565979
v,89.160888671875, 77.021484375, 5.521358013153076
v,89.1357421875, 77.7578125, 5.521371364593506
v,89.1357421875, 77.7578125, 6.471680164337158
v,89.160888671875, 77.021484375, 6.4716668128967285
v,88.171630859375, 76.9873046875, 6.471640110015869
v,88.171875, 76.9873046875, 5.5213303565979
v,88.959716796875, 77.0146484375, 5.521352291107178
v,89.160888671875, 77.021484375, 5.521358013153076
v,89.160888671875, 77.021484375, 6.4716668128967285
v,89.1357421875, 77.7578125, 6.471680164337158
v,89.1357421875, 77.7578125, 5.521371364593506
v,88.146484375, 77.7236328125, 5.5213446617126465
v,88.146484375, 77.7236328125, 6.471653461456299
v,87.224853515625, 73.84765625, 5.521249294281006
v,87.224853515625, 73.84765625, 5.576757907867432
v,90.433349609375, 73.984375, 5.576846599578857
v,90.433349609375, 73.984375, 5.521337985992432
v,89.6337890625, 73.9501953125, 5.521315097808838
v,89.087646484375, 73.9267578125, 5.521299839019775
v,87.069091796875, 77.43359375, 5.576819896697998
v,87.069091796875, 77.43359375, 5.521310329437256
v,87.058349609375, 77.685546875, 5.521315097808838
v,87.0322265625, 78.2841796875, 5.521326541900635
v,87.0322265625, 78.2841796875, 5.5768351554870605
v,87.089599609375, 76.9658203125, 5.521302700042725
v,87.089599609375, 76.9658203125, 5.57681131362915
v,87.224853515625, 73.84765625, 5.576757907867432
v,87.224853515625, 73.84765625, 5.521249294281006
v,90.249755859375, 78.439453125, 5.576924800872803
v,87.0322265625, 78.2841796875, 5.5768351554870605
v,87.0322265625, 78.2841796875, 5.521326541900635
v,90.249755859375, 78.439453125, 5.521416187286377
v,90.433349609375, 73.984375, 5.576846599578857
v,90.249755859375, 78.439453125, 5.576924800872803
v,90.249755859375, 78.439453125, 5.521416187286377
v,90.2763671875, 77.796875, 5.521403789520264
v,90.433349609375, 73.984375, 5.521337985992432
v,87.1611328125, 73.7783203125, 5.576755046844482
v,86.962890625, 78.3486328125, 5.5768351554870605
v,86.962890625, 78.3486328125, -1.3664166927337646
v,87.161376953125, 73.7783203125, -1.3664968013763428
v,86.962890625, 78.3486328125, 5.5768351554870605
v,90.313720703125, 78.5087890625, 5.576927661895752
v,90.313720703125, 78.509765625, -1.366323709487915
v,86.962890625, 78.3486328125, -1.3664166927337646
v,90.313720703125, 78.5087890625, 5.576927661895752
v,90.502685546875, 73.919921875, 5.576847553253174
v,90.5029296875, 73.919921875, -1.3664045333862305
v,90.313720703125, 78.509765625, -1.366323709487915
v,90.502685546875, 73.919921875, 5.576847553253174
v,87.1611328125, 73.7783203125, 5.576755046844482
v,87.161376953125, 73.7783203125, -1.3664968013763428
v,90.5029296875, 73.919921875, -1.3664045333862305
v,88.750732421875, 74.2119140625, 6.046407222747803
v,88.7353515625, 74.71875, 6.04641580581665
v,88.7353515625, 74.71875, 6.3628153800964355
v,88.750732421875, 74.2119140625, 6.362806797027588
v,88.09326171875, 74.19140625, 6.046390056610107
v,88.750732421875, 74.2119140625, 6.046407222747803
v,88.750732421875, 74.2119140625, 6.362806797027588
v,88.09326171875, 74.19140625, 6.362789630889893
v,88.077880859375, 74.69921875, 6.046397686004639
v,88.09326171875, 74.19140625, 6.046390056610107
v,88.09326171875, 74.19140625, 6.362789630889893
v,88.077880859375, 74.69921875, 6.362797260284424
v,88.7353515625, 74.71875, 6.04641580581665
v,88.077880859375, 74.69921875, 6.046397686004639
v,88.077880859375, 74.69921875, 6.362797260284424
v,88.7353515625, 74.71875, 6.3628153800964355
v,87.2578125, 76.775390625, 5.521302700042725
v,87.257568359375, 76.775390625, 6.046414852142334
v,88.966552734375, 76.84765625, 6.046461582183838
v,88.966552734375, 76.84765625, 5.521348476409912
v,88.966552734375, 76.84765625, 5.521348476409912
v,88.966552734375, 76.84765625, 6.046461582183838
v,89.05419921875, 74.728515625, 6.0464253425598145
v,89.086669921875, 73.943359375, 6.046412944793701
v,89.086669921875, 73.943359375, 5.521299839019775
v,89.086669921875, 73.943359375, 5.521299839019775
v,89.086669921875, 73.943359375, 6.046412944793701
v,87.37744140625, 73.8720703125, 6.046366214752197
v,87.37744140625, 73.8720703125, 5.5212531089782715
v,87.37744140625, 73.8720703125, 5.5212531089782715
v,87.37744140625, 73.8720703125, 6.046366214752197
v,87.34423828125, 74.677734375, 6.0463786125183105
v,87.257568359375, 76.775390625, 6.046414852142334
v,87.2578125, 76.775390625, 5.521302700042725
v,90.15185546875, 77.15234375, 5.521387577056885
v,90.15185546875, 77.15234375, 5.686803340911865
v,89.2548828125, 77.123046875, 5.686778545379639
v,89.2548828125, 77.123046875, 5.521362781524658
v,89.495849609375, 77.130859375, 5.521369457244873
v,89.2548828125, 77.123046875, 5.521362781524658
v,89.2548828125, 77.123046875, 5.686778545379639
v,89.22021484375, 78.197265625, 5.686798572540283
v,89.22021484375, 78.197265625, 5.521382808685303
v,89.234375, 77.76171875, 5.521374225616455
v,89.22021484375, 78.197265625, 5.521382808685303
v,89.22021484375, 78.197265625, 5.686798572540283
v,90.117431640625, 78.2265625, 5.686824321746826
v,90.117431640625, 78.2265625, 5.521408557891846
v,90.117431640625, 78.2265625, 5.521408557891846
v,90.117431640625, 78.2265625, 5.686824321746826
v,90.15185546875, 77.15234375, 5.686803340911865
v,90.15185546875, 77.15234375, 5.521387577056885
v,90.131103515625, 77.7919921875, 5.521399974822998
v,89.552978515625, 75.8173828125, 5.521345615386963
v,89.552978515625, 75.8173828125, 6.173017978668213
v,90.202880859375, 75.8466796875, 6.173037052154541
v,90.202880859375, 75.8466796875, 5.521363735198975
v,90.202880859375, 75.8466796875, 5.521363735198975
v,90.202880859375, 75.8466796875, 6.173037052154541
v,90.235107421875, 75.0966796875, 6.173023700714111
v,90.235107421875, 75.0966796875, 5.521351337432861
v,89.58544921875, 75.068359375, 5.52133321762085
v,89.58544921875, 75.068359375, 6.1730055809021
v,89.552978515625, 75.8173828125, 6.173017978668213
v,89.552978515625, 75.8173828125, 5.521345615386963
i,0,2,3
i,4,6,7
i,8,10,11
i,12,14,15
i,17,19,16
i,21,22,26
i,30,34,35
i,46,47,48
i,61,54,56
i,62,64,65
i,72,73,66
i,75,77,74
i,79,81,78
i,82,84,85
i,87,90,91
i,95,96,98
i,101,103,100
i,105,107,104
i,110,111,112
i,114,116,117
i,122,123,119
i,124,128,129
i,133,135,132
i,138,139,140
i,142,144,141
i,150,147,149
i,153,154,155
i,156,158,159
i,161,163,160
i,165,166,167
i,169,171,172
i,173,175,176
i,177,179,180
i,182,184,181
i,186,188,185
i,190,192,189
i,193,195,196
i,197,199,200
i,201,203,204
i,207,208,209
i,210,212,213
i,216,217,218
i,221,222,223
i,226,227,228
i,230,232,229
i,235,236,237
i,239,241,238
i,242,244,245
i,247,249,246
i,0,1,2
i,4,5,6
i,8,9,10
i,12,13,14
i,17,18,19
i,29,20,26
i,20,21,26
i,22,23,25
i,23,24,25
i,27,28,29
i,22,25,26
i,26,27,29
i,31,32,33
i,35,36,37
i,37,38,30
i,38,39,30
i,31,33,34
i,35,37,30
i,30,31,34
i,49,40,48
i,40,41,48
i,42,43,44
i,42,44,45
i,48,41,46
i,41,42,45
i,46,41,45
i,61,50,54
i,50,51,54
i,51,52,53
i,54,55,56
i,51,53,54
i,60,61,56
i,58,59,57
i,59,60,57
i,56,57,60
i,62,63,64
i,67,68,69
i,69,70,67
i,70,71,66
i,67,70,66
i,71,72,66
i,75,76,77
i,79,80,81
i,82,83,84
i,87,88,89
i,91,92,86
i,92,93,86
i,87,89,90
i,91,86,87
i,99,94,95
i,96,97,98
i,99,95,98
i,101,102,103
i,105,106,107
i,113,108,112
i,108,109,112
i,109,110,112
i,114,115,116
i,123,118,119
i,119,120,121
i,121,122,119
i,124,125,128
i,125,126,128
i,126,127,128
i,129,130,131
i,129,131,124
i,133,134,135
i,140,136,138
i,136,137,138
i,142,143,144
i,150,145,146
i,146,147,150
i,147,148,149
i,155,151,153
i,151,152,153
i,156,157,158
i,161,162,163
i,168,164,167
i,164,165,167
i,169,170,171
i,173,174,175
i,177,178,179
i,182,183,184
i,186,187,188
i,190,191,192
i,193,194,195
i,197,198,199
i,201,202,203
i,209,205,207
i,205,206,207
i,210,211,212
i,218,214,216
i,214,215,216
i,223,219,220
i,220,221,223
i,228,224,225
i,225,226,228
i,230,231,232
i,237,233,234
i,234,235,237
i,239,240,241
i,242,243,244
i,247,248,249
n,0.19823935627937317, -4.499432563781738, 0.0
n,0.00012087336654076353, 8.413046452915296e-05, -4.50379753112793
n,-0.00011858353536808863, -8.781309588812292e-05, 4.50379753112793
n,-0.00012035397958243266, -8.699893805896863e-05, 4.50379753112793
n,-0.00011542095307959244, -8.080676343524829e-05, 4.50379753112793
n,-9.192984725814313e-05, -8.106541645247489e-05, 4.50379753112793
n,-0.00011933833593502641, -0.00010670265328371897, 4.50379753112793
n,-0.0001283413585042581, -8.768448606133461e-05, 4.50379753112793
n,-0.0001341375318588689, -9.12130853976123e-05, 4.50379753112793
n,-0.0001222048740601167, -5.265826257527806e-05, 4.50379753112793
n,-0.0010348799405619502, -0.00012198340118629858, 4.5037970542907715
n,-0.00012104080815333873, -7.141925016185269e-05, 4.50379753112793
n,-0.00014655845006927848, -8.480341784888878e-05, 4.50379753112793
n,-0.00011942189303226769, -7.875603478169069e-05, 4.50379753112793
n,-0.00012002151925116777, -6.54971445328556e-05, 4.50379753112793
n,-0.00011926796287298203, -8.38304913486354e-05, 4.50379753112793
n,-0.00012464309111237526, -8.926681039156392e-05, 4.50379753112793
n,-0.00012558288290165365, -8.180897566489875e-05, 4.50379753112793
n,0.0, -4.50379753112793, 0.0
n,-4.497925281524658, -0.22991254925727844, 0.0
n,-0.22643262147903442, 4.498102188110352, 0.0
n,-4.501136779785156, -0.1547788679599762, -0.0007528981077484787
n,4.501172065734863, 0.15375027060508728, 0.0
n,0.15521112084388733, -4.50112247467041, 0.0
n,-0.1578616499900818, 4.501029968261719, 0.0
n,-0.1929139941930771, 4.499516010284424, 0.03650573641061783
n,4.499558925628662, 0.19534987211227417, 0.0
n,4.499563217163086, 0.19525225460529327, 0.0
n,0.21706125140190125, -4.498563766479492, 0.0
n,-4.4999871253967285, -0.18522214889526367, 0.0
n,-4.499558925628662, -0.19534523785114288, -0.00014051678590476513
n,-0.21657492220401764, 4.498587131500244, 0.0
n,4.499980926513672, 0.18537335097789764, 2.3156106180977076e-05
n,0.19037386775016785, -4.499772548675537, 5.945187240286032e-06
n,4.501783847808838, 0.1346687376499176, 0.0
n,0.13659588992595673, -4.501725196838379, 0.0
n,-4.501726150512695, -0.136590838432312, 0.0
n,-0.1365509033203125, 4.501727104187012, 0.0
n,-0.18956169486045837, 4.4998064041137695, 0.0
n,4.499936103820801, 0.1864614486694336, 0.0
n,0.18723437190055847, -4.499904155731201, 0.0
n,-4.499953746795654, -0.18602533638477325, -0.0018581324256956577
n,0.14573004841804504, -4.501439094543457, 0.0
n,-4.501439571380615, -0.1457139402627945, 0.0
n,-0.14797818660736084, 4.501365661621094, 0.0
n,4.501460552215576, 0.14506065845489502, 0.0
n,-0.19817334413528442, 4.4994354248046875, 0.0
n,4.499617576599121, 0.1939939260482788, 0.0
n,-4.499561309814453, -0.19529344141483307, 0.0
n,0.19823935627937317, -4.499432563781738, 0.0
n,0.00012116344441892579, 8.436234202235937e-05, -4.50379753112793
n,-0.00011783841910073534, -8.580373105360195e-05, 4.50379753112793
n,-0.00012035397958243266, -8.699893805896863e-05, 4.50379753112793
n,-0.00011912719492102042, -0.00010144415136892349, 4.50379753112793
n,-0.0001112850004574284, -0.00011412918684072793, 4.50379753112793
n,-0.00011477164662210271, -0.00010120772640220821, 4.50379753112793
n,-0.00012211517605464906, -1.7818847481976263e-05, 4.50379753112793
n,-0.0001224785519298166, -6.44623924017651e-06, 4.50379753112793
n,-0.00012251555745024234, -9.623359801480547e-05, 4.50379753112793
n,-0.00011208933574380353, -8.083842840278521e-05, 4.50379753112793
n,-0.00011945715232286602, -7.882818317739293e-05, 4.50379753112793
n,-0.00012819073162972927, -9.188313561026007e-05, 4.50379753112793
n,-0.00011937795352423564, -9.42933329497464e-05, 4.50379753112793
n,-0.00012025480828015134, -8.982662984635681e-05, 4.50379753112793
n,-0.00011278819874860346, -9.126534860115498e-05, 4.50379753112793
n,-0.00011752618593163788, -8.793509914539754e-05, 4.50379753112793
n,-0.00011879519297508523, -9.313615737482905e-05, 4.50379753112793
n,-0.0001248360931640491, -8.339611667906865e-05, 4.50379753112793
n,-0.00012508025974966586, -8.677328150952235e-05, 4.50379753112793
n,-0.00012532722030300647, -8.666247595101595e-05, 4.50379753112793
n,-0.00012579055328387767, -7.709531200816855e-05, 4.50379753112793
n,-0.00012556678848341107, -7.721266592852771e-05, 4.50379753112793
n,-0.0001322372700087726, -8.693204290466383e-05, 4.50379753112793
n,-0.00015934303519316018, -8.322815119754523e-05, 4.50379753112793
n,-0.00017595666577108204, -8.528454782208428e-05, 4.50379753112793
n,-0.0001197995588881895, -8.654394332552329e-05, 4.50379753112793
n,-0.00012420330313034356, -7.304436439881101e-05, 4.50379753112793
n,-0.0001129287775256671, -8.726790838409215e-05, 4.50379753112793
n,-0.00012937730934936553, -9.65180151979439e-05, 4.50379753112793
n,-0.00010952071170322597, -8.662889740662649e-05, 4.50379753112793
n,-0.00011696815636241809, -8.143507147906348e-05, 4.50379753112793
n,-0.00012543084449134767, -6.601623226742959e-06, 4.50379753112793
n,-0.00012453744420781732, -7.704112067585811e-05, 4.50379753112793
n,-0.00011565590102691203, -8.0978570622392e-05, 4.50379753112793
n,-0.00012177541066193953, -7.22134136594832e-05, 4.50379753112793
n,-0.0005200635059736669, -0.00010771585220936686, 4.50379753112793
n,-0.0001424320216756314, -9.454489918425679e-05, 4.50379753112793
n,3.4080025216098875e-05, -7.698752597207204e-05, 4.50379753112793
n,-4.584537600749172e-05, -8.409506699535996e-05, 4.50379753112793
n,-9.247253183275461e-05, -7.99748522695154e-05, 4.50379753112793
n,-0.00011999140406260267, -0.00010929490235866979, 4.50379753112793
n,-0.0001330922677880153, -8.444786362815648e-05, 4.50379753112793
n,-0.00011945969163207337, -7.880821794969961e-05, 4.50379753112793
n,-0.0001172816555481404, -7.874213042668998e-05, 4.50379753112793
n,-0.0001305463956668973, -7.830838148947805e-05, 4.50379753112793
n,-0.00012928183423355222, -7.905098755145445e-05, 4.50379753112793
n,-0.00011540538253029808, -7.584898412460461e-05, 4.50379753112793
n,-0.00011988070764346048, -6.493311957456172e-05, 4.50379753112793
n,-0.00011715503205778077, -8.30259668873623e-05, 4.50379753112793
n,-0.00012917097774334252, -8.275503932964057e-05, 4.50379753112793
n,-0.00011923065176233649, -8.384593820665032e-05, 4.50379753112793
n,-0.00012464309111237526, -8.926681039156392e-05, 4.50379753112793
n,-0.00012554266140796244, -8.177090057870373e-05, 4.50379753112793
n,0.23093770444393158, -4.497872829437256, 0.0
n,0.23093771934509277, -4.497872829437256, 0.0
n,0.2301548570394516, -4.49791145324707, 0.0034735780209302902
n,-4.497925281524658, -0.22991254925727844, 0.0
n,-0.22643260657787323, 4.498101711273193, 0.0
n,-0.541948139667511, 4.471072196960449, 0.0
n,-0.22851480543613434, 4.497987270355225, 0.009278209879994392
n,-4.5011725425720215, -0.15375031530857086, 4.064229869982228e-05
n,-4.501176357269287, -0.15363794565200806, 0.0
n,-4.501176357269287, -0.15363794565200806, 0.0
n,-4.50063419342041, -0.16877377033233643, 0.0
n,-4.500957489013672, -0.15991277992725372, -0.001026977552101016
n,4.501172065734863, 0.15375027060508728, 0.0
n,0.1578616499900818, -4.501029968261719, -0.0005618979339487851
n,0.15858206152915955, -4.501004695892334, 3.618345726863481e-05
n,-0.1578616499900818, 4.501029968261719, 0.0
n,-0.19065448641777039, 4.499760150909424, 0.0
n,-0.19097307324409485, 4.499733924865723, -0.010738292708992958
n,-0.19038903713226318, 4.499771595001221, 0.0
n,4.499574661254883, 0.194935604929924, 0.0044791786931455135
n,4.499619483947754, 0.1939491331577301, 0.0
n,4.499563217163086, 0.19525225460529327, 0.0
n,0.21706125140190125, -4.498563766479492, 0.0
n,-4.4999847412109375, -0.18528145551681519, 0.0
n,-4.499985218048096, -0.1852729171514511, 0.000588552444241941
n,-4.499568462371826, -0.19513216614723206, 0.0
n,-0.21541322767734528, 4.498642921447754, 0.0005619527655653656
n,4.499988079071045, 0.18519607186317444, 0.00014053018821869045
n,0.19037386775016785, -4.499772548675537, 5.945187240286032e-06
n,4.501783847808838, 0.1346687376499176, 0.0
n,0.13659588992595673, -4.501725196838379, 0.0
n,-4.501726150512695, -0.13659082353115082, 0.0
n,-0.1365509182214737, 4.501727104187012, 0.0
n,-0.18953768908977509, 4.499807357788086, -7.826438377378508e-05
n,4.499948501586914, 0.18615376949310303, 0.0004606480652000755
n,4.499953269958496, 0.18603983521461487, 0.0
n,0.18723437190055847, -4.499904155731201, 0.0
n,-4.499974250793457, -0.18553821742534637, 9.160256013274193e-05
n,-4.499976634979248, -0.18547853827476501, 0.0
n,0.14880459010601044, -4.501338958740234, 0.0
n,0.1479780524969101, -4.501364707946777, 0.003280429868027568
n,-4.5015034675598145, -0.1437300741672516, 0.0
n,-4.501476764678955, -0.14453443884849548, -0.003107604570686817
n,-0.14797818660736084, 4.501365661621094, 0.0
n,4.501502513885498, 0.143760547041893, 0.0
n,4.501477241516113, 0.14453452825546265, -0.002035195007920265
n,-0.19817332923412323, 4.4994354248046875, 0.0
n,4.499617576599121, 0.1939939260482788, 0.0
n,-4.499561309814453, -0.19529344141483307, 0.0
u,0.9985284209251404, 0.9323440790176392, 0
u,0.9623600840568542, 0.8752961158752441, 0
u,0.9985284209251404, 0.8752961158752441, 0
u,0.0, 0.0, 0
u,0.0, 0.0, 0
u,0.0, 0.0, 0
u,0.191690593957901, 0.21089960634708405, 0
u,0.21914179623126984, 0.3142144978046417, 0
u,0.19112180173397064, 0.31383541226387024, 0
u,0.23379060626029968, 0.21036450564861298, 0
u,0.1891735941171646, 0.11714290082454681, 0
u,0.23334190249443054, 0.11658140271902084, 0
u,0.21970270574092865, 0.21054349839687347, 0
u,0.2342842072248459, 0.3135569095611572, 0
u,0.2191455066204071, 0.3135313093662262, 0
u,0.19112379848957062, 0.3134840130805969, 0
u,0.0039935000240802765, 0.3131675124168396, 0
u,0.17927969992160797, 0.2983199954032898, 0
u,0.25944530963897705, 0.10680589824914932, 0
u,0.2713797986507416, 0.008364999666810036, 0
u,0.27025920152664185, 0.3136177062988281, 0
u,0.23282459378242493, 0.00843529962003231, 0
u,0.23289039731025696, 0.02219190075993538, 0
u,0.1945050060749054, 0.022814400494098663, 0
u,0.11607500165700912, 0.08485980331897736, 0
u,0.1891735941171646, 0.11714290082454681, 0
u,0.17922170460224152, 0.13623939454555511, 0
u,0.0, 0.0025486000813543797, 0
u,0.0039935000240802765, 0.3131675124168396, 0
u,0.0, 0.3194721043109894, 0
u,0.0039935000240802765, 0.3131675124168396, 0
u,0.19112379848957062, 0.3134840130805969, 0
u,0.19112180173397064, 0.31383541226387024, 0
u,0.2713797986507416, 0.008364999666810036, 0
u,0.27422958612442017, 0.31993570923805237, 0
u,0.27025920152664185, 0.3136177062988281, 0
u,0.0039935000240802765, 0.008852499537169933, 0
u,0.27539658546447754, 0.00204630009829998, 0
u,0.2713797986507416, 0.008364999666810036, 0
u,0.052799198776483536, 0.2289969027042389, 0
u,0.02187740057706833, 0.16723890602588654, 0
u,0.05232759937644005, 0.16665250062942505, 0
u,0.022335899993777275, 0.22957409918308258, 0
u,0.005042899865657091, 0.2986091077327728, 0
u,0.004995400086045265, 0.1364945024251938, 0
u,0.052799198776483536, 0.2289969027042389, 0
u,0.05232759937644005, 0.16665250062942505, 0
u,0.17922170460224152, 0.13623939454555511, 0
u,0.25944530963897705, 0.10680589824914932, 0
u,0.1945050060749054, 0.022814400494098663, 0
u,0.2589336931705475, 0.02176949940621853, 0
u,0.07116150110960007, 0.023160699754953384, 0
u,0.11607500165700912, 0.08485980331897736, 0
u,0.07108049839735031, 0.084785096347332, 0
u,0.9084436297416687, 0.597737729549408, 0
u,0.9219837784767151, 0.597737729549408, 0
u,0.9219837784767151, 0.5980626940727234, 0
u,0.9219837784767151, 0.5567882061004639, 0
u,0.9084436297416687, 0.597737729549408, 0
u,0.9084436297416687, 0.5567882061004639, 0
u,0.9084436297416687, 0.46092021465301514, 0
u,0.9250611066818237, 0.46092021465301514, 0
u,0.9219837784767151, 0.5561563968658447, 0
u,0.9084436297416687, 0.9983922839164734, 0
u,0.9446427822113037, 0.9542698860168457, 0
u,0.9446427822113037, 0.9953585267066956, 0
u,0.9613217115402222, 0.8465623259544373, 0
u,0.9084436297416687, 0.7817754745483398, 0
u,0.9613217115402222, 0.7817754745483398, 0
u,0.9613217115402222, 0.7640650272369385, 0
u,0.9613217115402222, 0.7817754745483398, 0
u,0.9084436297416687, 0.7817754745483398, 0
u,0.9613217115402222, 0.8465623259544373, 0
u,0.9084436297416687, 0.9336056113243103, 0
u,0.9084436297416687, 0.8465623259544373, 0
u,0.5488293170928955, 0.37133339047431946, 0
u,0.47400519251823425, 0.37620580196380615, 0
u,0.5184513926506042, 0.37133339047431946, 0
u,0.014024700038135052, 0.37133339047431946, 0
u,0.04735260084271431, 0.37133339047431946, 0
u,0.04735260084271431, 0.37620580196380615, 0
u,0.8257544040679932, 0.37133339047431946, 0
u,0.6523936986923218, 0.37620580196380615, 0
u,0.6523936986923218, 0.37133339047431946, 0
u,0.04735260084271431, 0.37620580196380615, 0
u,0.22629380226135254, 0.37133339047431946, 0
u,0.22629380226135254, 0.37620580196380615, 0
u,0.22629380226135254, 0.37620580196380615, 0
u,0.22629380226135254, 0.37133339047431946, 0
u,0.2620120048522949, 0.37133339047431946, 0
u,0.2582542896270752, 0.9989640712738037, 0
u,0.0, 0.379421204328537, 0
u,0.2582542896270752, 0.379421204328537, 0
u,0.8958926796913147, 0.9989640712738037, 0
u,0.7064607739448547, 0.379421204328537, 0
u,0.8958926796913147, 0.379421204328537, 0
u,0.7064607739448547, 0.9989640712738037, 0
u,0.4471074938774109, 0.379421204328537, 0
u,0.7064607739448547, 0.379421204328537, 0
u,0.2582542896270752, 0.9989640712738037, 0
u,0.4471074938774109, 0.379421204328537, 0
u,0.4471074938774109, 0.9989640712738037, 0
u,0.9444009065628052, 0.5901370048522949, 0
u,0.9267547726631165, 0.5453671813011169, 0
u,0.9444009065628052, 0.5453671813011169, 0
u,0.9444009065628052, 0.5453671813011169, 0
u,0.9267547726631165, 0.4873760938644409, 0
u,0.9444009065628052, 0.4873760938644409, 0
u,0.9444009065628052, 0.6481369733810425, 0
u,0.9267547726631165, 0.6929259896278381, 0
u,0.9267547726631165, 0.6481369733810425, 0
u,0.9444009065628052, 0.5901370048522949, 0
u,0.9267547726631165, 0.6481369733810425, 0
u,0.9267547726631165, 0.5901370048522949, 0
u,0.09504059702157974, 0.3220599889755249, 0
u,0.0, 0.3681671917438507, 0
u,0.0, 0.3220599889755249, 0
u,0.3952181935310364, 0.3681671917438507, 0
u,0.35156720876693726, 0.3681671917438507, 0
u,0.35156720876693726, 0.3220599889755249, 0
u,0.35156720876693726, 0.3220599889755249, 0
u,0.25650671124458313, 0.3681671917438507, 0
u,0.25650671124458313, 0.3220599889755249, 0
u,0.21176309883594513, 0.3681671917438507, 0
u,0.09504059702157974, 0.3681671917438507, 0
u,0.09504059702157974, 0.3220599889755249, 0
u,0.9064450263977051, 0.9991220831871033, 0
u,0.8972532749176025, 0.9991220831871033, 0
u,0.8972532749176025, 0.977939784526825, 0
u,0.9064450263977051, 0.7471135258674622, 0
u,0.8972532749176025, 0.7471135258674622, 0
u,0.8972532749176025, 0.7088106274604797, 0
u,0.9064450263977051, 0.7471135258674622, 0
u,0.8972532749176025, 0.8259320855140686, 0
u,0.8972532749176025, 0.7471135258674622, 0
u,0.9064450263977051, 0.9203100204467773, 0
u,0.8972532749176025, 0.9203100204467773, 0
u,0.8972532749176025, 0.8640815019607544, 0
u,0.9623600840568542, 0.8094683289527893, 0
u,0.9985284209251404, 0.7524116039276123, 0
u,0.9985284209251404, 0.8094683289527893, 0
u,0.9985284209251404, 0.9981527924537659, 0
u,0.9623600840568542, 0.9323440790176392, 0
u,0.9985284209251404, 0.9323440790176392, 0
u,0.9623600840568542, 0.8752961158752441, 0
u,0.9985284209251404, 0.8094683289527893, 0
u,0.9985284209251404, 0.8752961158752441, 0
u,0.9985284209251404, 0.9323440790176392, 0
u,0.9623600840568542, 0.9323440790176392, 0
u,0.9623600840568542, 0.8752961158752441, 0
u,0.0, 0.0, 0
u,0.0, 0.0, 0
u,0.0, 0.0, 0
u,0.191690593957901, 0.21089960634708405, 0
u,0.21970270574092865, 0.21054349839687347, 0
u,0.21914179623126984, 0.3142144978046417, 0
u,0.23379060626029968, 0.21036450564861298, 0
u,0.1896224021911621, 0.21092580258846283, 0
u,0.1891735941171646, 0.11714290082454681, 0
u,0.21970270574092865, 0.21054349839687347, 0
u,0.23379060626029968, 0.21036450564861298, 0
u,0.2342842072248459, 0.3135569095611572, 0
u,0.1896224021911621, 0.21092580258846283, 0
u,0.191690593957901, 0.21089960634708405, 0
u,0.17927969992160797, 0.2983199954032898, 0
u,0.191690593957901, 0.21089960634708405, 0
u,0.19112379848957062, 0.3134840130805969, 0
u,0.17927969992160797, 0.2983199954032898, 0
u,0.0039935000240802765, 0.3131675124168396, 0
u,0.0039935000240802765, 0.136495903134346, 0
u,0.005042899865657091, 0.2986091077327728, 0
u,0.0039935000240802765, 0.136495903134346, 0
u,0.004995400086045265, 0.1364945024251938, 0
u,0.005042899865657091, 0.2986091077327728, 0
u,0.17922170460224152, 0.13623939454555511, 0
u,0.18926499783992767, 0.13622470200061798, 0
u,0.1896224021911621, 0.21092580258846283, 0
u,0.0039935000240802765, 0.3131675124168396, 0
u,0.005042899865657091, 0.2986091077327728, 0
u,0.17927969992160797, 0.2983199954032898, 0
u,0.17927969992160797, 0.2983199954032898, 0
u,0.17922170460224152, 0.13623939454555511, 0
u,0.1896224021911621, 0.21092580258846283, 0
u,0.2589336931705475, 0.02176949940621853, 0
u,0.23289039731025696, 0.02219190075993538, 0
u,0.23282459378242493, 0.00843529962003231, 0
u,0.27025920152664185, 0.3136177062988281, 0
u,0.2342842072248459, 0.3135569095611572, 0
u,0.23379060626029968, 0.21036450564861298, 0
u,0.23379060626029968, 0.21036450564861298, 0
u,0.23334190249443054, 0.11658140271902084, 0
u,0.25944530963897705, 0.10680589824914932, 0
u,0.23334190249443054, 0.11658140271902084, 0
u,0.233297199010849, 0.10722710192203522, 0
u,0.25944530963897705, 0.10680589824914932, 0
u,0.2589336931705475, 0.02176949940621853, 0
u,0.23282459378242493, 0.00843529962003231, 0
u,0.2713797986507416, 0.008364999666810036, 0
u,0.27025920152664185, 0.3136177062988281, 0
u,0.23379060626029968, 0.21036450564861298, 0
u,0.25944530963897705, 0.10680589824914932, 0
u,0.25944530963897705, 0.10680589824914932, 0
u,0.2589336931705475, 0.02176949940621853, 0
u,0.2713797986507416, 0.008364999666810036, 0
u,0.19487789273262024, 0.08499039709568024, 0
u,0.11607500165700912, 0.08485980331897736, 0
u,0.1945050060749054, 0.022814400494098663, 0
u,0.11607500165700912, 0.08485980331897736, 0
u,0.11614300310611725, 0.023225799202919006, 0
u,0.1945050060749054, 0.022814400494098663, 0
u,0.07116150110960007, 0.023160699754953384, 0
u,0.07108049839735031, 0.084785096347332, 0
u,0.0039935000240802765, 0.08467389643192291, 0
u,0.07116150110960007, 0.023160699754953384, 0
u,0.0039935000240802765, 0.08467389643192291, 0
u,0.0039935000240802765, 0.008852499537169933, 0
u,0.1945050060749054, 0.022814400494098663, 0
u,0.11614300310611725, 0.023225799202919006, 0
u,0.23282459378242493, 0.00843529962003231, 0
u,0.11614300310611725, 0.023225799202919006, 0
u,0.07116150110960007, 0.023160699754953384, 0
u,0.0039935000240802765, 0.008852499537169933, 0
u,0.23282459378242493, 0.00843529962003231, 0
u,0.11614300310611725, 0.023225799202919006, 0
u,0.0039935000240802765, 0.008852499537169933, 0
u,0.11607500165700912, 0.08485980331897736, 0
u,0.19487789273262024, 0.08499039709568024, 0
u,0.1891735941171646, 0.11714290082454681, 0
u,0.19487789273262024, 0.08499039709568024, 0
u,0.19501489400863647, 0.10784360021352768, 0
u,0.1891735941171646, 0.11714290082454681, 0
u,0.19501489400863647, 0.10784360021352768, 0
u,0.233297199010849, 0.10722710192203522, 0
u,0.23334190249443054, 0.11658140271902084, 0
u,0.1891735941171646, 0.11714290082454681, 0
u,0.18926499783992767, 0.13622470200061798, 0
u,0.17922170460224152, 0.13623939454555511, 0
u,0.19501489400863647, 0.10784360021352768, 0
u,0.23334190249443054, 0.11658140271902084, 0
u,0.1891735941171646, 0.11714290082454681, 0
u,0.07108049839735031, 0.084785096347332, 0
u,0.11607500165700912, 0.08485980331897736, 0
u,0.17922170460224152, 0.13623939454555511, 0
u,0.0039935000240802765, 0.136495903134346, 0
u,0.0039935000240802765, 0.08467389643192291, 0
u,0.004995400086045265, 0.1364945024251938, 0
u,0.0039935000240802765, 0.08467389643192291, 0
u,0.07108049839735031, 0.084785096347332, 0
u,0.004995400086045265, 0.1364945024251938, 0
u,0.17922170460224152, 0.13623939454555511, 0
u,0.004995400086045265, 0.1364945024251938, 0
u,0.07108049839735031, 0.084785096347332, 0
u,0.0, 0.0025486000813543797, 0
u,0.0039935000240802765, 0.008852499537169933, 0
u,0.0039935000240802765, 0.3131675124168396, 0
u,0.21914179623126984, 0.3142144978046417, 0
u,0.2191455066204071, 0.3135313093662262, 0
u,0.27025920152664185, 0.3136177062988281, 0
u,0.27025920152664185, 0.3136177062988281, 0
u,0.27422958612442017, 0.31993570923805237, 0
u,0.21914179623126984, 0.3142144978046417, 0
u,0.27422958612442017, 0.31993570923805237, 0
u,0.0, 0.3194721043109894, 0
u,0.19112180173397064, 0.31383541226387024, 0
u,0.21914179623126984, 0.3142144978046417, 0
u,0.27422958612442017, 0.31993570923805237, 0
u,0.19112180173397064, 0.31383541226387024, 0
u,0.0, 0.3194721043109894, 0
u,0.0039935000240802765, 0.3131675124168396, 0
u,0.19112180173397064, 0.31383541226387024, 0
u,0.2713797986507416, 0.008364999666810036, 0
u,0.27539658546447754, 0.00204630009829998, 0
u,0.27422958612442017, 0.31993570923805237, 0
u,0.0039935000240802765, 0.008852499537169933, 0
u,0.0, 0.0025486000813543797, 0
u,0.27539658546447754, 0.00204630009829998, 0
u,0.052799198776483536, 0.2289969027042389, 0
u,0.022335899993777275, 0.22957409918308258, 0
u,0.02187740057706833, 0.16723890602588654, 0
u,0.022335899993777275, 0.22957409918308258, 0
u,0.052799198776483536, 0.2289969027042389, 0
u,0.05332529917359352, 0.2985289990901947, 0
u,0.004995400086045265, 0.1364945024251938, 0
u,0.05209890007972717, 0.13642540574073792, 0
u,0.02187740057706833, 0.16723890602588654, 0
u,0.05209890007972717, 0.13642540574073792, 0
u,0.05232759937644005, 0.16665250062942505, 0
u,0.02187740057706833, 0.16723890602588654, 0
u,0.022335899993777275, 0.22957409918308258, 0
u,0.05332529917359352, 0.2985289990901947, 0
u,0.005042899865657091, 0.2986091077327728, 0
u,0.004995400086045265, 0.1364945024251938, 0
u,0.02187740057706833, 0.16723890602588654, 0
u,0.022335899993777275, 0.22957409918308258, 0
u,0.17927969992160797, 0.2983199954032898, 0
u,0.05332529917359352, 0.2985289990901947, 0
u,0.052799198776483536, 0.2289969027042389, 0
u,0.05232759937644005, 0.16665250062942505, 0
u,0.05209890007972717, 0.13642540574073792, 0
u,0.17922170460224152, 0.13623939454555511, 0
u,0.17927969992160797, 0.2983199954032898, 0
u,0.052799198776483536, 0.2289969027042389, 0
u,0.17922170460224152, 0.13623939454555511, 0
u,0.25944530963897705, 0.10680589824914932, 0
u,0.19501489400863647, 0.10784360021352768, 0
u,0.1945050060749054, 0.022814400494098663, 0
u,0.07116150110960007, 0.023160699754953384, 0
u,0.11614300310611725, 0.023225799202919006, 0
u,0.11607500165700912, 0.08485980331897736, 0
u,0.9250611066818237, 0.5980626940727234, 0
u,0.9250611066818237, 0.6929259896278381, 0
u,0.9219837784767151, 0.5980626940727234, 0
u,0.9250611066818237, 0.6929259896278381, 0
u,0.9084436297416687, 0.6929259896278381, 0
u,0.9219837784767151, 0.5980626940727234, 0
u,0.9084436297416687, 0.6929259896278381, 0
u,0.9084436297416687, 0.597737729549408, 0
u,0.9219837784767151, 0.5980626940727234, 0
u,0.9219837784767151, 0.5567882061004639, 0
u,0.9219837784767151, 0.597737729549408, 0
u,0.9084436297416687, 0.597737729549408, 0
u,0.9250611066818237, 0.46092021465301514, 0
u,0.9250611066818237, 0.5561563968658447, 0
u,0.9219837784767151, 0.5561563968658447, 0
u,0.9219837784767151, 0.5561563968658447, 0
u,0.9219837784767151, 0.5567882061004639, 0
u,0.9084436297416687, 0.5567882061004639, 0
u,0.9084436297416687, 0.5567882061004639, 0
u,0.9084436297416687, 0.46092021465301514, 0
u,0.9219837784767151, 0.5561563968658447, 0
u,0.9084436297416687, 0.9983922839164734, 0
u,0.9084436297416687, 0.9336056113243103, 0
u,0.9446427822113037, 0.9542698860168457, 0
u,0.9084436297416687, 0.9336056113243103, 0
u,0.9613217115402222, 0.9336056113243103, 0
u,0.9446427822113037, 0.9542698860168457, 0
u,0.9613217115402222, 0.9336056113243103, 0
u,0.9613217115402222, 0.9542698860168457, 0
u,0.9446427822113037, 0.9542698860168457, 0
u,0.9446427822113037, 0.9953585267066956, 0
u,0.9613217115402222, 0.9953585267066956, 0
u,0.9613217115402222, 0.9983922839164734, 0
u,0.9446427822113037, 0.9953585267066956, 0
u,0.9613217115402222, 0.9983922839164734, 0
u,0.9084436297416687, 0.9983922839164734, 0
u,0.9613217115402222, 0.8465623259544373, 0
u,0.9084436297416687, 0.8465623259544373, 0
u,0.9084436297416687, 0.7817754745483398, 0
u,0.9084436297416687, 0.7817754745483398, 0
u,0.9084436297416687, 0.694732129573822, 0
u,0.9613217115402222, 0.7640650272369385, 0
u,0.9084436297416687, 0.694732129573822, 0
u,0.9613217115402222, 0.694732129573822, 0
u,0.9613217115402222, 0.7640650272369385, 0
u,0.9613217115402222, 0.8465623259544373, 0
u,0.9613217115402222, 0.9336056113243103, 0
u,0.9084436297416687, 0.9336056113243103, 0
u,0.5488293170928955, 0.37133339047431946, 0
u,0.6523936986923218, 0.37133339047431946, 0
u,0.6523936986923218, 0.37620580196380615, 0
u,0.6523936986923218, 0.37620580196380615, 0
u,0.47400519251823425, 0.37620580196380615, 0
u,0.5488293170928955, 0.37133339047431946, 0
u,0.47400519251823425, 0.37620580196380615, 0
u,0.47400519251823425, 0.37133339047431946, 0
u,0.5184513926506042, 0.37133339047431946, 0
u,0.04735260084271431, 0.37620580196380615, 0
u,0.0, 0.37620580196380615, 0
u,0.014024700038135052, 0.37133339047431946, 0
u,0.0, 0.37620580196380615, 0
u,0.0, 0.37133339047431946, 0
u,0.014024700038135052, 0.37133339047431946, 0
u,0.8257544040679932, 0.37133339047431946, 0
u,0.8257544040679932, 0.37620580196380615, 0
u,0.6523936986923218, 0.37620580196380615, 0
u,0.04735260084271431, 0.37620580196380615, 0
u,0.04735260084271431, 0.37133339047431946, 0
u,0.22629380226135254, 0.37133339047431946, 0
u,0.47400519251823425, 0.37133339047431946, 0
u,0.47400519251823425, 0.37620580196380615, 0
u,0.2620120048522949, 0.37133339047431946, 0
u,0.47400519251823425, 0.37620580196380615, 0
u,0.22629380226135254, 0.37620580196380615, 0
u,0.2620120048522949, 0.37133339047431946, 0
u,0.2582542896270752, 0.9989640712738037, 0
u,0.0, 0.9989640712738037, 0
u,0.0, 0.379421204328537, 0
u,0.8958926796913147, 0.9989640712738037, 0
u,0.7064607739448547, 0.9989640712738037, 0
u,0.7064607739448547, 0.379421204328537, 0
u,0.7064607739448547, 0.9989640712738037, 0
u,0.4471074938774109, 0.9989640712738037, 0
u,0.4471074938774109, 0.379421204328537, 0
u,0.2582542896270752, 0.9989640712738037, 0
u,0.2582542896270752, 0.379421204328537, 0
u,0.4471074938774109, 0.379421204328537, 0
u,0.9444009065628052, 0.5901370048522949, 0
u,0.9267547726631165, 0.5901370048522949, 0
u,0.9267547726631165, 0.5453671813011169, 0
u,0.9444009065628052, 0.5453671813011169, 0
u,0.9267547726631165, 0.5453671813011169, 0
u,0.9267547726631165, 0.4873760938644409, 0
u,0.9444009065628052, 0.6481369733810425, 0
u,0.9444009065628052, 0.6929259896278381, 0
u,0.9267547726631165, 0.6929259896278381, 0
u,0.9444009065628052, 0.5901370048522949, 0
u,0.9444009065628052, 0.6481369733810425, 0
u,0.9267547726631165, 0.6481369733810425, 0
u,0.09504059702157974, 0.3220599889755249, 0
u,0.09504059702157974, 0.3681671917438507, 0
u,0.0, 0.3681671917438507, 0
u,0.35156720876693726, 0.3220599889755249, 0
u,0.5130236148834229, 0.3220599889755249, 0
u,0.3952181935310364, 0.3681671917438507, 0
u,0.5130236148834229, 0.3220599889755249, 0
u,0.5130236148834229, 0.3681671917438507, 0
u,0.3952181935310364, 0.3681671917438507, 0
u,0.35156720876693726, 0.3220599889755249, 0
u,0.35156720876693726, 0.3681671917438507, 0
u,0.25650671124458313, 0.3681671917438507, 0
u,0.09504059702157974, 0.3220599889755249, 0
u,0.25650671124458313, 0.3220599889755249, 0
u,0.21176309883594513, 0.3681671917438507, 0
u,0.25650671124458313, 0.3220599889755249, 0
u,0.25650671124458313, 0.3681671917438507, 0
u,0.21176309883594513, 0.3681671917438507, 0
u,0.8972532749176025, 0.977939784526825, 0
u,0.8972532749176025, 0.9203100204467773, 0
u,0.9064450263977051, 0.9203100204467773, 0
u,0.9064450263977051, 0.9203100204467773, 0
u,0.9064450263977051, 0.9991220831871033, 0
u,0.8972532749176025, 0.977939784526825, 0
u,0.8972532749176025, 0.7088106274604797, 0
u,0.8972532749176025, 0.6527330875396729, 0
u,0.9064450263977051, 0.6527330875396729, 0
u,0.9064450263977051, 0.6527330875396729, 0
u,0.9064450263977051, 0.7471135258674622, 0
u,0.8972532749176025, 0.7088106274604797, 0
u,0.9064450263977051, 0.7471135258674622, 0
u,0.9064450263977051, 0.8259320855140686, 0
u,0.8972532749176025, 0.8259320855140686, 0
u,0.8972532749176025, 0.8640815019607544, 0
u,0.8972532749176025, 0.8259320855140686, 0
u,0.9064450263977051, 0.8259320855140686, 0
u,0.9064450263977051, 0.8259320855140686, 0
u,0.9064450263977051, 0.9203100204467773, 0
u,0.8972532749176025, 0.8640815019607544, 0
u,0.9623600840568542, 0.8094683289527893, 0
u,0.9623600840568542, 0.7524116039276123, 0
u,0.9985284209251404, 0.7524116039276123, 0
u,0.9985284209251404, 0.9981527924537659, 0
u,0.9623600840568542, 0.9981527924537659, 0
u,0.9623600840568542, 0.9323440790176392, 0
u,0.9623600840568542, 0.8752961158752441, 0
u,0.9623600840568542, 0.8094683289527893, 0
u,0.9985284209251404, 0.8094683289527893, 0
