s,119.652587890625, 129.708984375, -0.14553356170654297
b,121.6708984375, 131.6435546875, 0.9063568115234375
v,121.489013671875, 130.953125, 0.8923649787902832
v,120.039306640625, 131.5546875, 0.8772282600402832
v,120.039306640625, 131.5546875, 0.8217196464538574
v,121.489013671875, 130.953125, 0.8368563652038574
v,120.422607421875, 130.212890625, -0.1455230712890625
v,120.479248046875, 130.349609375, -0.14551210403442383
v,119.652587890625, 130.6943359375, -0.14553356170654297
v,120.00048828125, 131.6435546875, -0.1454615592956543
v,121.551513671875, 130.9990234375, -0.14542198181152344
v,121.6708984375, 129.708984375, -0.14548969268798828
v,121.48876953125, 130.953125, 0.8368563652038574
v,120.0390625, 131.5546875, 0.8217196464538574
v,119.737060546875, 130.73046875, 0.6429448127746582
v,120.566162109375, 130.38671875, 0.6515688896179199
v,120.509765625, 130.2490234375, 0.6213216781616211
v,121.594482421875, 129.8115234375, 0.6350221633911133
v,120.509765625, 130.2490234375, 0.6768302917480469
v,120.566162109375, 130.38671875, 0.7070775032043457
v,119.737060546875, 130.73046875, 0.6984539031982422
v,119.652587890625, 130.6943359375, 0.6842355728149414
v,120.479248046875, 130.349609375, 0.6928343772888184
v,120.422607421875, 130.212890625, 0.6624460220336914
v,121.6708984375, 129.708984375, 0.6782126426696777
v,121.594482421875, 129.8115234375, 0.6905307769775391
v,120.0390625, 131.5546875, 0.8772282600402832
v,121.48876953125, 130.953125, 0.8923649787902832
v,121.594482421875, 129.8115234375, 0.6905307769775391
v,121.6708984375, 129.708984375, 0.6782126426696777
v,121.551513671875, 130.9990234375, 0.9063568115234375
v,120.00048828125, 131.6435546875, 0.8901634216308594
v,119.652587890625, 130.6943359375, 0.6842355728149414
v,119.737060546875, 130.73046875, 0.6984539031982422
v,121.594482421875, 129.8115234375, 0.6905307769775391
v,121.48876953125, 130.953125, 0.8923649787902832
v,121.48876953125, 130.953125, 0.8368563652038574
v,121.594482421875, 129.8115234375, 0.6350221633911133
v,120.509765625, 130.2490234375, 0.6768302917480469
v,121.594482421875, 129.8115234375, 0.6905307769775391
v,121.594482421875, 129.8115234375, 0.6350221633911133
v,120.509765625, 130.2490234375, 0.6213216781616211
v,120.566162109375, 130.38671875, 0.7070775032043457
v,120.509765625, 130.2490234375, 0.6768302917480469
v,120.509765625, 130.2490234375, 0.6213216781616211
v,120.566162109375, 130.38671875, 0.6515688896179199
v,119.737060546875, 130.73046875, 0.6984539031982422
v,120.566162109375, 130.38671875, 0.7070775032043457
v,120.566162109375, 130.38671875, 0.6515688896179199
v,119.737060546875, 130.73046875, 0.6429448127746582
v,120.0390625, 131.5546875, 0.8772282600402832
v,119.737060546875, 130.73046875, 0.6984539031982422
v,119.737060546875, 130.73046875, 0.6429448127746582
v,120.0390625, 131.5546875, 0.8217196464538574
v,121.6708984375, 129.708984375, 0.6782126426696777
v,120.422607421875, 130.212890625, 0.6624460220336914
v,120.422607421875, 130.212890625, -0.1455230712890625
v,121.6708984375, 129.708984375, -0.14548969268798828
v,120.422607421875, 130.212890625, 0.6624460220336914
v,120.479248046875, 130.349609375, 0.6928343772888184
v,120.479248046875, 130.349609375, -0.14551210403442383
v,120.422607421875, 130.212890625, -0.1455230712890625
v,120.479248046875, 130.349609375, 0.6928343772888184
v,119.652587890625, 130.6943359375, 0.6842355728149414
v,119.652587890625, 130.6943359375, -0.14553356170654297
v,120.479248046875, 130.349609375, -0.14551210403442383
v,119.652587890625, 130.6943359375, 0.6842355728149414
v,120.00048828125, 131.6435546875, 0.8901634216308594
v,120.00048828125, 131.6435546875, -0.1454615592956543
v,119.652587890625, 130.6943359375, -0.14553356170654297
v,120.00048828125, 131.6435546875, 0.8901634216308594
v,121.551513671875, 130.9990234375, 0.9063568115234375
v,121.551513671875, 130.9990234375, -0.14542198181152344
v,120.00048828125, 131.6435546875, -0.1454615592956543
v,121.551513671875, 130.9990234375, 0.9063568115234375
v,121.6708984375, 129.708984375, 0.6782126426696777
v,121.6708984375, 129.708984375, -0.14548969268798828
v,121.551513671875, 130.9990234375, -0.14542198181152344
i,1,3,0
i,8,9,5
i,13,14,15
i,16,20,21
i,24,25,28
i,32,34,35
i,36,38,39
i,41,43,40
i,44,46,47
i,49,51,48
i,53,55,52
i,56,58,59
i,61,63,60
i,64,66,67
i,68,70,71
i,73,75,72
i,1,2,3
i,9,4,5
i,5,6,7
i,7,8,5
i,15,10,13
i,10,11,13
i,11,12,13
i,17,18,20
i,18,19,20
i,22,23,21
i,23,16,21
i,16,17,20
i,25,26,28
i,26,27,28
i,29,30,24
i,30,31,24
i,29,24,28
i,32,33,34
i,36,37,38
i,41,42,43
i,44,45,46
i,49,50,51
i,53,54,55
i,56,57,58
i,61,62,63
i,64,65,66
i,68,69,70
i,73,74,75
n,-1.7270159721374512, -4.159520149230957, 0.0
n,0.00022321623691823334, 0.0002573014353401959, -4.50379753112793
n,-0.38481542468070984, -0.8150562047958374, 4.412685394287109
n,-0.3860841691493988, -0.8183045983314514, 4.411973476409912
n,-0.3854876458644867, -0.8174936771392822, 4.41217565536499
n,-4.484646320343018, -0.41489794850349426, 0.0
n,1.6861883401870728, 4.1762375831604, 0.0
n,4.162787437438965, -1.719125747680664, 0.0
n,1.7272857427597046, 4.1594085693359375, 0.0
n,4.228628635406494, -1.5501261949539185, 0.0
n,-1.6859132051467896, -4.17634916305542, -0.0004437986935954541
n,-4.160460948944092, 1.7247482538223267, 0.0
n,-1.7315329313278198, -4.157641887664795, 0.0
n,-4.228363513946533, 1.550850749015808, 0.0
n,1.728058934211731, 4.15908670425415, 0.0
n,4.484665393829346, 0.4146882891654968, 0.0
n,-1.7270159721374512, -4.159520149230957, 0.0
n,0.00022239152167458087, 0.00025576804182492197, -4.50379753112793
n,0.0002235245774500072, 0.0002597451093606651, -4.50379753112793
n,0.00022206470021046698, 0.0002592046221252531, -4.50379753112793
n,-0.3852948844432831, -0.8159079551696777, 4.4124860763549805
n,-0.3850140869617462, -0.8163468241691589, 4.412429332733154
n,-0.38487252593040466, -0.8162863254547119, 4.4124531745910645
n,-0.38294222950935364, -0.8116123080253601, 4.413483142852783
n,-0.3879092037677765, -0.8212617635726929, 4.411263942718506
n,-0.38641029596328735, -0.8191784024238586, 4.411782741546631
n,-0.3861018419265747, -0.8182644844055176, 4.4119791984558105
n,-0.3806510865688324, -0.8167850971221924, 4.412726879119873
n,-0.38661789894104004, -0.8160067200660706, 4.412352085113525
n,-0.3818705976009369, -0.8159132599830627, 4.412782669067383
n,-0.389077365398407, -0.8149006366729736, 4.4123406410217285
n,-0.39125022292137146, -0.8139216899871826, 4.412329196929932
n,-0.38374632596969604, -0.8127023577690125, 4.413212776184082
n,-4.484646320343018, -0.41489794850349426, 0.0
n,1.6861883401870728, 4.1762375831604, 0.0
n,4.162787437438965, -1.719125747680664, 0.0
n,1.7272857427597046, 4.1594085693359375, 0.0
n,4.228628635406494, -1.5501261949539185, 0.0
n,-1.6856662034988403, -4.176448345184326, 0.0
n,-4.160460948944092, 1.724748134613037, 0.0
n,-1.7315328121185303, -4.157641887664795, 0.0
n,-4.228363037109375, 1.550850749015808, 0.0
n,1.728058934211731, 4.15908670425415, 0.0
n,4.484596252441406, 0.4154358208179474, 0.0011805222602561116
u,0.7423881888389587, 0.9601029753684998, 0
u,0.909849226474762, 0.9411764740943909, 0
u,0.9099060893058777, 0.9601029753684998, 0
u,0.0, 0.0, 0
u,0.0, 0.0, 0
u,0.0, 0.0, 0
u,0.4102221131324768, 0.23530179262161255, 0
u,0.4102247953414917, 0.1764705926179886, 0
u,0.5526909828186035, 0.18118099868297577, 0
u,0.12027499824762344, 0.023472800850868225, 0
u,0.11215750128030777, 0.055853698402643204, 0
u,0.11216390132904053, 0.0, 0
u,0.012010100297629833, 0.4958255887031555, 0
u,0.2029062956571579, 0.5334104895591736, 0
u,0.20729370415210724, 0.5607910752296448, 0
u,0.8760815262794495, 0.9281045794487, 0
u,0.7454652786254883, 0.9083318710327148, 0
u,0.8771706223487854, 0.9083318710327148, 0
u,0.8624284863471985, 0.9777272939682007, 0
u,0.9967417120933533, 0.9876788258552551, 0
u,0.8625084757804871, 0.9980859160423279, 0
u,0.8624284863471985, 0.9777272939682007, 0
u,0.8454691171646118, 0.9876788258552551, 0
u,0.8453891277313232, 0.9673203229904175, 0
u,0.742331326007843, 0.9746156930923462, 0
u,0.8454691171646118, 0.9876788258552551, 0
u,0.7424113154411316, 0.9949743151664734, 0
u,0.7494372129440308, 0.8873131275177002, 0
u,0.7443761825561523, 0.6242080926895142, 0
u,0.7494372129440308, 0.6209151148796082, 0
u,0.7398486137390137, 0.7004113793373108, 0
u,0.58365398645401, 1.0, 0
u,0.58365398645401, 0.694577693939209, 0
u,0.0, 0.7004113793373108, 0
u,0.017262499779462814, 1.0, 0
u,0.0, 1.0, 0
u,0.12116049975156784, 0.6923282146453857, 0
u,0.017262499779462814, 1.0, 0
u,0.017262499779462814, 0.6891477108001709, 0
u,0.12116049975156784, 0.6923282146453857, 0
u,0.2384687066078186, 1.0, 0
u,0.12116049975156784, 1.0, 0
u,0.2384687066078186, 0.615998387336731, 0
u,0.4333435893058777, 1.0, 0
u,0.2384687066078186, 1.0, 0
u,0.58365398645401, 0.694577693939209, 0
u,0.4333435893058777, 1.0, 0
u,0.4333435893058777, 0.610008716583252, 0
u,0.7423881888389587, 0.9601029753684998, 0
u,0.742331326007843, 0.9411764740943909, 0
u,0.909849226474762, 0.9411764740943909, 0
u,0.0, 0.0, 0
u,0.0, 0.0, 0
u,0.0, 0.0, 0
u,0.0, 0.0, 0
u,0.0, 0.0, 0
u,0.0, 0.0, 0
u,0.0, 0.0, 0
u,0.0, 0.0, 0
u,0.0, 0.0, 0
u,0.5526909828186035, 0.18118099868297577, 0
u,0.4877285957336426, 0.583748996257782, 0
u,0.4102221131324768, 0.23530179262161255, 0
u,0.4877285957336426, 0.583748996257782, 0
u,0.2965235114097595, 0.583748996257782, 0
u,0.4102221131324768, 0.23530179262161255, 0
u,0.2965235114097595, 0.583748996257782, 0
u,0.3008427917957306, 0.23536980152130127, 0
u,0.4102221131324768, 0.23530179262161255, 0
u,0.12026859819889069, 0.08232030272483826, 0
u,0.01085910014808178, 0.08232030272483826, 0
u,0.11215750128030777, 0.055853698402643204, 0
u,0.01085910014808178, 0.08232030272483826, 0
u,0.0030674999579787254, 0.055853698402643204, 0
u,0.11215750128030777, 0.055853698402643204, 0
u,0.27615851163864136, 0.0022561000660061836, 0
u,0.26278039813041687, 0.028272999450564384, 0
u,0.11216390132904053, 0.0, 0
u,0.26278039813041687, 0.028272999450564384, 0
u,0.12027499824762344, 0.023472800850868225, 0
u,0.11216390132904053, 0.0, 0
u,0.12027499824762344, 0.023472800850868225, 0
u,0.12026859819889069, 0.08232030272483826, 0
u,0.11215750128030777, 0.055853698402643204, 0
u,0.2029062956571579, 0.5334104895591736, 0
u,0.2755104899406433, 0.1442624032497406, 0
u,0.20729370415210724, 0.5607910752296448, 0
u,0.2755104899406433, 0.1442624032497406, 0
u,0.2893624007701874, 0.1209150031208992, 0
u,0.20729370415210724, 0.5607910752296448, 0
u,0.0030674999579787254, 0.5205817818641663, 0
u,0.015756899490952492, 0.1209150031208992, 0
u,0.012010100297629833, 0.4958255887031555, 0
u,0.015756899490952492, 0.1209150031208992, 0
u,0.023026300594210625, 0.1488582044839859, 0
u,0.012010100297629833, 0.4958255887031555, 0
u,0.0030674999579787254, 0.5205817818641663, 0
u,0.012010100297629833, 0.4958255887031555, 0
u,0.20729370415210724, 0.5607910752296448, 0
u,0.8760815262794495, 0.9281045794487, 0
u,0.7443761825561523, 0.9281045794487, 0
u,0.7454652786254883, 0.9083318710327148, 0
u,0.8624284863471985, 0.9777272939682007, 0
u,0.9966617226600647, 0.9673203229904175, 0
u,0.9967417120933533, 0.9876788258552551, 0
u,0.8624284863471985, 0.9777272939682007, 0
u,0.8625084757804871, 0.9980859160423279, 0
u,0.8454691171646118, 0.9876788258552551, 0
u,0.742331326007843, 0.9746156930923462, 0
u,0.8453891277313232, 0.9673203229904175, 0
u,0.8454691171646118, 0.9876788258552551, 0
u,0.7494372129440308, 0.8873131275177002, 0
u,0.7443761825561523, 0.8906061053276062, 0
u,0.7443761825561523, 0.6242080926895142, 0
u,0.7398486137390137, 0.7004113793373108, 0
u,0.7398486137390137, 1.0, 0
u,0.58365398645401, 1.0, 0
u,0.0, 0.7004113793373108, 0
u,0.017262499779462814, 0.6891477108001709, 0
u,0.017262499779462814, 1.0, 0
u,0.12116049975156784, 0.6923282146453857, 0
u,0.12116049975156784, 1.0, 0
u,0.017262499779462814, 1.0, 0
u,0.12116049975156784, 0.6923282146453857, 0
u,0.2384687066078186, 0.615998387336731, 0
u,0.2384687066078186, 1.0, 0
u,0.2384687066078186, 0.615998387336731, 0
u,0.4333435893058777, 0.610008716583252, 0
u,0.4333435893058777, 1.0, 0
u,0.58365398645401, 0.694577693939209, 0
u,0.58365398645401, 1.0, 0
u,0.4333435893058777, 1.0, 0
