s,169.412353515625, 96.1708984375, 0.06169271469116211
b,173.992431640625, 99.9306640625, 8.727222442626953
v,171.52783203125, 96.326171875, 7.150696277618408
v,173.835205078125, 98.1474609375, 7.150956630706787
v,173.835205078125, 98.1474609375, 7.017735958099365
v,171.52783203125, 96.326171875, 7.017475605010986
v,170.260009765625, 97.72265625, 0.06172895431518555
v,170.24462890625, 97.7109375, 0.061727046966552734
v,169.412841796875, 98.716796875, 0.06169271469116211
v,170.404296875, 99.5322265625, 0.06180429458618164
v,170.626953125, 99.263671875, 0.0618138313293457
v,171.10791015625, 99.6591796875, 0.061867713928222656
v,171.545166015625, 99.130859375, 0.06188631057739258
v,172.5390625, 99.9306640625, 0.06199979782104492
v,173.992431640625, 98.1298828125, 0.06206369400024414
v,171.5107421875, 96.1708984375, 0.061783790588378906
v,171.080078125, 99.4296875, 8.727210998535156
v,170.7138671875, 99.1484375, 8.727169036865234
v,171.013671875, 98.755859375, 8.727180480957031
v,171.380126953125, 99.037109375, 8.727222442626953
v,171.06396484375, 99.4501953125, 8.631734848022461
v,171.080078125, 99.4296875, 8.631736755371094
v,171.380126953125, 99.037109375, 8.63174819946289
v,171.466552734375, 98.9228515625, 8.631752014160156
v,171.51171875, 98.9609375, 8.631757736206055
v,171.08935546875, 99.4716796875, 8.631738662719727
v,171.013671875, 98.755859375, 8.631706237792969
v,170.7138671875, 99.1484375, 8.631694793701172
v,171.080078125, 99.4296875, 8.631736755371094
v,171.06396484375, 99.4501953125, 8.631734848022461
v,170.561767578125, 99.037109375, 8.63167953491211
v,170.984130859375, 98.52734375, 8.631696701049805
v,171.466552734375, 98.9228515625, 8.631752014160156
v,171.380126953125, 99.037109375, 8.63174819946289
v,171.699462890625, 98.9423828125, 8.687280654907227
v,171.51171875, 98.9609375, 8.687265396118164
v,170.984130859375, 98.52734375, 8.687204360961914
v,170.96630859375, 98.33984375, 8.687196731567383
v,170.561767578125, 99.037109375, 8.687187194824219
v,171.08935546875, 99.4716796875, 8.687248229980469
v,171.51171875, 98.9609375, 8.687265396118164
v,171.699462890625, 98.9423828125, 8.687280654907227
v,171.107421875, 99.6591796875, 8.687255859375
v,170.3740234375, 99.0546875, 8.687171936035156
v,170.96630859375, 98.33984375, 8.687196731567383
v,170.984130859375, 98.52734375, 8.687204360961914
v,170.385986328125, 99.3447265625, 3.8235106468200684
v,169.60009765625, 98.6982421875, 3.8234219551086426
v,169.975830078125, 98.244140625, 3.823437213897705
v,170.624267578125, 98.7529296875, 3.823509693145752
v,170.37451171875, 99.0546875, 3.8234992027282715
v,170.523681640625, 99.1787109375, 3.823516368865967
v,170.62646484375, 99.2626953125, 3.8790364265441895
v,170.404052734375, 99.5322265625, 3.8790268898010254
v,169.412353515625, 98.716796875, 3.878915309906006
v,170.244384765625, 97.7109375, 3.878950595855713
v,170.259765625, 97.72265625, 3.8789525032043457
v,169.892578125, 98.1787109375, 3.878937244415283
v,169.975830078125, 98.244140625, 3.8789467811584473
v,169.60009765625, 98.6982421875, 3.8789305686950684
v,170.385986328125, 99.3447265625, 3.879019260406494
v,170.523681640625, 99.1787109375, 3.8790249824523926
v,170.04931640625, 98.1611328125, 7.0174126625061035
v,171.527587890625, 96.326171875, 7.017475605010986
v,173.835205078125, 98.1474609375, 7.017735958099365
v,172.521728515625, 99.7744140625, 7.017678737640381
v,171.615478515625, 99.044921875, 7.017575740814209
v,171.69970703125, 98.9423828125, 7.017578601837158
v,170.96630859375, 98.33984375, 7.017495632171631
v,170.69482421875, 98.6669921875, 7.017484188079834
v,173.9921875, 98.1298828125, 7.150969982147217
v,172.538330078125, 99.9306640625, 7.150906085968018
v,171.544677734375, 99.1298828125, 7.150792598724365
v,171.615478515625, 99.044921875, 7.1507954597473145
v,172.521728515625, 99.7744140625, 7.150899410247803
v,173.835205078125, 98.1474609375, 7.150956630706787
v,171.527587890625, 96.326171875, 7.150696277618408
v,170.04931640625, 98.1611328125, 7.150633335113525
v,170.69482421875, 98.6669921875, 7.1507039070129395
v,170.6240234375, 98.7529296875, 7.150702953338623
v,169.892578125, 98.1787109375, 7.150619983673096
v,171.510009765625, 96.1708984375, 7.15069055557251
v,171.013671875, 98.755859375, 8.631706237792969
v,171.380126953125, 99.037109375, 8.63174819946289
v,171.380126953125, 99.037109375, 8.727222442626953
v,171.013671875, 98.755859375, 8.727180480957031
v,170.7138671875, 99.1484375, 8.727169036865234
v,170.7138671875, 99.1484375, 8.631694793701172
v,171.013671875, 98.755859375, 8.631706237792969
v,171.013671875, 98.755859375, 8.727180480957031
v,171.080078125, 99.4296875, 8.727210998535156
v,171.080078125, 99.4296875, 8.631736755371094
v,170.7138671875, 99.1484375, 8.631694793701172
v,170.7138671875, 99.1484375, 8.727169036865234
v,171.380126953125, 99.037109375, 8.727222442626953
v,171.380126953125, 99.037109375, 8.63174819946289
v,171.080078125, 99.4296875, 8.631736755371094
v,171.080078125, 99.4296875, 8.727210998535156
v,170.984130859375, 98.52734375, 8.631696701049805
v,170.984130859375, 98.52734375, 8.687204360961914
v,171.51171875, 98.9609375, 8.687265396118164
v,171.51171875, 98.9609375, 8.631757736206055
v,171.466552734375, 98.9228515625, 8.631752014160156
v,170.561767578125, 99.037109375, 8.63167953491211
v,170.561767578125, 99.037109375, 8.687187194824219
v,170.984130859375, 98.52734375, 8.687204360961914
v,170.984130859375, 98.52734375, 8.631696701049805
v,171.08935546875, 99.4716796875, 8.631738662719727
v,171.08935546875, 99.4716796875, 8.687248229980469
v,170.561767578125, 99.037109375, 8.687187194824219
v,170.561767578125, 99.037109375, 8.63167953491211
v,171.06396484375, 99.4501953125, 8.631734848022461
v,171.51171875, 98.9609375, 8.687265396118164
v,171.08935546875, 99.4716796875, 8.687248229980469
v,171.08935546875, 99.4716796875, 8.631738662719727
v,171.51171875, 98.9609375, 8.631757736206055
v,170.3740234375, 99.0546875, 8.687171936035156
v,171.107421875, 99.6591796875, 8.687255859375
v,171.10791015625, 99.6591796875, 0.061867713928222656
v,170.626953125, 99.263671875, 0.0618138313293457
v,170.62646484375, 99.2626953125, 3.8790364265441895
v,170.523681640625, 99.1787109375, 3.8790249824523926
v,170.523681640625, 99.1787109375, 3.823516368865967
v,170.37451171875, 99.0546875, 3.8234992027282715
v,171.107421875, 99.6591796875, 8.687255859375
v,171.699462890625, 98.9423828125, 8.687280654907227
v,171.69970703125, 98.9423828125, 7.017578601837158
v,171.615478515625, 99.044921875, 7.017575740814209
v,171.615478515625, 99.044921875, 7.1507954597473145
v,171.544677734375, 99.1298828125, 7.150792598724365
v,171.545166015625, 99.130859375, 0.06188631057739258
v,171.10791015625, 99.6591796875, 0.061867713928222656
v,170.3740234375, 99.0546875, 8.687171936035156
v,170.37451171875, 99.0546875, 3.8234992027282715
v,170.624267578125, 98.7529296875, 3.823509693145752
v,170.6240234375, 98.7529296875, 7.150702953338623
v,170.69482421875, 98.6669921875, 7.1507039070129395
v,170.69482421875, 98.6669921875, 7.017484188079834
v,170.96630859375, 98.33984375, 7.017495632171631
v,170.96630859375, 98.33984375, 8.687196731567383
v,170.96630859375, 98.33984375, 8.687196731567383
v,170.96630859375, 98.33984375, 7.017495632171631
v,171.69970703125, 98.9423828125, 7.017578601837158
v,171.699462890625, 98.9423828125, 8.687280654907227
v,169.975830078125, 98.244140625, 3.8789467811584473
v,169.975830078125, 98.244140625, 3.823437213897705
v,169.60009765625, 98.6982421875, 3.8234219551086426
v,169.60009765625, 98.6982421875, 3.8789305686950684
v,170.385986328125, 99.3447265625, 3.8235106468200684
v,170.385986328125, 99.3447265625, 3.879019260406494
v,169.60009765625, 98.6982421875, 3.8789305686950684
v,169.60009765625, 98.6982421875, 3.8234219551086426
v,170.523681640625, 99.1787109375, 3.823516368865967
v,170.523681640625, 99.1787109375, 3.8790249824523926
v,170.385986328125, 99.3447265625, 3.879019260406494
v,170.385986328125, 99.3447265625, 3.8235106468200684
v,170.244384765625, 97.7109375, 3.878950595855713
v,169.412353515625, 98.716796875, 3.878915309906006
v,169.412841796875, 98.716796875, 0.06169271469116211
v,170.24462890625, 97.7109375, 0.061727046966552734
v,169.412841796875, 98.716796875, 0.06169271469116211
v,169.412353515625, 98.716796875, 3.878915309906006
v,170.404052734375, 99.5322265625, 3.8790268898010254
v,170.404296875, 99.5322265625, 0.06180429458618164
v,170.62646484375, 99.2626953125, 3.8790364265441895
v,170.626953125, 99.263671875, 0.0618138313293457
v,170.404296875, 99.5322265625, 0.06180429458618164
v,170.404052734375, 99.5322265625, 3.8790268898010254
v,170.260009765625, 97.72265625, 0.06172895431518555
v,170.259765625, 97.72265625, 3.8789525032043457
v,170.244384765625, 97.7109375, 3.878950595855713
v,170.24462890625, 97.7109375, 0.061727046966552734
v,171.545166015625, 99.130859375, 0.06188631057739258
v,171.544677734375, 99.1298828125, 7.150792598724365
v,172.538330078125, 99.9306640625, 7.150906085968018
v,172.5390625, 99.9306640625, 0.06199979782104492
v,172.538330078125, 99.9306640625, 7.150906085968018
v,173.9921875, 98.1298828125, 7.150969982147217
v,173.992431640625, 98.1298828125, 0.06206369400024414
v,172.5390625, 99.9306640625, 0.06199979782104492
v,173.9921875, 98.1298828125, 7.150969982147217
v,171.510009765625, 96.1708984375, 7.15069055557251
v,171.5107421875, 96.1708984375, 0.061783790588378906
v,173.992431640625, 98.1298828125, 0.06206369400024414
v,170.260009765625, 97.72265625, 0.06172895431518555
v,171.5107421875, 96.1708984375, 0.061783790588378906
v,171.510009765625, 96.1708984375, 7.15069055557251
v,169.892578125, 98.1787109375, 7.150619983673096
v,169.892578125, 98.1787109375, 3.878937244415283
v,170.259765625, 97.72265625, 3.8789525032043457
v,169.975830078125, 98.244140625, 3.823437213897705
v,169.975830078125, 98.244140625, 3.8789467811584473
v,169.892578125, 98.1787109375, 3.878937244415283
v,169.892578125, 98.1787109375, 7.150619983673096
v,170.6240234375, 98.7529296875, 7.150702953338623
v,170.624267578125, 98.7529296875, 3.823509693145752
v,170.69482421875, 98.6669921875, 7.017484188079834
v,170.69482421875, 98.6669921875, 7.1507039070129395
v,170.04931640625, 98.1611328125, 7.150633335113525
v,170.04931640625, 98.1611328125, 7.0174126625061035
v,171.615478515625, 99.044921875, 7.1507954597473145
v,171.615478515625, 99.044921875, 7.017575740814209
v,172.521728515625, 99.7744140625, 7.017678737640381
v,172.521728515625, 99.7744140625, 7.150899410247803
v,173.835205078125, 98.1474609375, 7.150956630706787
v,172.521728515625, 99.7744140625, 7.150899410247803
v,172.521728515625, 99.7744140625, 7.017678737640381
v,173.835205078125, 98.1474609375, 7.017735958099365
v,170.04931640625, 98.1611328125, 7.150633335113525
v,171.527587890625, 96.326171875, 7.150696277618408
v,171.527587890625, 96.326171875, 7.017475605010986
v,170.04931640625, 98.1611328125, 7.0174126625061035
i,0,2,3
i,8,10,4
i,15,17,14
i,20,22,23
i,24,25,28
i,33,35,32
i,36,37,40
i,46,47,48
i,51,52,57
i,61,65,66
i,74,75,79
i,81,83,80
i,84,86,87
i,89,91,88
i,93,95,92
i,98,99,100
i,102,104,101
i,107,108,109
i,111,113,110
i,119,120,121
i,127,129,122
i,130,133,134
i,139,141,138
i,143,145,142
i,146,148,149
i,150,152,153
i,154,156,157
i,159,161,158
i,163,165,162
i,166,168,169
i,170,172,173
i,175,177,174
i,179,181,178
i,185,186,187
i,192,193,189
i,194,196,197
i,198,200,201
i,203,205,202
i,206,208,209
i,0,1,2
i,4,5,6
i,6,7,8
i,8,9,10
i,10,11,12
i,12,13,10
i,13,4,10
i,4,6,8
i,15,16,17
i,23,18,19
i,20,21,22
i,23,19,20
i,25,26,27
i,29,30,24
i,30,31,24
i,25,27,28
i,29,24,28
i,33,34,35
i,37,38,40
i,38,39,40
i,41,42,36
i,42,43,36
i,41,36,40
i,49,44,48
i,44,45,48
i,45,46,48
i,59,50,58
i,50,51,58
i,52,53,55
i,53,54,55
i,55,56,57
i,52,55,57
i,57,58,51
i,67,60,66
i,60,61,66
i,61,62,65
i,62,63,65
i,63,64,65
i,69,70,72
i,70,71,72
i,76,77,75
i,77,78,75
i,68,69,73
i,69,72,73
i,75,78,79
i,68,73,79
i,73,74,79
i,81,82,83
i,84,85,86
i,89,90,91
i,93,94,95
i,100,96,97
i,97,98,100
i,102,103,104
i,109,105,106
i,106,107,109
i,111,112,113
i,121,114,119
i,114,115,118
i,119,114,118
i,115,116,118
i,116,117,118
i,122,123,127
i,123,124,126
i,124,125,126
i,127,128,129
i,123,126,127
i,130,131,133
i,131,132,133
i,136,137,134
i,137,130,134
i,134,135,136
i,139,140,141
i,143,144,145
i,146,147,148
i,150,151,152
i,154,155,156
i,159,160,161
i,163,164,165
i,166,167,168
i,170,171,172
i,175,176,177
i,179,180,181
i,187,182,183
i,183,184,187
i,184,185,187
i,193,188,189
i,189,190,191
i,191,192,189
i,194,195,196
i,198,199,200
i,203,204,205
i,206,207,208
n,-2.7896103858947754, 3.5358543395996094, 0.0
n,0.00037996924947947264, 0.00015714920300524682, -4.50379753112793
n,-0.00038472950109280646, -0.00017734554421622306, 4.50379753112793
n,-0.0003737933002412319, -0.00014478109369520098, 4.50379753112793
n,-0.000353306473698467, -0.00013373146066442132, 4.50379753112793
n,-0.00038198273978196084, -0.00016814039554446936, 4.50379753112793
n,-0.000367531058145687, -0.00016831541142892092, 4.50379753112793
n,-0.00037531775888055563, -0.00015894437092356384, 4.50379753112793
n,-0.00038067338755354285, -0.00015464129683095962, 4.50379753112793
n,-0.0003843387821689248, -0.00015261737280525267, 4.50379753112793
n,-0.00032785721123218536, -0.00011033703776774928, 4.50379753112793
n,2.740696430206299, -3.573901891708374, 0.0
n,-3.580148696899414, -2.7325310707092285, 0.0
n,-2.74171781539917, 3.573118209838867, 0.0
n,3.5791962146759033, 2.733778953552246, 0.0
n,-2.870109796524048, 3.470830202102661, 0.0
n,3.4686007499694824, 2.8728039264678955, 0.0
n,2.8637278079986572, -3.476097345352173, 0.0
n,-3.4709970951080322, -2.869907855987549, 0.0
n,-2.8673412799835205, 3.4731175899505615, 0.0
n,3.471687078475952, 2.869072914123535, 0.0002618209400679916
n,-3.477123498916626, -2.862480401992798, -0.003464633598923683
n,2.859922409057617, -3.47922945022583, 0.000371395522961393
n,3.471017837524414, 2.869882583618164, 0.0
n,2.8605387210845947, -3.478722333908081, 0.0
n,-3.471000909805298, -2.869903326034546, 0.0
n,-3.4711692333221436, -2.869699478149414, -0.00019717389659490436
n,-2.8607492446899414, 3.4785494804382324, -0.0003250000881962478
n,3.474519968032837, 2.8656411170959473, 0.0010458402102813125
n,2.789137125015259, -3.5362274646759033, 0.00015843221626710147
n,-2.823198080062866, 3.509094476699829, -0.00025906250812113285
n,3.504324436187744, 2.8291175365448, 0.00032156408997252584
n,2.789780855178833, -3.535719871520996, 0.00017066403233911842
n,-3.5062620639801025, -2.8267149925231934, -0.0002323776570847258
n,-2.7816109657287598, 3.5421509742736816, -0.00018127569637726992
n,2.7802822589874268, -3.5431933403015137, 0.0
n,2.8237247467041016, -3.5086710453033447, 0.0
n,-3.504585027694702, -2.828794002532959, 0.0
n,3.506742238998413, 2.8261191844940186, 0.0
n,-2.7896103858947754, 3.5358543395996094, 0.0
n,0.0003741917316801846, 0.0001538983196951449, -4.50379753112793
n,0.0003784845466725528, 0.00015740406524855644, -4.50379753112793
n,0.00037971034180372953, 0.00015535754209849983, -4.50379753112793
n,0.0003892978420481086, 0.00015534578415099531, -4.50379753112793
n,0.0003877079871017486, 0.0001514582836534828, -4.50379753112793
n,0.00038618320832028985, 0.0001514760369900614, -4.50379753112793
n,0.0003784347209148109, 0.00015751468890812248, -4.50379753112793
n,-0.00038094870978966355, -0.00015482926391996443, 4.50379753112793
n,-0.0005526583991013467, -5.9487534599611536e-05, 4.50379753112793
n,-0.0003795530938077718, -0.00015471344522666186, 4.50379753112793
n,-0.0003231447481084615, -0.00011088903556810692, 4.50379753112793
n,-0.0005039650131948292, -2.1953019313514233e-05, 4.50379753112793
n,-0.0003999252221547067, -0.0001484144595451653, 4.50379753112793
n,-0.0003936348366551101, -0.00016543600941076875, 4.50379753112793
n,-3.556827869033441e-05, -0.0005653874250128865, 4.50379753112793
n,-0.0003652173327282071, -0.00015288442955352366, 4.50379753112793
n,-0.0003835333918686956, -0.00016677814710419625, 4.50379753112793
n,-0.00039864215068519115, -0.0001653267245274037, 4.50379753112793
n,-0.0003807019384112209, -0.00015493591490667313, 4.50379753112793
n,-0.0003818462137132883, -0.00016673310892656446, 4.50379753112793
n,-0.00038215264794416726, -0.00016691078781150281, 4.50379753112793
n,-0.0003808650653809309, -0.00015661789802834392, 4.50379753112793
n,-0.0003826242755167186, -0.00015601000632159412, 4.50379753112793
n,-0.00038140357355587184, -0.00015605844964738935, 4.50379753112793
n,-0.00038146600127220154, -0.00015592285490129143, 4.50379753112793
n,-0.0003660324146039784, -0.00014229149383027107, 4.50379753112793
n,-0.0003679583314806223, -0.0001479121419833973, 4.50379753112793
n,-0.00038443325320258737, -0.00015865649038460106, 4.50379753112793
n,-0.00037565038655884564, -0.00015204896044451743, 4.50379753112793
n,-0.00038089786539785564, -0.00015545316273346543, 4.50379753112793
n,-0.0003807437024079263, -0.0001553665060782805, 4.50379753112793
n,-0.0003898299764841795, -0.00014581104915123433, 4.50379753112793
n,-0.0003782605053856969, -0.0001505680993432179, 4.50379753112793
n,-0.00037819493445567787, -0.00015090472879819572, 4.50379753112793
n,-0.0003890093066729605, -0.00015230997814796865, 4.50379753112793
n,-0.00039021397242322564, -0.00015554434503428638, 4.50379753112793
n,-0.00038085709093138576, -0.00016479144687764347, 4.50379753112793
n,-0.0003905662160832435, -0.00015370843175332993, 4.50379753112793
n,-0.00039415291394107044, -0.00014827043924015015, 4.50379753112793
n,-0.0003439480788074434, -0.00019429586245678365, 4.50379753112793
n,-0.0004043463559355587, -0.00013568831491284072, 4.50379753112793
n,-0.00040734055801294744, -0.00016784034960437566, 4.50379753112793
n,-0.0003882467863149941, -0.00015395648370031267, 4.50379753112793
n,-0.00040805654134601355, -0.00016921924543567002, 4.50379753112793
n,-0.0004033369477838278, -0.0001316074631176889, 4.50379753112793
n,-0.0004313618701416999, -9.862771548796445e-05, 4.50379753112793
n,2.740696668624878, -3.573902130126953, 0.0
n,-3.580148696899414, -2.7325310707092285, 0.0
n,-2.74171781539917, 3.573118209838867, 0.0
n,3.579195976257324, 2.733778953552246, 0.0
n,-2.8590378761291504, 3.4799561500549316, 0.0
n,-2.859973430633545, 3.4791595935821533, -0.013830692507326603
n,3.4686007499694824, 2.8728039264678955, 0.0
n,2.8568336963653564, -3.4817659854888916, 0.0
n,2.863395929336548, -3.476367473602295, -0.00502321682870388
n,-3.4709970951080322, -2.869907855987549, 0.0
n,-2.8672845363616943, 3.4731643199920654, -0.00025565692340023816
n,-2.8623759746551514, 3.4772109985351562, -0.00034236619831062853
n,-2.8527755737304688, 3.4850914478302, 0.0005013367626816034
n,-2.863128900527954, 3.476591110229492, -0.00021592588745988905
n,-2.859907865524292, 3.479240894317627, 0.00046562522766180336
n,3.4714255332946777, 2.869389533996582, 7.828801608411595e-05
n,3.4758427143096924, 2.864037036895752, 0.0004513797757681459
n,3.4755544662475586, 2.864387035369873, 0.0
n,3.4697000980377197, 2.8714759349823, 0.0005635813577100635
n,3.4628071784973145, 2.8797833919525146, 0.002214006846770644
n,-3.4692492485046387, -2.8720204830169678, -0.00030933014932088554
n,-3.469700336456299, -2.8714759349823, -0.00022611797612626106
n,-3.467885971069336, -2.873667001724243, -0.0004503469099290669
n,-3.4697177410125732, -2.8714540004730225, 0.0003454275138210505
n,-3.4677956104278564, -2.8737752437591553, 0.0
n,2.859922409057617, -3.479229211807251, 0.00037139514461159706
n,3.471017837524414, 2.869882583618164, 0.0
n,2.8605387210845947, -3.478722333908081, 0.0
n,-3.471000909805298, -2.869903326034546, 0.0
n,-3.470801830291748, -2.8701438903808594, -0.0003943061165045947
n,-2.8603761196136475, 3.4788565635681152, -0.00016247884195763618
n,3.4686100482940674, 2.8727924823760986, 0.00019702856661751866
n,2.789137125015259, -3.5362274646759033, 0.00015843221626710147
n,-2.8254294395446777, 3.5072977542877197, 0.0002562710433267057
n,3.504530668258667, 2.828861713409424, 0.0002143886376870796
n,2.789931297302246, -3.5356013774871826, 0.0002560098364483565
n,-3.5065250396728516, -2.8263885974884033, -0.0001991822209674865
n,-3.5066728591918945, -2.8262059688568115, -0.0003217795165255666
n,-3.506650686264038, -2.82623291015625, -0.00034308116300962865
n,-2.7816011905670166, 3.542158365249634, 0.0
n,-2.795520544052124, 3.531183958053589, -0.00018527323845773935
n,-2.7831919193267822, 3.5409088134765625, 0.0003252326569054276
n,2.7802822589874268, -3.5431933403015137, 0.0
n,2.8237247467041016, -3.5086710453033447, 0.0
n,-3.504585027694702, -2.828794002532959, 0.0
n,3.506742238998413, 2.8261191844940186, 0.0
u,0.3122533857822418, 0.5154895186424255, 0
u,0.6011840105056763, 0.5244565010070801, 0
u,0.3122533857822418, 0.5244565010070801, 0
u,0.0, 0.0, 0
u,0.0, 0.0, 0
u,0.0, 0.0, 0
u,0.33940690755844116, 0.15755179524421692, 0
u,0.27921029925346375, 0.12104210257530212, 0
u,0.33801358938217163, 0.11996889859437943, 0
u,0.27921029925346375, 0.12104210257530212, 0
u,0.2623124122619629, 0.116594597697258, 0
u,0.3411828875541687, 0.11723729968070984, 0
u,0.2806312143802643, 0.1586243063211441, 0
u,0.33940690755844116, 0.15755179524421692, 0
u,0.34042710065841675, 0.17290009558200836, 0
u,0.2623124122619629, 0.116594597697258, 0
u,0.24555890262126923, 0.18298210203647614, 0
u,0.24660949409008026, 0.10561099648475647, 0
u,0.34042710065841675, 0.17290009558200836, 0
u,0.3411828875541687, 0.11723729968070984, 0
u,0.3571805953979492, 0.10651219636201859, 0
u,0.3107720911502838, 0.25067371129989624, 0
u,0.3094921112060547, 0.1835034042596817, 0
u,0.3561300039291382, 0.1838836967945099, 0
u,0.39806219935417175, 0.1576308012008667, 0
u,0.39664798974990845, 0.2622283101081848, 0
u,0.3809444010257721, 0.2512449026107788, 0
u,0.017235299572348595, 0.2503946125507355, 0
u,0.24660949409008026, 0.10561099648475647, 0
u,0.24555890262126923, 0.18298210203647614, 0
u,0.017235299572348595, 0.2503946125507355, 0
u,0.29755380749702454, 0.2502712905406952, 0
u,0.004171600099653006, 0.2594459056854248, 0
u,0.8472223281860352, 0.4477502107620239, 0
u,0.8566452860832214, 0.4789345860481262, 0
u,0.8472223281860352, 0.4789345860481262, 0
u,0.8566452860832214, 0.5123322010040283, 0
u,0.8472223281860352, 0.4789345860481262, 0
u,0.8566452860832214, 0.4789345860481262, 0
u,0.8472223281860352, 0.41433680057525635, 0
u,0.8566452860832214, 0.38315218687057495, 0
u,0.8566452860832214, 0.41433680057525635, 0
u,0.8472223281860352, 0.4477502107620239, 0
u,0.8566452860832214, 0.41433680057525635, 0
u,0.8566452860832214, 0.4477502107620239, 0
u,0.8392857909202576, 0.42257800698280334, 0
u,0.844687283039093, 0.42257800698280334, 0
u,0.844687283039093, 0.42646870017051697, 0
u,0.8392857909202576, 0.5122755169868469, 0
u,0.844687283039093, 0.46810218691825867, 0
u,0.844687283039093, 0.5122755169868469, 0
u,0.8392857909202576, 0.3328804075717926, 0
u,0.844687283039093, 0.3328804075717926, 0
u,0.844687283039093, 0.3762176036834717, 0
u,0.8392857909202576, 0.3784048855304718, 0
u,0.844687283039093, 0.42257800698280334, 0
u,0.8392857909202576, 0.42257800698280334, 0
u,0.3703230917453766, 0.40159159898757935, 0
u,0.36493799090385437, 0.40159159898757935, 0
u,0.36493799090385437, 0.38876038789749146, 0
u,0.6877213716506958, 0.4974200129508972, 0
u,0.0, 0.4518473148345947, 0
u,0.8367810845375061, 0.4518473148345947, 0
u,0.8367810845375061, 0.38876038789749146, 0
u,0.6877213716506958, 0.36271920800209045, 0
u,0.6877213716506958, 0.35534170269966125, 0
u,0.6747971177101135, 0.3270207941532135, 0
u,0.8367810845375061, 0.2639344036579132, 0
u,0.8367810845375061, 0.3270207941532135, 0
u,0.8641265034675598, 0.4008151888847351, 0
u,0.8591269850730896, 0.43719181418418884, 0
u,0.8591269850730896, 0.4008151888847351, 0
u,0.8641265034675598, 0.49993789196014404, 0
u,0.8591269850730896, 0.43719181418418884, 0
u,0.8641265034675598, 0.43719181418418884, 0
u,0.8641265034675598, 0.5132715702056885, 0
u,0.8591269850730896, 0.49993789196014404, 0
u,0.8641265034675598, 0.49993789196014404, 0
u,0.67722088098526, 0.2621716856956482, 0
u,0.5544100999832153, 0.016304299235343933, 0
u,0.67722088098526, 0.016304299235343933, 0
u,0.5544100999832153, 0.2621716856956482, 0
u,0.43365830183029175, 0.016304299235343933, 0
u,0.5544100999832153, 0.016304299235343933, 0
u,0.4007937014102936, 0.016304299235343933, 0
u,0.43365830183029175, 0.2621716856956482, 0
u,0.4007937014102936, 0.2621716856956482, 0
u,0.679093599319458, 0.016304299235343933, 0
u,0.67722088098526, 0.2621716856956482, 0
u,0.67722088098526, 0.016304299235343933, 0
u,0.0, 0.9990509748458862, 0
u,0.12406130135059357, 0.5271738767623901, 0
u,0.12406130135059357, 0.9990509748458862, 0
u,0.349056601524353, 0.5271738767623901, 0
u,0.12406130135059357, 0.9990509748458862, 0
u,0.12406130135059357, 0.5271738767623901, 0
u,0.656384289264679, 0.5271738767623901, 0
u,0.349056601524353, 0.9990509748458862, 0
u,0.349056601524353, 0.5271738767623901, 0
u,0.9070001840591431, 0.5271738767623901, 0
u,0.9070001840591431, 0.7449554204940796, 0
u,0.8501288890838623, 0.7449554204940796, 0
u,0.9974483251571655, 0.5271738767623901, 0
u,0.9974483251571655, 0.748650312423706, 0
u,0.9173055291175842, 0.7449554204940796, 0
u,0.0, 0.5244565010070801, 0
u,0.08068309724330902, 0.5154895186424255, 0
u,0.08068309724330902, 0.5244565010070801, 0
u,0.9211658835411072, 0.5154895186424255, 0
u,0.806759774684906, 0.5244565010070801, 0
u,0.806759774684906, 0.5154895186424255, 0
u,0.806759774684906, 0.5154895186424255, 0
u,0.6011840105056763, 0.5244565010070801, 0
u,0.6011840105056763, 0.5154895186424255, 0
u,0.08068309724330902, 0.5154895186424255, 0
u,0.3122533857822418, 0.5244565010070801, 0
u,0.08068309724330902, 0.5244565010070801, 0
u,0.3122533857822418, 0.5154895186424255, 0
u,0.6011840105056763, 0.5154895186424255, 0
u,0.6011840105056763, 0.5244565010070801, 0
u,0.0, 0.0, 0
u,0.0, 0.0, 0
u,0.0, 0.0, 0
u,0.0, 0.0, 0
u,0.0, 0.0, 0
u,0.0, 0.0, 0
u,0.0, 0.0, 0
u,0.0, 0.0, 0
u,0.0, 0.0, 0
u,0.0, 0.0, 0
u,0.0, 0.0, 0
u,0.0, 0.0, 0
u,0.0, 0.0, 0
u,0.0, 0.0, 0
u,0.0, 0.0, 0
u,0.0, 0.0, 0
u,0.0, 0.0, 0
u,0.0, 0.0, 0
u,0.0, 0.0, 0
u,0.0, 0.0, 0
u,0.0, 0.0, 0
u,0.33940690755844116, 0.15755179524421692, 0
u,0.2806312143802643, 0.1586243063211441, 0
u,0.27921029925346375, 0.12104210257530212, 0
u,0.3411828875541687, 0.11723729968070984, 0
u,0.3411465883255005, 0.11991170048713684, 0
u,0.33801358938217163, 0.11996889859437943, 0
u,0.27921029925346375, 0.12104210257530212, 0
u,0.26224780082702637, 0.1213516965508461, 0
u,0.2623124122619629, 0.116594597697258, 0
u,0.3411828875541687, 0.11723729968070984, 0
u,0.33801358938217163, 0.11996889859437943, 0
u,0.27921029925346375, 0.12104210257530212, 0
u,0.33940690755844116, 0.15755179524421692, 0
u,0.33801358938217163, 0.11996889859437943, 0
u,0.3411465883255005, 0.11991170048713684, 0
u,0.26155659556388855, 0.17225700616836548, 0
u,0.26224780082702637, 0.1213516965508461, 0
u,0.2806312143802643, 0.1586243063211441, 0
u,0.26224780082702637, 0.1213516965508461, 0
u,0.27921029925346375, 0.12104210257530212, 0
u,0.2806312143802643, 0.1586243063211441, 0
u,0.33940690755844116, 0.15755179524421692, 0
u,0.3411465883255005, 0.11991170048713684, 0
u,0.34042710065841675, 0.17290009558200836, 0
u,0.26155659556388855, 0.17225700616836548, 0
u,0.2806312143802643, 0.1586243063211441, 0
u,0.34042710065841675, 0.17290009558200836, 0
u,0.2623124122619629, 0.116594597697258, 0
u,0.26155659556388855, 0.17225700616836548, 0
u,0.24555890262126923, 0.18298210203647614, 0
u,0.3411828875541687, 0.11723729968070984, 0
u,0.2623124122619629, 0.116594597697258, 0
u,0.3571805953979492, 0.10651219636201859, 0
u,0.2623124122619629, 0.116594597697258, 0
u,0.24660949409008026, 0.10561099648475647, 0
u,0.3571805953979492, 0.10651219636201859, 0
u,0.3561300039291382, 0.1838836967945099, 0
u,0.24555890262126923, 0.18298210203647614, 0
u,0.34042710065841675, 0.17290009558200836, 0
u,0.24555890262126923, 0.18298210203647614, 0
u,0.26155659556388855, 0.17225700616836548, 0
u,0.34042710065841675, 0.17290009558200836, 0
u,0.3561300039291382, 0.1838836967945099, 0
u,0.34042710065841675, 0.17290009558200836, 0
u,0.3571805953979492, 0.10651219636201859, 0
u,0.35634368658065796, 0.16814729571342468, 0
u,0.382065087556839, 0.16835640370845795, 0
u,0.3561300039291382, 0.1838836967945099, 0
u,0.382065087556839, 0.16835640370845795, 0
u,0.3809444010257721, 0.2512449026107788, 0
u,0.3561300039291382, 0.1838836967945099, 0
u,0.3809444010257721, 0.2512449026107788, 0
u,0.3107720911502838, 0.25067371129989624, 0
u,0.3561300039291382, 0.1838836967945099, 0
u,0.35634368658065796, 0.16814729571342468, 0
u,0.3564910888671875, 0.15729300677776337, 0
u,0.382065087556839, 0.16835640370845795, 0
u,0.3564910888671875, 0.15729300677776337, 0
u,0.39806219935417175, 0.1576308012008667, 0
u,0.382065087556839, 0.16835640370845795, 0
u,0.39664798974990845, 0.2622283101081848, 0
u,0.24130229651927948, 0.26096370816230774, 0
u,0.31093668937683105, 0.25931090116500854, 0
u,0.24130229651927948, 0.26096370816230774, 0
u,0.2413237988948822, 0.25934159755706787, 0
u,0.31093668937683105, 0.25931090116500854, 0
u,0.31093668937683105, 0.25931090116500854, 0
u,0.3107720911502838, 0.25067371129989624, 0
u,0.3809444010257721, 0.2512449026107788, 0
u,0.39664798974990845, 0.2622283101081848, 0
u,0.31093668937683105, 0.25931090116500854, 0
u,0.3809444010257721, 0.2512449026107788, 0
u,0.3809444010257721, 0.2512449026107788, 0
u,0.382065087556839, 0.16835640370845795, 0
u,0.39806219935417175, 0.1576308012008667, 0
u,0.2962794005870819, 0.18339569866657257, 0
u,0.29755380749702454, 0.2502712905406952, 0
u,0.24555890262126923, 0.18298210203647614, 0
u,0.29755380749702454, 0.2502712905406952, 0
u,0.017235299572348595, 0.2503946125507355, 0
u,0.24555890262126923, 0.18298210203647614, 0
u,0.017235299572348595, 0.2503946125507355, 0
u,0.013356800191104412, 0.010904000140726566, 0
u,0.24660949409008026, 0.10561099648475647, 0
u,0.013356800191104412, 0.010904000140726566, 0
u,0.2622087001800537, 0.010904000140726566, 0
u,0.24660949409008026, 0.10561099648475647, 0
u,0.2622087001800537, 0.010904000140726566, 0
u,0.2623535990715027, 0.10573939979076385, 0
u,0.24660949409008026, 0.10561099648475647, 0
u,0.2754043936729431, 0.0018582999473437667, 0
u,0.2755632996559143, 0.10584709793329239, 0
u,0.2622087001800537, 0.010904000140726566, 0
u,0.2755632996559143, 0.10584709793329239, 0
u,0.2623535990715027, 0.10573939979076385, 0
u,0.2622087001800537, 0.010904000140726566, 0
u,0.2962794005870819, 0.18339569866657257, 0
u,0.3094921112060547, 0.1835034042596817, 0
u,0.29755380749702454, 0.2502712905406952, 0
u,0.3094921112060547, 0.1835034042596817, 0
u,0.31093668937683105, 0.25931090116500854, 0
u,0.29755380749702454, 0.2502712905406952, 0
u,0.0, 0.0018582999473437667, 0
u,0.2754043936729431, 0.0018582999473437667, 0
u,0.013356800191104412, 0.010904000140726566, 0
u,0.2754043936729431, 0.0018582999473437667, 0
u,0.2622087001800537, 0.010904000140726566, 0
u,0.013356800191104412, 0.010904000140726566, 0
u,0.29755380749702454, 0.2502712905406952, 0
u,0.31093668937683105, 0.25931090116500854, 0
u,0.004171600099653006, 0.2594459056854248, 0
u,0.0, 0.0018582999473437667, 0
u,0.013356800191104412, 0.010904000140726566, 0
u,0.004171600099653006, 0.2594459056854248, 0
u,0.013356800191104412, 0.010904000140726566, 0
u,0.017235299572348595, 0.2503946125507355, 0
u,0.004171600099653006, 0.2594459056854248, 0
u,0.8472223281860352, 0.4477502107620239, 0
u,0.8566452860832214, 0.4477502107620239, 0
u,0.8566452860832214, 0.4789345860481262, 0
u,0.8566452860832214, 0.5123322010040283, 0
u,0.8472223281860352, 0.5123322010040283, 0
u,0.8472223281860352, 0.4789345860481262, 0
u,0.8472223281860352, 0.41433680057525635, 0
u,0.8472223281860352, 0.38315218687057495, 0
u,0.8566452860832214, 0.38315218687057495, 0
u,0.8472223281860352, 0.4477502107620239, 0
u,0.8472223281860352, 0.41433680057525635, 0
u,0.8566452860832214, 0.41433680057525635, 0
u,0.844687283039093, 0.42646870017051697, 0
u,0.844687283039093, 0.46810218691825867, 0
u,0.8392857909202576, 0.46810218691825867, 0
u,0.8392857909202576, 0.46810218691825867, 0
u,0.8392857909202576, 0.42257800698280334, 0
u,0.844687283039093, 0.42646870017051697, 0
u,0.8392857909202576, 0.5122755169868469, 0
u,0.8392857909202576, 0.46810218691825867, 0
u,0.844687283039093, 0.46810218691825867, 0
u,0.844687283039093, 0.3762176036834717, 0
u,0.844687283039093, 0.3784048855304718, 0
u,0.8392857909202576, 0.3784048855304718, 0
u,0.8392857909202576, 0.3784048855304718, 0
u,0.8392857909202576, 0.3328804075717926, 0
u,0.844687283039093, 0.3762176036834717, 0
u,0.8392857909202576, 0.3784048855304718, 0
u,0.844687283039093, 0.3784048855304718, 0
u,0.844687283039093, 0.42257800698280334, 0
u,0.36493799090385437, 0.38876038789749146, 0
u,0.8367810845375061, 0.38876038789749146, 0
u,0.3703230917453766, 0.40159159898757935, 0
u,0.8367810845375061, 0.38876038789749146, 0
u,0.8367810845375061, 0.4518473148345947, 0
u,0.3703230917453766, 0.41044190526008606, 0
u,0.3703230917453766, 0.40159159898757935, 0
u,0.8367810845375061, 0.38876038789749146, 0
u,0.3703230917453766, 0.41044190526008606, 0
u,0.8367810845375061, 0.4518473148345947, 0
u,0.0, 0.4518473148345947, 0
u,0.3703230917453766, 0.41044190526008606, 0
u,0.0, 0.4518473148345947, 0
u,0.0, 0.41044190526008606, 0
u,0.3703230917453766, 0.41044190526008606, 0
u,0.8367810845375061, 0.4518473148345947, 0
u,0.8367810845375061, 0.5135868787765503, 0
u,0.6877213716506958, 0.4974200129508972, 0
u,0.8367810845375061, 0.5135868787765503, 0
u,0.6747971177101135, 0.5135868787765503, 0
u,0.6877213716506958, 0.5047959089279175, 0
u,0.6747971177101135, 0.5135868787765503, 0
u,0.6747971177101135, 0.5047959089279175, 0
u,0.6877213716506958, 0.5047959089279175, 0
u,0.6877213716506958, 0.4974200129508972, 0
u,0.0, 0.4974200129508972, 0
u,0.0, 0.4518473148345947, 0
u,0.8367810845375061, 0.5135868787765503, 0
u,0.6877213716506958, 0.5047959089279175, 0
u,0.6877213716506958, 0.4974200129508972, 0
u,0.8367810845375061, 0.38876038789749146, 0
u,0.36493799090385437, 0.38876038789749146, 0
u,0.6877213716506958, 0.36271920800209045, 0
u,0.36493799090385437, 0.38876038789749146, 0
u,0.36493799090385437, 0.36271920800209045, 0
u,0.6877213716506958, 0.36271920800209045, 0
u,0.6747971177101135, 0.3270207941532135, 0
u,0.8367810845375061, 0.3270207941532135, 0
u,0.6877213716506958, 0.35534170269966125, 0
u,0.8367810845375061, 0.3270207941532135, 0
u,0.8367810845375061, 0.38876038789749146, 0
u,0.6877213716506958, 0.35534170269966125, 0
u,0.6877213716506958, 0.35534170269966125, 0
u,0.6747971177101135, 0.35534170269966125, 0
u,0.6747971177101135, 0.3270207941532135, 0
u,0.6747971177101135, 0.3270207941532135, 0
u,0.6747971177101135, 0.2639344036579132, 0
u,0.8367810845375061, 0.2639344036579132, 0
u,0.8641265034675598, 0.4008151888847351, 0
u,0.8641265034675598, 0.43719181418418884, 0
u,0.8591269850730896, 0.43719181418418884, 0
u,0.8641265034675598, 0.49993789196014404, 0
u,0.8591269850730896, 0.49993789196014404, 0
u,0.8591269850730896, 0.43719181418418884, 0
u,0.8641265034675598, 0.5132715702056885, 0
u,0.8591269850730896, 0.5132715702056885, 0
u,0.8591269850730896, 0.49993789196014404, 0
u,0.67722088098526, 0.2621716856956482, 0
u,0.5544100999832153, 0.2621716856956482, 0
u,0.5544100999832153, 0.016304299235343933, 0
u,0.5544100999832153, 0.2621716856956482, 0
u,0.43365830183029175, 0.2621716856956482, 0
u,0.43365830183029175, 0.016304299235343933, 0
u,0.4007937014102936, 0.016304299235343933, 0
u,0.43365830183029175, 0.016304299235343933, 0
u,0.43365830183029175, 0.2621716856956482, 0
u,0.679093599319458, 0.016304299235343933, 0
u,0.679093599319458, 0.2621716856956482, 0
u,0.67722088098526, 0.2621716856956482, 0
u,0.0, 0.9990509748458862, 0
u,0.0, 0.5271738767623901, 0
u,0.12406130135059357, 0.5271738767623901, 0
u,0.349056601524353, 0.5271738767623901, 0
u,0.349056601524353, 0.9990509748458862, 0
u,0.12406130135059357, 0.9990509748458862, 0
u,0.656384289264679, 0.5271738767623901, 0
u,0.656384289264679, 0.9990509748458862, 0
u,0.349056601524353, 0.9990509748458862, 0
u,0.8501288890838623, 0.7449554204940796, 0
u,0.8501288890838623, 0.9990509748458862, 0
u,0.656384289264679, 0.9990509748458862, 0
u,0.656384289264679, 0.9990509748458862, 0
u,0.656384289264679, 0.5271738767623901, 0
u,0.8501288890838623, 0.7449554204940796, 0
u,0.656384289264679, 0.5271738767623901, 0
u,0.9070001840591431, 0.5271738767623901, 0
u,0.8501288890838623, 0.7449554204940796, 0
u,0.9974483251571655, 0.748650312423706, 0
u,0.9173055291175842, 0.748650312423706, 0
u,0.9173055291175842, 0.7449554204940796, 0
u,0.9173055291175842, 0.7449554204940796, 0
u,0.9070001840591431, 0.7449554204940796, 0
u,0.9070001840591431, 0.5271738767623901, 0
u,0.9070001840591431, 0.5271738767623901, 0
u,0.9974483251571655, 0.5271738767623901, 0
u,0.9173055291175842, 0.7449554204940796, 0
u,0.0, 0.5244565010070801, 0
u,0.0, 0.5154895186424255, 0
u,0.08068309724330902, 0.5154895186424255, 0
u,0.9211658835411072, 0.5154895186424255, 0
u,0.9211658835411072, 0.5244565010070801, 0
u,0.806759774684906, 0.5244565010070801, 0
u,0.806759774684906, 0.5154895186424255, 0
u,0.806759774684906, 0.5244565010070801, 0
u,0.6011840105056763, 0.5244565010070801, 0
u,0.08068309724330902, 0.5154895186424255, 0
u,0.3122533857822418, 0.5154895186424255, 0
u,0.3122533857822418, 0.5244565010070801, 0
