s,109.67236328125, 71.3017578125, -1.5972819328308105
b,111.434326171875, 73.306640625, 1.4522075653076172
v,109.751708984375, 73.0341796875, 1.4521598815917969
v,110.103271484375, 71.3818359375, 1.4521474838256836
v,110.103271484375, 71.3818359375, 1.341130256652832
v,109.751708984375, 73.0341796875, 1.341141700744629
v,109.67236328125, 73.0869140625, -1.5972700119018555
v,110.80078125, 73.306640625, -1.5972185134887695
v,111.434326171875, 71.6103515625, -1.5972189903259277
v,110.052001953125, 71.3017578125, -1.5972819328308105
v,111.344970703125, 71.6591796875, 1.3411865234375
v,110.758056640625, 73.23046875, 1.3411865234375
v,109.751708984375, 73.0341796875, 1.341141700744629
v,110.10302734375, 71.3818359375, 1.341130256652832
v,109.67236328125, 73.0869140625, 1.4521570205688477
v,110.052001953125, 71.3017578125, 1.4521446228027344
v,111.43408203125, 71.6103515625, 1.4522075653076172
v,111.344970703125, 71.6591796875, 1.452204704284668
v,110.10302734375, 71.3818359375, 1.4521474838256836
v,109.751708984375, 73.0341796875, 1.4521598815917969
v,110.758056640625, 73.23046875, 1.452204704284668
v,110.80078125, 73.306640625, 1.4522075653076172
v,110.758056640625, 73.23046875, 1.452204704284668
v,111.344970703125, 71.6591796875, 1.452204704284668
v,111.43408203125, 71.6103515625, 1.4522075653076172
v,110.80078125, 73.306640625, 1.4522075653076172
v,110.10302734375, 71.3818359375, 1.4521474838256836
v,111.344970703125, 71.6591796875, 1.452204704284668
v,111.344970703125, 71.6591796875, 1.3411865234375
v,110.10302734375, 71.3818359375, 1.341130256652832
v,110.758056640625, 73.23046875, 1.452204704284668
v,109.751708984375, 73.0341796875, 1.4521598815917969
v,109.751708984375, 73.0341796875, 1.341141700744629
v,110.758056640625, 73.23046875, 1.3411865234375
v,111.344970703125, 71.6591796875, 1.452204704284668
v,110.758056640625, 73.23046875, 1.452204704284668
v,110.758056640625, 73.23046875, 1.3411865234375
v,111.344970703125, 71.6591796875, 1.3411865234375
v,110.052001953125, 71.3017578125, 1.4521446228027344
v,109.67236328125, 73.0869140625, 1.4521570205688477
v,109.67236328125, 73.0869140625, -1.5972700119018555
v,110.052001953125, 71.3017578125, -1.5972819328308105
v,109.67236328125, 73.0869140625, 1.4521570205688477
v,110.80078125, 73.306640625, 1.4522075653076172
v,110.80078125, 73.306640625, -1.5972185134887695
v,109.67236328125, 73.0869140625, -1.5972700119018555
v,110.80078125, 73.306640625, 1.4522075653076172
v,111.43408203125, 71.6103515625, 1.4522075653076172
v,111.434326171875, 71.6103515625, -1.5972189903259277
v,110.80078125, 73.306640625, -1.5972185134887695
v,111.43408203125, 71.6103515625, 1.4522075653076172
v,110.052001953125, 71.3017578125, 1.4521446228027344
v,110.052001953125, 71.3017578125, -1.5972819328308105
v,111.434326171875, 71.6103515625, -1.5972189903259277
i,1,3,0
i,5,7,4
i,9,11,8
i,12,13,17
i,21,23,20
i,24,26,27
i,29,31,28
i,33,35,32
i,36,38,39
i,40,42,43
i,45,47,44
i,48,50,51
i,1,2,3
i,5,6,7
i,9,10,11
i,13,14,15
i,13,15,16
i,18,19,17
i,19,12,17
i,13,16,17
i,21,22,23
i,24,25,26
i,29,30,31
i,33,34,35
i,36,37,38
i,40,41,42
i,45,46,47
i,48,49,50
n,4.4053239822387695, 0.936651349067688, 0.0
n,0.000190566192031838, 7.15232381480746e-05, -4.50379753112793
n,-0.00018993190315086395, -7.093621388776228e-05, 4.50379753112793
n,-0.00019260038970969617, -7.300110155483708e-05, 4.50379753112793
n,-0.00021424403530545533, -8.001636888366193e-05, 4.50379753112793
n,-0.982210099697113, 4.395390510559082, 0.0
n,0.8609127402305603, -4.420748710632324, 0.0
n,-4.2191386222839355, -1.5757737159729004, 0.0
n,-4.40524435043335, -0.9370242357254028, -0.00031323698931373656
n,-0.8630028367042542, 4.420341491699219, 0.0
n,4.219336986541748, 1.5752408504486084, 0.0
n,0.9818285703659058, -4.395475387573242, 6.981337355682626e-05
n,4.4053239822387695, 0.936651349067688, 0.0
n,0.00018953370454255491, 7.190874021034688e-05, -4.50379753112793
n,-0.0001868397812359035, -7.203157292678952e-05, 4.50379753112793
n,-0.00019658186647575349, -4.653264841181226e-05, 4.50379753112793
n,-0.00019032643467653543, -6.917064456501976e-05, 4.50379753112793
n,-0.0001817424490582198, -9.820617560762912e-05, 4.50379753112793
n,-0.00018950608500745147, -6.829517224105075e-05, 4.50379753112793
n,-0.0001861079508671537, -7.187597657321021e-05, 4.50379753112793
n,-0.00021495972760021687, -8.025272836675867e-05, 4.50379753112793
n,-0.982210099697113, 4.395390510559082, 0.0
n,0.8609127402305603, -4.420748710632324, 0.0
n,-4.2191386222839355, -1.5757737159729004, 0.0
n,-4.405353546142578, -0.9365121722221375, 0.0
n,-0.8630028963088989, 4.420341491699219, 0.0
n,4.219160556793213, 1.5757139921188354, 0.000300005340250209
n,0.9818285703659058, -4.395475387573242, 6.981338083278388e-05
u,0.4665476083755493, 0.04232810065150261, 0
u,0.6648234724998474, 0.009800000116229057, 0
u,0.6648234724998474, 0.04232810065150261, 0
u,0.0, 0.0, 0
u,0.0, 0.0, 0
u,0.0, 0.0, 0
u,0.9864457249641418, 0.6625996232032776, 0
u,0.7795106768608093, 0.9794213175773621, 0
u,0.7811095118522644, 0.5862374901771545, 0
u,0.9969531297683716, 1.0, 0
u,0.7711864709854126, 1.0, 0
u,0.9885736107826233, 0.9794213175773621, 0
u,0.7811095118522644, 0.5862374901771545, 0
u,0.9945675730705261, 0.6448143720626831, 0
u,0.9864457249641418, 0.6625996232032776, 0
u,0.4665476083755493, 0.04232810065150261, 0
u,0.3172231912612915, 0.009800000116229057, 0
u,0.4665476083755493, 0.009800000116229057, 0
u,0.0, 0.04232810065150261, 0
u,0.1203342005610466, 0.009800000116229057, 0
u,0.1203342005610466, 0.04232810065150261, 0
u,0.1203342005610466, 0.04232810065150261, 0
u,0.3172231912612915, 0.009800000116229057, 0
u,0.3172231912612915, 0.04232810065150261, 0
u,0.2260621041059494, 0.996234118938446, 0
u,0.0, 0.05291010066866875, 0
u,0.2260621041059494, 0.05291010066866875, 0
u,0.7682939767837524, 0.996234118938446, 0
u,0.6258630752563477, 0.05291010066866875, 0
u,0.7682939767837524, 0.05291010066866875, 0
u,0.40152451395988464, 0.996234118938446, 0
u,0.6258630752563477, 0.05291010066866875, 0
u,0.6258630752563477, 0.996234118938446, 0
u,0.40152451395988464, 0.996234118938446, 0
u,0.2260621041059494, 0.05291010066866875, 0
u,0.40152451395988464, 0.05291010066866875, 0
u,0.4665476083755493, 0.04232810065150261, 0
u,0.4665476083755493, 0.009800000116229057, 0
u,0.6648234724998474, 0.009800000116229057, 0
u,0.0, 0.0, 0
u,0.0, 0.0, 0
u,0.0, 0.0, 0
u,0.9864457249641418, 0.6625996232032776, 0
u,0.9885736107826233, 0.9794213175773621, 0
u,0.7795106768608093, 0.9794213175773621, 0
u,0.7711864709854126, 1.0, 0
u,0.7729657888412476, 0.5624033808708191, 0
u,0.7811095118522644, 0.5862374901771545, 0
u,0.7711864709854126, 1.0, 0
u,0.7811095118522644, 0.5862374901771545, 0
u,0.7795106768608093, 0.9794213175773621, 0
u,0.9864457249641418, 0.6625996232032776, 0
u,0.9945675730705261, 0.6448143720626831, 0
u,0.9885736107826233, 0.9794213175773621, 0
u,0.9945675730705261, 0.6448143720626831, 0
u,0.9969531297683716, 1.0, 0
u,0.9885736107826233, 0.9794213175773621, 0
u,0.7711864709854126, 1.0, 0
u,0.7795106768608093, 0.9794213175773621, 0
u,0.9885736107826233, 0.9794213175773621, 0
u,0.7811095118522644, 0.5862374901771545, 0
u,0.7729657888412476, 0.5624033808708191, 0
u,0.9945675730705261, 0.6448143720626831, 0
u,0.4665476083755493, 0.04232810065150261, 0
u,0.3172231912612915, 0.04232810065150261, 0
u,0.3172231912612915, 0.009800000116229057, 0
u,0.0, 0.04232810065150261, 0
u,0.0, 0.009800000116229057, 0
u,0.1203342005610466, 0.009800000116229057, 0
u,0.1203342005610466, 0.04232810065150261, 0
u,0.1203342005610466, 0.009800000116229057, 0
u,0.3172231912612915, 0.009800000116229057, 0
u,0.2260621041059494, 0.996234118938446, 0
u,0.0, 0.996234118938446, 0
u,0.0, 0.05291010066866875, 0
u,0.7682939767837524, 0.996234118938446, 0
u,0.6258630752563477, 0.996234118938446, 0
u,0.6258630752563477, 0.05291010066866875, 0
u,0.40152451395988464, 0.996234118938446, 0
u,0.40152451395988464, 0.05291010066866875, 0
u,0.6258630752563477, 0.05291010066866875, 0
u,0.40152451395988464, 0.996234118938446, 0
u,0.2260621041059494, 0.996234118938446, 0
u,0.2260621041059494, 0.05291010066866875, 0
