s,208.06982421875, 91.9658203125, -0.4726119041442871
b,210.529052734375, 93.208984375, 1.3776636123657227
v,208.070068359375, 92.4921875, 1.3773822784423828
v,210.358642578125, 93.208984375, 1.377659797668457
v,210.35888671875, 93.208984375, -0.4723343849182129
v,208.0703125, 92.4921875, -0.4726119041442871
v,210.529052734375, 92.681640625, -0.47233104705810547
v,208.240478515625, 91.9658203125, -0.4726090431213379
v,208.070068359375, 92.4921875, -0.4726119041442871
v,210.358642578125, 93.208984375, -0.4723343849182129
v,208.06982421875, 92.4921875, 1.3773822784423828
v,208.240234375, 91.9658203125, 1.377385139465332
v,210.529052734375, 92.681640625, 1.3776636123657227
v,210.358642578125, 93.208984375, 1.377659797668457
v,210.358642578125, 93.208984375, 1.377659797668457
v,210.529052734375, 92.681640625, 1.3776636123657227
v,210.529052734375, 92.681640625, -0.47233104705810547
v,210.358642578125, 93.208984375, -0.4723343849182129
v,210.529052734375, 92.681640625, 1.3776636123657227
v,208.240234375, 91.9658203125, 1.377385139465332
v,208.240478515625, 91.9658203125, -0.4726090431213379
v,210.529052734375, 92.681640625, -0.47233104705810547
v,208.240234375, 91.9658203125, 1.377385139465332
v,208.06982421875, 92.4921875, 1.3773822784423828
v,208.070068359375, 92.4921875, -0.4726119041442871
v,208.240478515625, 91.9658203125, -0.4726090431213379
i,1,3,0
i,5,7,4
i,9,11,8
i,12,14,15
i,16,18,19
i,21,23,20
i,1,2,3
i,5,6,7
i,9,10,11
i,12,13,14
i,16,17,18
i,21,22,23
n,-1.3454335927963257, 4.2981390953063965, -0.00015769324090797454
n,0.0005037239170633256, 0.00013748012133874, -4.50379753112793
n,-0.0005046420264989138, -0.00013438088353723288, 4.50379753112793
n,4.285538196563721, 1.385046362876892, 0.0005022918921895325
n,1.343949794769287, -4.298603534698486, 0.00015751930186524987
n,-4.284870147705078, -1.387112021446228, -0.000502213544677943
n,-1.3454335927963257, 4.2981390953063965, -0.00015769324090797454
n,0.0005036122747696936, 0.00013767046038992703, -4.50379753112793
n,-0.0005047509912401438, -0.0001341950846835971, 4.50379753112793
n,4.285538196563721, 1.3850466012954712, 0.0005022918921895325
n,1.3439499139785767, -4.298603534698486, 0.0001575193164171651
n,-4.284870147705078, -1.3871119022369385, -0.0005022136028856039
u,0.6226286292076111, 0.010100999847054482, 0
u,0.3434895873069763, 0.9909098148345947, 0
u,0.3434895873069763, 0.010100999847054482, 0
u,0.0, 0.0, 0
u,0.0, 0.0, 0
u,0.0, 0.0, 0
u,0.6924682259559631, 0.6670846939086914, 0
u,0.9980161190032959, 0.9888961911201477, 0
u,0.6917960047721863, 0.9888961911201477, 0
u,0.6226286292076111, 0.010100999847054482, 0
u,0.6871088743209839, 0.9909098148345947, 0
u,0.6226286292076111, 0.9909098148345947, 0
u,0.0, 0.010100999847054482, 0
u,0.2790924906730652, 0.9909098148345947, 0
u,0.0, 0.9909098148345947, 0
u,0.3434895873069763, 0.010100999847054482, 0
u,0.2790924906730652, 0.9909098148345947, 0
u,0.2790924906730652, 0.010100999847054482, 0
u,0.6226286292076111, 0.010100999847054482, 0
u,0.6226286292076111, 0.9909098148345947, 0
u,0.3434895873069763, 0.9909098148345947, 0
u,0.0, 0.0, 0
u,0.0, 0.0, 0
u,0.0, 0.0, 0
u,0.6924682259559631, 0.6670846939086914, 0
u,0.998637318611145, 0.6666666269302368, 0
u,0.9980161190032959, 0.9888961911201477, 0
u,0.6226286292076111, 0.010100999847054482, 0
u,0.6871088743209839, 0.010100999847054482, 0
u,0.6871088743209839, 0.9909098148345947, 0
u,0.0, 0.010100999847054482, 0
u,0.2790924906730652, 0.010100999847054482, 0
u,0.2790924906730652, 0.9909098148345947, 0
u,0.3434895873069763, 0.010100999847054482, 0
u,0.3434895873069763, 0.9909098148345947, 0
u,0.2790924906730652, 0.9909098148345947, 0
