s,122.17529296875, 119.2919921875, 0.23635292053222656
b,123.634033203125, 120.5, 0.8337111473083496
v,122.672119140625, 119.6015625, 0.23636865615844727
v,122.672119140625, 119.6015625, 0.45063257217407227
v,122.175537109375, 119.791015625, 0.45061635971069336
v,122.175537109375, 119.791015625, 0.23635292053222656
v,122.671875, 119.6015625, 0.23636865615844727
v,122.17529296875, 119.791015625, 0.23635292053222656
v,122.44677734375, 120.5, 0.23640203475952148
v,123.114990234375, 120.244140625, 0.23642301559448242
v,123.099853515625, 120.2041015625, 0.2364206314086914
v,123.634033203125, 120.0, 0.23643779754638672
v,123.362548828125, 119.2919921875, 0.2363886833190918
v,122.656982421875, 119.5625, 0.23636579513549805
v,123.362548828125, 119.2919921875, 0.8336625099182129
v,123.634033203125, 119.9990234375, 0.8337111473083496
v,122.92822265625, 120.26953125, 0.8336887359619141
v,122.656982421875, 119.5625, 0.8336396217346191
v,122.671875, 119.6015625, 0.45063257217407227
v,122.92822265625, 120.26953125, 0.45067882537841797
v,123.099853515625, 120.2041015625, 0.4506840705871582
v,123.114990234375, 120.244140625, 0.4506869316101074
v,122.44677734375, 120.5, 0.4506654739379883
v,122.17529296875, 119.791015625, 0.45061635971069336
v,122.92822265625, 120.26953125, 0.45067882537841797
v,122.671875, 119.6015625, 0.45063257217407227
v,122.671875, 119.6015625, 0.23636865615844727
v,122.656982421875, 119.5625, 0.23636579513549805
v,122.656982421875, 119.5625, 0.8336396217346191
v,122.92822265625, 120.26953125, 0.8336887359619141
v,122.92822265625, 120.26953125, 0.8336887359619141
v,123.634033203125, 119.9990234375, 0.8337111473083496
v,123.634033203125, 120.0, 0.23643779754638672
v,123.099853515625, 120.2041015625, 0.2364206314086914
v,123.099853515625, 120.2041015625, 0.4506840705871582
v,122.92822265625, 120.26953125, 0.45067882537841797
v,123.634033203125, 119.9990234375, 0.8337111473083496
v,123.362548828125, 119.2919921875, 0.8336625099182129
v,123.362548828125, 119.2919921875, 0.2363886833190918
v,123.634033203125, 120.0, 0.23643779754638672
v,123.362548828125, 119.2919921875, 0.8336625099182129
v,122.656982421875, 119.5625, 0.8336396217346191
v,122.656982421875, 119.5625, 0.23636579513549805
v,123.362548828125, 119.2919921875, 0.2363886833190918
v,122.17529296875, 119.791015625, 0.45061635971069336
v,122.44677734375, 120.5, 0.4506654739379883
v,122.44677734375, 120.5, 0.23640203475952148
v,122.17529296875, 119.791015625, 0.23635292053222656
v,122.44677734375, 120.5, 0.4506654739379883
v,123.114990234375, 120.244140625, 0.4506869316101074
v,123.114990234375, 120.244140625, 0.23642301559448242
v,122.44677734375, 120.5, 0.23640203475952148
v,123.099853515625, 120.2041015625, 0.4506840705871582
v,123.099853515625, 120.2041015625, 0.2364206314086914
v,123.114990234375, 120.244140625, 0.23642301559448242
v,123.114990234375, 120.244140625, 0.4506869316101074
i,0,2,3
i,4,8,10
i,13,15,12
i,17,19,20
i,23,25,26
i,30,31,32
i,34,36,37
i,39,41,38
i,42,44,45
i,46,48,49
i,50,52,53
i,0,1,2
i,4,5,6
i,6,7,8
i,8,9,10
i,10,11,4
i,4,6,8
i,13,14,15
i,21,16,17
i,17,18,19
i,20,21,17
i,27,22,23
i,23,24,25
i,26,27,23
i,33,28,32
i,28,29,32
i,29,30,32
i,34,35,36
i,39,40,41
i,42,43,44
i,46,47,48
i,50,51,52
n,-1.6091347932815552, -4.206528186798096, 0.0
n,0.00022974351304583251, 0.00022289814660325646, -4.50379753112793
n,-0.00023087709269020706, -0.0002213655097875744, 4.50379753112793
n,-0.0002231326070614159, -0.00021005990856792778, 4.50379753112793
n,-4.205403804779053, 1.6120713949203491, 0.0
n,1.6058881282806396, 4.207768440246582, 0.0
n,4.205718517303467, -1.6112481355667114, -0.002339755417779088
n,-1.612784743309021, -4.205129623413086, 0.0
n,-4.205718994140625, 1.6112483739852905, 0.0
n,1.6103659868240356, 4.206057071685791, 0.0
n,4.209467887878418, -1.6014279127120972, 0.0
n,-1.6091347932815552, -4.206528186798096, 0.0
n,0.00023148435866460204, 0.0002235536085208878, -4.50379753112793
n,0.00022042378259357065, 0.00020298485469538718, -4.50379753112793
n,0.00023171462817117572, 0.00022346539481077343, -4.50379753112793
n,0.0002416494389763102, 0.000249453034484759, -4.50379753112793
n,0.0002295150770805776, 0.00022306034225039184, -4.50379753112793
n,-0.0002293835859745741, -0.00022470367548521608, 4.50379753112793
n,-0.00023102594423107803, -0.00022235524374991655, 4.50379753112793
n,-0.0002220609603682533, -0.00020236200361978263, 4.50379753112793
n,-0.0002298707258887589, -0.0002241718175355345, 4.50379753112793
n,-4.2054948806762695, 1.6118335723876953, 0.0
n,-4.2054033279418945, 1.6120712757110596, 0.0
n,-4.205489158630371, 1.6118464469909668, -2.625910929054953e-05
n,1.6139227151870728, 4.204692840576172, 0.0
n,1.612352967262268, 4.205295562744141, -0.0008074683137238026
n,1.6080254316329956, 4.2069478034973145, 0.006109070032835007
n,4.205058574676514, -1.6129697561264038, 0.0
n,-1.612784743309021, -4.205129623413086, 0.0
n,-4.205718994140625, 1.6112483739852905, 0.0
n,1.6103659868240356, 4.206057071685791, 0.0
n,4.209467887878418, -1.6014279127120972, 0.0
u,0.7663921117782593, 0.0625, 0
u,0.6503620147705078, 0.294343501329422, 0
u,0.6503620147705078, 0.0625, 0
u,0.0, 0.0, 0
u,0.0, 0.0, 0
u,0.0, 0.0, 0
u,0.3111693859100342, 0.929484486579895, 0
u,0.1284969002008438, 0.020833300426602364, 0
u,0.3111177980899811, 0.020980900153517723, 0
u,0.12852910161018372, 0.9290820956230164, 0
u,0.17294789850711823, 0.9802324771881104, 0
u,0.0, 0.9798312783241272, 0
u,0.4788474142551422, 0.5699694156646729, 0
u,0.4881489872932434, 0.3333333134651184, 0
u,0.4881489872932434, 0.9929717183113098, 0
u,0.8253272175788879, 0.3333333134651184, 0
u,0.9527193903923035, 0.3333333134651184, 0
u,0.9527193903923035, 0.5699694156646729, 0
u,0.8253272175788879, 0.9929717183113098, 0
u,0.6564586162567139, 0.3333333134651184, 0
u,0.8253272175788879, 0.3333333134651184, 0
u,0.4881489872932434, 0.9929717183113098, 0
u,0.6564586162567139, 0.3333333134651184, 0
u,0.6564586162567139, 0.9929717183113098, 0
u,0.6503620147705078, 0.294343501329422, 0
u,0.4847913086414337, 0.0625, 0
u,0.6503620147705078, 0.0625, 0
u,0.4847913086414337, 0.294343501329422, 0
u,0.32862499356269836, 0.0625, 0
u,0.4847913086414337, 0.0625, 0
u,0.319327712059021, 0.294343501329422, 0
u,0.32862499356269836, 0.0625, 0
u,0.32862499356269836, 0.294343501329422, 0
u,0.7663921117782593, 0.0625, 0
u,0.7663921117782593, 0.294343501329422, 0
u,0.6503620147705078, 0.294343501329422, 0
u,0.0, 0.0, 0
u,0.0, 0.0, 0
u,0.0, 0.0, 0
u,0.0, 0.0, 0
u,0.0, 0.0, 0
u,0.0, 0.0, 0
u,0.0, 0.0, 0
u,0.0, 0.0, 0
u,0.0, 0.0, 0
u,0.0, 0.0, 0
u,0.0, 0.0, 0
u,0.0, 0.0, 0
u,0.0, 0.0, 0
u,0.0, 0.0, 0
u,0.0, 0.0, 0
u,0.3111693859100342, 0.929484486579895, 0
u,0.12852910161018372, 0.9290820956230164, 0
u,0.1284969002008438, 0.020833300426602364, 0
u,0.0, 0.07065779715776443, 0
u,0.12849870324134827, 0.07087580114603043, 0
u,0.12852910161018372, 0.9290820956230164, 0
u,0.12852910161018372, 0.9290820956230164, 0
u,0.17294509708881378, 0.9291800260543823, 0
u,0.17294789850711823, 0.9802324771881104, 0
u,0.0, 0.9798312783241272, 0
u,0.0, 0.07065779715776443, 0
u,0.12852910161018372, 0.9290820956230164, 0
u,0.319327712059021, 0.9929717183113098, 0
u,0.319327712059021, 0.5699694156646729, 0
u,0.4788474142551422, 0.5699694156646729, 0
u,0.4788474142551422, 0.5699694156646729, 0
u,0.4788474142551422, 0.3333333134651184, 0
u,0.4881489872932434, 0.3333333134651184, 0
u,0.4881489872932434, 0.9929717183113098, 0
u,0.319327712059021, 0.9929717183113098, 0
u,0.4788474142551422, 0.5699694156646729, 0
u,0.9936544895172119, 0.5699694156646729, 0
u,0.9936544895172119, 0.9929717183113098, 0
u,0.9527193903923035, 0.5699694156646729, 0
u,0.9936544895172119, 0.9929717183113098, 0
u,0.8253272175788879, 0.9929717183113098, 0
u,0.9527193903923035, 0.5699694156646729, 0
u,0.8253272175788879, 0.9929717183113098, 0
u,0.8253272175788879, 0.3333333134651184, 0
u,0.9527193903923035, 0.5699694156646729, 0
u,0.8253272175788879, 0.9929717183113098, 0
u,0.6564586162567139, 0.9929717183113098, 0
u,0.6564586162567139, 0.3333333134651184, 0
u,0.4881489872932434, 0.9929717183113098, 0
u,0.4881489872932434, 0.3333333134651184, 0
u,0.6564586162567139, 0.3333333134651184, 0
u,0.6503620147705078, 0.294343501329422, 0
u,0.4847913086414337, 0.294343501329422, 0
u,0.4847913086414337, 0.0625, 0
u,0.4847913086414337, 0.294343501329422, 0
u,0.32862499356269836, 0.294343501329422, 0
u,0.32862499356269836, 0.0625, 0
u,0.319327712059021, 0.294343501329422, 0
u,0.319327712059021, 0.0625, 0
u,0.32862499356269836, 0.0625, 0
