s,156.244384765625, 41.775390625, -1.138167381286621
b,161.093994140625, 45.962890625, 1.7530994415283203
v,157.1279296875, 45.962890625, 1.7527894973754883
v,160.096435546875, 43.697265625, 1.7530231475830078
v,160.0966796875, 43.697265625, -1.1378707885742188
v,157.128173828125, 45.962890625, -1.1381049156188965
v,160.62841796875, 44.3935546875, -1.1378321647644043
v,161.093994140625, 44.0390625, -1.1377949714660645
v,160.610595703125, 43.4052734375, -1.1378297805786133
v,160.95263671875, 43.1474609375, -1.1378016471862793
v,160.3623046875, 42.36328125, -1.1378436088562012
v,160.546630859375, 42.224609375, -1.1378288269042969
v,160.20849609375, 41.775390625, -1.137852668762207
v,159.610107421875, 42.2255859375, -1.1379013061523438
v,159.61572265625, 42.232421875, -1.1379008293151855
v,156.24462890625, 44.8046875, -1.138167381286621
v,157.1279296875, 45.962890625, -1.1381049156188965
v,160.096435546875, 43.697265625, -1.1378707885742188
v,160.362060546875, 42.36328125, -0.16977167129516602
v,160.95263671875, 43.1474609375, -0.16973018646240234
v,160.6103515625, 43.4052734375, -0.16975784301757812
v,159.678955078125, 42.1845703125, -0.16982316970825195
v,159.615478515625, 42.232421875, -0.1698284149169922
v,159.610107421875, 42.2255859375, -0.1698293685913086
v,160.208251953125, 41.775390625, -0.16978073120117188
v,160.546630859375, 42.224609375, -0.16975736618041992
v,157.127685546875, 45.962890625, 1.7527894973754883
v,156.244384765625, 44.8046875, 1.7527265548706055
v,159.6787109375, 42.1845703125, 1.7529983520507812
v,161.09375, 44.0390625, 1.7530994415283203
v,160.628173828125, 44.3935546875, 1.753061294555664
v,160.09619140625, 43.697265625, 1.7530231475830078
v,160.610595703125, 43.4052734375, -1.1378297805786133
v,160.6103515625, 43.4052734375, -0.16975784301757812
v,160.95263671875, 43.1474609375, -0.16973018646240234
v,160.95263671875, 43.1474609375, -1.1378016471862793
v,160.95263671875, 43.1474609375, -1.1378016471862793
v,160.95263671875, 43.1474609375, -0.16973018646240234
v,160.362060546875, 42.36328125, -0.16977167129516602
v,160.3623046875, 42.36328125, -1.1378436088562012
v,160.362060546875, 42.36328125, -0.16977167129516602
v,160.546630859375, 42.224609375, -0.16975736618041992
v,160.546630859375, 42.224609375, -1.1378288269042969
v,160.3623046875, 42.36328125, -1.1378436088562012
v,160.546630859375, 42.224609375, -1.1378288269042969
v,160.546630859375, 42.224609375, -0.16975736618041992
v,160.208251953125, 41.775390625, -0.16978073120117188
v,160.20849609375, 41.775390625, -1.137852668762207
v,160.208251953125, 41.775390625, -0.16978073120117188
v,159.610107421875, 42.2255859375, -0.1698293685913086
v,159.610107421875, 42.2255859375, -1.1379013061523438
v,160.20849609375, 41.775390625, -1.137852668762207
v,159.615478515625, 42.232421875, -0.1698284149169922
v,159.61572265625, 42.232421875, -1.1379008293151855
v,159.610107421875, 42.2255859375, -1.1379013061523438
v,159.610107421875, 42.2255859375, -0.1698293685913086
v,159.678955078125, 42.1845703125, -0.16982316970825195
v,160.6103515625, 43.4052734375, -0.16975784301757812
v,160.610595703125, 43.4052734375, -1.1378297805786133
v,161.093994140625, 44.0390625, -1.1377949714660645
v,161.09375, 44.0390625, 1.7530994415283203
v,159.6787109375, 42.1845703125, 1.7529983520507812
v,160.09619140625, 43.697265625, 1.7530231475830078
v,160.628173828125, 44.3935546875, 1.753061294555664
v,160.62841796875, 44.3935546875, -1.1378321647644043
v,160.096435546875, 43.697265625, -1.1378707885742188
v,160.628173828125, 44.3935546875, 1.753061294555664
v,161.09375, 44.0390625, 1.7530994415283203
v,161.093994140625, 44.0390625, -1.1377949714660645
v,160.62841796875, 44.3935546875, -1.1378321647644043
v,159.6787109375, 42.1845703125, 1.7529983520507812
v,156.244384765625, 44.8046875, 1.7527265548706055
v,156.24462890625, 44.8046875, -1.138167381286621
v,159.61572265625, 42.232421875, -1.1379008293151855
v,159.615478515625, 42.232421875, -0.1698284149169922
v,159.678955078125, 42.1845703125, -0.16982316970825195
v,156.244384765625, 44.8046875, 1.7527265548706055
v,157.127685546875, 45.962890625, 1.7527894973754883
v,157.1279296875, 45.962890625, -1.1381049156188965
v,156.24462890625, 44.8046875, -1.138167381286621
i,1,3,0
i,12,15,8
i,16,19,22
i,29,25,26
i,31,33,30
i,34,36,37
i,39,41,38
i,42,44,45
i,46,48,49
i,50,52,53
i,58,59,55
i,60,62,63
i,65,67,64
i,70,71,72
i,74,76,77
i,1,2,3
i,15,4,6
i,4,5,6
i,6,7,8
i,13,14,15
i,10,11,12
i,12,13,15
i,15,6,8
i,8,9,10
i,10,12,8
i,16,17,18
i,19,20,21
i,16,18,19
i,22,23,16
i,19,21,22
i,29,24,25
i,26,27,29
i,27,28,29
i,31,32,33
i,34,35,36
i,39,40,41
i,42,43,44
i,46,47,48
i,50,51,52
i,59,54,55
i,55,56,57
i,57,58,55
i,60,61,62
i,65,66,67
i,73,68,72
i,68,69,72
i,69,70,72
i,74,75,76
n,2.732268810272217, 3.5803492069244385, 0.00020493322517722845
n,0.00034877037978731096, -2.2006206563673913e-05, -4.50379753112793
n,-0.00034554372541606426, 1.8977856598212384e-05, 4.50379753112793
n,-0.00034061874612234533, 2.090536872856319e-05, 4.50379753112793
n,2.708840847015381, 3.598106861114502, 0.0006067323847673833
n,3.597777843475342, -2.709278106689453, 0.0008058382081799209
n,2.7070136070251465, 3.5994820594787598, 0.0006063227774575353
n,3.598865032196045, -2.7078335285186768, 0.0008060820982791483
n,-2.7072834968566895, -3.599278688430786, -0.0006063835462555289
n,-3.549102306365967, 2.772736072540283, 0.0
n,3.5804057121276855, -2.732194662094116, 0.0009260979131795466
n,-3.5793662071228027, 2.7335567474365234, -0.00026846962282434106
n,2.7296969890594482, 3.582310199737549, 0.0002047404123004526
n,-2.732215166091919, -3.580389976501465, -0.0006119672325439751
n,-3.581031560897827, 2.731374502182007, -0.00026859453646466136
n,2.7322685718536377, 3.5803492069244385, 0.00020493323972914368
n,0.00034971704008057714, -1.7863087123259902e-05, -4.50379753112793
n,0.00034697112278081477, -1.7813707017921843e-05, -4.50379753112793
n,0.00035051043960265815, -2.3116288502933457e-05, -4.50379753112793
n,0.0003413861559238285, -1.8236562027595937e-05, -4.50379753112793
n,0.0003558254102244973, -1.4218180695024785e-05, -4.50379753112793
n,0.00034103234065696597, -1.9466941012069583e-05, -4.50379753112793
n,0.0003471815143711865, -2.232285260106437e-05, -4.50379753112793
n,0.0003454876132309437, -2.2206728317542e-05, -4.50379753112793
n,0.0003489650844130665, -2.311583921255078e-05, -4.50379753112793
n,-0.0003491540555842221, 2.4624074285384268e-05, 4.50379753112793
n,-0.0004882982466369867, -0.00016829695960041136, 4.50379753112793
n,-0.00034687836887314916, 2.4081684387056157e-05, 4.50379753112793
n,-0.0003385486197657883, 1.714912104944233e-05, 4.50379753112793
n,-0.00048159778816625476, -0.00015699886716902256, 4.50379753112793
n,-0.0003417746047489345, 1.6885582226677798e-05, 4.50379753112793
n,-0.00035249587381258607, 2.418453004793264e-05, 4.50379753112793
n,-0.0003518181329127401, 2.2206344510777853e-05, 4.50379753112793
n,2.7077455520629883, 3.598931312561035, 0.0
n,3.5973000526428223, -2.7099130153656006, 0.0
n,2.7090463638305664, 3.597952127456665, 0.0
n,3.5980308055877686, -2.708942174911499, 0.0
n,-2.7079100608825684, -3.5988073348999023, 0.0
n,-3.495460271835327, 2.8400614261627197, -0.0007829205133020878
n,3.5800087451934814, -2.7327144145965576, 0.00040370694478042424
n,3.5817599296569824, -2.7304186820983887, 0.000802250811830163
n,3.5813674926757812, -2.730933666229248, 0.000268619682174176
n,-3.5793654918670654, 2.7335567474365234, -0.00026846962282434106
n,2.7296969890594482, 3.582310199737549, 0.00020474035409279168
n,-2.710156202316284, -3.597116470336914, -0.0003056162968277931
n,-2.7319202423095703, -3.5806150436401367, 0.0008178502903319895
n,-2.7322888374328613, -3.580333709716797, -0.00020493476768024266
n,-3.581031322479248, 2.731374502182007, -0.00026859447825700045
u,0.4862782955169678, 0.26203209161758423, 0
u,0.29533690214157104, 0.9970762729644775, 0
u,0.29533690214157104, 0.26203209161758423, 0
u,0.0, 0.0, 0
u,0.0, 0.0, 0
u,0.0, 0.0, 0
u,0.9839658737182617, 0.4355543851852417, 0
u,0.9563239216804504, 0.2596062123775482, 0
u,0.9988718032836914, 0.25829461216926575, 0
u,0.9190946817398071, 0.719826877117157, 0
u,0.6817203760147095, 0.25971749424934387, 0
u,0.9563239216804504, 0.2596062123775482, 0
u,0.15025049448013306, 0.2513369023799896, 0
u,0.1285126954317093, 0.007109600119292736, 0
u,0.15025049448013306, 0.007109600119292736, 0
u,0.1285126954317093, 0.007109600119292736, 0
u,0.07869420200586319, 0.2513369023799896, 0
u,0.07869420200586319, 0.007109600119292736, 0
u,0.06699150055646896, 0.2513369023799896, 0
u,0.07869420200586319, 0.007109600119292736, 0
u,0.07869420200586319, 0.2513369023799896, 0
u,0.06699150055646896, 0.007109600119292736, 0
u,0.03846120089292526, 0.2513369023799896, 0
u,0.03846120089292526, 0.007109600119292736, 0
u,0.03846120089292526, 0.2513369023799896, 0
u,0.00046919999294914305, 0.007109600119292736, 0
u,0.03846120089292526, 0.007109600119292736, 0
u,0.0, 0.2513369023799896, 0
u,0.00046919999294914305, 0.007109600119292736, 0
u,0.00046919999294914305, 0.2513369023799896, 0
u,0.5610607862472534, 0.26203209161758423, 0
u,0.680338978767395, 0.26203209161758423, 0
u,0.6018099188804626, 0.750932514667511, 0
u,0.4862782955169678, 0.26203209161758423, 0
u,0.5311182141304016, 0.9970762729644775, 0
u,0.4862782955169678, 0.9970762729644775, 0
u,0.5610607862472534, 0.26203209161758423, 0
u,0.5311182141304016, 0.9970762729644775, 0
u,0.5311182141304016, 0.26203209161758423, 0
u,0.22089099884033203, 0.9970762729644775, 0
u,0.004066799767315388, 0.9970762729644775, 0
u,0.004066799767315388, 0.750932514667511, 0
u,0.22089099884033203, 0.26203209161758423, 0
u,0.29533690214157104, 0.9970762729644775, 0
u,0.22089099884033203, 0.9970762729644775, 0
u,0.4862782955169678, 0.26203209161758423, 0
u,0.4862782955169678, 0.9970762729644775, 0
u,0.29533690214157104, 0.9970762729644775, 0
u,0.0, 0.0, 0
u,0.0, 0.0, 0
u,0.0, 0.0, 0
u,0.0, 0.0, 0
u,0.0, 0.0, 0
u,0.0, 0.0, 0
u,0.0, 0.0, 0
u,0.0, 0.0, 0
u,0.0, 0.0, 0
u,0.0, 0.0, 0
u,0.0, 0.0, 0
u,0.0, 0.0, 0
u,0.0, 0.0, 0
u,0.0, 0.0, 0
u,0.0, 0.0, 0
u,0.0, 0.0, 0
u,0.0, 0.0, 0
u,0.0, 0.0, 0
u,0.0, 0.0, 0
u,0.0, 0.0, 0
u,0.0, 0.0, 0
u,0.0, 0.0, 0
u,0.0, 0.0, 0
u,0.0, 0.0, 0
u,0.0, 0.0, 0
u,0.0, 0.0, 0
u,0.0, 0.0, 0
u,0.9839658737182617, 0.4355543851852417, 0
u,0.983553409576416, 0.7459712028503418, 0
u,0.956318199634552, 0.7451184988021851, 0
u,0.9563239216804504, 0.2596062123775482, 0
u,0.9512680768966675, 0.2596082091331482, 0
u,0.9512720704078674, 0.2566845118999481, 0
u,0.9839658737182617, 0.4355543851852417, 0
u,0.956318199634552, 0.7451184988021851, 0
u,0.9563239216804504, 0.2596062123775482, 0
u,0.9988718032836914, 0.25829461216926575, 0
u,0.9986280798912048, 0.4360649883747101, 0
u,0.9839658737182617, 0.4355543851852417, 0
u,0.9563239216804504, 0.2596062123775482, 0
u,0.9512720704078674, 0.2566845118999481, 0
u,0.9988718032836914, 0.25829461216926575, 0
u,0.9190946817398071, 0.719826877117157, 0
u,0.6817234754562378, 0.7199850082397461, 0
u,0.6817203760147095, 0.25971749424934387, 0
u,0.9563239216804504, 0.2596062123775482, 0
u,0.956315279006958, 0.9970529079437256, 0
u,0.9190946817398071, 0.719826877117157, 0
u,0.956315279006958, 0.9970529079437256, 0
u,0.9190918803215027, 0.9970529079437256, 0
u,0.9190946817398071, 0.719826877117157, 0
u,0.15025049448013306, 0.2513369023799896, 0
u,0.1285126954317093, 0.2513369023799896, 0
u,0.1285126954317093, 0.007109600119292736, 0
u,0.1285126954317093, 0.007109600119292736, 0
u,0.1285126954317093, 0.2513369023799896, 0
u,0.07869420200586319, 0.2513369023799896, 0
u,0.06699150055646896, 0.2513369023799896, 0
u,0.06699150055646896, 0.007109600119292736, 0
u,0.07869420200586319, 0.007109600119292736, 0
u,0.06699150055646896, 0.007109600119292736, 0
u,0.06699150055646896, 0.2513369023799896, 0
u,0.03846120089292526, 0.2513369023799896, 0
u,0.03846120089292526, 0.2513369023799896, 0
u,0.00046919999294914305, 0.2513369023799896, 0
u,0.00046919999294914305, 0.007109600119292736, 0
u,0.0, 0.2513369023799896, 0
u,0.0, 0.007109600119292736, 0
u,0.00046919999294914305, 0.007109600119292736, 0
u,0.680338978767395, 0.26203209161758423, 0
u,0.680338978767395, 0.750932514667511, 0
u,0.6018099188804626, 0.750932514667511, 0
u,0.6018099188804626, 0.750932514667511, 0
u,0.6018099188804626, 0.9970762729644775, 0
u,0.5610607862472534, 0.9970762729644775, 0
u,0.5610607862472534, 0.9970762729644775, 0
u,0.5610607862472534, 0.26203209161758423, 0
u,0.6018099188804626, 0.750932514667511, 0
u,0.4862782955169678, 0.26203209161758423, 0
u,0.5311182141304016, 0.26203209161758423, 0
u,0.5311182141304016, 0.9970762729644775, 0
u,0.5610607862472534, 0.26203209161758423, 0
u,0.5610607862472534, 0.9970762729644775, 0
u,0.5311182141304016, 0.9970762729644775, 0
u,0.0, 0.750932514667511, 0
u,0.0, 0.26203209161758423, 0
u,0.004066799767315388, 0.750932514667511, 0
u,0.0, 0.26203209161758423, 0
u,0.22089099884033203, 0.26203209161758423, 0
u,0.004066799767315388, 0.750932514667511, 0
u,0.22089099884033203, 0.26203209161758423, 0
u,0.22089099884033203, 0.9970762729644775, 0
u,0.004066799767315388, 0.750932514667511, 0
u,0.22089099884033203, 0.26203209161758423, 0
u,0.29533690214157104, 0.26203209161758423, 0
u,0.29533690214157104, 0.9970762729644775, 0
