s,110.844970703125, 39.03125, -1.2115612030029297
b,114.221923828125, 43.6513671875, 0.4363260269165039
v,112.26806640625, 39.03125, 0.43624448776245117
v,110.84521484375, 42.9404296875, 0.4361591339111328
v,110.84521484375, 42.9404296875, -1.2115612030029297
v,112.26806640625, 39.03125, -1.2114758491516113
v,114.221923828125, 39.7431640625, -1.2113947868347168
v,112.267822265625, 39.03125, -1.2114758491516113
v,110.844970703125, 42.9404296875, -1.2115612030029297
v,112.799072265625, 43.6513671875, -1.2114806175231934
v,110.844970703125, 42.9404296875, 0.4361591339111328
v,112.267822265625, 39.03125, 0.43624448776245117
v,114.221923828125, 39.7431640625, 0.4363260269165039
v,112.799072265625, 43.6513671875, 0.43624019622802734
v,112.799072265625, 43.6513671875, 0.43624019622802734
v,114.221923828125, 39.7431640625, 0.4363260269165039
v,114.221923828125, 39.7431640625, -1.2113947868347168
v,112.799072265625, 43.6513671875, -1.2114806175231934
v,114.221923828125, 39.7431640625, 0.4363260269165039
v,112.267822265625, 39.03125, 0.43624448776245117
v,112.267822265625, 39.03125, -1.2114758491516113
v,114.221923828125, 39.7431640625, -1.2113947868347168
v,110.844970703125, 42.9404296875, 0.4361591339111328
v,112.799072265625, 43.6513671875, 0.43624019622802734
v,112.799072265625, 43.6513671875, -1.2114806175231934
v,110.844970703125, 42.9404296875, -1.2115612030029297
i,1,3,0
i,4,6,7
i,8,10,11
i,12,14,15
i,17,19,16
i,20,22,23
i,1,2,3
i,4,5,6
i,8,9,10
i,12,13,14
i,17,18,19
i,20,21,22
n,-4.23215913772583, -1.5404608249664307, 0.0
n,0.00019630174210760742, -2.7117001081933267e-05, -4.50379753112793
n,-0.0001971636083908379, 2.6803212676895782e-05, 4.50379753112793
n,4.232049942016602, 1.5407627820968628, 0.0
n,1.542006492614746, -4.23159646987915, 0.0
n,-1.5403481721878052, 4.232200622558594, 0.0
n,-4.23215913772583, -1.5404608249664307, 0.0
n,0.00019631042960099876, -2.7107818823424168e-05, -4.50379753112793
n,-0.00019717220857273787, 2.6794139557750896e-05, 4.50379753112793
n,4.232048988342285, 1.5407627820968628, 0.0
n,1.5420066118240356, -4.23159646987915, 0.0
n,-1.5403480529785156, 4.2322001457214355, 0.0
u,0.631270170211792, 0.26446279883384705, 0
u,0.3864290118217468, 0.9929869771003723, 0
u,0.3864290118217468, 0.26446279883384705, 0
u,0.0, 0.0, 0
u,0.0, 0.0, 0
u,0.0, 0.0, 0
u,0.2638384997844696, 0.9917256236076355, 0
u,0.0011144999880343676, 0.004982999991625547, 0
u,0.263852596282959, 0.004982999991625547, 0
u,0.7536715865135193, 0.26446279883384705, 0
u,0.9985123872756958, 0.9929869771003723, 0
u,0.7536715865135193, 0.9929869771003723, 0
u,0.3864290118217468, 0.26446279883384705, 0
u,0.264026403427124, 0.9929869771003723, 0
u,0.264026403427124, 0.26446279883384705, 0
u,0.631270170211792, 0.26446279883384705, 0
u,0.7536715865135193, 0.9929869771003723, 0
u,0.631270170211792, 0.9929869771003723, 0
u,0.631270170211792, 0.26446279883384705, 0
u,0.631270170211792, 0.9929869771003723, 0
u,0.3864290118217468, 0.9929869771003723, 0
u,0.0, 0.0, 0
u,0.0, 0.0, 0
u,0.0, 0.0, 0
u,0.2638384997844696, 0.9917256236076355, 0
u,0.0011000999948009849, 0.9917355179786682, 0
u,0.0011144999880343676, 0.004982999991625547, 0
u,0.7536715865135193, 0.26446279883384705, 0
u,0.9985123872756958, 0.26446279883384705, 0
u,0.9985123872756958, 0.9929869771003723, 0
u,0.3864290118217468, 0.26446279883384705, 0
u,0.3864290118217468, 0.9929869771003723, 0
u,0.264026403427124, 0.9929869771003723, 0
u,0.631270170211792, 0.26446279883384705, 0
u,0.7536715865135193, 0.26446279883384705, 0
u,0.7536715865135193, 0.9929869771003723, 0
