s,104.479248046875, 70.4609375, -1.7764277458190918
b,109.59521484375, 77.7744140625, 6.648890495300293
v,105.2734375, 73.486328125, 5.794988632202148
v,105.2734375, 73.486328125, 4.962357521057129
v,106.107666015625, 73.6474609375, 4.962392807006836
v,106.107666015625, 73.6474609375, 5.795022964477539
v,104.479248046875, 77.146484375, -1.7763638496398926
v,107.7265625, 77.7744140625, -1.776224136352539
v,107.89453125, 76.912109375, -1.7762346267700195
v,108.762939453125, 77.0810546875, -1.776196002960205
v,108.77490234375, 77.0205078125, -1.7761964797973633
v,108.79443359375, 77.0244140625, -1.7761955261230469
v,109.3134765625, 74.3583984375, -1.7762231826782227
v,109.359375, 74.3671875, -1.7762212753295898
v,109.59521484375, 73.111328125, -1.7762327194213867
v,108.66796875, 72.9365234375, -1.7762737274169922
v,109.02685546875, 71.08984375, -1.7762885093688965
v,105.77978515625, 70.4609375, -1.7764277458190918
v,107.340576171875, 73.6416015625, 5.331019401550293
v,107.687255859375, 71.8837890625, 5.331005096435547
v,108.512939453125, 72.046875, 5.331040382385254
v,108.11962890625, 74.041015625, 5.331057548522949
v,107.603759765625, 73.939453125, 5.3310346603393555
v,107.6494140625, 73.7001953125, 5.331032752990723
v,107.501220703125, 74.4775390625, 5.349913597106934
v,106.473876953125, 74.2822265625, 5.349869728088379
v,106.62158203125, 73.5048828125, 5.349862098693848
v,107.6494140625, 73.7001953125, 5.349905967712402
v,105.405517578125, 77.2578125, 4.962431907653809
v,106.001708984375, 74.1923828125, 4.962398529052734
v,106.473876953125, 74.2822265625, 4.9624176025390625
v,107.501220703125, 74.4775390625, 4.962462425231934
v,108.4609375, 74.6611328125, 4.9625043869018555
v,108.426025390625, 74.83984375, 4.962506294250488
v,107.51220703125, 74.662109375, 4.962466239929199
v,107.388671875, 75.2958984375, 4.962471961975098
v,106.071533203125, 75.0400390625, 4.96241569519043
v,105.786865234375, 76.501953125, 4.962431907653809
v,107.82861328125, 76.8994140625, 4.962519645690918
v,107.673583984375, 77.6962890625, 4.962529182434082
v,108.11962890625, 74.041015625, 4.962479591369629
v,108.512939453125, 72.046875, 4.962462425231934
v,107.687255859375, 71.8837890625, 4.962427139282227
v,107.340576171875, 73.6416015625, 4.962441444396973
v,106.62158203125, 73.5048828125, 4.962409973144531
v,106.473876953125, 74.2822265625, 4.9624176025390625
v,106.001708984375, 74.1923828125, 4.962398529052734
v,106.107421875, 73.6474609375, 4.962392807006836
v,105.273193359375, 73.486328125, 4.962357521057129
v,104.571044921875, 77.0966796875, 4.962395668029785
v,104.55712890625, 77.09375, 4.962394714355469
v,105.832275390625, 70.5390625, 4.962333679199219
v,108.94873046875, 71.1416015625, 4.962467193603516
v,108.60205078125, 72.9248046875, 4.962480545043945
v,108.550048828125, 72.9150390625, 4.962477684020996
v,108.314208984375, 74.169921875, 4.962490081787109
v,108.5478515625, 74.2138671875, 4.96250057220459
v,108.4609375, 74.6611328125, 4.9625043869018555
v,107.501220703125, 74.4775390625, 4.962462425231934
v,107.603759765625, 73.939453125, 4.962456703186035
v,107.89404296875, 76.9111328125, 5.018032073974609
v,107.726318359375, 77.7744140625, 5.018041610717773
v,104.479248046875, 77.1455078125, 5.017902374267578
v,105.77978515625, 70.4609375, 5.017838478088379
v,109.026611328125, 71.08984375, 5.017978668212891
v,108.667724609375, 72.9365234375, 5.01799201965332
v,108.60205078125, 72.9248046875, 5.017989158630371
v,108.94873046875, 71.1416015625, 5.017975807189941
v,105.832275390625, 70.5390625, 5.0178422927856445
v,104.55712890625, 77.09375, 5.017904281616211
v,104.571044921875, 77.0966796875, 5.017904281616211
v,104.5625, 77.138671875, 5.017905235290527
v,105.39697265625, 77.30078125, 5.017940521240234
v,105.405517578125, 77.2578125, 5.017940521240234
v,107.673583984375, 77.6962890625, 5.018037796020508
v,107.82861328125, 76.8994140625, 5.018028259277344
v,109.313232421875, 74.357421875, 5.01804256439209
v,108.794189453125, 77.0244140625, 5.018070220947266
v,108.774658203125, 77.0205078125, 5.018070220947266
v,109.29345703125, 74.353515625, 5.018041610717773
v,109.51708984375, 73.1640625, 6.5933685302734375
v,109.3056640625, 74.2890625, 6.593378067016602
v,108.391845703125, 74.1171875, 6.5933380126953125
v,108.603271484375, 72.9921875, 6.593327522277832
v,108.603271484375, 72.9921875, 6.648836135864258
v,108.391845703125, 74.1171875, 6.648846626281738
v,108.31396484375, 74.169921875, 6.6488447189331055
v,108.550048828125, 72.9150390625, 6.648833274841309
v,109.594970703125, 73.111328125, 6.6488800048828125
v,109.35888671875, 74.3662109375, 6.648890495300293
v,108.31396484375, 74.169921875, 6.6488447189331055
v,108.391845703125, 74.1171875, 6.648846626281738
v,109.3056640625, 74.2890625, 6.648887634277344
v,109.51708984375, 73.1640625, 6.648877143859863
v,108.603271484375, 72.9921875, 6.648836135864258
v,108.550048828125, 72.9150390625, 6.648833274841309
v,107.564697265625, 74.740234375, 5.684082984924316
v,108.478759765625, 74.91796875, 5.6841230392456055
v,108.61328125, 74.2265625, 5.684116363525391
v,109.22802734375, 74.341796875, 5.684144020080566
v,108.710205078125, 77.0029296875, 5.684170722961426
v,105.864990234375, 76.44921875, 5.684046745300293
v,106.124267578125, 75.1181640625, 5.684032440185547
v,107.44140625, 75.3740234375, 5.684088706970215
v,109.29345703125, 74.353515625, 5.739655494689941
v,108.762939453125, 77.0810546875, 5.739683151245117
v,105.786865234375, 76.501953125, 5.739553451538086
v,106.071533203125, 75.0400390625, 5.739537239074707
v,107.388671875, 75.2958984375, 5.739594459533691
v,107.511962890625, 74.662109375, 5.739587783813477
v,108.426025390625, 74.83984375, 5.739627838134766
v,108.5478515625, 74.2138671875, 5.739622116088867
v,108.61328125, 74.2265625, 5.739624977111816
v,108.478759765625, 74.91796875, 5.739631652832031
v,107.564697265625, 74.740234375, 5.739591598510742
v,107.44140625, 75.3740234375, 5.739597320556641
v,106.124267578125, 75.1181640625, 5.739541053771973
v,105.864990234375, 76.44921875, 5.739555358886719
v,108.710205078125, 77.0029296875, 5.739679336547852
v,109.22802734375, 74.341796875, 5.739652633666992
v,105.325927734375, 73.564453125, 5.739482879638672
v,106.029541015625, 73.7001953125, 5.7395124435424805
v,105.34423828125, 77.22265625, 5.73954963684082
v,104.640625, 77.0869140625, 5.739520072937012
v,105.325927734375, 73.564453125, 5.794991493225098
v,104.640625, 77.0869140625, 5.7950286865234375
v,104.5625, 77.138671875, 5.795027732849121
v,105.273193359375, 73.486328125, 5.794988632202148
v,106.107421875, 73.6474609375, 5.795022964477539
v,105.39697265625, 77.30078125, 5.795062065124512
v,104.5625, 77.138671875, 5.795027732849121
v,104.640625, 77.0869140625, 5.7950286865234375
v,105.34423828125, 77.22265625, 5.7950592041015625
v,106.029541015625, 73.7001953125, 5.795022010803223
v,105.325927734375, 73.564453125, 5.794991493225098
v,105.273193359375, 73.486328125, 5.794988632202148
v,107.603759765625, 73.939453125, 4.962456703186035
v,107.603759765625, 73.939453125, 5.3310346603393555
v,108.11962890625, 74.041015625, 5.331057548522949
v,108.11962890625, 74.041015625, 4.962479591369629
v,108.512939453125, 72.046875, 4.962462425231934
v,108.11962890625, 74.041015625, 4.962479591369629
v,108.11962890625, 74.041015625, 5.331057548522949
v,108.512939453125, 72.046875, 5.331040382385254
v,108.512939453125, 72.046875, 4.962462425231934
v,108.512939453125, 72.046875, 5.331040382385254
v,107.687255859375, 71.8837890625, 5.331005096435547
v,107.687255859375, 71.8837890625, 4.962427139282227
v,107.687255859375, 71.8837890625, 4.962427139282227
v,107.687255859375, 71.8837890625, 5.331005096435547
v,107.340576171875, 73.6416015625, 5.331019401550293
v,107.340576171875, 73.6416015625, 4.962441444396973
v,107.6494140625, 73.7001953125, 5.349905967712402
v,107.6494140625, 73.7001953125, 5.331032752990723
v,107.603759765625, 73.939453125, 5.3310346603393555
v,107.603759765625, 73.939453125, 4.962456703186035
v,107.501220703125, 74.4775390625, 4.962462425231934
v,107.501220703125, 74.4775390625, 5.349913597106934
v,107.6494140625, 73.7001953125, 5.349905967712402
v,106.62158203125, 73.5048828125, 5.349862098693848
v,106.62158203125, 73.5048828125, 4.962409973144531
v,107.340576171875, 73.6416015625, 4.962441444396973
v,107.340576171875, 73.6416015625, 5.331019401550293
v,107.6494140625, 73.7001953125, 5.331032752990723
v,106.473876953125, 74.2822265625, 4.9624176025390625
v,106.62158203125, 73.5048828125, 4.962409973144531
v,106.62158203125, 73.5048828125, 5.349862098693848
v,106.473876953125, 74.2822265625, 5.349869728088379
v,106.473876953125, 74.2822265625, 4.9624176025390625
v,106.473876953125, 74.2822265625, 5.349869728088379
v,107.501220703125, 74.4775390625, 5.349913597106934
v,107.501220703125, 74.4775390625, 4.962462425231934
v,107.89404296875, 76.9111328125, 5.018032073974609
v,107.89453125, 76.912109375, -1.7762346267700195
v,107.7265625, 77.7744140625, -1.776224136352539
v,107.726318359375, 77.7744140625, 5.018041610717773
v,104.479248046875, 77.1455078125, 5.017902374267578
v,107.726318359375, 77.7744140625, 5.018041610717773
v,107.7265625, 77.7744140625, -1.776224136352539
v,104.479248046875, 77.146484375, -1.7763638496398926
v,108.77490234375, 77.0205078125, -1.7761964797973633
v,108.774658203125, 77.0205078125, 5.018070220947266
v,108.794189453125, 77.0244140625, 5.018070220947266
v,108.79443359375, 77.0244140625, -1.7761955261230469
v,108.794189453125, 77.0244140625, 5.018070220947266
v,109.313232421875, 74.357421875, 5.01804256439209
v,109.3134765625, 74.3583984375, -1.7762231826782227
v,108.79443359375, 77.0244140625, -1.7761955261230469
v,108.66796875, 72.9365234375, -1.7762737274169922
v,108.667724609375, 72.9365234375, 5.01799201965332
v,109.026611328125, 71.08984375, 5.017978668212891
v,109.02685546875, 71.08984375, -1.7762885093688965
v,109.026611328125, 71.08984375, 5.017978668212891
v,105.77978515625, 70.4609375, 5.017838478088379
v,105.77978515625, 70.4609375, -1.7764277458190918
v,109.02685546875, 71.08984375, -1.7762885093688965
v,105.77978515625, 70.4609375, -1.7764277458190918
v,105.77978515625, 70.4609375, 5.017838478088379
v,104.479248046875, 77.1455078125, 5.017902374267578
v,104.479248046875, 77.146484375, -1.7763638496398926
v,104.55712890625, 77.09375, 5.017904281616211
v,105.832275390625, 70.5390625, 5.0178422927856445
v,105.832275390625, 70.5390625, 4.962333679199219
v,104.55712890625, 77.09375, 4.962394714355469
v,105.405517578125, 77.2578125, 5.017940521240234
v,105.405517578125, 77.2578125, 4.962431907653809
v,107.673583984375, 77.6962890625, 4.962529182434082
v,107.673583984375, 77.6962890625, 5.018037796020508
v,104.571044921875, 77.0966796875, 4.962395668029785
v,104.571044921875, 77.0966796875, 5.017904281616211
v,104.55712890625, 77.09375, 5.017904281616211
v,104.55712890625, 77.09375, 4.962394714355469
v,107.82861328125, 76.8994140625, 4.962519645690918
v,107.82861328125, 76.8994140625, 5.018028259277344
v,107.673583984375, 77.6962890625, 5.018037796020508
v,107.673583984375, 77.6962890625, 4.962529182434082
v,108.60205078125, 72.9248046875, 5.017989158630371
v,108.60205078125, 72.9248046875, 4.962480545043945
v,108.94873046875, 71.1416015625, 4.962467193603516
v,108.94873046875, 71.1416015625, 5.017975807189941
v,105.832275390625, 70.5390625, 5.0178422927856445
v,108.94873046875, 71.1416015625, 5.017975807189941
v,108.94873046875, 71.1416015625, 4.962467193603516
v,105.832275390625, 70.5390625, 4.962333679199219
v,108.603271484375, 72.9921875, 6.648836135864258
v,109.51708984375, 73.1640625, 6.648877143859863
v,109.51708984375, 73.1640625, 6.5933685302734375
v,108.603271484375, 72.9921875, 6.593327522277832
v,108.391845703125, 74.1171875, 6.648846626281738
v,108.603271484375, 72.9921875, 6.648836135864258
v,108.603271484375, 72.9921875, 6.593327522277832
v,108.391845703125, 74.1171875, 6.5933380126953125
v,109.3056640625, 74.2890625, 6.648887634277344
v,108.391845703125, 74.1171875, 6.648846626281738
v,108.391845703125, 74.1171875, 6.5933380126953125
v,109.3056640625, 74.2890625, 6.593378067016602
v,109.51708984375, 73.1640625, 6.648877143859863
v,109.3056640625, 74.2890625, 6.648887634277344
v,109.3056640625, 74.2890625, 6.593378067016602
v,109.51708984375, 73.1640625, 6.5933685302734375
v,108.31396484375, 74.169921875, 6.6488447189331055
v,109.35888671875, 74.3662109375, 6.648890495300293
v,109.359375, 74.3671875, -1.7762212753295898
v,109.3134765625, 74.3583984375, -1.7762231826782227
v,109.313232421875, 74.357421875, 5.01804256439209
v,109.29345703125, 74.353515625, 5.018041610717773
v,109.29345703125, 74.353515625, 5.739655494689941
v,109.22802734375, 74.341796875, 5.739652633666992
v,109.22802734375, 74.341796875, 5.684144020080566
v,108.61328125, 74.2265625, 5.684116363525391
v,108.61328125, 74.2265625, 5.739624977111816
v,108.5478515625, 74.2138671875, 5.739622116088867
v,108.5478515625, 74.2138671875, 4.96250057220459
v,108.314208984375, 74.169921875, 4.962490081787109
v,109.35888671875, 74.3662109375, 6.648890495300293
v,109.594970703125, 73.111328125, 6.6488800048828125
v,109.59521484375, 73.111328125, -1.7762327194213867
v,109.359375, 74.3671875, -1.7762212753295898
v,108.66796875, 72.9365234375, -1.7762737274169922
v,109.59521484375, 73.111328125, -1.7762327194213867
v,109.594970703125, 73.111328125, 6.6488800048828125
v,108.550048828125, 72.9150390625, 6.648833274841309
v,108.550048828125, 72.9150390625, 4.962477684020996
v,108.60205078125, 72.9248046875, 4.962480545043945
v,108.60205078125, 72.9248046875, 5.017989158630371
v,108.667724609375, 72.9365234375, 5.01799201965332
v,108.550048828125, 72.9150390625, 4.962477684020996
v,108.550048828125, 72.9150390625, 6.648833274841309
v,108.31396484375, 74.169921875, 6.6488447189331055
v,108.314208984375, 74.169921875, 4.962490081787109
v,109.29345703125, 74.353515625, 5.018041610717773
v,108.774658203125, 77.0205078125, 5.018070220947266
v,108.77490234375, 77.0205078125, -1.7761964797973633
v,108.762939453125, 77.0810546875, -1.776196002960205
v,108.762939453125, 77.0810546875, 5.739683151245117
v,109.29345703125, 74.353515625, 5.739655494689941
v,107.89453125, 76.912109375, -1.7762346267700195
v,107.89404296875, 76.9111328125, 5.018032073974609
v,107.82861328125, 76.8994140625, 5.018028259277344
v,107.82861328125, 76.8994140625, 4.962519645690918
v,105.786865234375, 76.501953125, 4.962431907653809
v,105.786865234375, 76.501953125, 5.739553451538086
v,108.762939453125, 77.0810546875, 5.739683151245117
v,108.762939453125, 77.0810546875, -1.776196002960205
v,108.5478515625, 74.2138671875, 4.96250057220459
v,108.5478515625, 74.2138671875, 5.739622116088867
v,108.426025390625, 74.83984375, 5.739627838134766
v,108.426025390625, 74.83984375, 4.962506294250488
v,108.4609375, 74.6611328125, 4.9625043869018555
v,108.426025390625, 74.83984375, 5.739627838134766
v,107.511962890625, 74.662109375, 5.739587783813477
v,107.51220703125, 74.662109375, 4.962466239929199
v,108.426025390625, 74.83984375, 4.962506294250488
v,107.51220703125, 74.662109375, 4.962466239929199
v,107.511962890625, 74.662109375, 5.739587783813477
v,107.388671875, 75.2958984375, 5.739594459533691
v,107.388671875, 75.2958984375, 4.962471961975098
v,107.388671875, 75.2958984375, 4.962471961975098
v,107.388671875, 75.2958984375, 5.739594459533691
v,106.071533203125, 75.0400390625, 5.739537239074707
v,106.071533203125, 75.0400390625, 4.96241569519043
v,106.071533203125, 75.0400390625, 4.96241569519043
v,106.071533203125, 75.0400390625, 5.739537239074707
v,105.786865234375, 76.501953125, 5.739553451538086
v,105.786865234375, 76.501953125, 4.962431907653809
v,105.864990234375, 76.44921875, 5.739555358886719
v,106.124267578125, 75.1181640625, 5.739541053771973
v,106.124267578125, 75.1181640625, 5.684032440185547
v,105.864990234375, 76.44921875, 5.684046745300293
v,108.710205078125, 77.0029296875, 5.684170722961426
v,108.710205078125, 77.0029296875, 5.739679336547852
v,105.864990234375, 76.44921875, 5.739555358886719
v,105.864990234375, 76.44921875, 5.684046745300293
v,109.22802734375, 74.341796875, 5.684144020080566
v,109.22802734375, 74.341796875, 5.739652633666992
v,108.710205078125, 77.0029296875, 5.739679336547852
v,108.710205078125, 77.0029296875, 5.684170722961426
v,108.61328125, 74.2265625, 5.739624977111816
v,108.61328125, 74.2265625, 5.684116363525391
v,108.478759765625, 74.91796875, 5.6841230392456055
v,108.478759765625, 74.91796875, 5.739631652832031
v,107.564697265625, 74.740234375, 5.684082984924316
v,107.564697265625, 74.740234375, 5.739591598510742
v,108.478759765625, 74.91796875, 5.739631652832031
v,108.478759765625, 74.91796875, 5.6841230392456055
v,107.44140625, 75.3740234375, 5.739597320556641
v,107.564697265625, 74.740234375, 5.739591598510742
v,107.564697265625, 74.740234375, 5.684082984924316
v,107.44140625, 75.3740234375, 5.684088706970215
v,106.124267578125, 75.1181640625, 5.739541053771973
v,107.44140625, 75.3740234375, 5.739597320556641
v,107.44140625, 75.3740234375, 5.684088706970215
v,106.124267578125, 75.1181640625, 5.684032440185547
v,105.273193359375, 73.486328125, 5.794988632202148
v,104.5625, 77.138671875, 5.795027732849121
v,104.5625, 77.138671875, 5.017905235290527
v,104.571044921875, 77.0966796875, 5.017904281616211
v,104.571044921875, 77.0966796875, 4.962395668029785
v,105.273193359375, 73.486328125, 4.962357521057129
v,105.325927734375, 73.564453125, 5.794991493225098
v,106.029541015625, 73.7001953125, 5.795022010803223
v,106.029541015625, 73.7001953125, 5.7395124435424805
v,105.325927734375, 73.564453125, 5.739482879638672
v,104.640625, 77.0869140625, 5.7950286865234375
v,105.325927734375, 73.564453125, 5.794991493225098
v,105.325927734375, 73.564453125, 5.739482879638672
v,104.640625, 77.0869140625, 5.739520072937012
v,105.34423828125, 77.22265625, 5.7950592041015625
v,104.640625, 77.0869140625, 5.7950286865234375
v,104.640625, 77.0869140625, 5.739520072937012
v,105.34423828125, 77.22265625, 5.73954963684082
v,106.029541015625, 73.7001953125, 5.7395124435424805
v,106.029541015625, 73.7001953125, 5.795022010803223
v,105.34423828125, 77.22265625, 5.7950592041015625
v,105.34423828125, 77.22265625, 5.73954963684082
v,105.39697265625, 77.30078125, 5.017940521240234
v,104.5625, 77.138671875, 5.017905235290527
v,104.5625, 77.138671875, 5.795027732849121
v,105.39697265625, 77.30078125, 5.795062065124512
v,106.107421875, 73.6474609375, 5.795022964477539
v,106.107421875, 73.6474609375, 4.962392807006836
v,106.001708984375, 74.1923828125, 4.962398529052734
v,105.405517578125, 77.2578125, 4.962431907653809
v,105.405517578125, 77.2578125, 5.017940521240234
v,105.39697265625, 77.30078125, 5.017940521240234
v,105.39697265625, 77.30078125, 5.795062065124512
i,0,2,3
i,6,10,13
i,19,20,21
i,22,24,25
i,27,28,34
i,40,49,50
i,67,69,60
i,75,77,74
i,79,81,78
i,83,85,82
i,86,87,91
i,95,98,101
i,106,113,114
i,118,120,121
i,122,124,125
i,126,127,131
i,135,137,134
i,139,141,138
i,142,144,145
i,147,149,146
i,152,154,155
i,158,159,160
i,162,164,165
i,167,169,166
i,171,173,170
i,174,176,177
i,179,181,178
i,182,184,185
i,186,188,189
i,191,193,190
i,194,196,197
i,199,201,198
i,202,204,205
i,206,208,209
i,211,213,210
i,215,217,214
i,218,220,221
i,222,224,225
i,227,229,226
i,231,233,230
i,234,236,237
i,239,245,248
i,253,255,252
i,259,262,263
i,265,267,264
i,269,271,272
i,276,279,280
i,284,285,286
i,287,289,290
i,292,294,291
i,295,297,298
i,300,302,299
i,304,306,303
i,307,309,310
i,312,314,311
i,315,317,318
i,320,322,319
i,324,326,323
i,327,329,330
i,334,335,336
i,337,339,340
i,342,344,341
i,346,348,345
i,350,352,349
i,353,355,356
i,359,361,363
i,0,1,2
i,15,4,13
i,4,5,6
i,6,7,8
i,4,6,13
i,13,14,15
i,11,12,10
i,12,13,10
i,8,9,10
i,6,8,10
i,21,16,17
i,17,18,21
i,18,19,21
i,22,23,24
i,28,29,32
i,29,30,32
i,30,31,32
i,32,33,28
i,33,34,28
i,35,36,37
i,35,37,26
i,34,35,26
i,34,26,27
i,40,41,42
i,42,43,45
i,43,44,45
i,40,42,49
i,42,45,46
i,49,42,46
i,46,47,48
i,46,48,49
i,50,51,39
i,51,52,39
i,53,54,55
i,53,55,56
i,56,57,38
i,53,56,38
i,52,53,38
i,52,38,39
i,39,40,50
i,73,58,72
i,58,59,72
i,62,63,65
i,63,64,65
i,70,71,72
i,67,68,69
i,70,72,59
i,69,70,60
i,70,59,60
i,61,62,65
i,61,65,66
i,61,66,60
i,66,67,60
i,75,76,77
i,79,80,81
i,83,84,85
i,87,88,90
i,88,89,90
i,92,93,86
i,87,90,91
i,91,92,86
i,101,94,95
i,95,96,97
i,98,99,101
i,99,100,101
i,95,97,98
i,117,102,116
i,102,103,116
i,108,109,110
i,108,110,111
i,108,111,112
i,116,103,104
i,115,116,104
i,107,108,112
i,114,115,105
i,115,104,105
i,106,107,112
i,106,112,113
i,114,105,106
i,118,119,120
i,122,123,124
i,127,128,129
i,127,129,130
i,132,133,126
i,127,130,131
i,131,132,126
i,135,136,137
i,139,140,141
i,142,143,144
i,147,148,149
i,155,150,152
i,150,151,152
i,152,153,154
i,161,156,160
i,156,157,160
i,157,158,160
i,162,163,164
i,167,168,169
i,171,172,173
i,174,175,176
i,179,180,181
i,182,183,184
i,186,187,188
i,191,192,193
i,194,195,196
i,199,200,201
i,202,203,204
i,206,207,208
i,211,212,213
i,215,216,217
i,218,219,220
i,222,223,224
i,227,228,229
i,231,232,233
i,234,235,236
i,239,240,242
i,240,241,242
i,242,243,244
i,250,251,249
i,251,238,249
i,239,242,244
i,245,246,248
i,246,247,248
i,239,244,245
i,249,238,248
i,238,239,248
i,253,254,255
i,263,256,257
i,257,258,263
i,258,259,263
i,259,260,262
i,260,261,262
i,265,266,267
i,273,268,269
i,269,270,271
i,272,273,269
i,281,274,275
i,276,277,278
i,280,281,275
i,276,278,279
i,280,275,276
i,286,282,283
i,283,284,286
i,287,288,289
i,292,293,294
i,295,296,297
i,300,301,302
i,304,305,306
i,307,308,309
i,312,313,314
i,315,316,317
i,320,321,322
i,324,325,326
i,327,328,329
i,336,331,334
i,331,332,334
i,332,333,334
i,337,338,339
i,342,343,344
i,346,347,348
i,350,351,352
i,353,354,355
i,363,357,359
i,357,358,359
i,359,360,361
i,361,362,363
n,0.8549627065658569, -4.421903610229492, 0.0
n,0.0001794473937479779, 7.952451414894313e-05, -4.50379753112793
n,-0.00018642222858034074, -6.733205373166129e-05, 4.50379753112793
n,-0.00017817459593061358, -7.809589442331344e-05, 4.50379753112793
n,-0.00017136285896413028, -7.591615576529875e-05, 4.50379753112793
n,-0.00018071176600642502, -6.564677460119128e-05, 4.50379753112793
n,-0.00019489727856125683, -0.00014573792577721179, 4.50379753112793
n,-0.00017891020979732275, -8.200811134884134e-05, 4.50379753112793
n,-0.00018612793064676225, -7.567275315523148e-05, 4.50379753112793
n,-0.0001791738613974303, -7.436584564857185e-05, 4.50379753112793
n,-0.00019936749595217407, -7.702482253080234e-05, 4.50379753112793
n,-0.00018393175560049713, -8.391006122110412e-05, 4.50379753112793
n,-0.00017960878903977573, -7.424138311762363e-05, 4.50379753112793
n,-0.00017398213094566017, -8.149924542522058e-05, 4.50379753112793
n,-0.00016954971943050623, -8.103126310743392e-05, 4.50379753112793
n,-0.00015008011541794986, -7.722510781604797e-05, 4.50379753112793
n,-0.869331419467926, 4.419101238250732, 0.0
n,4.418741226196289, 0.8711589574813843, 0.0
n,0.8725541830062866, -4.418466091156006, 0.0
n,-4.418792724609375, -0.8708967566490173, 0.0
n,4.423973083496094, 0.8441880941390991, 0.0
n,0.8432055115699768, -4.424160957336426, 0.0
n,-4.424577236175537, -0.8410150408744812, 0.0
n,-0.8404834866523743, 4.424678325653076, 0.0
n,4.421182155609131, 0.8586868643760681, 0.0003918093570973724
n,-0.8550857901573181, 4.421879768371582, 0.0005371870356611907
n,-0.7883147597312927, 4.43427038192749, -5.0316244596615434e-05
n,4.420854568481445, 0.8603696227073669, 0.00014108630421105772
n,4.420986175537109, 0.8596938848495483, 0.00014109048061072826
n,0.856279194355011, -4.421648979187012, 2.732712891884148e-05
n,-4.420919418334961, -0.8600375056266785, -0.0002508766483515501
n,4.420905590057373, 0.8601080179214478, 0.0
n,0.8555310368537903, -4.4217939376831055, 0.0
n,0.8299983143806458, -4.426657676696777, 0.0
n,-4.420947074890137, -0.8598958253860474, 0.0
n,-4.4210309982299805, -0.8594655990600586, 0.0
n,-0.8553227186203003, 4.4218339920043945, 0.0
n,-0.8317101001739502, 4.42633581161499, 0.0
n,4.426309108734131, 0.8318526148796082, 0.0
n,0.8317101001739502, -4.42633581161499, 0.0
n,-4.426309108734131, -0.8318526148796082, 0.0
n,-0.8306580781936646, 4.426533222198486, 0.0014179275603964925
n,4.4261369705200195, 0.8327683210372925, 0.000313553842715919
n,0.8211433291435242, -4.428308486938477, 0.00029633493977598846
n,-4.426276206970215, -0.8320297598838806, 0.0
n,4.420283317565918, 0.8633003234863281, 0.00012752387556247413
n,-0.859405517578125, 4.421041488647461, 0.0019013338023796678
n,-4.420997142791748, -0.8596382737159729, 0.0
n,0.860059380531311, -4.420915126800537, 0.0
n,-4.420649528503418, -0.8614211082458496, -0.0012334402417764068
n,0.858761727809906, -4.421167373657227, 0.0
n,-4.420792102813721, -0.8606910109519958, 0.0
n,4.420711994171143, 0.8611028790473938, 0.0
n,0.8598006367683411, -4.420965671539307, 0.0
n,-4.420876979827881, -0.8602554202079773, 0.0
n,4.421170234680176, 0.8587485551834106, 0.0
n,-0.8598628640174866, 4.420953273773193, 0.0
n,4.420933723449707, 0.8599624633789062, 0.0
n,-0.858761727809906, 4.421167373657227, 0.0
n,-4.420952796936035, -0.8598657250404358, 0.0
n,-0.8557354211807251, 4.421753883361816, 0.0
n,4.420923709869385, 0.8600171208381653, 0.0
n,0.8557354211807251, -4.421753883361816, 0.0
n,-4.420923709869385, -0.8600171208381653, 0.0
n,-0.8593922853469849, 4.421044826507568, 0.0
n,4.420919418334961, 0.8600381016731262, 0.00011390296276658773
n,0.8549627065658569, -4.421903610229492, 0.0
n,0.00017383124213665724, 7.689764606766403e-05, -4.50379753112793
n,0.0001763393811415881, 8.742509817238897e-05, -4.50379753112793
n,0.00018644917872734368, 6.902603490743786e-05, -4.50379753112793
n,0.00017574829689692706, 7.880490011302754e-05, -4.50379753112793
n,0.0001796902943169698, 7.006192754488438e-05, -4.50379753112793
n,0.00015281813102774322, 6.971185212023556e-05, -4.50379753112793
n,0.00018502633611205965, 7.699117850279436e-05, -4.50379753112793
n,0.00018094996630679816, 8.171636727638543e-05, -4.50379753112793
n,0.0001847911044023931, 8.249303209595382e-05, -4.50379753112793
n,-0.00018390976765658706, -7.313370588235557e-05, 4.50379753112793
n,-0.0001796152355382219, -7.304449536604807e-05, 4.50379753112793
n,-0.00018154979625251144, -7.405491487588733e-05, 4.50379753112793
n,-0.0001782653998816386, -7.801382889738306e-05, 4.50379753112793
n,-0.00017546777962706983, -9.274170588469133e-05, 4.50379753112793
n,-0.0001810837275115773, -9.240554209100083e-05, 4.50379753112793
n,-0.00018105683557223529, -7.770056981826201e-05, 4.50379753112793
n,-0.0001810596149880439, -7.745672337478027e-05, 4.50379753112793
n,-0.00017854265752248466, -7.973016909090802e-05, 4.50379753112793
n,-0.00017734199354890734, -8.71387601364404e-05, 4.50379753112793
n,-0.0001761919556884095, -8.895569044398144e-05, 4.50379753112793
n,-0.00015979020099621266, -8.0674777564127e-05, 4.50379753112793
n,-0.00014984865265432745, -7.76888191467151e-05, 4.50379753112793
n,-0.0001824199571274221, -7.28400846128352e-05, 4.50379753112793
n,-0.00017749676771927625, -7.786773494444788e-05, 4.50379753112793
n,-0.00017018384824041277, -8.208616054616868e-05, 4.50379753112793
n,-0.00017773160652723163, -6.975841824896634e-05, 4.50379753112793
n,-0.00017448639846406877, -6.705323903588578e-05, 4.50379753112793
n,-0.0001744380424497649, -7.0635047450196e-05, 4.50379753112793
n,-0.000256615225225687, -9.74653594312258e-05, 4.50379753112793
n,0.001028980128467083, 0.00015770622121635824, 4.5037970542907715
n,-0.00019252861966378987, -7.16725189704448e-05, 4.50379753112793
n,-0.00020704285998363048, -7.019528129603714e-05, 4.50379753112793
n,-0.00018108839867636561, -7.795205601723865e-05, 4.50379753112793
n,-0.0001840055629145354, -7.70797414588742e-05, 4.50379753112793
n,-0.00018438657571095973, -7.767994975438341e-05, 4.50379753112793
n,-0.00018405534501653165, -7.721118163317442e-05, 4.50379753112793
n,-0.0001840905169956386, -7.715824176557362e-05, 4.50379753112793
n,-0.0001700361171970144, -7.178498344728723e-05, 4.50379753112793
n,-0.00018098449800163507, -6.611075514229015e-05, 4.50379753112793
n,-0.00021617632592096925, -9.469223004998639e-05, 4.50379753112793
n,-0.0002200850285589695, -9.57892625592649e-05, 4.50379753112793
n,-0.00019376307318452746, -7.073262531775981e-05, 4.50379753112793
n,-0.00016255474474746734, -6.584547372767702e-05, 4.50379753112793
n,-0.00018637158791534603, -3.634245877037756e-05, 4.50379753112793
n,-0.0002487784076947719, -0.00013926181418355554, 4.50379753112793
n,-0.00017019484948832542, -0.00012946513015776873, 4.50379753112793
n,-0.0001841818302636966, -1.6817717551020905e-05, 4.50379753112793
n,-0.00014002910756971687, -0.00027784903068095446, 4.50379753112793
n,-0.000183212585397996, -5.4906875448068604e-05, 4.50379753112793
n,-0.00017896525969263166, -7.467576506314799e-05, 4.50379753112793
n,-0.00017557803948875517, -7.696214015595615e-05, 4.50379753112793
n,-0.0001448506664019078, -7.066801481414586e-05, 4.50379753112793
n,-0.00017891020979732275, -8.200811134884134e-05, 4.50379753112793
n,-0.00018612793064676225, -7.567275315523148e-05, 4.50379753112793
n,-0.00014554527297150344, -6.99378433637321e-05, 4.50379753112793
n,-0.00018378545064479113, -7.119213114492595e-05, 4.50379753112793
n,-0.00017818259948398918, -0.00011795752652687952, 4.50379753112793
n,-0.0001879773917607963, -6.830724305473268e-05, 4.50379753112793
n,-0.0001791738613974303, -7.436584564857185e-05, 4.50379753112793
n,-0.0001887963735498488, -6.147138628875837e-05, 4.50379753112793
n,-0.00018107288633473217, -7.739729335298762e-05, 4.50379753112793
n,-0.00018960080342367291, -8.091985364444554e-05, 4.50379753112793
n,-0.0001802022015908733, -8.6814965470694e-05, 4.50379753112793
n,-0.000177839319803752, -8.335115853697062e-05, 4.50379753112793
n,-0.000191275350516662, -8.309487020596862e-05, 4.50379753112793
n,-0.00016046779637690634, -7.710004138061777e-05, 4.50379753112793
n,-0.00017170715727843344, -7.957498746691272e-05, 4.50379753112793
n,-0.00016156242054421455, -7.408198871416971e-05, 4.50379753112793
n,-0.0001741584128467366, -7.792039832565933e-05, 4.50379753112793
n,-0.00018200073100160807, -7.262682629516348e-05, 4.50379753112793
n,-0.00018200025078840554, -7.26271464372985e-05, 4.50379753112793
n,-0.0001749352813931182, -0.00011389665451133624, 4.50379753112793
n,-0.00018200073100160807, -7.262682629516348e-05, 4.50379753112793
n,-0.000168738974025473, -8.157852425938472e-05, 4.50379753112793
n,-0.0001512975723017007, -7.902133802417666e-05, 4.50379753112793
n,-0.00017630684305913746, -7.64702053857036e-05, 4.50379753112793
n,-0.00017630684305913746, -7.64702053857036e-05, 4.50379753112793
n,-0.00017960878903977573, -7.424138311762363e-05, 4.50379753112793
n,-0.00017398213094566017, -8.149924542522058e-05, 4.50379753112793
n,-0.0001488064881414175, -7.660174742341042e-05, 4.50379753112793
n,-0.0001671979989623651, -0.0001041890136548318, 4.50379753112793
n,-0.00017475233471486717, -7.751950033707544e-05, 4.50379753112793
n,-0.00017211913655046374, -7.929690764285624e-05, 4.50379753112793
n,-0.00017000315710902214, -8.072519995039329e-05, 4.50379753112793
n,-0.00016931662685237825, -0.00010560684313531965, 4.50379753112793
n,-0.869331419467926, 4.419101238250732, 0.0
n,4.418741226196289, 0.8711589574813843, 0.0
n,0.8725541830062866, -4.418466091156006, 0.0
n,-4.418792724609375, -0.8708967566490173, 0.0
n,4.4240641593933105, 0.843383252620697, 0.023458493873476982
n,4.424464225769043, 0.8416100740432739, 0.0
n,4.423973083496094, 0.8441880941390991, 0.0
n,0.8330007195472717, -4.426093101501465, 0.0
n,0.8398432731628418, -4.423147201538086, -0.12093181163072586
n,0.8432055115699768, -4.424160480499268, 0.0
n,-4.424577236175537, -0.8410150408744812, 0.0
n,-0.8404833674430847, 4.424678325653076, 0.0
n,4.420811176300049, 0.8605905771255493, 0.00014108492177911103
n,-0.8562241196632385, 4.421659469604492, -2.732537359406706e-05
n,-0.779913067817688, 4.435755729675293, -2.4889995984267443e-05
n,4.420907020568848, 0.8601000905036926, 0.0002508842444512993
n,4.420986175537109, 0.8596938848495483, 0.0001410904951626435
n,0.856279194355011, -4.421648979187012, 2.7327130737830885e-05
n,-4.4208984375, -0.8601449131965637, -0.00014108768664300442
n,4.420905590057373, 0.8601080179214478, 0.0
n,0.8555310368537903, -4.4217939376831055, 0.0
n,0.8299983143806458, -4.426657676696777, 0.0
n,-4.420947074890137, -0.8598958253860474, 0.0
n,-4.4210309982299805, -0.8594655990600586, 0.0
n,-0.8553227186203003, 4.4218339920043945, 0.0
n,-0.8317101001739502, 4.42633581161499, 0.0
n,4.426309108734131, 0.8318526148796082, 0.0
n,0.8317101001739502, -4.42633581161499, 0.0
n,-4.426309108734131, -0.8318526148796082, 0.0
n,-0.853009819984436, 4.422280788421631, 0.00041134533239528537
n,-0.835039496421814, 4.425709247589111, 0.000538315623998642
n,-0.779913067817688, 4.435755729675293, 0.0
n,-0.8374326825141907, 4.425257205963135, 0.0
n,-0.8370872735977173, 4.425322532653809, -0.00010763237514765933
n,-0.809817910194397, 4.430393218994141, -0.0008434922201558948
n,-0.8306581377983093, 4.4265336990356445, 0.0
n,-0.8306581377983093, 4.4265336990356445, 0.0
n,-0.8211432099342346, 4.428308486938477, 0.0
n,-0.8237800598144531, 4.427817344665527, 0.003437919309362769
n,-0.8303865194320679, 4.426584243774414, 0.0011872902978211641
n,4.426380157470703, 0.831474781036377, 0.00011391848238417879
n,0.8320601582527161, -4.426270484924316, 2.6554209398454987e-05
n,0.8320237994194031, -4.426277160644531, 2.1413181457319297e-05
n,0.8303864598274231, -4.426584243774414, 0.000985339400358498
n,0.8121601939201355, -4.429965019226074, 0.0
n,0.8121601939201355, -4.429965019226074, 0.0
n,-4.426137447357178, -0.8327683210372925, -0.0005691111437045038
n,4.420907020568848, 0.8601000905036926, 0.0
n,4.4169511795043945, 0.8801894783973694, 0.00028192345052957535
n,4.420886993408203, 0.8602028489112854, 0.00039420812390744686
n,-0.8565065264701843, 4.421604633331299, 0.0005097722169011831
n,-0.8600530028343201, 4.420916557312012, 0.0
n,-0.8605337738990784, 4.420822620391846, -2.4826145818224177e-05
n,-0.8600529432296753, 4.4209160804748535, 0.0
n,-0.8237351179122925, 4.427588939666748, -0.045914895832538605
n,-4.420818328857422, -0.8605573177337646, 0.0
n,-4.42086935043335, -0.8602938652038574, 0.00015717747737653553
n,0.8598628640174866, -4.420953273773193, 0.0002399170771241188
n,-4.420933723449707, -0.8599624633789062, 0.0
n,0.858761727809906, -4.421167373657227, 0.0
n,-4.420792102813721, -0.8606910109519958, 0.0
n,4.420711994171143, 0.8611028790473938, 0.0
n,0.8598006367683411, -4.420965671539307, 0.0
n,-4.420876979827881, -0.8602554202079773, 0.0
n,4.421170234680176, 0.8587485551834106, 0.0
n,-0.8598628640174866, 4.420953273773193, 0.0
n,4.420933723449707, 0.8599624633789062, 0.0
n,-0.858761727809906, 4.421167373657227, 0.0
n,-4.420952796936035, -0.859865665435791, 0.0
n,-4.420909404754639, -0.8600878715515137, -0.0010709380730986595
n,-4.417201042175293, -0.8789329528808594, 0.0
n,-0.8557354211807251, 4.421753883361816, 0.0
n,4.420923709869385, 0.8600171208381653, 0.0
n,0.8557354211807251, -4.421753883361816, 0.0
n,-4.420923709869385, -0.8600171208381653, 0.0
n,-0.8593922853469849, 4.421044826507568, 0.0
n,4.420947551727295, 0.8598911166191101, 0.0006833384395577013
n,4.421143531799316, 0.8588845729827881, 0.0
n,4.420918941497803, 0.8600400686264038, 0.0
n,4.420536041259766, 0.8620045781135559, 0.0
u,0.6472051739692688, 0.15210969746112823, 0
u,0.6976125836372375, 0.10238569974899292, 0
u,0.6976125836372375, 0.15210969746112823, 0
u,0.0, 0.0, 0
u,0.0, 0.0, 0
u,0.0, 0.0, 0
u,0.6726034283638, 0.42340388894081116, 0
u,0.6725392937660217, 0.4544512927532196, 0
u,0.6582810878753662, 0.45450910925865173, 0
u,0.7047321796417236, 0.45432049036026, 0
u,0.6585286855697632, 0.5162879824638367, 0
u,0.6582810878753662, 0.45450910925865173, 0
u,0.7050877213478088, 0.5444610714912415, 0
u,0.7049757838249207, 0.5160847902297974, 0
u,0.7530571222305298, 0.5308576822280884, 0
u,0.5533081889152527, 0.4727959930896759, 0
u,0.4966942071914673, 0.5954707264900208, 0
u,0.496506005525589, 0.40804168581962585, 0
u,0.888237476348877, 0.5954707264900208, 0
u,0.8908066749572754, 0.594639778137207, 0
u,0.892147421836853, 0.5994036197662354, 0
u,0.8368194103240967, 0.35065269470214844, 0
u,0.6775081753730774, 0.35183799266815186, 0
u,0.6775004267692566, 0.3506579101085663, 0
u,0.6736025214195251, 0.35185569524765015, 0
u,0.6068571209907532, 0.40719619393348694, 0
u,0.6064953207969666, 0.352284699678421, 0
u,0.6739640831947327, 0.40676718950271606, 0
u,0.6029773950576782, 0.41115400195121765, 0
u,0.6068571209907532, 0.40719619393348694, 0
u,0.6025636196136475, 0.34837689995765686, 0
u,0.6774821877479553, 0.34789788722991943, 0
u,0.6064953207969666, 0.352284699678421, 0
u,0.7191305756568909, 0.39269089698791504, 0
u,0.8365135192871094, 0.35576990246772766, 0
u,0.7569512724876404, 0.44768041372299194, 0
u,0.7530459761619568, 0.45161309838294983, 0
u,0.7569512724876404, 0.44768041372299194, 0
u,0.7569624185562134, 0.5269250273704529, 0
u,0.6765174865722656, 0.590713620185852, 0
u,0.886857271194458, 0.5483865141868591, 0
u,0.8868973255157471, 0.590707004070282, 0
u,0.6765174865722656, 0.590713620185852, 0
u,0.8908066749572754, 0.594639778137207, 0
u,0.6726163029670715, 0.594646692276001, 0
u,0.6725574731826782, 0.5444623827934265, 0
u,0.8907594084739685, 0.5444533824920654, 0
u,0.676467776298523, 0.5483952164649963, 0
u,0.6827452182769775, 0.10139170289039612, 0
u,0.6516848206520081, 0.07946880161762238, 0
u,0.6827452182769775, 0.07946880161762238, 0
u,0.6516848206520081, 0.07946880161762238, 0
u,0.531640887260437, 0.10139170289039612, 0
u,0.531640887260437, 0.07946880161762238, 0
u,0.531640887260437, 0.07946880161762238, 0
u,0.4819332957267761, 0.10139170289039612, 0
u,0.4819332957267761, 0.07946880161762238, 0
u,0.4819332957267761, 0.10139170289039612, 0
u,0.37611061334609985, 0.07946880161762238, 0
u,0.4819332957267761, 0.07946880161762238, 0
u,0.8945016264915466, 0.3960283100605011, 0
u,0.9162880778312683, 0.42870721220970154, 0
u,0.8933860063552856, 0.42870721220970154, 0
u,0.9162880778312683, 0.5381191968917847, 0
u,0.9162880778312683, 0.5816922783851624, 0
u,0.8945016264915466, 0.5816922783851624, 0
u,0.9162880778312683, 0.49097079038619995, 0
u,0.8933860063552856, 0.5381191968917847, 0
u,0.8933860063552856, 0.49097079038619995, 0
u,0.8933860063552856, 0.49097079038619995, 0
u,0.9162880778312683, 0.42870721220970154, 0
u,0.9162880778312683, 0.49097079038619995, 0
u,0.0, 0.6023380160331726, 0
u,0.0510701984167099, 1.0, 0
u,0.0, 1.0, 0
u,0.24333199858665466, 1.0, 0
u,0.0510701984167099, 0.6023380160331726, 0
u,0.24333199858665466, 0.6023380160331726, 0
u,0.3743407130241394, 0.0009941000025719404, 0
u,0.0, 0.002106900094076991, 0
u,0.0, 0.0009941000025719404, 0
u,0.3743407130241394, 0.002106900094076991, 0
u,0.0, 0.15285049378871918, 0
u,0.0, 0.002106900094076991, 0
u,0.940829873085022, 0.6023380160331726, 0
u,0.8314576148986816, 1.0, 0
u,0.8314576148986816, 0.6023380160331726, 0
u,0.6392040848731995, 1.0, 0
u,0.8314576148986816, 0.6023380160331726, 0
u,0.8314576148986816, 1.0, 0
u,0.6392040848731995, 0.6023380160331726, 0
u,0.24333199858665466, 1.0, 0
u,0.24333199858665466, 0.6023380160331726, 0
u,0.9901283979415894, 0.6080048084259033, 0
u,0.9933577179908752, 0.9991757869720459, 0
u,0.9901283979415894, 0.9991757869720459, 0
u,0.492596298456192, 0.3409543037414551, 0
u,0.6296545267105103, 0.33763858675956726, 0
u,0.6296545267105103, 0.3409543037414551, 0
u,0.9933577179908752, 1.0, 0
u,0.9901283979415894, 0.9991757869720459, 0
u,0.9933577179908752, 0.9991757869720459, 0
u,0.677827775478363, 0.3409543037414551, 0
u,0.6296545267105103, 0.33763858675956726, 0
u,0.677827775478363, 0.33763858675956726, 0
u,0.9933577179908752, 0.3156982958316803, 0
u,0.9901283979415894, 0.4220479130744934, 0
u,0.9901283979415894, 0.3156982958316803, 0
u,0.9901283979415894, 0.6080048084259033, 0
u,0.9933577179908752, 0.4220479130744934, 0
u,0.9933577179908752, 0.6080048084259033, 0
u,0.6709179282188416, 0.3459244966506958, 0
u,0.615720272064209, 0.3426071107387543, 0
u,0.6709179282188416, 0.3426071107387543, 0
u,0.6709179282188416, 0.3459244966506958, 0
u,0.7388439774513245, 0.3426071107387543, 0
u,0.7388439774513245, 0.3459244966506958, 0
u,0.492596298456192, 0.3459244966506958, 0
u,0.547793984413147, 0.3426071107387543, 0
u,0.547793984413147, 0.3459244966506958, 0
u,0.615720272064209, 0.3459244966506958, 0
u,0.547793984413147, 0.3426071107387543, 0
u,0.615720272064209, 0.3426071107387543, 0
u,0.0, 0.53631591796875, 0
u,0.05296419933438301, 0.5441375970840454, 0
u,0.05296419933438301, 0.5808225870132446, 0
u,0.0, 0.46136918663978577, 0
u,0.4907759130001068, 0.53631591796875, 0
u,0.0, 0.53631591796875, 0
u,0.0, 0.3990023136138916, 0
u,0.094999298453331, 0.40210720896720886, 0
u,0.094999298453331, 0.40601441264152527, 0
u,0.0, 0.3990023136138916, 0
u,0.09823279827833176, 0.3240557014942169, 0
u,0.09823279827833176, 0.3990023136138916, 0
u,0.807405412197113, 0.16458040475845337, 0
u,0.4175716042518616, 0.16103379428386688, 0
u,0.8488093018531799, 0.16103379428386688, 0
u,0.040862299501895905, 0.20631420612335205, 0
u,0.0009871999500319362, 0.32206758856773376, 0
u,0.0009871999500319362, 0.15335460007190704, 0
u,0.9427443742752075, 0.9611449837684631, 0
u,0.9888424873352051, 0.9611449837684631, 0
u,0.9888424873352051, 0.9720653295516968, 0
u,0.9427443742752075, 0.9611449837684631, 0
u,0.9888424873352051, 0.905518114566803, 0
u,0.9888424873352051, 0.9611449837684631, 0
u,0.9427443742752075, 0.905518114566803, 0
u,0.9888424873352051, 0.8669890761375427, 0
u,0.9888424873352051, 0.905518114566803, 0
u,0.9888424873352051, 0.8669890761375427, 0
u,0.9427443742752075, 0.786821186542511, 0
u,0.9888424873352051, 0.786821186542511, 0
u,0.9427443742752075, 0.786821186542511, 0
u,0.9888424873352051, 0.6978132128715515, 0
u,0.9888424873352051, 0.786821186542511, 0
u,0.9950641989707947, 0.5819985270500183, 0
u,0.9983636736869812, 0.6632155179977417, 0
u,0.9950641989707947, 0.6632155179977417, 0
u,0.9983636736869812, 0.8367236256599426, 0
u,0.9950641989707947, 0.6632155179977417, 0
u,0.9983636736869812, 0.6632155179977417, 0
u,0.9950641989707947, 0.9990059733390808, 0
u,0.9983636736869812, 0.8367236256599426, 0
u,0.9983636736869812, 0.9990059733390808, 0
u,0.9950641989707947, 0.36510491371154785, 0
u,0.9983636736869812, 0.407317191362381, 0
u,0.9950641989707947, 0.407317191362381, 0
u,0.9950641989707947, 0.46305909752845764, 0
u,0.9983636736869812, 0.407317191362381, 0
u,0.9983636736869812, 0.46305909752845764, 0
u,0.9950641989707947, 0.46305909752845764, 0
u,0.9983636736869812, 0.5016664266586304, 0
u,0.9950641989707947, 0.5016664266586304, 0
u,0.9950641989707947, 0.5819985270500183, 0
u,0.9983636736869812, 0.5016664266586304, 0
u,0.9983636736869812, 0.5819985270500183, 0
u,0.4291195869445801, 0.10570070147514343, 0
u,0.4291195869445801, 0.10238569974899292, 0
u,0.6472051739692688, 0.10238569974899292, 0
u,0.7158886790275574, 0.16103379428386688, 0
u,0.6731690168380737, 0.15770229697227478, 0
u,0.7158886790275574, 0.15770229697227478, 0
u,0.7158886790275574, 0.16103379428386688, 0
u,0.929741382598877, 0.15770229697227478, 0
u,0.929741382598877, 0.16103379428386688, 0
u,0.41658440232276917, 0.16103379428386688, 0
u,0.4593062996864319, 0.15770229697227478, 0
u,0.4593062996864319, 0.16103379428386688, 0
u,0.6731690168380737, 0.16103379428386688, 0
u,0.4593062996864319, 0.15770229697227478, 0
u,0.6731690168380737, 0.15770229697227478, 0
u,0.37611061334609985, 0.10570070147514343, 0
u,0.42652010917663574, 0.15210969746112823, 0
u,0.37611061334609985, 0.15210969746112823, 0
u,0.7305148243904114, 0.10238569974899292, 0
u,0.9157044887542725, 0.10570070147514343, 0
u,0.9183093905448914, 0.15210969746112823, 0
u,0.6472051739692688, 0.15210969746112823, 0
u,0.6472051739692688, 0.10238569974899292, 0
u,0.6976125836372375, 0.10238569974899292, 0
u,0.0, 0.0, 0
u,0.0, 0.0, 0
u,0.0, 0.0, 0
u,0.0, 0.0, 0
u,0.0, 0.0, 0
u,0.0, 0.0, 0
u,0.0, 0.0, 0
u,0.0, 0.0, 0
u,0.0, 0.0, 0
u,0.0, 0.0, 0
u,0.0, 0.0, 0
u,0.0, 0.0, 0
u,0.0, 0.0, 0
u,0.0, 0.0, 0
u,0.0, 0.0, 0
u,0.0, 0.0, 0
u,0.0, 0.0, 0
u,0.0, 0.0, 0
u,0.0, 0.0, 0
u,0.0, 0.0, 0
u,0.0, 0.0, 0
u,0.0, 0.0, 0
u,0.0, 0.0, 0
u,0.0, 0.0, 0
u,0.0, 0.0, 0
u,0.0, 0.0, 0
u,0.0, 0.0, 0
u,0.6582810878753662, 0.45450910925865173, 0
u,0.6583554744720459, 0.4730643928050995, 0
u,0.5533081889152527, 0.4727959930896759, 0
u,0.5533081889152527, 0.4727959930896759, 0
u,0.5534393191337585, 0.4231092035770416, 0
u,0.6582810878753662, 0.45450910925865173, 0
u,0.5534393191337585, 0.4231092035770416, 0
u,0.6726034283638, 0.42340388894081116, 0
u,0.6582810878753662, 0.45450910925865173, 0
u,0.7047321796417236, 0.45432049036026, 0
u,0.7049757838249207, 0.5160847902297974, 0
u,0.6585286855697632, 0.5162879824638367, 0
u,0.7049757838249207, 0.5160847902297974, 0
u,0.7047321796417236, 0.45432049036026, 0
u,0.7152237892150879, 0.45161089301109314, 0
u,0.7047321796417236, 0.45432049036026, 0
u,0.7045047283172607, 0.3966261148452759, 0
u,0.7152237892150879, 0.45161089301109314, 0
u,0.7045047283172607, 0.3966261148452759, 0
u,0.7152246832847595, 0.3966243863105774, 0
u,0.7152237892150879, 0.45161089301109314, 0
u,0.7152237892150879, 0.45161089301109314, 0
u,0.7530459761619568, 0.45161309838294983, 0
u,0.7049757838249207, 0.5160847902297974, 0
u,0.7530459761619568, 0.45161309838294983, 0
u,0.7530571222305298, 0.5308576822280884, 0
u,0.7049757838249207, 0.5160847902297974, 0
u,0.8404324054718018, 0.5308625102043152, 0
u,0.8404232263565063, 0.40803369879722595, 0
u,0.8880407214164734, 0.40803369879722595, 0
u,0.8404324054718018, 0.5308625102043152, 0
u,0.8880407214164734, 0.40803369879722595, 0
u,0.8881840109825134, 0.544453501701355, 0
u,0.7530571222305298, 0.5308576822280884, 0
u,0.8404324054718018, 0.5308625102043152, 0
u,0.8881840109825134, 0.544453501701355, 0
u,0.7530571222305298, 0.5308576822280884, 0
u,0.8881840109825134, 0.544453501701355, 0
u,0.7050877213478088, 0.5444610714912415, 0
u,0.5533081889152527, 0.4727959930896759, 0
u,0.6583554744720459, 0.4730643928050995, 0
u,0.6585286855697632, 0.5162879824638367, 0
u,0.6585286855697632, 0.5162879824638367, 0
u,0.7049757838249207, 0.5160847902297974, 0
u,0.6725574731826782, 0.5444623827934265, 0
u,0.7049757838249207, 0.5160847902297974, 0
u,0.7050877213478088, 0.5444610714912415, 0
u,0.6725574731826782, 0.5444623827934265, 0
u,0.5533081889152527, 0.4727959930896759, 0
u,0.6585286855697632, 0.5162879824638367, 0
u,0.4966942071914673, 0.5954707264900208, 0
u,0.6585286855697632, 0.5162879824638367, 0
u,0.6725574731826782, 0.5444623827934265, 0
u,0.6726163029670715, 0.594646692276001, 0
u,0.4966942071914673, 0.5954707264900208, 0
u,0.6585286855697632, 0.5162879824638367, 0
u,0.6726163029670715, 0.594646692276001, 0
u,0.6726163029670715, 0.594646692276001, 0
u,0.8882365822792053, 0.5946398973464966, 0
u,0.888237476348877, 0.5954707264900208, 0
u,0.6726163029670715, 0.594646692276001, 0
u,0.888237476348877, 0.5954707264900208, 0
u,0.4966942071914673, 0.5954707264900208, 0
u,0.496506005525589, 0.40804168581962585, 0
u,0.6029567718505859, 0.4080286920070648, 0
u,0.5534393191337585, 0.4231092035770416, 0
u,0.6029567718505859, 0.4080286920070648, 0
u,0.6029773950576782, 0.41115400195121765, 0
u,0.5534393191337585, 0.4231092035770416, 0
u,0.6778957843780518, 0.4106749892234802, 0
u,0.6778032183647156, 0.396630197763443, 0
u,0.7045047283172607, 0.3966261148452759, 0
u,0.6778957843780518, 0.4106749892234802, 0
u,0.7045047283172607, 0.3966261148452759, 0
u,0.7047321796417236, 0.45432049036026, 0
u,0.7047321796417236, 0.45432049036026, 0
u,0.6725392937660217, 0.4544512927532196, 0
u,0.6726034283638, 0.42340388894081116, 0
u,0.6778957843780518, 0.4106749892234802, 0
u,0.7047321796417236, 0.45432049036026, 0
u,0.6726034283638, 0.42340388894081116, 0
u,0.6029773950576782, 0.41115400195121765, 0
u,0.6778957843780518, 0.4106749892234802, 0
u,0.6726034283638, 0.42340388894081116, 0
u,0.6029773950576782, 0.41115400195121765, 0
u,0.6726034283638, 0.42340388894081116, 0
u,0.5534393191337585, 0.4231092035770416, 0
u,0.5534393191337585, 0.4231092035770416, 0
u,0.5533081889152527, 0.4727959930896759, 0
u,0.496506005525589, 0.40804168581962585, 0
u,0.8404232263565063, 0.40803369879722595, 0
u,0.8404229283332825, 0.40410080552101135, 0
u,0.8880407214164734, 0.40803369879722595, 0
u,0.8404229283332825, 0.40410080552101135, 0
u,0.8919423818588257, 0.40410080552101135, 0
u,0.8880407214164734, 0.40803369879722595, 0
u,0.492596298456192, 0.4041092097759247, 0
u,0.6029307842254639, 0.40409570932388306, 0
u,0.496506005525589, 0.40804168581962585, 0
u,0.6029307842254639, 0.40409570932388306, 0
u,0.6029567718505859, 0.4080286920070648, 0
u,0.496506005525589, 0.40804168581962585, 0
u,0.8907594084739685, 0.5444533824920654, 0
u,0.8881840109825134, 0.544453501701355, 0
u,0.8880407214164734, 0.40803369879722595, 0
u,0.888237476348877, 0.5954707264900208, 0
u,0.8882365822792053, 0.5946398973464966, 0
u,0.8908066749572754, 0.594639778137207, 0
u,0.8907594084739685, 0.5444533824920654, 0
u,0.8880407214164734, 0.40803369879722595, 0
u,0.8919423818588257, 0.40410080552101135, 0
u,0.8908066749572754, 0.594639778137207, 0
u,0.8907594084739685, 0.5444533824920654, 0
u,0.892147421836853, 0.5994036197662354, 0
u,0.8907594084739685, 0.5444533824920654, 0
u,0.8919423818588257, 0.40410080552101135, 0
u,0.892147421836853, 0.5994036197662354, 0
u,0.49279239773750305, 0.5994036197662354, 0
u,0.492596298456192, 0.4041092097759247, 0
u,0.496506005525589, 0.40804168581962585, 0
u,0.49279239773750305, 0.5994036197662354, 0
u,0.496506005525589, 0.40804168581962585, 0
u,0.4966942071914673, 0.5954707264900208, 0
u,0.49279239773750305, 0.5994036197662354, 0
u,0.4966942071914673, 0.5954707264900208, 0
u,0.892147421836853, 0.5994036197662354, 0
u,0.4966942071914673, 0.5954707264900208, 0
u,0.888237476348877, 0.5954707264900208, 0
u,0.892147421836853, 0.5994036197662354, 0
u,0.8368194103240967, 0.35065269470214844, 0
u,0.836819589138031, 0.35183700919151306, 0
u,0.6775081753730774, 0.35183799266815186, 0
u,0.6736025214195251, 0.35185569524765015, 0
u,0.6739640831947327, 0.40676718950271606, 0
u,0.6068571209907532, 0.40719619393348694, 0
u,0.6739640831947327, 0.40676718950271606, 0
u,0.6778957843780518, 0.4106749892234802, 0
u,0.6029773950576782, 0.41115400195121765, 0
u,0.6774821877479553, 0.34789788722991943, 0
u,0.6778957843780518, 0.4106749892234802, 0
u,0.6736025214195251, 0.35185569524765015, 0
u,0.6778957843780518, 0.4106749892234802, 0
u,0.6739640831947327, 0.40676718950271606, 0
u,0.6736025214195251, 0.35185569524765015, 0
u,0.6068571209907532, 0.40719619393348694, 0
u,0.6029773950576782, 0.41115400195121765, 0
u,0.6025636196136475, 0.34837689995765686, 0
u,0.6774821877479553, 0.34789788722991943, 0
u,0.6736025214195251, 0.35185569524765015, 0
u,0.6064953207969666, 0.352284699678421, 0
u,0.6064953207969666, 0.352284699678421, 0
u,0.6068571209907532, 0.40719619393348694, 0
u,0.6025636196136475, 0.34837689995765686, 0
u,0.7569512724876404, 0.44768041372299194, 0
u,0.7191296815872192, 0.4476780891418457, 0
u,0.7191305756568909, 0.39269089698791504, 0
u,0.7191305756568909, 0.39269089698791504, 0
u,0.6777772903442383, 0.3926973044872284, 0
u,0.6775342226028442, 0.35577088594436646, 0
u,0.8365135192871094, 0.35576990246772766, 0
u,0.8365262746810913, 0.5269293189048767, 0
u,0.7569512724876404, 0.44768041372299194, 0
u,0.8365262746810913, 0.5269293189048767, 0
u,0.7569624185562134, 0.5269250273704529, 0
u,0.7569512724876404, 0.44768041372299194, 0
u,0.7191305756568909, 0.39269089698791504, 0
u,0.6775342226028442, 0.35577088594436646, 0
u,0.8365135192871094, 0.35576990246772766, 0
u,0.6775342226028442, 0.35577088594436646, 0
u,0.6775081753730774, 0.35183799266815186, 0
u,0.8365135192871094, 0.35576990246772766, 0
u,0.6775081753730774, 0.35183799266815186, 0
u,0.8404188752174377, 0.3518368899822235, 0
u,0.8365135192871094, 0.35576990246772766, 0
u,0.7152246832847595, 0.3966243863105774, 0
u,0.6778032183647156, 0.396630197763443, 0
u,0.6777772903442383, 0.3926973044872284, 0
u,0.7152246832847595, 0.3966243863105774, 0
u,0.6777772903442383, 0.3926973044872284, 0
u,0.7191305756568909, 0.39269089698791504, 0
u,0.7152246832847595, 0.3966243863105774, 0
u,0.7191305756568909, 0.39269089698791504, 0
u,0.7191296815872192, 0.4476780891418457, 0
u,0.8365135192871094, 0.35576990246772766, 0
u,0.8404188752174377, 0.3518368899822235, 0
u,0.8404324054718018, 0.5308625102043152, 0
u,0.8365262746810913, 0.5269293189048767, 0
u,0.8365135192871094, 0.35576990246772766, 0
u,0.8404324054718018, 0.5308625102043152, 0
u,0.7152237892150879, 0.45161089301109314, 0
u,0.7152246832847595, 0.3966243863105774, 0
u,0.7191296815872192, 0.4476780891418457, 0
u,0.7569624185562134, 0.5269250273704529, 0
u,0.8365262746810913, 0.5269293189048767, 0
u,0.7530571222305298, 0.5308576822280884, 0
u,0.8365262746810913, 0.5269293189048767, 0
u,0.8404324054718018, 0.5308625102043152, 0
u,0.7530571222305298, 0.5308576822280884, 0
u,0.7530459761619568, 0.45161309838294983, 0
u,0.7152237892150879, 0.45161089301109314, 0
u,0.7191296815872192, 0.4476780891418457, 0
u,0.7530459761619568, 0.45161309838294983, 0
u,0.7191296815872192, 0.4476780891418457, 0
u,0.7569512724876404, 0.44768041372299194, 0
u,0.7569624185562134, 0.5269250273704529, 0
u,0.7530571222305298, 0.5308576822280884, 0
u,0.7530459761619568, 0.45161309838294983, 0
u,0.6765174865722656, 0.590713620185852, 0
u,0.676467776298523, 0.5483952164649963, 0
u,0.886857271194458, 0.5483865141868591, 0
u,0.6765174865722656, 0.590713620185852, 0
u,0.8868973255157471, 0.590707004070282, 0
u,0.8908066749572754, 0.594639778137207, 0
u,0.8907594084739685, 0.5444533824920654, 0
u,0.8908066749572754, 0.594639778137207, 0
u,0.8868973255157471, 0.590707004070282, 0
u,0.8907594084739685, 0.5444533824920654, 0
u,0.8868973255157471, 0.590707004070282, 0
u,0.886857271194458, 0.5483865141868591, 0
u,0.6765174865722656, 0.590713620185852, 0
u,0.6726163029670715, 0.594646692276001, 0
u,0.6725574731826782, 0.5444623827934265, 0
u,0.8907594084739685, 0.5444533824920654, 0
u,0.886857271194458, 0.5483865141868591, 0
u,0.676467776298523, 0.5483952164649963, 0
u,0.676467776298523, 0.5483952164649963, 0
u,0.6765174865722656, 0.590713620185852, 0
u,0.6725574731826782, 0.5444623827934265, 0
u,0.6827452182769775, 0.10139170289039612, 0
u,0.6516848206520081, 0.10139170289039612, 0
u,0.6516848206520081, 0.07946880161762238, 0
u,0.6516848206520081, 0.07946880161762238, 0
u,0.6516848206520081, 0.10139170289039612, 0
u,0.531640887260437, 0.10139170289039612, 0
u,0.531640887260437, 0.07946880161762238, 0
u,0.531640887260437, 0.10139170289039612, 0
u,0.4819332957267761, 0.10139170289039612, 0
u,0.4819332957267761, 0.10139170289039612, 0
u,0.37611061334609985, 0.10139170289039612, 0
u,0.37611061334609985, 0.07946880161762238, 0
u,0.8933860063552856, 0.42870721220970154, 0
u,0.8933860063552856, 0.3815546929836273, 0
u,0.8945016264915466, 0.3960283100605011, 0
u,0.8933860063552856, 0.3815546929836273, 0
u,0.8945016264915466, 0.3815546929836273, 0
u,0.8945016264915466, 0.3960283100605011, 0
u,0.8945016264915466, 0.3960283100605011, 0
u,0.9162880778312683, 0.3960283100605011, 0
u,0.9162880778312683, 0.42870721220970154, 0
u,0.8945016264915466, 0.6003975868225098, 0
u,0.8933860063552856, 0.6003975868225098, 0
u,0.8945016264915466, 0.5816922783851624, 0
u,0.8933860063552856, 0.6003975868225098, 0
u,0.8933860063552856, 0.5381191968917847, 0
u,0.8945016264915466, 0.5816922783851624, 0
u,0.8933860063552856, 0.5381191968917847, 0
u,0.9162880778312683, 0.5381191968917847, 0
u,0.8945016264915466, 0.5816922783851624, 0
u,0.9162880778312683, 0.49097079038619995, 0
u,0.9162880778312683, 0.5381191968917847, 0
u,0.8933860063552856, 0.5381191968917847, 0
u,0.8933860063552856, 0.49097079038619995, 0
u,0.8933860063552856, 0.42870721220970154, 0
u,0.9162880778312683, 0.42870721220970154, 0
u,0.0, 0.6023380160331726, 0
u,0.0510701984167099, 0.6023380160331726, 0
u,0.0510701984167099, 1.0, 0
u,0.24333199858665466, 1.0, 0
u,0.0510701984167099, 1.0, 0
u,0.0510701984167099, 0.6023380160331726, 0
u,0.3743407130241394, 0.0009941000025719404, 0
u,0.3743407130241394, 0.002106900094076991, 0
u,0.0, 0.002106900094076991, 0
u,0.3743407130241394, 0.002106900094076991, 0
u,0.3743407130241394, 0.15285049378871918, 0
u,0.0, 0.15285049378871918, 0
u,0.940829873085022, 0.6023380160331726, 0
u,0.940829873085022, 1.0, 0
u,0.8314576148986816, 1.0, 0
u,0.6392040848731995, 1.0, 0
u,0.6392040848731995, 0.6023380160331726, 0
u,0.8314576148986816, 0.6023380160331726, 0
u,0.6392040848731995, 0.6023380160331726, 0
u,0.6392040848731995, 1.0, 0
u,0.24333199858665466, 1.0, 0
u,0.9901283979415894, 0.6080048084259033, 0
u,0.9933577179908752, 0.6080048084259033, 0
u,0.9933577179908752, 0.9991757869720459, 0
u,0.492596298456192, 0.3409543037414551, 0
u,0.492596298456192, 0.33763858675956726, 0
u,0.6296545267105103, 0.33763858675956726, 0
u,0.9933577179908752, 1.0, 0
u,0.9901283979415894, 1.0, 0
u,0.9901283979415894, 0.9991757869720459, 0
u,0.677827775478363, 0.3409543037414551, 0
u,0.6296545267105103, 0.3409543037414551, 0
u,0.6296545267105103, 0.33763858675956726, 0
u,0.9933577179908752, 0.3156982958316803, 0
u,0.9933577179908752, 0.4220479130744934, 0
u,0.9901283979415894, 0.4220479130744934, 0
u,0.9901283979415894, 0.6080048084259033, 0
u,0.9901283979415894, 0.4220479130744934, 0
u,0.9933577179908752, 0.4220479130744934, 0
u,0.6709179282188416, 0.3459244966506958, 0
u,0.615720272064209, 0.3459244966506958, 0
u,0.615720272064209, 0.3426071107387543, 0
u,0.6709179282188416, 0.3459244966506958, 0
u,0.6709179282188416, 0.3426071107387543, 0
u,0.7388439774513245, 0.3426071107387543, 0
u,0.492596298456192, 0.3459244966506958, 0
u,0.492596298456192, 0.3426071107387543, 0
u,0.547793984413147, 0.3426071107387543, 0
u,0.615720272064209, 0.3459244966506958, 0
u,0.547793984413147, 0.3459244966506958, 0
u,0.547793984413147, 0.3426071107387543, 0
u,0.0, 0.53631591796875, 0
u,0.4907759130001068, 0.53631591796875, 0
u,0.094999298453331, 0.5390580296516418, 0
u,0.4907759130001068, 0.53631591796875, 0
u,0.4907759130001068, 0.5390580296516418, 0
u,0.094999298453331, 0.5390580296516418, 0
u,0.094999298453331, 0.5390580296516418, 0
u,0.094999298453331, 0.5402302742004395, 0
u,0.05296419933438301, 0.5402302742004395, 0
u,0.09823279827833176, 0.584729790687561, 0
u,0.09823279827833176, 0.5986828804016113, 0
u,0.05296419933438301, 0.584729790687561, 0
u,0.09823279827833176, 0.5986828804016113, 0
u,0.0, 0.5986828804016113, 0
u,0.05296419933438301, 0.584729790687561, 0
u,0.0, 0.53631591796875, 0
u,0.094999298453331, 0.5390580296516418, 0
u,0.05296419933438301, 0.5402302742004395, 0
u,0.05296419933438301, 0.5441375970840454, 0
u,0.056197699159383774, 0.5441375970840454, 0
u,0.05296419933438301, 0.5808225870132446, 0
u,0.056197699159383774, 0.5441375970840454, 0
u,0.056197699159383774, 0.5808225870132446, 0
u,0.05296419933438301, 0.5808225870132446, 0
u,0.0, 0.53631591796875, 0
u,0.05296419933438301, 0.5402302742004395, 0
u,0.05296419933438301, 0.5441375970840454, 0
u,0.05296419933438301, 0.584729790687561, 0
u,0.0, 0.5986828804016113, 0
u,0.05296419933438301, 0.5808225870132446, 0
u,0.0, 0.5986828804016113, 0
u,0.0, 0.53631591796875, 0
u,0.05296419933438301, 0.5808225870132446, 0
u,0.0, 0.46136918663978577, 0
u,0.4907759130001068, 0.46136918663978577, 0
u,0.4907759130001068, 0.53631591796875, 0
u,0.094999298453331, 0.40601441264152527, 0
u,0.4907759130001068, 0.40601441264152527, 0
u,0.4907759130001068, 0.46136918663978577, 0
u,0.4907759130001068, 0.46136918663978577, 0
u,0.0, 0.46136918663978577, 0
u,0.094999298453331, 0.40601441264152527, 0
u,0.0, 0.46136918663978577, 0
u,0.0, 0.3990023136138916, 0
u,0.094999298453331, 0.40601441264152527, 0
u,0.0, 0.3990023136138916, 0
u,0.09823279827833176, 0.3990023136138916, 0
u,0.094999298453331, 0.40210720896720886, 0
u,0.09823279827833176, 0.3990023136138916, 0
u,0.09823279827833176, 0.40210720896720886, 0
u,0.094999298453331, 0.40210720896720886, 0
u,0.0, 0.3990023136138916, 0
u,0.0, 0.3240557014942169, 0
u,0.09823279827833176, 0.3240557014942169, 0
u,0.8488093018531799, 0.321555495262146, 0
u,0.807405412197113, 0.321555495262146, 0
u,0.807405412197113, 0.16458040475845337, 0
u,0.807405412197113, 0.16458040475845337, 0
u,0.4175716042518616, 0.16458040475845337, 0
u,0.4175716042518616, 0.16103379428386688, 0
u,0.8488093018531799, 0.16103379428386688, 0
u,0.8488093018531799, 0.321555495262146, 0
u,0.807405412197113, 0.16458040475845337, 0
u,0.41630250215530396, 0.15335460007190704, 0
u,0.41630250215530396, 0.20260779559612274, 0
u,0.040862299501895905, 0.20260779559612274, 0
u,0.040862299501895905, 0.20631420612335205, 0
u,0.043929699808359146, 0.20631420612335205, 0
u,0.043929699808359146, 0.32206758856773376, 0
u,0.0009871999500319362, 0.15335460007190704, 0
u,0.41630250215530396, 0.15335460007190704, 0
u,0.040862299501895905, 0.20260779559612274, 0
u,0.040862299501895905, 0.20631420612335205, 0
u,0.043929699808359146, 0.32206758856773376, 0
u,0.0009871999500319362, 0.32206758856773376, 0
u,0.0009871999500319362, 0.15335460007190704, 0
u,0.040862299501895905, 0.20260779559612274, 0
u,0.040862299501895905, 0.20631420612335205, 0
u,0.9888424873352051, 0.9720653295516968, 0
u,0.9888424873352051, 0.9992657899856567, 0
u,0.9427443742752075, 0.9992657899856567, 0
u,0.9427443742752075, 0.9992657899856567, 0
u,0.9427443742752075, 0.9611449837684631, 0
u,0.9888424873352051, 0.9720653295516968, 0
u,0.9427443742752075, 0.9611449837684631, 0
u,0.9427443742752075, 0.905518114566803, 0
u,0.9888424873352051, 0.905518114566803, 0
u,0.9427443742752075, 0.905518114566803, 0
u,0.9427443742752075, 0.8669890761375427, 0
u,0.9888424873352051, 0.8669890761375427, 0
u,0.9888424873352051, 0.8669890761375427, 0
u,0.9427443742752075, 0.8669890761375427, 0
u,0.9427443742752075, 0.786821186542511, 0
u,0.9427443742752075, 0.786821186542511, 0
u,0.9427443742752075, 0.6978132128715515, 0
u,0.9888424873352051, 0.6978132128715515, 0
u,0.9950641989707947, 0.5819985270500183, 0
u,0.9983636736869812, 0.5819985270500183, 0
u,0.9983636736869812, 0.6632155179977417, 0
u,0.9983636736869812, 0.8367236256599426, 0
u,0.9950641989707947, 0.8367236256599426, 0
u,0.9950641989707947, 0.6632155179977417, 0
u,0.9950641989707947, 0.9990059733390808, 0
u,0.9950641989707947, 0.8367236256599426, 0
u,0.9983636736869812, 0.8367236256599426, 0
u,0.9950641989707947, 0.36510491371154785, 0
u,0.9983636736869812, 0.36510491371154785, 0
u,0.9983636736869812, 0.407317191362381, 0
u,0.9950641989707947, 0.46305909752845764, 0
u,0.9950641989707947, 0.407317191362381, 0
u,0.9983636736869812, 0.407317191362381, 0
u,0.9950641989707947, 0.46305909752845764, 0
u,0.9983636736869812, 0.46305909752845764, 0
u,0.9983636736869812, 0.5016664266586304, 0
u,0.9950641989707947, 0.5819985270500183, 0
u,0.9950641989707947, 0.5016664266586304, 0
u,0.9983636736869812, 0.5016664266586304, 0
u,0.6472051739692688, 0.10238569974899292, 0
u,0.6472051739692688, 0.15210969746112823, 0
u,0.4291195869445801, 0.10570070147514343, 0
u,0.6472051739692688, 0.15210969746112823, 0
u,0.42652010917663574, 0.15210969746112823, 0
u,0.4291195869445801, 0.10570070147514343, 0
u,0.42652010917663574, 0.15210969746112823, 0
u,0.42652010917663574, 0.10570070147514343, 0
u,0.4291195869445801, 0.10570070147514343, 0
u,0.7158886790275574, 0.16103379428386688, 0
u,0.6731690168380737, 0.16103379428386688, 0
u,0.6731690168380737, 0.15770229697227478, 0
u,0.7158886790275574, 0.16103379428386688, 0
u,0.7158886790275574, 0.15770229697227478, 0
u,0.929741382598877, 0.15770229697227478, 0
u,0.41658440232276917, 0.16103379428386688, 0
u,0.41658440232276917, 0.15770229697227478, 0
u,0.4593062996864319, 0.15770229697227478, 0
u,0.6731690168380737, 0.16103379428386688, 0
u,0.4593062996864319, 0.16103379428386688, 0
u,0.4593062996864319, 0.15770229697227478, 0
u,0.37611061334609985, 0.10570070147514343, 0
u,0.42652010917663574, 0.10570070147514343, 0
u,0.42652010917663574, 0.15210969746112823, 0
u,0.9183093905448914, 0.15210969746112823, 0
u,0.6976125836372375, 0.15210969746112823, 0
u,0.7305148243904114, 0.10238569974899292, 0
u,0.6976125836372375, 0.15210969746112823, 0
u,0.6976125836372375, 0.10238569974899292, 0
u,0.7305148243904114, 0.10238569974899292, 0
u,0.7305148243904114, 0.10238569974899292, 0
u,0.9157044887542725, 0.10238569974899292, 0
u,0.9157044887542725, 0.10570070147514343, 0
u,0.9157044887542725, 0.10570070147514343, 0
u,0.9183093905448914, 0.10570070147514343, 0
u,0.9183093905448914, 0.15210969746112823, 0
