s,89.14453125, 67.5927734375, -1.125821590423584
b,93.594970703125, 72.490234375, 8.112417221069336
v,92.19921875, 67.982421875, 6.565972805023193
v,92.19921875, 67.982421875, 5.7066969871521
v,92.001708984375, 72.3779296875, 5.7067551612854
v,92.001708984375, 72.3779296875, 6.566030025482178
v,89.144775390625, 69.70703125, -1.125821590423584
v,89.15869140625, 69.7216796875, -1.1258211135864258
v,89.149169921875, 69.73046875, -1.1258211135864258
v,89.18701171875, 69.7705078125, -1.1258196830749512
v,89.196533203125, 69.76171875, -1.1258196830749512
v,91.6953125, 72.443359375, -1.125709056854248
v,93.449462890625, 72.490234375, -1.1256561279296875
v,93.594970703125, 68.099609375, -1.125715732574463
v,91.3232421875, 67.5927734375, -1.1257891654968262
v,92.00146484375, 72.384765625, 5.7067551612854
v,92.001708984375, 72.3779296875, 5.7067551612854
v,92.198974609375, 67.982421875, 5.7066969871521
v,92.20458984375, 67.857421875, 5.706696033477783
v,93.526123046875, 68.15234375, 5.7067389488220215
v,93.384765625, 72.4208984375, 5.706797122955322
v,91.345947265625, 67.7451171875, 5.70667028427124
v,91.307861328125, 67.7041015625, 5.706668376922607
v,91.181640625, 67.8232421875, 5.706665515899658
v,91.34375, 67.666015625, 5.706668376922607
v,92.20458984375, 67.857421875, 5.706696033477783
v,92.198974609375, 67.982421875, 5.7066969871521
v,89.974609375, 70.25390625, 5.706664562225342
v,92.001708984375, 72.3779296875, 5.7067551612854
v,92.00146484375, 72.384765625, 5.7067551612854
v,91.63134765625, 72.375, 5.70674467086792
v,89.196533203125, 69.76171875, 5.706636905670166
v,93.526123046875, 68.15234375, 5.762247562408447
v,91.34375, 67.666015625, 5.762176990509033
v,91.181640625, 67.8232421875, 5.762174129486084
v,89.158447265625, 69.7216796875, 5.762143611907959
v,89.14453125, 69.70703125, 5.762142658233643
v,91.3232421875, 67.5927734375, 5.762176036834717
v,93.5947265625, 68.099609375, 5.762248516082764
v,93.44921875, 72.490234375, 5.762308597564697
v,91.695068359375, 72.443359375, 5.7622551918029785
v,91.63134765625, 72.375, 5.762253284454346
v,93.384765625, 72.4208984375, 5.762305736541748
v,89.14892578125, 69.73046875, 8.112382888793945
v,91.307861328125, 67.7041015625, 8.112415313720703
v,91.345947265625, 67.7451171875, 8.112417221069336
v,89.18701171875, 69.7705078125, 8.112384796142578
v,92.198974609375, 67.982421875, 6.565972805023193
v,92.001708984375, 72.3779296875, 6.566030025482178
v,89.974609375, 70.25390625, 6.565939426422119
v,91.6953125, 72.443359375, -1.125709056854248
v,89.196533203125, 69.76171875, -1.1258196830749512
v,89.196533203125, 69.76171875, 5.706636905670166
v,91.63134765625, 72.375, 5.70674467086792
v,91.63134765625, 72.375, 5.762253284454346
v,91.695068359375, 72.443359375, 5.7622551918029785
v,91.6953125, 72.443359375, -1.125709056854248
v,91.695068359375, 72.443359375, 5.7622551918029785
v,93.44921875, 72.490234375, 5.762308597564697
v,93.449462890625, 72.490234375, -1.1256561279296875
v,93.44921875, 72.490234375, 5.762308597564697
v,93.5947265625, 68.099609375, 5.762248516082764
v,93.594970703125, 68.099609375, -1.125715732574463
v,93.449462890625, 72.490234375, -1.1256561279296875
v,93.594970703125, 68.099609375, -1.125715732574463
v,93.5947265625, 68.099609375, 5.762248516082764
v,91.3232421875, 67.5927734375, 5.762176036834717
v,91.3232421875, 67.5927734375, -1.1257891654968262
v,91.3232421875, 67.5927734375, -1.1257891654968262
v,91.3232421875, 67.5927734375, 5.762176036834717
v,89.14453125, 69.70703125, 5.762142658233643
v,89.144775390625, 69.70703125, -1.125821590423584
v,89.144775390625, 69.70703125, -1.125821590423584
v,89.14453125, 69.70703125, 5.762142658233643
v,89.158447265625, 69.7216796875, 5.762143611907959
v,89.15869140625, 69.7216796875, -1.1258211135864258
v,93.384765625, 72.4208984375, 5.706797122955322
v,93.384765625, 72.4208984375, 5.762305736541748
v,91.63134765625, 72.375, 5.762253284454346
v,91.63134765625, 72.375, 5.70674467086792
v,92.00146484375, 72.384765625, 5.7067551612854
v,93.526123046875, 68.15234375, 5.762247562408447
v,93.384765625, 72.4208984375, 5.762305736541748
v,93.384765625, 72.4208984375, 5.706797122955322
v,93.526123046875, 68.15234375, 5.7067389488220215
v,91.34375, 67.666015625, 5.762176990509033
v,93.526123046875, 68.15234375, 5.762247562408447
v,93.526123046875, 68.15234375, 5.7067389488220215
v,92.20458984375, 67.857421875, 5.706696033477783
v,91.34375, 67.666015625, 5.706668376922607
v,91.181640625, 67.8232421875, 5.706665515899658
v,91.181640625, 67.8232421875, 5.762174129486084
v,91.34375, 67.666015625, 5.762176990509033
v,91.34375, 67.666015625, 5.706668376922607
v,89.18701171875, 69.7705078125, 8.112384796142578
v,91.345947265625, 67.7451171875, 8.112417221069336
v,91.345947265625, 67.7451171875, 5.70667028427124
v,89.196533203125, 69.76171875, 5.706636905670166
v,89.196533203125, 69.76171875, -1.1258196830749512
v,89.18701171875, 69.7705078125, -1.1258196830749512
v,89.15869140625, 69.7216796875, -1.1258211135864258
v,89.158447265625, 69.7216796875, 5.762143611907959
v,91.181640625, 67.8232421875, 5.762174129486084
v,91.181640625, 67.8232421875, 5.706665515899658
v,91.307861328125, 67.7041015625, 5.706668376922607
v,91.307861328125, 67.7041015625, 8.112415313720703
v,89.14892578125, 69.73046875, 8.112382888793945
v,89.149169921875, 69.73046875, -1.1258211135864258
v,89.14892578125, 69.73046875, 8.112382888793945
v,89.18701171875, 69.7705078125, 8.112384796142578
v,89.18701171875, 69.7705078125, -1.1258196830749512
v,89.149169921875, 69.73046875, -1.1258211135864258
v,91.307861328125, 67.7041015625, 8.112415313720703
v,91.307861328125, 67.7041015625, 5.706668376922607
v,91.345947265625, 67.7451171875, 5.70667028427124
v,91.345947265625, 67.7451171875, 8.112417221069336
v,89.974609375, 70.25390625, 6.565939426422119
v,89.974609375, 70.25390625, 5.706664562225342
v,92.198974609375, 67.982421875, 5.7066969871521
v,92.198974609375, 67.982421875, 6.565972805023193
v,92.001708984375, 72.3779296875, 6.566030025482178
v,92.001708984375, 72.3779296875, 5.7067551612854
v,89.974609375, 70.25390625, 5.706664562225342
v,89.974609375, 70.25390625, 6.565939426422119
i,0,2,3
i,12,5,8
i,17,18,14
i,19,25,29
i,30,35,36
i,41,43,44
i,45,46,47
i,51,52,53
i,54,56,57
i,59,61,58
i,63,65,62
i,67,69,66
i,71,73,70
i,76,77,78
i,79,81,82
i,84,85,86
i,89,91,88
i,92,95,97
i,100,103,104
i,107,109,106
i,110,112,113
i,114,116,117
i,119,121,118
i,0,1,2
i,12,4,5
i,5,6,7
i,8,9,12
i,9,10,11
i,5,7,8
i,11,12,9
i,18,13,14
i,14,15,17
i,15,16,17
i,20,21,22
i,22,23,19
i,23,24,19
i,25,26,28
i,26,27,28
i,20,22,19
i,19,24,25
i,25,28,29
i,31,32,35
i,32,33,34
i,35,32,34
i,37,38,40
i,38,39,40
i,37,40,36
i,40,30,36
i,30,31,35
i,41,42,43
i,53,48,51
i,48,49,51
i,49,50,51
i,54,55,56
i,59,60,61
i,63,64,65
i,67,68,69
i,71,72,73
i,78,74,75
i,75,76,78
i,79,80,81
i,87,83,86
i,83,84,86
i,89,90,91
i,92,93,95
i,93,94,95
i,95,96,97
i,105,98,99
i,100,101,102
i,104,105,99
i,100,102,103
i,104,99,100
i,107,108,109
i,110,111,112
i,114,115,116
i,119,120,121
n,4.499267101287842, 0.20196984708309174, 0.0
n,0.00013140778173692524, 6.553703860845417e-05, -4.50379753112793
n,-0.00013309619680512697, -6.517167639685795e-05, 4.50379753112793
n,-0.00012452377995941788, -5.892936678719707e-05, 4.50379753112793
n,-0.00012453792442101985, -8.918454113882035e-05, 4.50379753112793
n,-0.00013052555732429028, -6.565907096955925e-05, 4.50379753112793
n,-0.00013326374755706638, -6.499562005046755e-05, 4.50379753112793
n,-3.302586078643799, 3.0622079372406006, 0.0
n,-0.12020688503980637, 4.502192974090576, -3.7840741242689546e-06
n,4.501326560974121, 0.14916980266571045, 0.00014170032227411866
n,0.9802095293998718, -4.39583683013916, 3.0856677767587826e-05
n,-3.136204242706299, -3.232400894165039, -9.876719559542835e-05
n,-3.279665231704712, 3.0867433547973633, -0.00010324278991902247
n,0.12666867673397064, -4.502016067504883, 0.0
n,-4.5013298988342285, -0.14906883239746094, 0.0
n,-0.980828583240509, 4.3956990242004395, 0.0
n,3.134488344192505, 3.2340645790100098, 0.0
n,3.0394177436828613, 3.3235719203948975, 7.13385088602081e-05
n,-3.0819668769836426, -3.2841548919677734, -0.000554680940695107
n,-3.2966039180755615, 3.0686471462249756, -7.737494888715446e-05
n,3.2966036796569824, -3.0686471462249756, 0.0
n,-3.2179720401763916, -3.151007890701294, 0.0
n,-3.258300304412842, 3.109288454055786, 0.0
n,4.499267101287842, 0.20196984708309174, 0.0
n,0.00010084130917675793, 3.445052425377071e-05, -4.50379753112793
n,9.215798490913585e-05, 0.00010137378558283672, -4.50379753112793
n,0.00013019147445447743, 6.434442911995575e-05, -4.50379753112793
n,0.00013416173169389367, 6.570160621777177e-05, -4.50379753112793
n,9.355468500871211e-05, 0.00010057128383778036, -4.50379753112793
n,0.00013092921290080994, 6.42878731014207e-05, -4.50379753112793
n,-0.00013500724162440747, -4.2189763007627334e-06, 4.50379753112793
n,-0.0001352623221464455, -6.595317972823977e-05, 4.50379753112793
n,-0.00013899413170292974, -3.6817371437791735e-05, 4.50379753112793
n,-0.0007733168895356357, -0.0007249846239574254, 4.50379753112793
n,-0.00012548199447337538, -9.321729885414243e-05, 4.50379753112793
n,-0.00013292403309606016, -3.6543373425956815e-05, 4.50379753112793
n,-0.00013337447308003902, -6.488995859399438e-05, 4.50379753112793
n,-0.0001339434675173834, -4.185733359918231e-06, 4.50379753112793
n,-0.0001001734344754368, -9.391259663971141e-05, 4.50379753112793
n,-0.0001264014863409102, -5.99555169173982e-05, 4.50379753112793
n,-0.00010845272481674328, -8.436103234998882e-05, 4.50379753112793
n,-9.528978989692405e-05, -2.5417944925720803e-05, 4.50379753112793
n,-0.00016496179159730673, -0.00010346183989895508, 4.50379753112793
n,-8.949452603701502e-05, -2.1853315047337674e-05, 4.50379753112793
n,-0.00013372492685448378, -4.1337265429319814e-05, 4.50379753112793
n,-0.00013374639092944562, -4.3010080844396725e-05, 4.50379753112793
n,-0.00010914617450907826, -6.44381798338145e-05, 4.50379753112793
n,-0.00010528519487706944, -6.425067113013938e-05, 4.50379753112793
n,-0.0001442455395590514, -1.1576287761272397e-05, 4.50379753112793
n,-0.00013052570284344256, -6.565915100509301e-05, 4.50379753112793
n,-3.302544355392456, 3.06225323677063, -0.00010396302241133526
n,-3.2946152687072754, 3.070781707763672, 5.547456021304242e-05
n,-3.2945430278778076, 3.070859670639038, 0.0
n,-0.12020688503980637, 4.502192974090576, -3.784073896895279e-06
n,4.501326560974121, 0.14916980266571045, 0.00014170030772220343
n,0.9802095293998718, -4.39583683013916, 3.085667412960902e-05
n,-3.1362040042877197, -3.232400894165039, -9.87266976153478e-05
n,-3.279665231704712, 3.0867435932159424, -0.00010324278991902247
n,0.11855419725179672, -4.502236843109131, 0.0
n,0.12026219069957733, -4.501989364624023, -0.042696744203567505
n,-4.5013298988342285, -0.14906883239746094, 0.0
n,-0.9788867235183716, 4.39613151550293, 0.0
n,-0.9800532460212708, 4.395830154418945, -0.019141636788845062
n,3.134488344192505, 3.2340645790100098, 0.0
n,3.0819668769836426, 3.2841548919677734, 0.00038218367262743413
n,3.0821940898895264, 3.2839412689208984, 0.0
n,3.067554235458374, 3.2976207733154297, 0.0
n,-3.0295817852020264, -3.332540273666382, -9.537026198813692e-05
n,-3.087446689605713, -3.279003620147705, 0.0
n,-3.0391907691955566, -3.323779821395874, -7.133318285923451e-05
n,-3.087446928024292, -3.279003620147705, 0.0
n,-3.0818660259246826, -3.284249782562256, -0.00039045061566866934
n,-3.2966036796569824, 3.0686471462249756, -7.737494888715446e-05
n,3.2966036796569824, -3.0686471462249756, 0.0
n,-3.2179718017578125, -3.151007652282715, 0.0
n,-3.2583000659942627, 3.109288454055786, 0.0
u,0.41267910599708557, 0.4893028140068054, 0
u,0.16517280042171478, 0.5450236797332764, 0
u,0.16517280042171478, 0.4893028140068054, 0
u,0.0, 0.0, 0
u,0.0, 0.0, 0
u,0.0, 0.0, 0
u,0.029682699590921402, 0.007029700092971325, 0
u,0.2904660999774933, 0.007029700092971325, 0
u,0.2905906140804291, 0.10441870242357254, 0
u,0.009229100309312344, 0.1613404005765915, 0
u,0.16507740318775177, 0.25194209814071655, 0
u,0.1366540938615799, 0.3078402876853943, 0
u,0.029682699590921402, 0.007029700092971325, 0
u,0.0, 0.16329829394817352, 0
u,0.026311399415135384, 0.00234219990670681, 0
u,0.13481910526752472, 0.31124719977378845, 0
u,0.009229100309312344, 0.1613404005765915, 0
u,0.13721169531345367, 0.3084813058376312, 0
u,0.022016899660229683, 0.10077939927577972, 0
u,0.2905906140804291, 0.10441870242357254, 0
u,0.16507740318775177, 0.25194209814071655, 0
u,0.6618372797966003, 0.9963570237159729, 0
u,0.6618372797966003, 1.0, 0
u,0.6565201878547668, 1.0, 0
u,0.6565201878547668, 0.547942578792572, 0
u,0.5566133856773376, 1.0, 0
u,0.5566133856773376, 0.547942578792572, 0
u,0.30648741126060486, 1.0, 0
u,0.5566133856773376, 0.547942578792572, 0
u,0.5566133856773376, 1.0, 0
u,0.30648741126060486, 1.0, 0
u,0.17398479580879211, 0.547942578792572, 0
u,0.30648741126060486, 0.547942578792572, 0
u,0.17398479580879211, 1.0, 0
u,0.0011635000118985772, 0.547942578792572, 0
u,0.17398479580879211, 0.547942578792572, 0
u,0.0011635000118985772, 1.0, 0
u,0.0, 0.547942578792572, 0
u,0.0011635000118985772, 0.547942578792572, 0
u,0.5082092881202698, 0.4822274148464203, 0
u,0.5082092881202698, 0.48605871200561523, 0
u,0.4860464036464691, 0.48605871200561523, 0
u,0.14740680158138275, 0.4822274148464203, 0
u,0.4031842052936554, 0.48605871200561523, 0
u,0.14740680158138275, 0.48605871200561523, 0
u,0.14740680158138275, 0.4822274148464203, 0
u,0.14740680158138275, 0.48605871200561523, 0
u,0.0663331001996994, 0.48605871200561523, 0
u,0.0, 0.4822274148464203, 0
u,0.013518399558961391, 0.48605871200561523, 0
u,0.0, 0.48605871200561523, 0
u,0.45734840631484985, 0.47985780239105225, 0
u,0.5628008246421814, 0.4792059063911438, 0
u,0.8622912764549255, 0.47985780239105225, 0
u,0.34033969044685364, 0.3215309977531433, 0
u,0.45611611008644104, 0.31169548630714417, 0
u,0.45611611008644104, 0.47985780239105225, 0
u,0.5940390825271606, 0.540284276008606, 0
u,0.9996399283409119, 0.5430939197540283, 0
u,0.5940390825271606, 0.5430939197540283, 0
u,0.9510793089866638, 0.9998829960823059, 0
u,0.8663926124572754, 0.9976304173469543, 0
u,0.9510793089866638, 0.9976304173469543, 0
u,0.5915042161941528, 0.4893028140068054, 0
u,0.41267910599708557, 0.5450236797332764, 0
u,0.41267910599708557, 0.4893028140068054, 0
u,0.16517280042171478, 0.5450236797332764, 0
u,0.0, 0.4893028140068054, 0
u,0.16517280042171478, 0.4893028140068054, 0
u,0.41267910599708557, 0.4893028140068054, 0
u,0.41267910599708557, 0.5450236797332764, 0
u,0.16517280042171478, 0.5450236797332764, 0
u,0.0, 0.0, 0
u,0.0, 0.0, 0
u,0.0, 0.0, 0
u,0.0, 0.0, 0
u,0.0, 0.0, 0
u,0.0, 0.0, 0
u,0.0, 0.0, 0
u,0.0, 0.0, 0
u,0.0, 0.0, 0
u,0.0, 0.0, 0
u,0.0, 0.0, 0
u,0.0, 0.0, 0
u,0.0, 0.0, 0
u,0.0, 0.0, 0
u,0.0, 0.0, 0
u,0.0, 0.0, 0
u,0.0, 0.0, 0
u,0.0, 0.0, 0
u,0.2904660999774933, 0.007029700092971325, 0
u,0.2910155951976776, 0.10442440211772919, 0
u,0.2905906140804291, 0.10441870242357254, 0
u,0.2905906140804291, 0.10441870242357254, 0
u,0.022016899660229683, 0.10077939927577972, 0
u,0.029682699590921402, 0.007029700092971325, 0
u,0.022016899660229683, 0.10077939927577972, 0
u,0.014374399557709694, 0.1006757989525795, 0
u,0.029682699590921402, 0.007029700092971325, 0
u,0.006836399901658297, 0.16410620510578156, 0
u,0.014321899972856045, 0.17271220684051514, 0
u,0.004401999991387129, 0.1616806983947754, 0
u,0.004401999991387129, 0.1616806983947754, 0
u,0.014374399557709694, 0.1006757989525795, 0
u,0.009229100309312344, 0.1613404005765915, 0
u,0.014374399557709694, 0.1006757989525795, 0
u,0.022016899660229683, 0.10077939927577972, 0
u,0.009229100309312344, 0.1613404005765915, 0
u,0.16507740318775177, 0.25194209814071655, 0
u,0.2905906140804291, 0.10441870242357254, 0
u,0.2911626100540161, 0.1304742991924286, 0
u,0.2905906140804291, 0.10441870242357254, 0
u,0.2910155951976776, 0.10442440211772919, 0
u,0.2911626100540161, 0.1304742991924286, 0
u,0.006836399901658297, 0.16410620510578156, 0
u,0.004401999991387129, 0.1616806983947754, 0
u,0.009229100309312344, 0.1613404005765915, 0
u,0.009229100309312344, 0.1613404005765915, 0
u,0.022016899660229683, 0.10077939927577972, 0
u,0.16507740318775177, 0.25194209814071655, 0
u,0.16507740318775177, 0.25194209814071655, 0
u,0.2911626100540161, 0.1304742991924286, 0
u,0.1366540938615799, 0.3078402876853943, 0
u,0.004401999991387129, 0.1616806983947754, 0
u,0.014321899972856045, 0.17271220684051514, 0
u,0.0, 0.16329829394817352, 0
u,0.014321899972856045, 0.17271220684051514, 0
u,0.1342530995607376, 0.3105964958667755, 0
u,0.1333691030740738, 0.3116114139556885, 0
u,0.0, 0.16329829394817352, 0
u,0.014321899972856045, 0.17271220684051514, 0
u,0.1333691030740738, 0.3116114139556885, 0
u,0.29450568556785583, 0.00234219990670681, 0
u,0.29520249366760254, 0.12583670020103455, 0
u,0.2904660999774933, 0.007029700092971325, 0
u,0.29520249366760254, 0.12583670020103455, 0
u,0.2911626100540161, 0.1304742991924286, 0
u,0.2904660999774933, 0.007029700092971325, 0
u,0.29450568556785583, 0.00234219990670681, 0
u,0.2904660999774933, 0.007029700092971325, 0
u,0.026311399415135384, 0.00234219990670681, 0
u,0.2904660999774933, 0.007029700092971325, 0
u,0.029682699590921402, 0.007029700092971325, 0
u,0.026311399415135384, 0.00234219990670681, 0
u,0.029682699590921402, 0.007029700092971325, 0
u,0.004401999991387129, 0.1616806983947754, 0
u,0.0, 0.16329829394817352, 0
u,0.13481910526752472, 0.31124719977378845, 0
u,0.006836399901658297, 0.16410620510578156, 0
u,0.009229100309312344, 0.1613404005765915, 0
u,0.6565201878547668, 1.0, 0
u,0.6565201878547668, 0.547942578792572, 0
u,0.6618372797966003, 0.9963570237159729, 0
u,0.6565201878547668, 0.547942578792572, 0
u,0.8651912212371826, 0.547942578792572, 0
u,0.6618372797966003, 0.9963570237159729, 0
u,0.8651912212371826, 0.547942578792572, 0
u,0.8651912212371826, 0.9963570237159729, 0
u,0.6618372797966003, 0.9963570237159729, 0
u,0.6565201878547668, 0.547942578792572, 0
u,0.6565201878547668, 1.0, 0
u,0.5566133856773376, 1.0, 0
u,0.30648741126060486, 1.0, 0
u,0.30648741126060486, 0.547942578792572, 0
u,0.5566133856773376, 0.547942578792572, 0
u,0.30648741126060486, 1.0, 0
u,0.17398479580879211, 1.0, 0
u,0.17398479580879211, 0.547942578792572, 0
u,0.17398479580879211, 1.0, 0
u,0.0011635000118985772, 1.0, 0
u,0.0011635000118985772, 0.547942578792572, 0
u,0.0011635000118985772, 1.0, 0
u,0.0, 1.0, 0
u,0.0, 0.547942578792572, 0
u,0.4860464036464691, 0.48605871200561523, 0
u,0.4031842052936554, 0.48605871200561523, 0
u,0.4031842052936554, 0.4822274148464203, 0
u,0.4031842052936554, 0.4822274148464203, 0
u,0.5082092881202698, 0.4822274148464203, 0
u,0.4860464036464691, 0.48605871200561523, 0
u,0.14740680158138275, 0.4822274148464203, 0
u,0.4031842052936554, 0.4822274148464203, 0
u,0.4031842052936554, 0.48605871200561523, 0
u,0.013518399558961391, 0.48605871200561523, 0
u,0.013518399558961391, 0.4822274148464203, 0
u,0.0663331001996994, 0.48605871200561523, 0
u,0.013518399558961391, 0.4822274148464203, 0
u,0.14740680158138275, 0.4822274148464203, 0
u,0.0663331001996994, 0.48605871200561523, 0
u,0.0, 0.4822274148464203, 0
u,0.013518399558961391, 0.4822274148464203, 0
u,0.013518399558961391, 0.48605871200561523, 0
u,0.45734840631484985, 0.47985780239105225, 0
u,0.45734840631484985, 0.3302251100540161, 0
u,0.5628008246421814, 0.4792059063911438, 0
u,0.45734840631484985, 0.3302251100540161, 0
u,0.5628008246421814, 0.3302251100540161, 0
u,0.5628008246421814, 0.4792059063911438, 0
u,0.5628008246421814, 0.4792059063911438, 0
u,0.8622912764549255, 0.4792059063911438, 0
u,0.8622912764549255, 0.47985780239105225, 0
u,0.001027700025588274, 0.47985780239105225, 0
u,0.001027700025588274, 0.47911420464515686, 0
u,0.34033969044685364, 0.47911420464515686, 0
u,0.34033969044685364, 0.3215309977531433, 0
u,0.3376052975654602, 0.3215309977531433, 0
u,0.3376052975654602, 0.31169548630714417, 0
u,0.45611611008644104, 0.47985780239105225, 0
u,0.001027700025588274, 0.47985780239105225, 0
u,0.34033969044685364, 0.47911420464515686, 0
u,0.34033969044685364, 0.3215309977531433, 0
u,0.3376052975654602, 0.31169548630714417, 0
u,0.45611611008644104, 0.31169548630714417, 0
u,0.45611611008644104, 0.47985780239105225, 0
u,0.34033969044685364, 0.47911420464515686, 0
u,0.34033969044685364, 0.3215309977531433, 0
u,0.5940390825271606, 0.540284276008606, 0
u,0.9996399283409119, 0.540284276008606, 0
u,0.9996399283409119, 0.5430939197540283, 0
u,0.9510793089866638, 0.9998829960823059, 0
u,0.8663926124572754, 0.9998829960823059, 0
u,0.8663926124572754, 0.9976304173469543, 0
u,0.5915042161941528, 0.4893028140068054, 0
u,0.5915042161941528, 0.5450236797332764, 0
u,0.41267910599708557, 0.5450236797332764, 0
u,0.16517280042171478, 0.5450236797332764, 0
u,0.0, 0.5450236797332764, 0
u,0.0, 0.4893028140068054, 0
