s,160.2216796875, 67.3642578125, 0.0801091194152832
b,162.26416015625, 69.3896484375, 6.6247453689575195
v,161.1123046875, 69.3896484375, 6.624669075012207
v,162.263427734375, 68.4140625, 6.6247453689575195
v,162.26416015625, 68.4140625, 0.08026933670043945
v,161.11279296875, 69.3896484375, 0.08019208908081055
v,161.373291015625, 67.3642578125, 0.0801854133605957
v,160.221923828125, 68.33984375, 0.0801091194152832
v,161.112548828125, 69.3896484375, 0.08019208908081055
v,162.263916015625, 68.4140625, 0.08026933670043945
v,161.112060546875, 69.3896484375, 6.624669075012207
v,160.2216796875, 68.33984375, 6.62458610534668
v,161.373046875, 67.3642578125, 6.624662399291992
v,162.26318359375, 68.4140625, 6.6247453689575195
v,162.26318359375, 68.4140625, 6.6247453689575195
v,161.373046875, 67.3642578125, 6.624662399291992
v,161.373291015625, 67.3642578125, 0.0801854133605957
v,162.263916015625, 68.4140625, 0.08026933670043945
v,161.373046875, 67.3642578125, 6.624662399291992
v,160.2216796875, 68.33984375, 6.62458610534668
v,160.221923828125, 68.33984375, 0.0801091194152832
v,161.373291015625, 67.3642578125, 0.0801854133605957
v,160.2216796875, 68.33984375, 6.62458610534668
v,161.112060546875, 69.3896484375, 6.624669075012207
v,161.112548828125, 69.3896484375, 0.08019208908081055
v,160.221923828125, 68.33984375, 0.0801091194152832
i,1,3,0
i,4,6,7
i,8,10,11
i,13,15,12
i,17,19,16
i,21,23,20
i,1,2,3
i,4,5,6
i,8,9,10
i,13,14,15
i,17,18,19
i,21,22,23
n,2.9121220111846924, 3.4356565475463867, 0.0001929682184709236
n,0.000352751201717183, 6.047766873962246e-05, -4.50379753112793
n,-0.00035103436675854027, -5.837382923346013e-05, 4.50379753112793
n,3.4356069564819336, -2.9121804237365723, 0.0003414844977669418
n,-2.9118027687072754, -3.435927152633667, -0.00019294704543426633
n,-3.4352571964263916, 2.912593126296997, -0.00022763315064366907
n,2.9118030071258545, 3.435927152633667, 0.00028942059725522995
n,0.00034903225605376065, 5.999887434882112e-05, -4.50379753112793
n,-0.00035096018109470606, -5.8364275901112705e-05, 4.50379753112793
n,3.4352571964263916, -2.912593364715576, 0.0002276331215398386
n,-2.9118030071258545, -3.435927152633667, -0.00019294708909001201
n,-3.4352571964263916, 2.912593126296997, -0.00022763315064366907
u,0.0, 0.24161270260810852, 0
u,0.7799878120422363, 0.5019798278808594, 0
u,0.0, 0.5019798278808594, 0
u,0.0, 0.0, 0
u,0.0, 0.0, 0
u,0.0, 0.0, 0
u,0.7869039177894592, 0.9942805171012878, 0
u,0.9981215000152588, 0.7153068780899048, 0
u,0.9981200098991394, 0.9942805171012878, 0
u,0.0, 0.0040293000638484955, 0
u,0.7799878120422363, 0.24161270260810852, 0
u,0.0, 0.24161270260810852, 0
u,0.0, 0.739608108997345, 0
u,0.7799878120422363, 1.0, 0
u,0.0, 1.0, 0
u,0.0, 0.5019798278808594, 0
u,0.7799878120422363, 0.739608108997345, 0
u,0.0, 0.739608108997345, 0
u,0.0, 0.24161270260810852, 0
u,0.7799878120422363, 0.24161270260810852, 0
u,0.7799878120422363, 0.5019798278808594, 0
u,0.0, 0.0, 0
u,0.0, 0.0, 0
u,0.0, 0.0, 0
u,0.7869039177894592, 0.9942805171012878, 0
u,0.7868852019309998, 0.7152541875839233, 0
u,0.9981215000152588, 0.7153068780899048, 0
u,0.0, 0.0040293000638484955, 0
u,0.7799878120422363, 0.0040293000638484955, 0
u,0.7799878120422363, 0.24161270260810852, 0
u,0.0, 0.739608108997345, 0
u,0.7799878120422363, 0.739608108997345, 0
u,0.7799878120422363, 1.0, 0
u,0.0, 0.5019798278808594, 0
u,0.7799878120422363, 0.5019798278808594, 0
u,0.7799878120422363, 0.739608108997345, 0
