s,143.564208984375, 107.2041015625, 0.8413681983947754
b,149.310546875, 113.3876953125, 7.376966953277588
v,144.210693359375, 110.822265625, 4.68790864944458
v,144.210693359375, 110.822265625, 0.8413772583007812
v,144.1611328125, 110.7802734375, 0.841372013092041
v,144.16064453125, 110.779296875, 4.687903881072998
v,144.210693359375, 110.822265625, 0.8413772583007812
v,143.564453125, 111.5947265625, 0.8413681983947754
v,145.68994140625, 113.3876953125, 0.8415889739990234
v,146.32763671875, 112.6240234375, 0.8415970802307129
v,146.32958984375, 112.6259765625, 0.8415975570678711
v,148.6904296875, 109.802734375, 0.8416361808776855
v,148.673583984375, 109.7890625, 0.8416342735290527
v,148.999267578125, 109.3994140625, 0.8416404724121094
v,148.961669921875, 109.3671875, 0.8416361808776855
v,149.310546875, 108.9501953125, 0.8416428565979004
v,147.2578125, 107.2041015625, 0.8414297103881836
v,146.908935546875, 107.62109375, 0.8414225578308105
v,146.8828125, 107.5986328125, 0.8414201736450195
v,146.557373046875, 107.9873046875, 0.8414139747619629
v,146.521728515625, 107.95703125, 0.8414106369018555
v,144.160888671875, 110.7802734375, 0.841372013092041
v,147.235595703125, 110.8896484375, 6.67754602432251
v,146.75732421875, 110.4794921875, 6.677496433258057
v,147.190673828125, 109.9638671875, 6.677504062652588
v,147.6689453125, 110.3740234375, 6.677553653717041
v,147.79345703125, 110.36328125, 6.899597644805908
v,147.302978515625, 110.9482421875, 6.8995890617370605
v,147.235595703125, 110.8896484375, 6.899581432342529
v,147.6689453125, 110.3740234375, 6.8995890617370605
v,147.190673828125, 109.9638671875, 6.899538516998291
v,146.75732421875, 110.4794921875, 6.89953088760376
v,146.717041015625, 110.4453125, 6.899527072906494
v,146.525146484375, 110.677734375, 6.899524211883545
v,146.495849609375, 110.6533203125, 6.899521350860596
v,147.18017578125, 109.837890625, 6.899532794952393
v,146.828857421875, 111.439453125, 7.154917240142822
v,146.385986328125, 111.078125, 7.154871463775635
v,146.35009765625, 111.1201171875, 7.154871463775635
v,146.306884765625, 111.0830078125, 7.154866695404053
v,146.72802734375, 110.5712890625, 7.154873371124268
v,147.20556640625, 110.9814453125, 7.154922962188721
v,146.72802734375, 110.5712890625, 7.376907825469971
v,146.306884765625, 111.0830078125, 7.376901149749756
v,146.78466796875, 111.4931640625, 7.376951694488525
v,146.795654296875, 111.619140625, 7.37695837020874
v,146.182861328125, 111.0947265625, 7.376893520355225
v,146.717041015625, 110.4453125, 7.376902103424072
v,147.329345703125, 110.970703125, 7.376966953277588
v,147.205322265625, 110.9814453125, 7.37695837020874
v,146.78466796875, 111.4931640625, 7.376951694488525
v,147.205322265625, 110.9814453125, 7.37695837020874
v,147.329345703125, 110.970703125, 7.376966953277588
v,146.795654296875, 111.619140625, 7.37695837020874
v,146.29248046875, 111.1884765625, 7.181397914886475
v,146.7705078125, 111.5986328125, 7.169682025909424
v,146.601318359375, 111.7978515625, 6.978123188018799
v,146.11328125, 111.3994140625, 6.9785542488098145
v,146.78466796875, 111.4931640625, 7.235683917999268
v,146.35009765625, 111.1201171875, 7.246337413787842
v,146.385986328125, 111.078125, 7.286983013153076
v,146.828857421875, 111.439453125, 7.28659200668335
v,147.937744140625, 110.5595703125, 5.702847003936768
v,145.6787109375, 113.26171875, 5.702812671661377
v,143.689208984375, 111.5849609375, 5.702606678009033
v,145.947998046875, 108.8818359375, 5.702641010284424
v,147.139404296875, 109.88671875, 5.70276403427124
v,146.495849609375, 110.6533203125, 5.70275354385376
v,146.525146484375, 110.6787109375, 5.702755451202393
v,146.18310546875, 111.0947265625, 5.7027506828308105
v,146.292724609375, 111.1884765625, 5.702763080596924
v,146.11328125, 111.3994140625, 5.702760219573975
v,146.601318359375, 111.7978515625, 5.702809810638428
v,146.7705078125, 111.5986328125, 5.702812671661377
v,146.795654296875, 111.6201171875, 5.702815532684326
v,147.329345703125, 110.970703125, 5.702824115753174
v,147.302978515625, 110.9482421875, 5.702821254730225
v,147.757080078125, 110.40625, 5.702828884124756
v,143.689208984375, 111.5849609375, 5.858030796051025
v,145.6787109375, 113.26171875, 5.858236789703369
v,145.689697265625, 113.38671875, 5.8582444190979
v,143.564208984375, 111.5947265625, 5.858023166656494
v,145.6787109375, 113.26171875, 5.858236789703369
v,147.937744140625, 110.5595703125, 5.858272075653076
v,148.062255859375, 110.5478515625, 5.858279705047607
v,145.689697265625, 113.38671875, 5.8582444190979
v,143.564208984375, 111.5947265625, 5.858023166656494
v,145.937255859375, 108.755859375, 5.858059406280518
v,148.062255859375, 110.5478515625, 5.858279705047607
v,147.937744140625, 110.5595703125, 5.858272075653076
v,147.757080078125, 110.40625, 5.858252048492432
v,147.79345703125, 110.36328125, 5.858253002166748
v,147.18017578125, 109.837890625, 5.858189105987549
v,147.139404296875, 109.88671875, 5.858188152313232
v,145.947998046875, 108.8818359375, 5.858065128326416
v,143.689208984375, 111.5849609375, 5.858030796051025
v,148.893798828125, 109.3095703125, 3.408130168914795
v,146.976318359375, 107.677734375, 3.4079298973083496
v,147.26806640625, 107.3291015625, 3.4079365730285645
v,149.185546875, 108.9609375, 3.408134937286377
v,149.185546875, 108.9609375, 3.5635600090026855
v,147.26806640625, 107.3291015625, 3.5633606910705566
v,146.976318359375, 107.677734375, 3.563354969024658
v,146.90869140625, 107.62109375, 3.5633482933044434
v,147.257568359375, 107.2041015625, 3.563354969024658
v,149.310302734375, 108.9501953125, 3.563568592071533
v,148.961669921875, 109.3671875, 3.5635619163513184
v,148.893798828125, 109.3095703125, 3.563554286956787
v,146.882568359375, 107.5986328125, 4.056262493133545
v,148.9990234375, 109.3994140625, 4.056482791900635
v,148.67333984375, 109.7890625, 4.056477069854736
v,148.60595703125, 109.7314453125, 4.056469440460205
v,148.87451171875, 109.41015625, 4.0564751625061035
v,146.893310546875, 107.7236328125, 4.056268215179443
v,146.624755859375, 108.044921875, 4.056263446807861
v,146.55712890625, 107.9873046875, 4.0562567710876465
v,148.60595703125, 109.7314453125, 3.901045322418213
v,146.624755859375, 108.044921875, 3.900839328765869
v,146.893310546875, 107.7236328125, 3.900844097137451
v,148.87451171875, 109.41015625, 3.901050090789795
v,148.690185546875, 109.802734375, 4.688168048858643
v,146.329345703125, 112.6259765625, 4.68812894821167
v,146.327392578125, 112.6240234375, 4.68812894821167
v,148.0625, 110.5478515625, 4.688155651092529
v,148.016357421875, 110.5087890625, 4.688151836395264
v,148.31396484375, 110.1572265625, 4.688156604766846
v,148.293212890625, 110.1396484375, 4.6881537437438965
v,148.565673828125, 109.8134765625, 4.688159465789795
v,146.5322265625, 108.0830078125, 4.687947750091553
v,145.955810546875, 108.771484375, 4.687937259674072
v,145.937255859375, 108.755859375, 4.6879353523254395
v,144.21044921875, 110.822265625, 4.68790864944458
v,144.160400390625, 110.779296875, 4.687903881072998
v,146.521484375, 107.95703125, 4.687942028045654
v,145.955810546875, 108.771484375, 4.53251314163208
v,146.5322265625, 108.0830078125, 4.5325236320495605
v,148.565673828125, 109.8134765625, 4.532734394073486
v,148.293212890625, 110.1396484375, 4.532730579376221
v,146.36474609375, 108.498046875, 4.532529354095459
v,146.059814453125, 108.859375, 4.5325236320495605
v,147.9482421875, 110.4521484375, 5.1699604988098145
v,146.127685546875, 108.9169921875, 5.16977071762085
v,146.375, 108.623046875, 5.169775485992432
v,148.188720703125, 110.1669921875, 5.16996431350708
v,148.188720703125, 110.1669921875, 5.325388431549072
v,146.375, 108.623046875, 5.325199604034424
v,146.127685546875, 108.9169921875, 5.325194835662842
v,146.059814453125, 108.859375, 5.325188159942627
v,146.36474609375, 108.498046875, 5.325193881988525
v,148.313720703125, 110.1572265625, 5.3253960609436035
v,148.01611328125, 110.5087890625, 5.3253912925720215
v,147.9482421875, 110.4521484375, 5.325384616851807
v,146.75732421875, 110.4794921875, 6.677496433258057
v,146.75732421875, 110.4794921875, 6.89953088760376
v,147.190673828125, 109.9638671875, 6.899538516998291
v,147.190673828125, 109.9638671875, 6.677504062652588
v,147.235595703125, 110.8896484375, 6.899581432342529
v,147.235595703125, 110.8896484375, 6.67754602432251
v,147.6689453125, 110.3740234375, 6.677553653717041
v,147.6689453125, 110.3740234375, 6.8995890617370605
v,147.190673828125, 109.9638671875, 6.899538516998291
v,147.6689453125, 110.3740234375, 6.8995890617370605
v,147.6689453125, 110.3740234375, 6.677553653717041
v,147.190673828125, 109.9638671875, 6.677504062652588
v,146.495849609375, 110.6533203125, 5.70275354385376
v,146.495849609375, 110.6533203125, 6.899521350860596
v,146.525146484375, 110.677734375, 6.899524211883545
v,146.525146484375, 110.6787109375, 5.702755451202393
v,147.302978515625, 110.9482421875, 5.702821254730225
v,147.302978515625, 110.9482421875, 6.8995890617370605
v,147.79345703125, 110.36328125, 6.899597644805908
v,147.79345703125, 110.36328125, 5.858253002166748
v,147.757080078125, 110.40625, 5.858252048492432
v,147.757080078125, 110.40625, 5.702828884124756
v,147.18017578125, 109.837890625, 6.899532794952393
v,147.18017578125, 109.837890625, 5.858189105987549
v,147.79345703125, 110.36328125, 5.858253002166748
v,147.79345703125, 110.36328125, 6.899597644805908
v,147.139404296875, 109.88671875, 5.70276403427124
v,147.139404296875, 109.88671875, 5.858188152313232
v,147.18017578125, 109.837890625, 5.858189105987549
v,147.18017578125, 109.837890625, 6.899532794952393
v,146.495849609375, 110.6533203125, 6.899521350860596
v,146.495849609375, 110.6533203125, 5.70275354385376
v,147.235595703125, 110.8896484375, 6.899581432342529
v,147.302978515625, 110.9482421875, 6.8995890617370605
v,147.302978515625, 110.9482421875, 5.702821254730225
v,147.329345703125, 110.970703125, 5.702824115753174
v,147.329345703125, 110.970703125, 7.376966953277588
v,146.717041015625, 110.4453125, 7.376902103424072
v,146.717041015625, 110.4453125, 6.899527072906494
v,146.75732421875, 110.4794921875, 6.89953088760376
v,146.75732421875, 110.4794921875, 6.677496433258057
v,147.235595703125, 110.8896484375, 6.67754602432251
v,146.7705078125, 111.5986328125, 7.169682025909424
v,146.29248046875, 111.1884765625, 7.181397914886475
v,146.292724609375, 111.1884765625, 5.702763080596924
v,146.18310546875, 111.0947265625, 5.7027506828308105
v,146.182861328125, 111.0947265625, 7.376893520355225
v,146.795654296875, 111.619140625, 7.37695837020874
v,146.795654296875, 111.6201171875, 5.702815532684326
v,146.7705078125, 111.5986328125, 5.702812671661377
v,146.306884765625, 111.0830078125, 7.376901149749756
v,146.72802734375, 110.5712890625, 7.376907825469971
v,146.72802734375, 110.5712890625, 7.154873371124268
v,146.306884765625, 111.0830078125, 7.154866695404053
v,146.78466796875, 111.4931640625, 7.376951694488525
v,146.306884765625, 111.0830078125, 7.376901149749756
v,146.306884765625, 111.0830078125, 7.154866695404053
v,146.35009765625, 111.1201171875, 7.154871463775635
v,146.35009765625, 111.1201171875, 7.246337413787842
v,146.78466796875, 111.4931640625, 7.235683917999268
v,146.78466796875, 111.4931640625, 7.235683917999268
v,146.828857421875, 111.439453125, 7.28659200668335
v,146.828857421875, 111.439453125, 7.154917240142822
v,147.20556640625, 110.9814453125, 7.154922962188721
v,147.205322265625, 110.9814453125, 7.37695837020874
v,146.78466796875, 111.4931640625, 7.376951694488525
v,146.72802734375, 110.5712890625, 7.376907825469971
v,147.205322265625, 110.9814453125, 7.37695837020874
v,147.20556640625, 110.9814453125, 7.154922962188721
v,146.72802734375, 110.5712890625, 7.154873371124268
v,147.329345703125, 110.970703125, 7.376966953277588
v,147.329345703125, 110.970703125, 5.702824115753174
v,146.795654296875, 111.6201171875, 5.702815532684326
v,146.795654296875, 111.619140625, 7.37695837020874
v,146.717041015625, 110.4453125, 7.376902103424072
v,146.182861328125, 111.0947265625, 7.376893520355225
v,146.18310546875, 111.0947265625, 5.7027506828308105
v,146.525146484375, 110.6787109375, 5.702755451202393
v,146.525146484375, 110.677734375, 6.899524211883545
v,146.717041015625, 110.4453125, 6.899527072906494
v,146.601318359375, 111.7978515625, 5.702809810638428
v,146.601318359375, 111.7978515625, 6.978123188018799
v,146.7705078125, 111.5986328125, 7.169682025909424
v,146.7705078125, 111.5986328125, 5.702812671661377
v,146.292724609375, 111.1884765625, 5.702763080596924
v,146.29248046875, 111.1884765625, 7.181397914886475
v,146.11328125, 111.3994140625, 6.9785542488098145
v,146.11328125, 111.3994140625, 5.702760219573975
v,146.11328125, 111.3994140625, 5.702760219573975
v,146.11328125, 111.3994140625, 6.9785542488098145
v,146.601318359375, 111.7978515625, 6.978123188018799
v,146.601318359375, 111.7978515625, 5.702809810638428
v,146.828857421875, 111.439453125, 7.154917240142822
v,146.828857421875, 111.439453125, 7.28659200668335
v,146.385986328125, 111.078125, 7.286983013153076
v,146.385986328125, 111.078125, 7.154871463775635
v,146.35009765625, 111.1201171875, 7.246337413787842
v,146.35009765625, 111.1201171875, 7.154871463775635
v,146.385986328125, 111.078125, 7.154871463775635
v,146.385986328125, 111.078125, 7.286983013153076
v,145.6787109375, 113.26171875, 5.858236789703369
v,143.689208984375, 111.5849609375, 5.858030796051025
v,143.689208984375, 111.5849609375, 5.702606678009033
v,145.6787109375, 113.26171875, 5.702812671661377
v,147.937744140625, 110.5595703125, 5.858272075653076
v,145.6787109375, 113.26171875, 5.858236789703369
v,145.6787109375, 113.26171875, 5.702812671661377
v,147.937744140625, 110.5595703125, 5.702847003936768
v,147.139404296875, 109.88671875, 5.858188152313232
v,147.139404296875, 109.88671875, 5.70276403427124
v,145.947998046875, 108.8818359375, 5.702641010284424
v,145.947998046875, 108.8818359375, 5.858065128326416
v,147.757080078125, 110.40625, 5.702828884124756
v,147.757080078125, 110.40625, 5.858252048492432
v,147.937744140625, 110.5595703125, 5.858272075653076
v,147.937744140625, 110.5595703125, 5.702847003936768
v,143.689208984375, 111.5849609375, 5.858030796051025
v,145.947998046875, 108.8818359375, 5.858065128326416
v,145.947998046875, 108.8818359375, 5.702641010284424
v,143.689208984375, 111.5849609375, 5.702606678009033
v,145.689697265625, 113.38671875, 5.8582444190979
v,148.062255859375, 110.5478515625, 5.858279705047607
v,148.0625, 110.5478515625, 4.688155651092529
v,146.327392578125, 112.6240234375, 4.68812894821167
v,146.32763671875, 112.6240234375, 0.8415970802307129
v,145.68994140625, 113.3876953125, 0.8415889739990234
v,145.937255859375, 108.755859375, 4.6879353523254395
v,145.937255859375, 108.755859375, 5.858059406280518
v,143.564208984375, 111.5947265625, 5.858023166656494
v,143.564453125, 111.5947265625, 0.8413681983947754
v,144.210693359375, 110.822265625, 0.8413772583007812
v,144.21044921875, 110.822265625, 4.68790864944458
v,143.564453125, 111.5947265625, 0.8413681983947754
v,143.564208984375, 111.5947265625, 5.858023166656494
v,145.689697265625, 113.38671875, 5.8582444190979
v,145.68994140625, 113.3876953125, 0.8415889739990234
v,146.059814453125, 108.859375, 4.5325236320495605
v,146.059814453125, 108.859375, 5.325188159942627
v,146.127685546875, 108.9169921875, 5.325194835662842
v,146.127685546875, 108.9169921875, 5.16977071762085
v,147.9482421875, 110.4521484375, 5.1699604988098145
v,147.9482421875, 110.4521484375, 5.325384616851807
v,148.01611328125, 110.5087890625, 5.3253912925720215
v,148.016357421875, 110.5087890625, 4.688151836395264
v,148.0625, 110.5478515625, 4.688155651092529
v,148.062255859375, 110.5478515625, 5.858279705047607
v,145.937255859375, 108.755859375, 5.858059406280518
v,145.937255859375, 108.755859375, 4.6879353523254395
v,145.955810546875, 108.771484375, 4.687937259674072
v,145.955810546875, 108.771484375, 4.53251314163208
v,148.893798828125, 109.3095703125, 3.563554286956787
v,148.893798828125, 109.3095703125, 3.408130168914795
v,149.185546875, 108.9609375, 3.408134937286377
v,149.185546875, 108.9609375, 3.5635600090026855
v,147.26806640625, 107.3291015625, 3.5633606910705566
v,149.185546875, 108.9609375, 3.5635600090026855
v,149.185546875, 108.9609375, 3.408134937286377
v,147.26806640625, 107.3291015625, 3.4079365730285645
v,146.976318359375, 107.677734375, 3.4079298973083496
v,146.976318359375, 107.677734375, 3.563354969024658
v,147.26806640625, 107.3291015625, 3.5633606910705566
v,147.26806640625, 107.3291015625, 3.4079365730285645
v,148.961669921875, 109.3671875, 0.8416361808776855
v,148.961669921875, 109.3671875, 3.5635619163513184
v,149.310302734375, 108.9501953125, 3.563568592071533
v,149.310546875, 108.9501953125, 0.8416428565979004
v,149.310302734375, 108.9501953125, 3.563568592071533
v,147.257568359375, 107.2041015625, 3.563354969024658
v,147.2578125, 107.2041015625, 0.8414297103881836
v,149.310546875, 108.9501953125, 0.8416428565979004
v,146.90869140625, 107.62109375, 3.5633482933044434
v,146.908935546875, 107.62109375, 0.8414225578308105
v,147.2578125, 107.2041015625, 0.8414297103881836
v,147.257568359375, 107.2041015625, 3.563354969024658
v,148.9990234375, 109.3994140625, 4.056482791900635
v,146.882568359375, 107.5986328125, 4.056262493133545
v,146.8828125, 107.5986328125, 0.8414201736450195
v,146.908935546875, 107.62109375, 0.8414225578308105
v,146.90869140625, 107.62109375, 3.5633482933044434
v,146.976318359375, 107.677734375, 3.563354969024658
v,146.976318359375, 107.677734375, 3.4079298973083496
v,148.893798828125, 109.3095703125, 3.408130168914795
v,148.893798828125, 109.3095703125, 3.563554286956787
v,148.961669921875, 109.3671875, 3.5635619163513184
v,148.961669921875, 109.3671875, 0.8416361808776855
v,148.999267578125, 109.3994140625, 0.8416404724121094
v,148.673583984375, 109.7890625, 0.8416342735290527
v,148.67333984375, 109.7890625, 4.056477069854736
v,148.9990234375, 109.3994140625, 4.056482791900635
v,148.999267578125, 109.3994140625, 0.8416404724121094
v,146.55712890625, 107.9873046875, 4.0562567710876465
v,146.557373046875, 107.9873046875, 0.8414139747619629
v,146.8828125, 107.5986328125, 0.8414201736450195
v,146.882568359375, 107.5986328125, 4.056262493133545
v,148.60595703125, 109.7314453125, 4.056469440460205
v,148.60595703125, 109.7314453125, 3.901045322418213
v,148.87451171875, 109.41015625, 3.901050090789795
v,148.87451171875, 109.41015625, 4.0564751625061035
v,146.893310546875, 107.7236328125, 4.056268215179443
v,148.87451171875, 109.41015625, 4.0564751625061035
v,148.87451171875, 109.41015625, 3.901050090789795
v,146.893310546875, 107.7236328125, 3.900844097137451
v,146.624755859375, 108.044921875, 3.900839328765869
v,146.624755859375, 108.044921875, 4.056263446807861
v,146.893310546875, 107.7236328125, 4.056268215179443
v,146.893310546875, 107.7236328125, 3.900844097137451
v,148.690185546875, 109.802734375, 4.688168048858643
v,146.521484375, 107.95703125, 4.687942028045654
v,146.521728515625, 107.95703125, 0.8414106369018555
v,146.557373046875, 107.9873046875, 0.8414139747619629
v,146.55712890625, 107.9873046875, 4.0562567710876465
v,146.624755859375, 108.044921875, 4.056263446807861
v,146.624755859375, 108.044921875, 3.900839328765869
v,148.60595703125, 109.7314453125, 3.901045322418213
v,148.60595703125, 109.7314453125, 4.056469440460205
v,148.67333984375, 109.7890625, 4.056477069854736
v,148.673583984375, 109.7890625, 0.8416342735290527
v,148.6904296875, 109.802734375, 0.8416361808776855
v,148.6904296875, 109.802734375, 0.8416361808776855
v,146.32958984375, 112.6259765625, 0.8415975570678711
v,146.329345703125, 112.6259765625, 4.68812894821167
v,148.690185546875, 109.802734375, 4.688168048858643
v,146.521484375, 107.95703125, 4.687942028045654
v,144.160400390625, 110.779296875, 4.687903881072998
v,144.160888671875, 110.7802734375, 0.841372013092041
v,146.521728515625, 107.95703125, 0.8414106369018555
v,146.32763671875, 112.6240234375, 0.8415970802307129
v,146.327392578125, 112.6240234375, 4.68812894821167
v,146.329345703125, 112.6259765625, 4.68812894821167
v,146.32958984375, 112.6259765625, 0.8415975570678711
v,148.293212890625, 110.1396484375, 4.6881537437438965
v,148.293212890625, 110.1396484375, 4.532730579376221
v,148.565673828125, 109.8134765625, 4.532734394073486
v,148.565673828125, 109.8134765625, 4.688159465789795
v,146.5322265625, 108.0830078125, 4.687947750091553
v,148.565673828125, 109.8134765625, 4.688159465789795
v,148.565673828125, 109.8134765625, 4.532734394073486
v,146.5322265625, 108.0830078125, 4.5325236320495605
v,146.5322265625, 108.0830078125, 4.5325236320495605
v,145.955810546875, 108.771484375, 4.53251314163208
v,145.955810546875, 108.771484375, 4.687937259674072
v,146.5322265625, 108.0830078125, 4.687947750091553
v,147.9482421875, 110.4521484375, 5.325384616851807
v,147.9482421875, 110.4521484375, 5.1699604988098145
v,148.188720703125, 110.1669921875, 5.16996431350708
v,148.188720703125, 110.1669921875, 5.325388431549072
v,146.375, 108.623046875, 5.325199604034424
v,148.188720703125, 110.1669921875, 5.325388431549072
v,148.188720703125, 110.1669921875, 5.16996431350708
v,146.375, 108.623046875, 5.169775485992432
v,146.127685546875, 108.9169921875, 5.16977071762085
v,146.127685546875, 108.9169921875, 5.325194835662842
v,146.375, 108.623046875, 5.325199604034424
v,146.375, 108.623046875, 5.169775485992432
v,148.31396484375, 110.1572265625, 4.688156604766846
v,148.016357421875, 110.5087890625, 4.688151836395264
v,148.01611328125, 110.5087890625, 5.3253912925720215
v,148.313720703125, 110.1572265625, 5.3253960609436035
v,148.293212890625, 110.1396484375, 4.532730579376221
v,148.293212890625, 110.1396484375, 4.6881537437438965
v,148.31396484375, 110.1572265625, 4.688156604766846
v,148.313720703125, 110.1572265625, 5.3253960609436035
v,146.36474609375, 108.498046875, 5.325193881988525
v,146.36474609375, 108.498046875, 4.532529354095459
v,146.059814453125, 108.859375, 5.325188159942627
v,146.059814453125, 108.859375, 4.5325236320495605
v,146.36474609375, 108.498046875, 4.532529354095459
v,146.36474609375, 108.498046875, 5.325193881988525
i,0,2,3
i,12,13,15
i,21,23,20
i,28,30,33
i,38,39,35
i,40,41,44
i,48,50,51
i,53,55,52
i,57,59,56
i,61,69,70
i,76,78,79
i,80,82,83
i,85,86,90
i,95,97,94
i,99,102,103
i,106,107,111
i,115,117,114
i,126,131,118
i,134,135,136
i,139,141,138
i,143,146,147
i,151,153,150
i,154,156,157
i,158,160,161
i,163,165,162
i,168,169,170
i,172,174,175
i,180,181,177
i,182,183,186
i,193,196,197
i,200,202,203
i,206,207,208
i,214,215,211
i,216,218,219
i,221,223,220
i,226,227,228
i,231,233,230
i,234,236,237
i,238,240,241
i,243,245,242
i,246,248,249
i,251,253,250
i,255,257,254
i,259,261,258
i,263,265,262
i,266,268,269
i,270,273,275
i,281,277,278
i,282,284,285
i,291,292,295
i,300,302,303
i,304,306,307
i,309,311,308
i,312,314,315
i,317,319,316
i,320,322,323
i,329,331,332
i,336,338,339
i,341,343,340
i,344,346,347
i,348,350,351
i,353,355,352
i,356,361,364
i,369,371,368
i,373,375,372
i,376,378,379
i,380,382,383
i,384,386,387
i,388,390,391
i,392,394,395
i,396,398,399
i,401,403,400
i,404,406,407
i,412,413,409
i,414,416,417
i,0,1,2
i,4,5,7
i,5,6,7
i,7,8,9
i,18,19,17
i,19,4,17
i,15,16,17
i,4,7,10
i,7,9,10
i,10,11,12
i,15,17,12
i,17,4,10
i,12,17,10
i,13,14,15
i,21,22,23
i,24,25,27
i,25,26,27
i,31,32,30
i,32,33,30
i,28,29,30
i,33,24,28
i,24,27,28
i,39,34,35
i,35,36,37
i,37,38,35
i,41,42,44
i,42,43,44
i,45,46,40
i,46,47,40
i,45,40,44
i,48,49,50
i,53,54,55
i,57,58,59
i,75,60,73
i,60,61,72
i,73,60,72
i,61,62,69
i,62,63,67
i,69,62,67
i,63,64,65
i,65,66,67
i,67,68,69
i,70,71,72
i,73,74,75
i,63,65,67
i,70,72,61
i,76,77,78
i,80,81,82
i,93,84,92
i,84,85,92
i,86,87,89
i,87,88,89
i,90,91,92
i,86,89,90
i,90,92,85
i,95,96,97
i,99,100,101
i,103,104,98
i,104,105,98
i,99,101,102
i,103,98,99
i,107,108,110
i,108,109,110
i,112,113,111
i,113,106,111
i,107,110,111
i,115,116,117
i,118,119,121
i,119,120,121
i,121,122,123
i,129,130,128
i,130,131,128
i,126,127,128
i,118,121,123
i,123,124,125
i,126,128,131
i,118,123,125
i,125,126,118
i,137,132,136
i,132,133,136
i,133,134,136
i,139,140,141
i,143,144,145
i,147,148,142
i,148,149,142
i,143,145,146
i,147,142,143
i,151,152,153
i,154,155,156
i,158,159,160
i,163,164,165
i,171,166,170
i,166,167,170
i,167,168,170
i,172,173,174
i,181,176,177
i,177,178,179
i,179,180,177
i,183,184,185
i,186,187,182
i,187,188,189
i,189,190,191
i,187,189,182
i,183,185,186
i,189,191,182
i,193,194,195
i,197,198,192
i,198,199,192
i,193,195,196
i,197,192,193
i,200,201,202
i,209,204,208
i,204,205,208
i,205,206,208
i,215,210,211
i,211,212,213
i,213,214,211
i,216,217,218
i,221,222,223
i,229,224,228
i,224,225,228
i,225,226,228
i,231,232,233
i,234,235,236
i,238,239,240
i,243,244,245
i,246,247,248
i,251,252,253
i,255,256,257
i,259,260,261
i,263,264,265
i,266,267,268
i,270,271,273
i,271,272,273
i,273,274,275
i,281,276,277
i,278,279,281
i,279,280,281
i,282,283,284
i,299,286,298
i,286,287,298
i,288,289,290
i,288,290,291
i,297,298,287
i,287,288,296
i,288,291,295
i,296,288,295
i,292,293,294
i,292,294,295
i,296,297,287
i,300,301,302
i,304,305,306
i,309,310,311
i,312,313,314
i,317,318,319
i,320,321,322
i,325,326,328
i,326,327,328
i,334,335,333
i,335,324,333
i,324,325,332
i,325,328,329
i,329,330,331
i,325,329,332
i,332,333,324
i,336,337,338
i,341,342,343
i,344,345,346
i,348,349,350
i,353,354,355
i,357,358,360
i,358,359,360
i,366,367,365
i,367,356,365
i,356,357,361
i,357,360,361
i,361,362,363
i,364,365,356
i,361,363,364
i,369,370,371
i,373,374,375
i,376,377,378
i,380,381,382
i,384,385,386
i,388,389,390
i,392,393,394
i,396,397,398
i,401,402,403
i,404,405,406
i,413,408,409
i,409,410,411
i,411,412,409
i,414,415,416
n,-2.921201705932617, 3.4279403686523438, 0.00044359968160279095
n,0.0003099676687270403, 0.0001860677293734625, -4.50379753112793
n,-0.0003066715144086629, -0.0001910503051476553, 4.50379753112793
n,-0.0003034222754649818, -0.00018721800006460398, 4.50379753112793
n,-0.0003064374905079603, -0.00019180908566340804, 4.50379753112793
n,-0.00029333430575206876, -0.00018174218712374568, 4.50379753112793
n,-0.00029768465901724994, -0.0001861530909081921, 4.50379753112793
n,-1.6799826622009277, 2.06083345413208, 3.6352193355560303
n,-1.6793758869171143, 2.060523509979248, 3.6356747150421143
n,-0.00030036026146262884, -0.0001970989105757326, 4.50379753112793
n,-0.0002923011197708547, -0.0002089335466735065, 4.50379753112793
n,-0.0003259993391111493, -0.00021604837093036622, 4.50379753112793
n,-0.00037854770198464394, -0.00010455270967213437, 4.50379753112793
n,-0.00030691237770952284, -0.0001910692808451131, 4.50379753112793
n,-0.00030989968217909336, -0.00018614763393998146, 4.50379753112793
n,-0.0003102003538515419, -0.00018612222629599273, 4.50379753112793
n,-0.0003086703654844314, -0.00018708435527514666, 4.50379753112793
n,-0.00033724179957062006, -0.0001535050105303526, 4.50379753112793
n,-0.0003030996595043689, -0.0001946332340594381, 4.50379753112793
n,-0.00030580293969251215, -0.00019144105317536741, 4.50379753112793
n,-0.0003083174815401435, -0.00018734447075985372, 4.50379753112793
n,3.4487223625183105, 2.896636962890625, 0.0
n,-3.4487223625183105, -2.896636962890625, 0.0
n,-2.932053327560425, 3.4186625480651855, 0.0
n,-2.9798097610473633, 3.377117872238159, 0.0
n,3.448579788208008, 2.8968067169189453, 0.0
n,2.931032419204712, -3.4195380210876465, 0.0
n,-3.4491753578186035, -2.8960978984832764, 0.0
n,2.940056800842285, -3.4117817878723145, -0.0017539822729304433
n,-2.9294352531433105, 3.420902967453003, -0.004951278679072857
n,3.4777231216430664, 2.861753463745117, 0.0
n,2.945108413696289, -3.4074220657348633, 0.0
n,-3.4784462451934814, -2.860874891281128, -0.00025465228827670217
n,-2.934352159500122, 3.4166901111602783, 0.0
n,3.477757692337036, 2.861711263656616, 0.0
n,-3.4765124320983887, -2.8632237911224365, -0.0020750390831381083
n,3.435303211212158, 2.912539482116699, 0.0
n,-3.4343974590301514, -2.913607597351074, 0.0
n,-2.8466522693634033, 3.4900951385498047, 0.0
n,2.8491833209991455, -3.4880287647247314, 0.0
n,-3.4368066787719727, -2.910764694213867, 0.0
n,2.9029977321624756, -3.4433696269989014, 0.0
n,-3.455636978149414, -2.8883845806121826, 0.0
n,-2.902754783630371, 3.4435746669769287, 0.0
n,-2.907156467437744, 3.439859628677368, 0.0
n,3.455636978149414, 2.8883848190307617, 0.0
n,3.4547111988067627, 2.8894917964935303, 0.0007982013048604131
n,-3.455495595932007, -2.8885536193847656, -0.000476574496133253
n,-2.9036948680877686, 3.442781686782837, 0.00034421030431985855
n,2.9037656784057617, -3.4427220821380615, 0.0004833594721276313
n,-3.4546244144439697, -2.8895957469940186, 0.0
n,-2.9185550212860107, 3.4301936626434326, 0.0
n,3.4535672664642334, 2.8908591270446777, 0.0
n,3.4549036026000977, 2.8892617225646973, 0.00027522057644091547
n,2.9187803268432617, -3.430001735687256, 0.00023251255333889276
n,-3.4549036026000977, -2.8892617225646973, -0.00027522057644091547
n,2.918363332748413, -3.430356740951538, 0.0
n,3.454862117767334, 2.8893113136291504, 0.00023301948385778815
n,-3.4558088779449463, -2.888178825378418, -0.000233083323109895
n,-3.4534013271331787, -2.891057014465332, 0.0
n,-2.9187726974487305, 3.4300084114074707, 0.0
n,3.45455002784729, 2.8896846771240234, 0.0
n,2.9189577102661133, -3.4298503398895264, 0.001111215096898377
n,3.454949140548706, 2.8892078399658203, 0.00019475720182526857
n,-3.4543814659118652, -2.8898861408233643, -0.00019472518761176616
n,-2.9921600818634033, 3.366180181503296, -0.0001686695613898337
n,-3.4568967819213867, -2.886876344680786, 0.0
n,-2.918724536895752, 3.4300496578216553, 0.0
n,3.4538443088531494, 2.8905279636383057, 0.0
n,-3.4396283626556396, -2.9074296951293945, 0.0
n,-2.9191973209381104, 3.429647207260132, 0.0
n,3.4419004917144775, 2.90474009513855, 0.0
n,3.4403858184814453, 2.9065330028533936, 0.0011706455843523145
n,2.9195849895477295, -3.4293172359466553, 0.0
n,-3.4425954818725586, -2.903916120529175, 0.0
n,-2.8936245441436768, 3.451249837875366, -0.0001631150662433356
n,0.00029944913694635034, 0.0001985500566661358, -4.50379753112793
n,0.0002989766071550548, 0.00019981835794169456, -4.50379753112793
n,0.0005919895484112203, 0.0004335716657806188, -4.50379753112793
n,0.00028098930488340557, 0.00017349707195535302, -4.50379753112793
n,0.00030105217592790723, 0.00019071252609137446, -4.50379753112793
n,0.0002919977705460042, 0.00017056871729437262, -4.50379753112793
n,0.00030410144245252013, 0.0001930850266944617, -4.50379753112793
n,0.0003644668613560498, 0.00024303098325617611, -4.50379753112793
n,0.0003319240058772266, 0.00020412173762451857, -4.50379753112793
n,0.00030916286050342023, 0.00018701354565564543, -4.50379753112793
n,0.0003041449817828834, 0.00019327322661411017, -4.50379753112793
n,0.00030851989868097007, 0.00018813376664184034, -4.50379753112793
n,0.0003099676687270403, 0.0001860677293734625, -4.50379753112793
n,-0.0003066715144086629, -0.0001910503051476553, 4.50379753112793
n,-0.0003237560158595443, -0.00020638221758417785, 4.50379753112793
n,-0.0003286084102001041, -0.00020947544544469565, 4.50379753112793
n,-0.0003282765101175755, -0.00022177783830557019, 4.50379753112793
n,-0.0002772461739368737, -0.00016727785987313837, 4.50379753112793
n,-0.000311186071485281, -0.00019484214135445654, 4.50379753112793
n,-0.0003130022087134421, -0.0001864251826191321, 4.50379753112793
n,-0.00032106999424286187, -0.000174262240761891, 4.50379753112793
n,-0.0003067044890485704, -0.00019408225489314646, 4.50379753112793
n,-0.00030625436920672655, -0.0002593786921352148, 4.50379753112793
n,-0.00030159656307660043, -0.0001885410165414214, 4.50379753112793
n,-0.00029618051485158503, -0.0002130506472894922, 4.50379753112793
n,-0.0003150263801217079, -0.000184628224815242, 4.50379753112793
n,-0.0003151469863951206, -0.0001846176164690405, 4.50379753112793
n,-0.0003232430317439139, -0.00017241196474060416, 4.50379753112793
n,-0.00029757549054920673, -0.00018616269517224282, 4.50379753112793
n,-0.00032729696249589324, -0.000217005392187275, 4.50379753112793
n,-1.680382490158081, 2.0641419887542725, 3.6331562995910645
n,-1.6779009103775024, 2.0580482482910156, 3.6377575397491455
n,-0.00030405266443267465, -0.00019001310283783823, 4.50379753112793
n,-0.00032717586145736277, -0.00021559745073318481, 4.50379753112793
n,-0.00030576236895285547, -0.00019254251674283296, 4.50379753112793
n,-0.0002998344716615975, -0.00019697622337844223, 4.50379753112793
n,-0.0002978474658448249, -0.00019249490287620574, 4.50379753112793
n,-0.0003005355247296393, -0.00020617542031686753, 4.50379753112793
n,-0.00030563637847080827, -0.0001919473725138232, 4.50379753112793
n,-0.0002529054181650281, -0.00015319781959988177, 4.50379753112793
n,-0.00030907176551409066, -0.0002081275888485834, 4.50379753112793
n,-0.0002914381620939821, -0.0001897205220302567, 4.50379753112793
n,-0.00028375739930197597, -0.0001746199413901195, 4.50379753112793
n,-0.00030701502691954374, -0.00019152100139763206, 4.50379753112793
n,-0.0002952344948425889, -0.00019386873464100063, 4.50379753112793
n,-0.0002824885887093842, -0.00021982507314532995, 4.50379753112793
n,-0.0002922235580626875, -0.00018638266192283481, 4.50379753112793
n,-0.00029028698918409646, -0.00018476399418432266, 4.50379753112793
n,-0.00029291948885656893, -0.00018707712297327816, 4.50379753112793
n,-0.0002944959560409188, -0.00021151028340682387, 4.50379753112793
n,-0.0003275613416917622, -0.00018718672799877822, 4.50379753112793
n,-0.00031065859366208315, -0.000182191317435354, 4.50379753112793
n,-0.0003065987257286906, -0.00019389594672247767, 4.50379753112793
n,-0.00030786849674768746, -0.00018578843446448445, 4.50379753112793
n,-0.00031111270072869956, -0.00018383517453912646, 4.50379753112793
n,-0.00030200177570804954, -0.00017620876315049827, 4.50379753112793
n,-0.00032234739046543837, -0.00019625306595116854, 4.50379753112793
n,-0.0002953123184852302, -0.00018136651488021016, 4.50379753112793
n,-0.00031004822812974453, -0.0001861350901890546, 4.50379753112793
n,-0.000320399587508291, -0.00017292023403570056, 4.50379753112793
n,-0.000290424533886835, -0.0001743134343996644, 4.50379753112793
n,-0.0002985997125506401, -0.0001786535867722705, 4.50379753112793
n,-0.0002994804235640913, -0.00017918854427989572, 4.50379753112793
n,-0.00030524824978783727, -0.00018654059385880828, 4.50379753112793
n,-0.00029319876921363175, -0.0002074886579066515, 4.50379753112793
n,-0.0003039698058273643, -0.0001948309800354764, 4.50379753112793
n,-0.0015127065125852823, -0.0012028464116156101, 4.5037970542907715
n,-2.9985336368554272e-05, 3.373350409674458e-05, 4.50379753112793
n,-0.0002730019623413682, -0.00016564098768867552, 4.50379753112793
n,-0.0002974368690047413, -0.0001895269233500585, 4.50379753112793
n,-0.0002282040222780779, -0.00012873673404101282, 4.50379753112793
n,-0.0002732992870733142, -0.00016225250146817416, 4.50379753112793
n,-0.0003095154243055731, -0.00018909946084022522, 4.50379753112793
n,-0.00036088121123611927, -0.0002311895223101601, 4.50379753112793
n,-0.0002698450116440654, -0.00015919886936899275, 4.50379753112793
n,-0.00032294250559061766, -0.00020338216563686728, 4.50379753112793
n,-0.0003205291577614844, -0.00017447541176807135, 4.50379753112793
n,-0.0002939107362180948, -0.00017408974235877395, 4.50379753112793
n,-0.0003021718002855778, -0.00018641597125679255, 4.50379753112793
n,-0.0003068765508942306, -0.00018831559282261878, 4.50379753112793
n,-0.00030517129926010966, -0.0001924820098793134, 4.50379753112793
n,-0.0003011494700331241, -0.00017607530753593892, 4.50379753112793
n,-0.00028988177655264735, -0.00017990150081459433, 4.50379753112793
n,-0.0002955202362500131, -0.00018274936883244663, 4.50379753112793
n,-0.00030950969085097313, -0.0001872478605946526, 4.50379753112793
n,-0.00029220012947916985, -0.0002077213575830683, 4.50379753112793
n,3.4487223625183105, 2.896636962890625, 0.0
n,-3.4487223625183105, -2.896636962890625, 0.0
n,-2.932053327560425, 3.4186625480651855, 0.0
n,-2.9227237701416016, 3.4266414642333984, 0.0024833600036799908
n,3.4503767490386963, 2.8946666717529297, 0.0
n,3.450376272201538, 2.8946666717529297, 0.0
n,3.4502429962158203, 2.8948254585266113, -0.00014069887402001768
n,2.931032419204712, -3.4195380210876465, 0.0
n,-3.4491751194000244, -2.8960978984832764, 0.0
n,-3.4497931003570557, -2.89536190032959, 0.0
n,-3.4492125511169434, -2.8960537910461426, -5.501124542206526e-05
n,2.921767234802246, -3.427457809448242, 0.0
n,2.93003511428833, -3.4203925132751465, 0.0016718298429623246
n,2.903348207473755, -3.4430735111236572, 0.001318743801675737
n,2.932053327560425, -3.4186625480651855, 0.0
n,2.932050943374634, -3.4186604022979736, 0.0054735359735786915
n,2.921767234802246, -3.427457809448242, 0.0
n,2.932053327560425, -3.4186625480651855, 0.0
n,-2.924337387084961, 3.425265312194824, -0.00042883242713287473
n,-2.880239725112915, 3.462428092956543, 0.001793780829757452
n,-2.9407081604003906, 3.4112212657928467, 0.0
n,-2.92472767829895, 3.4249320030212402, -0.00037880358286201954
n,-2.933393716812134, 3.4174892902374268, 0.012756885029375553
n,3.4777231216430664, 2.861753463745117, 0.0
n,2.933279037475586, -3.4176111221313477, 0.0
n,2.934349775314331, -3.4166862964630127, -0.006201949901878834
n,2.945108413696289, -3.4074220657348633, 0.0
n,-3.478236436843872, -2.8611297607421875, 0.0
n,-3.4776628017425537, -2.8618266582489014, 0.0
n,-3.4781410694122314, -2.861243724822998, -0.0033966221380978823
n,-2.9351179599761963, 3.4160311222076416, -0.002866326132789254
n,3.47963285446167, 2.859431505203247, 0.0014813863672316074
n,-3.4731545448303223, -2.8672962188720703, -0.0015775581123307347
n,-3.477187395095825, -2.8624038696289062, 0.0024239858612418175
n,-3.4788053035736084, -2.860438108444214, -0.00045056635281071067
n,3.435302734375, 2.912539482116699, 0.0
n,-3.4358952045440674, -2.9118409156799316, -0.0005038485978730023
n,-2.8466522693634033, 3.4900951385498047, 0.0
n,2.8491833209991455, -3.4880287647247314, 0.0
n,-3.4368066787719727, -2.9107649326324463, 0.0
n,2.9029979705810547, -3.4433698654174805, 0.0
n,-3.455636978149414, -2.8883845806121826, 0.0
n,-2.902754783630371, 3.4435746669769287, 0.0
n,-2.907156229019165, 3.439859628677368, 0.0
n,3.455636978149414, 2.8883845806121826, 0.0
n,3.455625295639038, 2.8883979320526123, 0.0020092781633138657
n,3.456005334854126, 2.887944221496582, 0.0006404183222912252
n,3.4562079906463623, 2.8877010345458984, 0.0001948281715158373
n,-3.4556283950805664, -2.888395071029663, 0.0
n,-3.455251693725586, -2.888845205307007, -0.00014934361388441175
n,-3.4551405906677246, -2.8889782428741455, -0.00019476798479445279
n,-2.9030468463897705, 3.443328380584717, -0.0001254761009477079
n,2.903712034225464, -3.44276762008667, 0.0
n,2.903712034225464, -3.44276762008667, 0.0
n,2.9031777381896973, -3.4432179927825928, 0.0
n,2.9031777381896973, -3.4432179927825928, 0.0
n,2.8911516666412354, -3.4533205032348633, 0.0034978052135556936
n,2.9037654399871826, -3.4427220821380615, 0.0007697948021814227
n,2.9031777381896973, -3.443218231201172, 0.0006987733067944646
n,2.9032199382781982, -3.4431824684143066, 0.0004362771869637072
n,2.907020330429077, -3.439974069595337, 0.0009891596855595708
n,2.903397798538208, -3.44303297996521, 0.0005380168440751731
n,2.901808023452759, -3.4443728923797607, 0.0
n,-3.4546244144439697, -2.8895957469940186, 0.0
n,-2.9185547828674316, 3.4301939010620117, 0.0
n,3.4535672664642334, 2.890859365463257, 0.0
n,3.455787420272827, 2.888204574584961, 0.0
n,2.9187803268432617, -3.430001735687256, 0.00023251255333889276
n,-3.4549036026000977, -2.8892617225646973, -0.00027522057644091547
n,2.9518275260925293, -3.4016029834747314, 0.00019909140246454626
n,2.949674606323242, -3.403470516204834, 0.00023497360234614462
n,2.9180216789245605, -3.430647134780884, 0.0
n,2.9262752532958984, -3.423609733581543, 0.0001973679754883051
n,2.919149160385132, -3.4296841621398926, 0.004822385963052511
n,2.9091920852661133, -3.438135862350464, -0.003722863970324397
n,2.918363332748413, -3.430356740951538, 0.0
n,2.918363571166992, -3.430356740951538, -0.0007207118324004114
n,2.934638023376465, -3.4164440631866455, -0.0009055755799636245
n,3.454861879348755, 2.8893113136291504, 0.0002330194547539577
n,-3.4558088779449463, -2.888178825378418, -0.00023308335221372545
n,-3.4534013271331787, -2.891057014465332, 0.0
n,-2.9187726974487305, 3.4300084114074707, 0.0
n,3.45455002784729, 2.8896846771240234, 0.0
n,2.9258406162261963, -3.4239814281463623, 0.00016493108705617487
n,2.9241464138031006, -3.425428628921509, 0.00019722437718883157
n,2.8568336963653564, -3.4817659854888916, 0.00019268433970864862
n,2.8532419204711914, -3.4847099781036377, 0.0001608386664884165
n,2.9189274311065674, -3.4298768043518066, 0.001283496618270874
n,2.909193277359009, -3.4381370544433594, -0.0014525038423016667
n,2.9189581871032715, -3.4298510551452637, 0.0
n,2.940056085586548, -3.411780595779419, -0.0037656358908861876
n,2.9189581871032715, -3.4298505783081055, 0.0
n,3.454948902130127, 2.889207601547241, 0.00019475720182526857
n,-3.454948663711548, -2.889207601547241, -0.0010409787064418197
n,-2.9921600818634033, 3.366180419921875, -0.0001686695613898337
n,-3.456897020339966, -2.8868765830993652, 0.0
n,-2.9187240600585938, 3.4300496578216553, 0.0
n,3.4538443088531494, 2.8905279636383057, 0.0
n,-3.4396283626556396, -2.9074296951293945, 0.0
n,-2.9191973209381104, 3.429647207260132, 0.0
n,3.4419002532958984, 2.9047398567199707, 0.0
n,3.4403858184814453, 2.9065330028533936, 0.0011706455843523145
n,2.9195849895477295, -3.4293172359466553, 0.0
n,2.9010567665100098, -3.44500470161438, 0.0009871304500848055
n,2.919578790664673, -3.4293224811553955, -3.219696372980252e-05
n,-3.4425954818725586, -2.903916120529175, 0.0
u,0.4741969108581543, 0.5454546213150024, 0
u,0.4711849093437195, 0.9760109782218933, 0
u,0.4711849093437195, 0.5454546213150024, 0
u,0.0, 0.0, 0
u,0.0, 0.0, 0
u,0.0, 0.0, 0
u,0.6402875781059265, 0.721992015838623, 0
u,0.6015015244483948, 0.632857620716095, 0
u,0.6407449841499329, 0.6330307126045227, 0
u,0.6010507941246033, 0.7218316197395325, 0
u,0.6402490735054016, 0.7294703722000122, 0
u,0.5958179831504822, 0.7343490719795227, 0
u,0.6454833745956421, 0.716830313205719, 0
u,0.6459401845932007, 0.6279994249343872, 0
u,0.6808658838272095, 0.7080023288726807, 0
u,0.6454833745956421, 0.716830313205719, 0
u,0.6840605139732361, 0.716087818145752, 0
u,0.6891666054725647, 0.7285289168357849, 0
u,0.684511125087738, 0.6272358894348145, 0
u,0.6408348083496094, 0.6155611276626587, 0
u,0.6897447109222412, 0.6145929098129272, 0
u,0.9769284129142761, 0.5574702024459839, 0
u,0.9973134994506836, 0.6507176756858826, 0
u,0.9763314127922058, 0.6507176756858826, 0
u,0.8836292028427124, 0.9913086295127869, 0
u,0.9186087250709534, 0.9808611869812012, 0
u,0.9186087250709534, 0.9936469197273254, 0
u,0.8047701120376587, 0.5868231058120728, 0
u,0.7054156064987183, 0.7084029912948608, 0
u,0.7049679756164551, 0.6194723844528198, 0
u,0.8041676878929138, 0.9542849063873291, 0
u,0.8099597096443176, 0.5742803812026978, 0
u,0.809316098690033, 0.9668201804161072, 0
u,0.8047701120376587, 0.5868231058120728, 0
u,0.5946071147918701, 0.5744379162788391, 0
u,0.8099597096443176, 0.5742803812026978, 0
u,0.5939521789550781, 0.9669709205627441, 0
u,0.5946071147918701, 0.5744379162788391, 0
u,0.5958179831504822, 0.7343490719795227, 0
u,0.5070164799690247, 0.9521226286888123, 0
u,0.48180338740348816, 0.5965849161148071, 0
u,0.5082610845565796, 0.596619188785553, 0
u,0.4805581867694855, 0.9520875215530396, 0
u,0.4753451943397522, 0.9646195769309998, 0
u,0.4766783118247986, 0.5840392708778381, 0
u,0.5069556832313538, 0.9694914221763611, 0
u,0.5083295106887817, 0.5770869851112366, 0
u,0.5121687054634094, 0.9569522142410278, 0
u,0.5365229249000549, 0.9569513201713562, 0
u,0.5134546756744385, 0.5896250009536743, 0
u,0.5378332138061523, 0.5896201729774475, 0
u,0.5416684746742249, 0.9635375738143921, 0
u,0.5364546775817871, 0.9760764837265015, 0
u,0.5378890037536621, 0.5739644169807434, 0
u,0.5430132746696472, 0.5865030884742737, 0
u,0.5677304863929749, 0.5865023732185364, 0
u,0.5664626955986023, 0.9440515041351318, 0
u,0.5940108895301819, 0.9318144917488098, 0
u,0.5728685259819031, 0.5952820777893066, 0
u,0.5945718884468079, 0.5955153107643127, 0
u,0.5716760754585266, 0.9315695762634277, 0
u,0.5664626955986023, 0.9440515041351318, 0
u,0.5677440166473389, 0.5826879739761353, 0
u,0.5779092907905579, 0.019138799980282784, 0
u,0.608241617679596, 0.043372198939323425, 0
u,0.5779092907905579, 0.043372198939323425, 0
u,0.6669353246688843, 0.019138799980282784, 0
u,0.6365978121757507, 0.043372198939323425, 0
u,0.6365978121757507, 0.019138799980282784, 0
u,0.608241617679596, 0.019138799980282784, 0
u,0.6365978121757507, 0.043372198939323425, 0
u,0.608241617679596, 0.043372198939323425, 0
u,0.5363410711288452, 0.1866029053926468, 0
u,0.5345168113708496, 0.04992289841175079, 0
u,0.5363410711288452, 0.04992289841175079, 0
u,0.6245142221450806, 0.1866029053926468, 0
u,0.6245142221450806, 0.06767360121011734, 0
u,0.6271865963935852, 0.06767360121011734, 0
u,0.5864784121513367, 0.1866029053926468, 0
u,0.6245142221450806, 0.06767360121011734, 0
u,0.6245142221450806, 0.1866029053926468, 0
u,0.5363410711288452, 0.1866029053926468, 0
u,0.5363410711288452, 0.04992289841175079, 0
u,0.5834925174713135, 0.06767360121011734, 0
u,0.47619470953941345, 0.24333849549293518, 0
u,0.47619470953941345, 0.25351449847221375, 0
u,0.4536488950252533, 0.2575159966945648, 0
u,0.46288248896598816, 0.42971980571746826, 0
u,0.4536488950252533, 0.4462670087814331, 0
u,0.4536488950252533, 0.35380131006240845, 0
u,0.48356691002845764, 0.007177100051194429, 0
u,0.5150759816169739, 0.032780300825834274, 0
u,0.48356691002845764, 0.032780300825834274, 0
u,0.48356691002845764, 0.032780300825834274, 0
u,0.4808621108531952, 0.032780300825834274, 0
u,0.4808621108531952, 0.022233299911022186, 0
u,0.54498690366745, 0.007177100051194429, 0
u,0.5764911770820618, 0.007177100051194429, 0
u,0.5731819868087769, 0.01759669929742813, 0
u,0.5150759816169739, 0.007177100051194429, 0
u,0.54498690366745, 0.032780300825834274, 0
u,0.5150759816169739, 0.032780300825834274, 0
u,0.5327165126800537, 0.2575159966945648, 0
u,0.4536488950252533, 0.35380131006240845, 0
u,0.4536488950252533, 0.2575159966945648, 0
u,0.5327165126800537, 0.4462670087814331, 0
u,0.5327165126800537, 0.5079662203788757, 0
u,0.47619470953941345, 0.5079662203788757, 0
u,0.4627127945423126, 0.06455560028553009, 0
u,0.519564688205719, 0.03622429817914963, 0
u,0.519564688205719, 0.06455560028553009, 0
u,0.519564688205719, 0.16267940402030945, 0
u,0.4626913070678711, 0.13267849385738373, 0
u,0.519564688205719, 0.13267849385738373, 0
u,0.519564688205719, 0.13267849385738373, 0
u,0.4627127945423126, 0.06455560028553009, 0
u,0.519564688205719, 0.06455560028553009, 0
u,0.9493495225906372, 0.9975566864013672, 0
u,0.9218106865882874, 0.9821659922599792, 0
u,0.9493495225906372, 0.9821659922599792, 0
u,0.9191321730613708, 0.9928569197654724, 0
u,0.9218106865882874, 0.9821659922599792, 0
u,0.9218106865882874, 0.9976075887680054, 0
u,0.3035784065723419, 0.982007622718811, 0
u,0.17937180399894714, 1.0, 0
u,0.17937180399894714, 0.982007622718811, 0
u,0.17937180399894714, 0.982007622718811, 0
u,0.011268500238656998, 1.0, 0
u,0.011268500238656998, 0.982007622718811, 0
u,0.5460746884346008, 1.0, 0
u,0.4716903865337372, 0.982007622718811, 0
u,0.5460746884346008, 0.982007622718811, 0
u,0.0, 0.982007622718811, 0
u,0.011268500238656998, 1.0, 0
u,0.0, 1.0, 0
u,0.3035784065723419, 0.982007622718811, 0
u,0.4716903865337372, 1.0, 0
u,0.3035784065723419, 1.0, 0
u,0.2878373861312866, 0.0023924000561237335, 0
u,0.332009494304657, 0.12846170365810394, 0
u,0.2878373861312866, 0.5428876280784607, 0
u,0.11960870027542114, 0.12846170365810394, 0
u,0.0, 0.0023924000561237335, 0
u,0.1643500030040741, 0.0023924000561237335, 0
u,0.1643500030040741, 0.5428876280784607, 0
u,0.2878373861312866, 0.0023924000561237335, 0
u,0.2878373861312866, 0.5428876280784607, 0
u,0.7246587872505188, 0.24765260517597198, 0
u,0.7246587872505188, 0.23751920461654663, 0
u,0.7497224807739258, 0.2306187003850937, 0
u,0.6282612085342407, 0.5525559782981873, 0
u,0.6079785227775574, 0.5693780183792114, 0
u,0.6079785227775574, 0.5525559782981873, 0
u,0.4956285059452057, 0.5525559782981873, 0
u,0.6079785227775574, 0.5693780183792114, 0
u,0.4956285059452057, 0.5693780183792114, 0
u,0.4753451943397522, 0.5525559782981873, 0
u,0.4956285059452057, 0.5693780183792114, 0
u,0.4753451943397522, 0.5693780183792114, 0
u,0.9364237189292908, 0.9756975769996643, 0
u,0.8116371035575867, 0.9152625799179077, 0
u,0.9364237189292908, 0.9152625799179077, 0
u,0.8116371035575867, 0.6154602766036987, 0
u,0.9364237189292908, 0.9152625799179077, 0
u,0.8116371035575867, 0.9152625799179077, 0
u,0.8116371035575867, 0.5550239086151123, 0
u,0.9364237189292908, 0.6154602766036987, 0
u,0.8116371035575867, 0.6154602766036987, 0
u,0.5411608815193176, 0.49026548862457275, 0
u,0.6569672226905823, 0.4729261100292206, 0
u,0.6569672226905823, 0.49026548862457275, 0
u,0.9773175716400146, 0.9952152967453003, 0
u,0.9996364116668701, 0.6523861885070801, 0
u,0.9996364116668701, 0.9952152967453003, 0
u,0.6637080907821655, 0.20716969668865204, 0
u,0.685867428779602, 0.5478469133377075, 0
u,0.6637080907821655, 0.5478469133377075, 0
u,0.8816230893135071, 0.9807456135749817, 0
u,0.8628895878791809, 0.9976075887680054, 0
u,0.8628895878791809, 0.9807456135749817, 0
u,0.7465255260467529, 0.9807456135749817, 0
u,0.8628895878791809, 0.9976075887680054, 0
u,0.7465255260467529, 0.9976075887680054, 0
u,0.7278106808662415, 0.9807456135749817, 0
u,0.7465255260467529, 0.9976075887680054, 0
u,0.7278106808662415, 0.9976075887680054, 0
u,0.1699347048997879, 0.5454546213150024, 0
u,0.29510998725891113, 0.6161618232727051, 0
u,0.1750517040491104, 0.6161618232727051, 0
u,0.00011929999891435727, 0.9760109782218933, 0
u,0.1699347048997879, 0.5454546213150024, 0
u,0.1699347048997879, 0.9760109782218933, 0
u,0.4711849093437195, 0.5454546213150024, 0
u,0.3013609051704407, 0.9760109782218933, 0
u,0.3013609051704407, 0.5454546213150024, 0
u,0.0, 0.9760109782218933, 0
u,0.00011929999891435727, 0.5454546213150024, 0
u,0.00011929999891435727, 0.9760109782218933, 0
u,0.7263875007629395, 0.9830967783927917, 0
u,0.7073475122451782, 1.0, 0
u,0.7073475122451782, 0.9830967783927917, 0
u,0.5876166820526123, 0.9830967783927917, 0
u,0.7073475122451782, 1.0, 0
u,0.5876166820526123, 1.0, 0
u,0.5876166820526123, 1.0, 0
u,0.5473372936248779, 0.9830967783927917, 0
u,0.5876166820526123, 0.9830967783927917, 0
u,0.7707703709602356, 0.5524893999099731, 0
u,0.7540662288665771, 0.5693780183792114, 0
u,0.7540662288665771, 0.5524893999099731, 0
u,0.6473677158355713, 0.5524893999099731, 0
u,0.7540662288665771, 0.5693780183792114, 0
u,0.6473677158355713, 0.5693780183792114, 0
u,0.6301774978637695, 0.5524893999099731, 0
u,0.6473677158355713, 0.5693780183792114, 0
u,0.6301774978637695, 0.5693780183792114, 0
u,0.9676722884178162, 0.9253960847854614, 0
u,0.9378697872161865, 0.977734386920929, 0
u,0.9378697872161865, 0.9253960847854614, 0
u,0.9378697872161865, 0.6350005865097046, 0
u,0.9749411940574646, 0.6350005865097046, 0
u,0.9676722884178162, 0.922330915927887, 0
u,0.9378697872161865, 0.5813397169113159, 0
u,0.9749411940574646, 0.6350005865097046, 0
u,0.9378697872161865, 0.6350005865097046, 0
u,0.4741969108581543, 0.5454546213150024, 0
u,0.4741969108581543, 0.9760109782218933, 0
u,0.4711849093437195, 0.9760109782218933, 0
u,0.0, 0.0, 0
u,0.0, 0.0, 0
u,0.0, 0.0, 0
u,0.0, 0.0, 0
u,0.0, 0.0, 0
u,0.0, 0.0, 0
u,0.0, 0.0, 0
u,0.0, 0.0, 0
u,0.0, 0.0, 0
u,0.0, 0.0, 0
u,0.0, 0.0, 0
u,0.0, 0.0, 0
u,0.0, 0.0, 0
u,0.0, 0.0, 0
u,0.0, 0.0, 0
u,0.0, 0.0, 0
u,0.0, 0.0, 0
u,0.0, 0.0, 0
u,0.0, 0.0, 0
u,0.0, 0.0, 0
u,0.0, 0.0, 0
u,0.0, 0.0, 0
u,0.0, 0.0, 0
u,0.0, 0.0, 0
u,0.0, 0.0, 0
u,0.0, 0.0, 0
u,0.0, 0.0, 0
u,0.0, 0.0, 0
u,0.0, 0.0, 0
u,0.0, 0.0, 0
u,0.0, 0.0, 0
u,0.0, 0.0, 0
u,0.0, 0.0, 0
u,0.0, 0.0, 0
u,0.0, 0.0, 0
u,0.0, 0.0, 0
u,0.0, 0.0, 0
u,0.0, 0.0, 0
u,0.0, 0.0, 0
u,0.6402875781059265, 0.721992015838623, 0
u,0.6010507941246033, 0.7218316197395325, 0
u,0.6015015244483948, 0.632857620716095, 0
u,0.5963959097862244, 0.6202961206436157, 0
u,0.6408094167709351, 0.6204919219017029, 0
u,0.6015015244483948, 0.632857620716095, 0
u,0.6408094167709351, 0.6204919219017029, 0
u,0.6407449841499329, 0.6330307126045227, 0
u,0.6015015244483948, 0.632857620716095, 0
u,0.6578252911567688, 0.7291321158409119, 0
u,0.6577972173690796, 0.7346025705337524, 0
u,0.6402490735054016, 0.7294703722000122, 0
u,0.6577972173690796, 0.7346025705337524, 0
u,0.5958179831504822, 0.7343490719795227, 0
u,0.6402490735054016, 0.7294703722000122, 0
u,0.6010507941246033, 0.7218316197395325, 0
u,0.6402875781059265, 0.721992015838623, 0
u,0.6402490735054016, 0.7294703722000122, 0
u,0.5958179831504822, 0.7343490719795227, 0
u,0.5963959097862244, 0.6202961206436157, 0
u,0.6010507941246033, 0.7218316197395325, 0
u,0.5963959097862244, 0.6202961206436157, 0
u,0.6015015244483948, 0.632857620716095, 0
u,0.6010507941246033, 0.7218316197395325, 0
u,0.6459401845932007, 0.6279994249343872, 0
u,0.6804597973823547, 0.6273161172866821, 0
u,0.6808658838272095, 0.7080023288726807, 0
u,0.6808658838272095, 0.7080023288726807, 0
u,0.6841012239456177, 0.7080550789833069, 0
u,0.6840605139732361, 0.716087818145752, 0
u,0.6840605139732361, 0.716087818145752, 0
u,0.6454833745956421, 0.716830313205719, 0
u,0.6808658838272095, 0.7080023288726807, 0
u,0.6840605139732361, 0.716087818145752, 0
u,0.684511125087738, 0.6272358894348145, 0
u,0.6891666054725647, 0.7285289168357849, 0
u,0.684511125087738, 0.6272358894348145, 0
u,0.6897447109222412, 0.6145929098129272, 0
u,0.6891666054725647, 0.7285289168357849, 0
u,0.6402490735054016, 0.7294703722000122, 0
u,0.6408348083496094, 0.6155611276626587, 0
u,0.6454833745956421, 0.716830313205719, 0
u,0.6408348083496094, 0.6155611276626587, 0
u,0.6459401845932007, 0.6279994249343872, 0
u,0.6454833745956421, 0.716830313205719, 0
u,0.6402490735054016, 0.7294703722000122, 0
u,0.6454833745956421, 0.716830313205719, 0
u,0.6891666054725647, 0.7285289168357849, 0
u,0.684511125087738, 0.6272358894348145, 0
u,0.6459401845932007, 0.6279994249343872, 0
u,0.6408348083496094, 0.6155611276626587, 0
u,0.9769284129142761, 0.5574702024459839, 0
u,0.9967430233955383, 0.5574299097061157, 0
u,0.9973134994506836, 0.6507176756858826, 0
u,0.8836292028427124, 0.9913086295127869, 0
u,0.8836796879768372, 0.9811000823974609, 0
u,0.9186087250709534, 0.9808611869812012, 0
u,0.5996994972229004, 0.6203107237815857, 0
u,0.5997551083564758, 0.5869730710983276, 0
u,0.6408348083496094, 0.6155611276626587, 0
u,0.5997551083564758, 0.5869730710983276, 0
u,0.8047701120376587, 0.5868231058120728, 0
u,0.6897447109222412, 0.6145929098129272, 0
u,0.6408348083496094, 0.6155611276626587, 0
u,0.5997551083564758, 0.5869730710983276, 0
u,0.6897447109222412, 0.6145929098129272, 0
u,0.8047701120376587, 0.5868231058120728, 0
u,0.8041676878929138, 0.9542849063873291, 0
u,0.7054156064987183, 0.7084029912948608, 0
u,0.8041676878929138, 0.9542849063873291, 0
u,0.5991420745849609, 0.9544283151626587, 0
u,0.6891666054725647, 0.7285289168357849, 0
u,0.7054156064987183, 0.7084029912948608, 0
u,0.8041676878929138, 0.9542849063873291, 0
u,0.6891666054725647, 0.7285289168357849, 0
u,0.5991420745849609, 0.9544283151626587, 0
u,0.5995091795921326, 0.7343642115592957, 0
u,0.6577972173690796, 0.7346025705337524, 0
u,0.6577972173690796, 0.7346025705337524, 0
u,0.6578252911567688, 0.7291321158409119, 0
u,0.6891666054725647, 0.7285289168357849, 0
u,0.6891666054725647, 0.7285289168357849, 0
u,0.68927001953125, 0.7081394791603088, 0
u,0.7054156064987183, 0.7084029912948608, 0
u,0.7049679756164551, 0.6194723844528198, 0
u,0.6897209286689758, 0.6192619800567627, 0
u,0.6897447109222412, 0.6145929098129272, 0
u,0.6408348083496094, 0.6155611276626587, 0
u,0.6408094167709351, 0.6204919219017029, 0
u,0.5996994972229004, 0.6203107237815857, 0
u,0.5991420745849609, 0.9544283151626587, 0
u,0.6577972173690796, 0.7346025705337524, 0
u,0.6891666054725647, 0.7285289168357849, 0
u,0.7049679756164551, 0.6194723844528198, 0
u,0.6897447109222412, 0.6145929098129272, 0
u,0.8047701120376587, 0.5868231058120728, 0
u,0.8041676878929138, 0.9542849063873291, 0
u,0.8047701120376587, 0.5868231058120728, 0
u,0.8099597096443176, 0.5742803812026978, 0
u,0.8047701120376587, 0.5868231058120728, 0
u,0.5997551083564758, 0.5869730710983276, 0
u,0.5946071147918701, 0.5744379162788391, 0
u,0.8041676878929138, 0.9542849063873291, 0
u,0.809316098690033, 0.9668201804161072, 0
u,0.5991420745849609, 0.9544283151626587, 0
u,0.809316098690033, 0.9668201804161072, 0
u,0.5939521789550781, 0.9669709205627441, 0
u,0.5991420745849609, 0.9544283151626587, 0
u,0.5946071147918701, 0.5744379162788391, 0
u,0.5997551083564758, 0.5869730710983276, 0
u,0.5963959097862244, 0.6202961206436157, 0
u,0.5997551083564758, 0.5869730710983276, 0
u,0.5996994972229004, 0.6203107237815857, 0
u,0.5963959097862244, 0.6202961206436157, 0
u,0.5958179831504822, 0.7343490719795227, 0
u,0.5995091795921326, 0.7343642115592957, 0
u,0.5991420745849609, 0.9544283151626587, 0
u,0.5946071147918701, 0.5744379162788391, 0
u,0.5963959097862244, 0.6202961206436157, 0
u,0.5958179831504822, 0.7343490719795227, 0
u,0.5958179831504822, 0.7343490719795227, 0
u,0.5991420745849609, 0.9544283151626587, 0
u,0.5939521789550781, 0.9669709205627441, 0
u,0.5070164799690247, 0.9521226286888123, 0
u,0.4805581867694855, 0.9520875215530396, 0
u,0.48180338740348816, 0.5965849161148071, 0
u,0.4805581867694855, 0.9520875215530396, 0
u,0.5070164799690247, 0.9521226286888123, 0
u,0.5069726705551147, 0.9646614789962769, 0
u,0.4766783118247986, 0.5840392708778381, 0
u,0.508305013179779, 0.5840802788734436, 0
u,0.48180338740348816, 0.5965849161148071, 0
u,0.508305013179779, 0.5840802788734436, 0
u,0.5082610845565796, 0.596619188785553, 0
u,0.48180338740348816, 0.5965849161148071, 0
u,0.4805581867694855, 0.9520875215530396, 0
u,0.5069726705551147, 0.9646614789962769, 0
u,0.4753451943397522, 0.9646195769309998, 0
u,0.4766783118247986, 0.5840392708778381, 0
u,0.48180338740348816, 0.5965849161148071, 0
u,0.4805581867694855, 0.9520875215530396, 0
u,0.5083295106887817, 0.5770869851112366, 0
u,0.5378779172897339, 0.5770813226699829, 0
u,0.5134546756744385, 0.5896250009536743, 0
u,0.5378779172897339, 0.5770813226699829, 0
u,0.5378332138061523, 0.5896201729774475, 0
u,0.5134546756744385, 0.5896250009536743, 0
u,0.5365229249000549, 0.9569513201713562, 0
u,0.5364782214164734, 0.9694901704788208, 0
u,0.5121687054634094, 0.9569522142410278, 0
u,0.5364782214164734, 0.9694901704788208, 0
u,0.5069556832313538, 0.9694914221763611, 0
u,0.5121687054634094, 0.9569522142410278, 0
u,0.5083295106887817, 0.5770869851112366, 0
u,0.5134546756744385, 0.5896250009536743, 0
u,0.5121687054634094, 0.9569522142410278, 0
u,0.5365229249000549, 0.9569513201713562, 0
u,0.5121687054634094, 0.9569522142410278, 0
u,0.5134546756744385, 0.5896250009536743, 0
u,0.5378890037536621, 0.5739644169807434, 0
u,0.7520778775215149, 0.5739576816558838, 0
u,0.5946071147918701, 0.5744379162788391, 0
u,0.7520778775215149, 0.5739576816558838, 0
u,0.7520766258239746, 0.5743227005004883, 0
u,0.5946071147918701, 0.5744379162788391, 0
u,0.5946071147918701, 0.5744379162788391, 0
u,0.594592809677124, 0.5829762816429138, 0
u,0.5677440166473389, 0.5826879739761353, 0
u,0.7506871223449707, 0.9668611884117126, 0
u,0.7506545186042786, 0.9760764837265015, 0
u,0.5939521789550781, 0.9669709205627441, 0
u,0.7506545186042786, 0.9760764837265015, 0
u,0.5364546775817871, 0.9760764837265015, 0
u,0.5939521789550781, 0.9669709205627441, 0
u,0.5416684746742249, 0.9635375738143921, 0
u,0.5939580202102661, 0.9635375738143921, 0
u,0.5939521789550781, 0.9669709205627441, 0
u,0.5378890037536621, 0.5739644169807434, 0
u,0.5946071147918701, 0.5744379162788391, 0
u,0.5677440166473389, 0.5826879739761353, 0
u,0.5677440166473389, 0.5826879739761353, 0
u,0.5677304863929749, 0.5865023732185364, 0
u,0.5430132746696472, 0.5865030884742737, 0
u,0.5416684746742249, 0.9635375738143921, 0
u,0.5939521789550781, 0.9669709205627441, 0
u,0.5364546775817871, 0.9760764837265015, 0
u,0.5378890037536621, 0.5739644169807434, 0
u,0.5677440166473389, 0.5826879739761353, 0
u,0.5430132746696472, 0.5865030884742737, 0
u,0.5430132746696472, 0.5865030884742737, 0
u,0.5416684746742249, 0.9635375738143921, 0
u,0.5378890037536621, 0.5739644169807434, 0
u,0.593989908695221, 0.9443532824516296, 0
u,0.5939580202102661, 0.9635375738143921, 0
u,0.5664626955986023, 0.9440515041351318, 0
u,0.5939580202102661, 0.9635375738143921, 0
u,0.5416684746742249, 0.9635375738143921, 0
u,0.5664626955986023, 0.9440515041351318, 0
u,0.5416684746742249, 0.9635375738143921, 0
u,0.5430132746696472, 0.5865030884742737, 0
u,0.5664626955986023, 0.9440515041351318, 0
u,0.5940108895301819, 0.9318144917488098, 0
u,0.5716760754585266, 0.9315695762634277, 0
u,0.5728685259819031, 0.5952820777893066, 0
u,0.5716760754585266, 0.9315695762634277, 0
u,0.5940108895301819, 0.9318144917488098, 0
u,0.593989908695221, 0.9443532824516296, 0
u,0.5677440166473389, 0.5826879739761353, 0
u,0.594592809677124, 0.5829762816429138, 0
u,0.5728685259819031, 0.5952820777893066, 0
u,0.594592809677124, 0.5829762816429138, 0
u,0.5945718884468079, 0.5955153107643127, 0
u,0.5728685259819031, 0.5952820777893066, 0
u,0.5716760754585266, 0.9315695762634277, 0
u,0.593989908695221, 0.9443532824516296, 0
u,0.5664626955986023, 0.9440515041351318, 0
u,0.5677440166473389, 0.5826879739761353, 0
u,0.5728685259819031, 0.5952820777893066, 0
u,0.5716760754585266, 0.9315695762634277, 0
u,0.5779092907905579, 0.019138799980282784, 0
u,0.608241617679596, 0.019138799980282784, 0
u,0.608241617679596, 0.043372198939323425, 0
u,0.6669353246688843, 0.019138799980282784, 0
u,0.6669353246688843, 0.043372198939323425, 0
u,0.6365978121757507, 0.043372198939323425, 0
u,0.608241617679596, 0.019138799980282784, 0
u,0.6365978121757507, 0.019138799980282784, 0
u,0.6365978121757507, 0.043372198939323425, 0
u,0.5363410711288452, 0.1866029053926468, 0
u,0.5345168113708496, 0.1866029053926468, 0
u,0.5345168113708496, 0.04992289841175079, 0
u,0.6271865963935852, 0.04992289841175079, 0
u,0.6604419946670532, 0.04992289841175079, 0
u,0.6271865963935852, 0.06767360121011734, 0
u,0.6604419946670532, 0.04992289841175079, 0
u,0.6604419946670532, 0.1866029053926468, 0
u,0.6271865963935852, 0.06767360121011734, 0
u,0.6604419946670532, 0.1866029053926468, 0
u,0.6245142221450806, 0.1866029053926468, 0
u,0.6271865963935852, 0.06767360121011734, 0
u,0.5864784121513367, 0.1866029053926468, 0
u,0.5864784121513367, 0.06767360121011734, 0
u,0.6245142221450806, 0.06767360121011734, 0
u,0.5363410711288452, 0.04992289841175079, 0
u,0.5834925174713135, 0.04992289841175079, 0
u,0.5834925174713135, 0.06767360121011734, 0
u,0.5834925174713135, 0.06767360121011734, 0
u,0.5864784121513367, 0.06767360121011734, 0
u,0.5864784121513367, 0.1866029053926468, 0
u,0.5864784121513367, 0.1866029053926468, 0
u,0.5363410711288452, 0.1866029053926468, 0
u,0.5834925174713135, 0.06767360121011734, 0
u,0.47619470953941345, 0.25351449847221375, 0
u,0.5327165126800537, 0.25351449847221375, 0
u,0.5327165126800537, 0.2575159966945648, 0
u,0.4536488950252533, 0.2575159966945648, 0
u,0.4536488950252533, 0.16507180035114288, 0
u,0.47619470953941345, 0.24333849549293518, 0
u,0.4536488950252533, 0.16507180035114288, 0
u,0.47619470953941345, 0.16507180035114288, 0
u,0.47619470953941345, 0.1711408942937851, 0
u,0.47619470953941345, 0.1711408942937851, 0
u,0.486681193113327, 0.1711408942937851, 0
u,0.486681193113327, 0.24333849549293518, 0
u,0.4536488950252533, 0.16507180035114288, 0
u,0.47619470953941345, 0.1711408942937851, 0
u,0.47619470953941345, 0.24333849549293518, 0
u,0.47619470953941345, 0.25351449847221375, 0
u,0.5327165126800537, 0.2575159966945648, 0
u,0.4536488950252533, 0.2575159966945648, 0
u,0.47619470953941345, 0.1711408942937851, 0
u,0.486681193113327, 0.24333849549293518, 0
u,0.47619470953941345, 0.24333849549293518, 0
u,0.46288248896598816, 0.42971980571746826, 0
u,0.5327165126800537, 0.42971980571746826, 0
u,0.5327165126800537, 0.4462670087814331, 0
u,0.4536488950252533, 0.35380131006240845, 0
u,0.5327165126800537, 0.35380131006240845, 0
u,0.4634382128715515, 0.3575904965400696, 0
u,0.5327165126800537, 0.35380131006240845, 0
u,0.5327165126800537, 0.3575904965400696, 0
u,0.4634382128715515, 0.3575904965400696, 0
u,0.46288248896598816, 0.42971980571746826, 0
u,0.5327165126800537, 0.4462670087814331, 0
u,0.4536488950252533, 0.4462670087814331, 0
u,0.4536488950252533, 0.35380131006240845, 0
u,0.4634382128715515, 0.3575904965400696, 0
u,0.46288248896598816, 0.42971980571746826, 0
u,0.48356691002845764, 0.007177100051194429, 0
u,0.5150759816169739, 0.007177100051194429, 0
u,0.5150759816169739, 0.032780300825834274, 0
u,0.4536488950252533, 0.02346700057387352, 0
u,0.4536488950252533, 0.007177100051194429, 0
u,0.4808621108531952, 0.022233299911022186, 0
u,0.4536488950252533, 0.007177100051194429, 0
u,0.48356691002845764, 0.007177100051194429, 0
u,0.4808621108531952, 0.022233299911022186, 0
u,0.48356691002845764, 0.007177100051194429, 0
u,0.48356691002845764, 0.032780300825834274, 0
u,0.4808621108531952, 0.022233299911022186, 0
u,0.5764911770820618, 0.007177100051194429, 0
u,0.5764911770820618, 0.02346700057387352, 0
u,0.5731819868087769, 0.01759669929742813, 0
u,0.5731819868087769, 0.01759669929742813, 0
u,0.5731819868087769, 0.032780300825834274, 0
u,0.54498690366745, 0.032780300825834274, 0
u,0.54498690366745, 0.032780300825834274, 0
u,0.54498690366745, 0.007177100051194429, 0
u,0.5731819868087769, 0.01759669929742813, 0
u,0.5150759816169739, 0.007177100051194429, 0
u,0.54498690366745, 0.007177100051194429, 0
u,0.54498690366745, 0.032780300825834274, 0
u,0.5327165126800537, 0.2575159966945648, 0
u,0.5327165126800537, 0.35380131006240845, 0
u,0.4536488950252533, 0.35380131006240845, 0
u,0.47619470953941345, 0.5425670742988586, 0
u,0.4536488950252533, 0.5425670742988586, 0
u,0.47619470953941345, 0.5079662203788757, 0
u,0.4536488950252533, 0.5425670742988586, 0
u,0.4536488950252533, 0.4462670087814331, 0
u,0.47619470953941345, 0.5079662203788757, 0
u,0.4536488950252533, 0.4462670087814331, 0
u,0.5327165126800537, 0.4462670087814331, 0
u,0.47619470953941345, 0.5079662203788757, 0
u,0.4627127945423126, 0.06455560028553009, 0
u,0.45417338609695435, 0.03622429817914963, 0
u,0.519564688205719, 0.03622429817914963, 0
u,0.519564688205719, 0.16267940402030945, 0
u,0.4536488950252533, 0.16267940402030945, 0
u,0.4626913070678711, 0.13267849385738373, 0
u,0.519564688205719, 0.13267849385738373, 0
u,0.4626913070678711, 0.13267849385738373, 0
u,0.4627127945423126, 0.06455560028553009, 0
u,0.9493495225906372, 0.9975566864013672, 0
u,0.9218106865882874, 0.9976075887680054, 0
u,0.9218106865882874, 0.9821659922599792, 0
u,0.9191321730613708, 0.9928569197654724, 0
u,0.9191321730613708, 0.9821659922599792, 0
u,0.9218106865882874, 0.9821659922599792, 0
u,0.3035784065723419, 0.982007622718811, 0
u,0.3035784065723419, 1.0, 0
u,0.17937180399894714, 1.0, 0
u,0.17937180399894714, 0.982007622718811, 0
u,0.17937180399894714, 1.0, 0
u,0.011268500238656998, 1.0, 0
u,0.5460746884346008, 1.0, 0
u,0.4716903865337372, 1.0, 0
u,0.4716903865337372, 0.982007622718811, 0
u,0.0, 0.982007622718811, 0
u,0.011268500238656998, 0.982007622718811, 0
u,0.011268500238656998, 1.0, 0
u,0.3035784065723419, 0.982007622718811, 0
u,0.4716903865337372, 0.982007622718811, 0
u,0.4716903865337372, 1.0, 0
u,0.2878373861312866, 0.0023924000561237335, 0
u,0.45217880606651306, 0.0023924000561237335, 0
u,0.332009494304657, 0.12846170365810394, 0
u,0.45217880606651306, 0.0023924000561237335, 0
u,0.45217880606651306, 0.12846170365810394, 0
u,0.332009494304657, 0.12846170365810394, 0
u,0.332009494304657, 0.12846170365810394, 0
u,0.332009494304657, 0.5428876280784607, 0
u,0.2878373861312866, 0.5428876280784607, 0
u,0.11960870027542114, 0.12846170365810394, 0
u,0.0, 0.12846170365810394, 0
u,0.0, 0.0023924000561237335, 0
u,0.1643500030040741, 0.0023924000561237335, 0
u,0.1643500030040741, 0.5428876280784607, 0
u,0.11960870027542114, 0.12846170365810394, 0
u,0.1643500030040741, 0.5428876280784607, 0
u,0.11960870027542114, 0.5428876280784607, 0
u,0.11960870027542114, 0.12846170365810394, 0
u,0.1643500030040741, 0.5428876280784607, 0
u,0.1643500030040741, 0.0023924000561237335, 0
u,0.2878373861312866, 0.0023924000561237335, 0
u,0.6873766779899597, 0.5450723171234131, 0
u,0.6873766779899597, 0.5295683741569519, 0
u,0.6946868896484375, 0.5450723171234131, 0
u,0.6873766779899597, 0.5295683741569519, 0
u,0.7246587872505188, 0.5295683741569519, 0
u,0.6946868896484375, 0.5450723171234131, 0
u,0.7246587872505188, 0.5194349884986877, 0
u,0.717348575592041, 0.5194349884986877, 0
u,0.717348575592041, 0.24765260517597198, 0
u,0.7246587872505188, 0.5194349884986877, 0
u,0.717348575592041, 0.24765260517597198, 0
u,0.7246587872505188, 0.24765260517597198, 0
u,0.6946868896484375, 0.5478469133377075, 0
u,0.6946868896484375, 0.5450723171234131, 0
u,0.7246587872505188, 0.5295683741569519, 0
u,0.7246587872505188, 0.5295683741569519, 0
u,0.7246587872505188, 0.5194349884986877, 0
u,0.7497224807739258, 0.5478469133377075, 0
u,0.7246587872505188, 0.5194349884986877, 0
u,0.7246587872505188, 0.24765260517597198, 0
u,0.7497224807739258, 0.2306187003850937, 0
u,0.7497224807739258, 0.5478469133377075, 0
u,0.7246587872505188, 0.5194349884986877, 0
u,0.7497224807739258, 0.2306187003850937, 0
u,0.7246587872505188, 0.23751920461654663, 0
u,0.6946868896484375, 0.23751920461654663, 0
u,0.6946868896484375, 0.2306187003850937, 0
u,0.7246587872505188, 0.23751920461654663, 0
u,0.6946868896484375, 0.2306187003850937, 0
u,0.7497224807739258, 0.2306187003850937, 0
u,0.7497224807739258, 0.5478469133377075, 0
u,0.6946868896484375, 0.5478469133377075, 0
u,0.7246587872505188, 0.5295683741569519, 0
u,0.6282612085342407, 0.5525559782981873, 0
u,0.6282612085342407, 0.5693780183792114, 0
u,0.6079785227775574, 0.5693780183792114, 0
u,0.4956285059452057, 0.5525559782981873, 0
u,0.6079785227775574, 0.5525559782981873, 0
u,0.6079785227775574, 0.5693780183792114, 0
u,0.4753451943397522, 0.5525559782981873, 0
u,0.4956285059452057, 0.5525559782981873, 0
u,0.4956285059452057, 0.5693780183792114, 0
u,0.9364237189292908, 0.9756975769996643, 0
u,0.8116371035575867, 0.9756975769996643, 0
u,0.8116371035575867, 0.9152625799179077, 0
u,0.8116371035575867, 0.6154602766036987, 0
u,0.9364237189292908, 0.6154602766036987, 0
u,0.9364237189292908, 0.9152625799179077, 0
u,0.8116371035575867, 0.5550239086151123, 0
u,0.9364237189292908, 0.5550239086151123, 0
u,0.9364237189292908, 0.6154602766036987, 0
u,0.5355029702186584, 0.5452561974525452, 0
u,0.5355029702186584, 0.1866029053926468, 0
u,0.5370762944221497, 0.49026548862457275, 0
u,0.5355029702186584, 0.1866029053926468, 0
u,0.5370762944221497, 0.1866029053926468, 0
u,0.5370762944221497, 0.49026548862457275, 0
u,0.6610518097877502, 0.1866029053926468, 0
u,0.6633298993110657, 0.1866029053926468, 0
u,0.6610518097877502, 0.49026548862457275, 0
u,0.6633298993110657, 0.1866029053926468, 0
u,0.6633298993110657, 0.5452561974525452, 0
u,0.6610518097877502, 0.49026548862457275, 0
u,0.6633298993110657, 0.5452561974525452, 0
u,0.5355029702186584, 0.5452561974525452, 0
u,0.6569672226905823, 0.49026548862457275, 0
u,0.5355029702186584, 0.5452561974525452, 0
u,0.5370762944221497, 0.49026548862457275, 0
u,0.5411608815193176, 0.49026548862457275, 0
u,0.5411608815193176, 0.49026548862457275, 0
u,0.5411608815193176, 0.4729261100292206, 0
u,0.6569672226905823, 0.4729261100292206, 0
u,0.5355029702186584, 0.5452561974525452, 0
u,0.5411608815193176, 0.49026548862457275, 0
u,0.6569672226905823, 0.49026548862457275, 0
u,0.6569672226905823, 0.49026548862457275, 0
u,0.6610518097877502, 0.49026548862457275, 0
u,0.6633298993110657, 0.5452561974525452, 0
u,0.9773175716400146, 0.9952152967453003, 0
u,0.9773175716400146, 0.6523861885070801, 0
u,0.9996364116668701, 0.6523861885070801, 0
u,0.6637080907821655, 0.20716969668865204, 0
u,0.685867428779602, 0.20716969668865204, 0
u,0.685867428779602, 0.5478469133377075, 0
u,0.8816230893135071, 0.9807456135749817, 0
u,0.8816230893135071, 0.9976075887680054, 0
u,0.8628895878791809, 0.9976075887680054, 0
u,0.7465255260467529, 0.9807456135749817, 0
u,0.8628895878791809, 0.9807456135749817, 0
u,0.8628895878791809, 0.9976075887680054, 0
u,0.7278106808662415, 0.9807456135749817, 0
u,0.7465255260467529, 0.9807456135749817, 0
u,0.7465255260467529, 0.9976075887680054, 0
u,0.3013609051704407, 0.5454546213150024, 0
u,0.3013609051704407, 0.9760109782218933, 0
u,0.29920831322669983, 0.6161618232727051, 0
u,0.3013609051704407, 0.9760109782218933, 0
u,0.29920831322669983, 0.9760109782218933, 0
u,0.29920831322669983, 0.6161618232727051, 0
u,0.1709533929824829, 0.9760109782218933, 0
u,0.1699347048997879, 0.9760109782218933, 0
u,0.1709533929824829, 0.6161618232727051, 0
u,0.1699347048997879, 0.9760109782218933, 0
u,0.1699347048997879, 0.5454546213150024, 0
u,0.1709533929824829, 0.6161618232727051, 0
u,0.1699347048997879, 0.5454546213150024, 0
u,0.3013609051704407, 0.5454546213150024, 0
u,0.29510998725891113, 0.6161618232727051, 0
u,0.3013609051704407, 0.5454546213150024, 0
u,0.29920831322669983, 0.6161618232727051, 0
u,0.29510998725891113, 0.6161618232727051, 0
u,0.29510998725891113, 0.6161618232727051, 0
u,0.29510998725891113, 0.633558988571167, 0
u,0.1750517040491104, 0.633558988571167, 0
u,0.1750517040491104, 0.6161618232727051, 0
u,0.1709533929824829, 0.6161618232727051, 0
u,0.1699347048997879, 0.5454546213150024, 0
u,0.29510998725891113, 0.6161618232727051, 0
u,0.1750517040491104, 0.633558988571167, 0
u,0.1750517040491104, 0.6161618232727051, 0
u,0.00011929999891435727, 0.9760109782218933, 0
u,0.00011929999891435727, 0.5454546213150024, 0
u,0.1699347048997879, 0.5454546213150024, 0
u,0.4711849093437195, 0.5454546213150024, 0
u,0.4711849093437195, 0.9760109782218933, 0
u,0.3013609051704407, 0.9760109782218933, 0
u,0.0, 0.9760109782218933, 0
u,0.0, 0.5454546213150024, 0
u,0.00011929999891435727, 0.5454546213150024, 0
u,0.7263875007629395, 0.9830967783927917, 0
u,0.7263875007629395, 1.0, 0
u,0.7073475122451782, 1.0, 0
u,0.5876166820526123, 0.9830967783927917, 0
u,0.7073475122451782, 0.9830967783927917, 0
u,0.7073475122451782, 1.0, 0
u,0.5876166820526123, 1.0, 0
u,0.5473372936248779, 1.0, 0
u,0.5473372936248779, 0.9830967783927917, 0
u,0.7707703709602356, 0.5524893999099731, 0
u,0.7707703709602356, 0.5693780183792114, 0
u,0.7540662288665771, 0.5693780183792114, 0
u,0.6473677158355713, 0.5524893999099731, 0
u,0.7540662288665771, 0.5524893999099731, 0
u,0.7540662288665771, 0.5693780183792114, 0
u,0.6301774978637695, 0.5524893999099731, 0
u,0.6473677158355713, 0.5524893999099731, 0
u,0.6473677158355713, 0.5693780183792114, 0
u,0.9676722884178162, 0.9253960847854614, 0
u,0.9676722884178162, 0.977734386920929, 0
u,0.9378697872161865, 0.977734386920929, 0
u,0.9749411940574646, 0.6350005865097046, 0
u,0.9749411940574646, 0.922330915927887, 0
u,0.9676722884178162, 0.922330915927887, 0
u,0.9676722884178162, 0.922330915927887, 0
u,0.9676722884178162, 0.9253960847854614, 0
u,0.9378697872161865, 0.9253960847854614, 0
u,0.9378697872161865, 0.9253960847854614, 0
u,0.9378697872161865, 0.6350005865097046, 0
u,0.9676722884178162, 0.922330915927887, 0
u,0.9378697872161865, 0.5813397169113159, 0
u,0.9749411940574646, 0.5813397169113159, 0
u,0.9749411940574646, 0.6350005865097046, 0
