s,88.68701171875, 140.029296875, -1.822486400604248
b,89.492431640625, 140.8447265625, -1.181424617767334
v,89.18212890625, 140.029296875, -1.181471824645996
v,88.68701171875, 140.58203125, -1.1814498901367188
v,88.68701171875, 140.58203125, -1.8224644660949707
v,89.18212890625, 140.029296875, -1.822486400604248
v,88.99755859375, 140.8447265625, -1.822439193725586
v,89.492431640625, 140.2919921875, -1.8224613666534424
v,89.181884765625, 140.029296875, -1.822486400604248
v,88.68701171875, 140.58203125, -1.8224644660949707
v,89.181884765625, 140.029296875, -1.181471824645996
v,89.492431640625, 140.2919921875, -1.1814465522766113
v,88.99755859375, 140.8447265625, -1.181424617767334
v,88.68701171875, 140.58203125, -1.1814498901367188
v,88.68701171875, 140.58203125, -1.1814498901367188
v,88.99755859375, 140.8447265625, -1.181424617767334
v,88.99755859375, 140.8447265625, -1.822439193725586
v,88.68701171875, 140.58203125, -1.8224644660949707
v,88.99755859375, 140.8447265625, -1.181424617767334
v,89.492431640625, 140.2919921875, -1.1814465522766113
v,89.492431640625, 140.2919921875, -1.8224613666534424
v,88.99755859375, 140.8447265625, -1.822439193725586
v,89.492431640625, 140.2919921875, -1.1814465522766113
v,89.181884765625, 140.029296875, -1.181471824645996
v,89.181884765625, 140.029296875, -1.822486400604248
v,89.492431640625, 140.2919921875, -1.8224613666534424
i,0,2,3
i,4,6,7
i,8,10,11
i,12,14,15
i,17,19,16
i,21,23,20
i,0,1,2
i,4,5,6
i,8,9,10
i,12,13,14
i,17,18,19
i,21,22,23
n,-3.3543150424957275, -3.005455493927002, 0.0
n,0.0001214047588291578, 0.0002882982953451574, -4.50379753112793
n,-0.0001231508213095367, -0.00028986274264752865, 4.50379753112793
n,-2.908439874649048, 3.438774585723877, 0.0
n,3.3549692630767822, 3.004725217819214, 0.0
n,2.909623622894287, -3.4377729892730713, 0.0
n,-3.3543150424957275, -3.005455732345581, 0.0
n,0.00012147593224653974, 0.0002883143606595695, -4.50379753112793
n,-0.00012322301336098462, -0.0002898790698964149, 4.50379753112793
n,-2.908440113067627, 3.438774347305298, 0.0
n,3.3549692630767822, 3.004725217819214, 0.0
n,2.909623861312866, -3.4377729892730713, 0.0
u,0.4927451014518738, 1.0, 0
u,0.1744527965784073, 0.5052890777587891, 0
u,0.4927451014518738, 0.5052890777587891, 0
u,0.0, 0.0, 0
u,0.0, 0.0, 0
u,0.0, 0.0, 0
u,0.01660499908030033, 0.43629351258277893, 0
u,0.43525680899620056, 0.016932999715209007, 0
u,0.4419228136539459, 0.4363636076450348, 0
u,0.1744527965784073, 1.0, 0
u,0.0, 0.5052890777587891, 0
u,0.1744527965784073, 0.5052890777587891, 0
u,0.6671652793884277, 1.0, 0
u,0.9853363037109375, 0.5052890777587891, 0
u,0.9853363037109375, 1.0, 0
u,0.4927451014518738, 1.0, 0
u,0.6671652793884277, 0.5052890777587891, 0
u,0.6671652793884277, 1.0, 0
u,0.4927451014518738, 1.0, 0
u,0.1744527965784073, 1.0, 0
u,0.1744527965784073, 0.5052890777587891, 0
u,0.0, 0.0, 0
u,0.0, 0.0, 0
u,0.0, 0.0, 0
u,0.01660499908030033, 0.43629351258277893, 0
u,0.010100999847054482, 0.016932999715209007, 0
u,0.43525680899620056, 0.016932999715209007, 0
u,0.1744527965784073, 1.0, 0
u,0.0, 1.0, 0
u,0.0, 0.5052890777587891, 0
u,0.6671652793884277, 1.0, 0
u,0.6671652793884277, 0.5052890777587891, 0
u,0.9853363037109375, 0.5052890777587891, 0
u,0.4927451014518738, 1.0, 0
u,0.4927451014518738, 0.5052890777587891, 0
u,0.6671652793884277, 0.5052890777587891, 0
