s,50.661376953125, 171.8974609375, -1.3527746200561523
b,56.397216796875, 175.5986328125, 2.912688732147217
v,55.417236328125, 172.439453125, 2.184284210205078
v,55.417236328125, 172.439453125, 2.8259644508361816
v,55.4072265625, 173.0146484375, 2.826014995574951
v,55.4072265625, 173.0146484375, 2.1843342781066895
v,51.187255859375, 172.1044921875, -1.3527679443359375
v,50.940673828125, 172.1181640625, -1.352766990661621
v,50.661376953125, 173.2841796875, -1.3526654243469238
v,50.6787109375, 173.5517578125, -1.3526415824890137
v,50.6845703125, 173.857421875, -1.3526148796081543
v,50.783447265625, 174.646484375, -1.3525454998016357
v,51.288330078125, 174.63671875, -1.3525464534759521
v,51.296142578125, 175.5986328125, -1.3524608612060547
v,56.397216796875, 175.4013671875, -1.3524668216705322
v,56.3671875, 174.3701171875, -1.3525581359863281
v,56.367431640625, 174.3701171875, -1.3525581359863281
v,56.366455078125, 174.3505859375, -1.352560043334961
v,56.366455078125, 174.349609375, -1.35256028175354
v,56.265869140625, 171.8974609375, -1.3527746200561523
v,51.186767578125, 172.09375, -1.352769136428833
v,51.244873046875, 173.505859375, 1.2795772552490234
v,50.677978515625, 173.5185546875, 1.2795782089233398
v,50.6787109375, 173.5517578125, 1.279581069946289
v,50.661376953125, 173.283203125, 1.279557704925537
v,50.940673828125, 172.1181640625, 1.2794561386108398
v,51.187255859375, 172.1044921875, 1.2794551849365234
v,51.244873046875, 173.505859375, 2.08223295211792
v,51.258544921875, 173.845703125, 2.082263469696045
v,51.21142578125, 173.8466796875, 2.082263469696045
v,50.6845703125, 173.857421875, 2.0822644233703613
v,50.677978515625, 173.5185546875, 2.0822339057922363
v,51.28759765625, 174.5546875, 1.8104362487792969
v,51.288330078125, 174.63671875, 1.7791666984558105
v,50.783447265625, 174.646484375, 1.7762041091918945
v,50.6845703125, 173.857421875, 2.079130172729492
v,51.21142578125, 173.8466796875, 2.082263469696045
v,51.258544921875, 173.845703125, 2.0825438499450684
v,51.296142578125, 175.5986328125, 0.427793025970459
v,51.28759765625, 174.5546875, 2.32511568069458
v,51.2880859375, 174.5654296875, 2.3054637908935547
v,56.3671875, 174.3701171875, 2.3340115547180176
v,56.397216796875, 175.4013671875, 0.45659828186035156
v,56.36669921875, 174.3544921875, 2.3620829582214355
v,56.351318359375, 174.35546875, 2.3620829582214355
v,54.560302734375, 174.4189453125, 2.3620829582214355
v,56.366455078125, 174.349609375, 2.3720741271972656
v,51.2880859375, 174.5654296875, 2.362090587615967
v,51.351806640625, 174.4970703125, 2.36208438873291
v,56.298095703125, 174.3056640625, 2.3620786666870117
v,56.345458984375, 174.349609375, 2.3620829582214355
v,54.560302734375, 174.4189453125, 2.3620829582214355
v,56.351318359375, 174.35546875, 2.3620829582214355
v,56.367431640625, 174.3701171875, 2.36208438873291
v,51.256103515625, 172.15625, 2.1842517852783203
v,54.525634765625, 172.03125, 2.184246063232422
v,54.53125, 172.4658203125, 2.1842832565307617
v,54.541259765625, 173.2265625, 2.18435001373291
v,54.556396484375, 174.373046875, 2.184451103210449
v,51.351806640625, 174.4970703125, 2.1844568252563477
v,54.75537109375, 173.224609375, 2.18435001373291
v,54.745361328125, 172.4619140625, 2.184284210205078
v,54.53125, 172.4658203125, 2.1842832565307617
v,54.525634765625, 172.03125, 2.184246063232422
v,55.26416015625, 172.001953125, 2.184246063232422
v,55.306396484375, 173.3115234375, 2.184359550476074
v,55.326171875, 173.92578125, 2.184413433074951
v,55.339599609375, 174.3427734375, 2.184451103210449
v,54.556396484375, 174.373046875, 2.184451103210449
v,54.541259765625, 173.2265625, 2.18435001373291
v,55.4248046875, 171.99609375, 2.184246063232422
v,55.4169921875, 172.439453125, 2.184284210205078
v,55.406982421875, 173.0146484375, 2.1843342781066895
v,55.402099609375, 173.30859375, 2.184359550476074
v,55.306396484375, 173.3115234375, 2.184359550476074
v,55.26416015625, 172.001953125, 2.184246063232422
v,55.339599609375, 174.3427734375, 2.184451103210449
v,55.326171875, 173.92578125, 2.184413433074951
v,55.767333984375, 173.912109375, 2.1844143867492676
v,55.748046875, 173.296875, 2.1843605041503906
v,55.402099609375, 173.30859375, 2.184359550476074
v,55.406982421875, 173.0146484375, 2.1843342781066895
v,55.864990234375, 173.0224609375, 2.1843366622924805
v,55.874755859375, 172.4482421875, 2.184286594390869
v,55.4169921875, 172.439453125, 2.184284210205078
v,55.4248046875, 171.99609375, 2.184246063232422
v,56.2021484375, 171.966796875, 2.184246063232422
v,56.298095703125, 174.3056640625, 2.184451103210449
v,56.351318359375, 174.35546875, 2.3620829582214355
v,56.36669921875, 174.3544921875, 2.3620829582214355
v,56.366455078125, 174.3505859375, 2.3620829582214355
v,56.367431640625, 174.3701171875, 2.36208438873291
v,56.2021484375, 171.966796875, 2.3618736267089844
v,51.256103515625, 172.15625, 2.361879825592041
v,51.351806640625, 174.4970703125, 2.36208438873291
v,51.2880859375, 174.5654296875, 2.362090587615967
v,51.186767578125, 172.0927734375, 2.3618736267089844
v,56.265869140625, 171.8974609375, 2.361867904663086
v,56.366455078125, 174.349609375, 2.3620829582214355
v,56.345458984375, 174.349609375, 2.3620829582214355
v,56.298095703125, 174.3056640625, 2.3620786666870117
v,54.541259765625, 173.2265625, 2.6950297355651855
v,54.53125, 172.4658203125, 2.6949639320373535
v,54.745361328125, 172.4619140625, 2.6949639320373535
v,54.75537109375, 173.224609375, 2.695030689239502
v,55.406982421875, 173.0146484375, 2.826014995574951
v,55.4169921875, 172.439453125, 2.8259644508361816
v,55.874755859375, 172.4482421875, 2.825967311859131
v,55.864990234375, 173.0224609375, 2.826016902923584
v,55.306396484375, 173.3115234375, 2.9126343727111816
v,55.748046875, 173.296875, 2.9126343727111816
v,55.767333984375, 173.912109375, 2.912688732147217
v,55.326171875, 173.92578125, 2.9126877784729004
v,50.940673828125, 172.1181640625, -1.352766990661621
v,50.940673828125, 172.1181640625, 1.2794561386108398
v,50.661376953125, 173.283203125, 1.279557704925537
v,50.661376953125, 173.2841796875, -1.3526654243469238
v,50.6787109375, 173.5517578125, 1.279581069946289
v,50.6787109375, 173.5517578125, -1.3526415824890137
v,50.661376953125, 173.2841796875, -1.3526654243469238
v,50.661376953125, 173.283203125, 1.279557704925537
v,51.187255859375, 172.1044921875, -1.3527679443359375
v,51.187255859375, 172.1044921875, 1.2794551849365234
v,50.940673828125, 172.1181640625, 1.2794561386108398
v,50.940673828125, 172.1181640625, -1.352766990661621
v,50.677978515625, 173.5185546875, 2.0822339057922363
v,50.6845703125, 173.857421875, 2.0822644233703613
v,50.6845703125, 173.857421875, 2.079130172729492
v,50.6845703125, 173.857421875, -1.3526148796081543
v,50.6787109375, 173.5517578125, -1.3526415824890137
v,50.6787109375, 173.5517578125, 1.279581069946289
v,50.677978515625, 173.5185546875, 1.2795782089233398
v,50.677978515625, 173.5185546875, 1.2795782089233398
v,51.244873046875, 173.505859375, 1.2795772552490234
v,51.244873046875, 173.505859375, 2.08223295211792
v,50.677978515625, 173.5185546875, 2.0822339057922363
v,51.21142578125, 173.8466796875, 2.082263469696045
v,50.6845703125, 173.857421875, 2.079130172729492
v,50.6845703125, 173.857421875, 2.0822644233703613
v,51.288330078125, 174.63671875, 1.7791666984558105
v,51.288330078125, 174.63671875, -1.3525464534759521
v,50.783447265625, 174.646484375, -1.3525454998016357
v,50.783447265625, 174.646484375, 1.7762041091918945
v,50.6845703125, 173.857421875, 2.079130172729492
v,50.783447265625, 174.646484375, 1.7762041091918945
v,50.783447265625, 174.646484375, -1.3525454998016357
v,50.6845703125, 173.857421875, -1.3526148796081543
v,51.21142578125, 173.8466796875, 2.082263469696045
v,51.258544921875, 173.845703125, 2.082263469696045
v,51.258544921875, 173.845703125, 2.0825438499450684
v,51.28759765625, 174.5546875, 2.32511568069458
v,51.296142578125, 175.5986328125, 0.427793025970459
v,51.296142578125, 175.5986328125, -1.3524608612060547
v,51.288330078125, 174.63671875, -1.3525464534759521
v,51.288330078125, 174.63671875, 1.7791666984558105
v,51.28759765625, 174.5546875, 1.8104362487792969
v,51.296142578125, 175.5986328125, 0.427793025970459
v,56.397216796875, 175.4013671875, 0.45659828186035156
v,56.397216796875, 175.4013671875, -1.3524668216705322
v,51.296142578125, 175.5986328125, -1.3524608612060547
v,56.397216796875, 175.4013671875, 0.45659828186035156
v,56.3671875, 174.3701171875, 2.3340115547180176
v,56.3671875, 174.3701171875, -1.3525581359863281
v,56.397216796875, 175.4013671875, -1.3524668216705322
v,56.366455078125, 174.3505859375, 2.3620829582214355
v,56.36669921875, 174.3544921875, 2.3620829582214355
v,56.366455078125, 174.349609375, 2.3720741271972656
v,56.366455078125, 174.349609375, -1.35256028175354
v,56.366455078125, 174.3505859375, -1.352560043334961
v,54.560302734375, 174.4189453125, 2.3620829582214355
v,56.345458984375, 174.349609375, 2.3620829582214355
v,56.366455078125, 174.349609375, 2.3620829582214355
v,56.366455078125, 174.349609375, -1.35256028175354
v,56.366455078125, 174.349609375, 2.3720741271972656
v,51.244873046875, 173.505859375, 1.2795772552490234
v,51.187255859375, 172.1044921875, 1.2794551849365234
v,51.187255859375, 172.1044921875, -1.3527679443359375
v,51.186767578125, 172.09375, -1.352769136428833
v,51.186767578125, 172.0927734375, 2.3618736267089844
v,51.2880859375, 174.5654296875, 2.362090587615967
v,51.2880859375, 174.5654296875, 2.3054637908935547
v,51.28759765625, 174.5546875, 2.32511568069458
v,51.28759765625, 174.5546875, 1.8104362487792969
v,51.258544921875, 173.845703125, 2.0825438499450684
v,51.258544921875, 173.845703125, 2.082263469696045
v,51.244873046875, 173.505859375, 2.08223295211792
v,56.366455078125, 174.3505859375, 2.3620829582214355
v,56.366455078125, 174.3505859375, -1.352560043334961
v,56.367431640625, 174.3701171875, -1.3525581359863281
v,56.367431640625, 174.3701171875, 2.36208438873291
v,56.265869140625, 171.8974609375, -1.3527746200561523
v,56.366455078125, 174.349609375, -1.35256028175354
v,56.366455078125, 174.349609375, 2.3620829582214355
v,56.265869140625, 171.8974609375, 2.361867904663086
v,56.265869140625, 171.8974609375, 2.361867904663086
v,51.186767578125, 172.0927734375, 2.3618736267089844
v,51.186767578125, 172.09375, -1.352769136428833
v,56.265869140625, 171.8974609375, -1.3527746200561523
v,51.2880859375, 174.5654296875, 2.3054637908935547
v,51.2880859375, 174.5654296875, 2.362090587615967
v,56.367431640625, 174.3701171875, 2.36208438873291
v,56.367431640625, 174.3701171875, -1.3525581359863281
v,56.3671875, 174.3701171875, -1.3525581359863281
v,56.3671875, 174.3701171875, 2.3340115547180176
v,56.298095703125, 174.3056640625, 2.3620786666870117
v,51.351806640625, 174.4970703125, 2.36208438873291
v,51.351806640625, 174.4970703125, 2.1844568252563477
v,54.556396484375, 174.373046875, 2.184451103210449
v,55.339599609375, 174.3427734375, 2.184451103210449
v,56.298095703125, 174.3056640625, 2.184451103210449
v,56.2021484375, 171.966796875, 2.3618736267089844
v,56.298095703125, 174.3056640625, 2.3620786666870117
v,56.298095703125, 174.3056640625, 2.184451103210449
v,56.2021484375, 171.966796875, 2.184246063232422
v,51.256103515625, 172.15625, 2.361879825592041
v,56.2021484375, 171.966796875, 2.3618736267089844
v,56.2021484375, 171.966796875, 2.184246063232422
v,55.4248046875, 171.99609375, 2.184246063232422
v,55.26416015625, 172.001953125, 2.184246063232422
v,54.525634765625, 172.03125, 2.184246063232422
v,51.256103515625, 172.15625, 2.1842517852783203
v,51.351806640625, 174.4970703125, 2.1844568252563477
v,51.351806640625, 174.4970703125, 2.36208438873291
v,51.256103515625, 172.15625, 2.361879825592041
v,51.256103515625, 172.15625, 2.1842517852783203
v,54.541259765625, 173.2265625, 2.18435001373291
v,54.541259765625, 173.2265625, 2.6950297355651855
v,54.75537109375, 173.224609375, 2.695030689239502
v,54.75537109375, 173.224609375, 2.18435001373291
v,54.75537109375, 173.224609375, 2.18435001373291
v,54.75537109375, 173.224609375, 2.695030689239502
v,54.745361328125, 172.4619140625, 2.6949639320373535
v,54.745361328125, 172.4619140625, 2.184284210205078
v,54.745361328125, 172.4619140625, 2.184284210205078
v,54.745361328125, 172.4619140625, 2.6949639320373535
v,54.53125, 172.4658203125, 2.6949639320373535
v,54.53125, 172.4658203125, 2.1842832565307617
v,54.53125, 172.4658203125, 2.1842832565307617
v,54.53125, 172.4658203125, 2.6949639320373535
v,54.541259765625, 173.2265625, 2.6950297355651855
v,54.541259765625, 173.2265625, 2.18435001373291
v,55.406982421875, 173.0146484375, 2.1843342781066895
v,55.406982421875, 173.0146484375, 2.826014995574951
v,55.864990234375, 173.0224609375, 2.826016902923584
v,55.864990234375, 173.0224609375, 2.1843366622924805
v,55.864990234375, 173.0224609375, 2.1843366622924805
v,55.864990234375, 173.0224609375, 2.826016902923584
v,55.874755859375, 172.4482421875, 2.825967311859131
v,55.874755859375, 172.4482421875, 2.184286594390869
v,55.874755859375, 172.4482421875, 2.184286594390869
v,55.874755859375, 172.4482421875, 2.825967311859131
v,55.4169921875, 172.439453125, 2.8259644508361816
v,55.4169921875, 172.439453125, 2.184284210205078
v,55.767333984375, 173.912109375, 2.1844143867492676
v,55.326171875, 173.92578125, 2.184413433074951
v,55.326171875, 173.92578125, 2.9126877784729004
v,55.767333984375, 173.912109375, 2.912688732147217
v,55.748046875, 173.296875, 2.9126343727111816
v,55.748046875, 173.296875, 2.1843605041503906
v,55.767333984375, 173.912109375, 2.1844143867492676
v,55.767333984375, 173.912109375, 2.912688732147217
v,55.306396484375, 173.3115234375, 2.9126343727111816
v,55.306396484375, 173.3115234375, 2.184359550476074
v,55.402099609375, 173.30859375, 2.184359550476074
v,55.748046875, 173.296875, 2.1843605041503906
v,55.748046875, 173.296875, 2.9126343727111816
v,55.326171875, 173.92578125, 2.9126877784729004
v,55.326171875, 173.92578125, 2.184413433074951
v,55.306396484375, 173.3115234375, 2.184359550476074
v,55.306396484375, 173.3115234375, 2.9126343727111816
i,1,3,0
i,4,7,10
i,22,23,24
i,27,28,29
i,32,33,34
i,36,38,40
i,42,44,41
i,45,49,51
i,55,56,57
i,64,66,58
i,69,70,72
i,77,79,80
i,86,88,89
i,91,94,95
i,100,102,99
i,103,105,106
i,108,110,107
i,111,113,114
i,115,117,118
i,120,122,119
i,123,125,128
i,130,132,133
i,134,135,136
i,138,140,137
i,142,144,141
i,145,146,147
i,152,153,148
i,154,156,157
i,158,160,161
i,165,166,162
i,169,170,171
i,176,177,183
i,184,186,187
i,189,191,188
i,192,194,195
i,201,197,198
i,203,204,205
i,208,210,211
i,213,215,216
i,219,221,222
i,224,226,223
i,227,229,230
i,231,233,234
i,236,238,235
i,240,242,239
i,243,245,246
i,247,249,250
i,251,253,254
i,255,257,258
i,261,262,263
i,265,267,264
i,1,2,3
i,4,5,6
i,7,8,10
i,8,9,10
i,4,6,7
i,17,18,4
i,15,16,10
i,16,17,4
i,13,14,15
i,11,12,10
i,12,13,10
i,13,15,10
i,16,4,10
i,24,19,22
i,19,20,22
i,20,21,22
i,29,25,27
i,25,26,27
i,35,30,34
i,30,31,32
i,34,30,32
i,36,37,38
i,38,39,40
i,42,43,44
i,45,46,49
i,46,47,49
i,47,48,49
i,49,50,51
i,57,52,55
i,52,53,54
i,52,54,55
i,59,60,61
i,61,62,59
i,62,63,59
i,64,65,66
i,66,67,58
i,58,59,63
i,63,64,58
i,73,68,69
i,70,71,72
i,73,69,72
i,85,74,76
i,74,75,76
i,82,83,81
i,83,84,81
i,84,85,80
i,85,76,77
i,80,85,77
i,77,78,79
i,80,81,84
i,86,87,88
i,91,92,93
i,95,96,90
i,96,97,98
i,90,96,98
i,91,93,94
i,90,91,95
i,100,101,102
i,103,104,105
i,108,109,110
i,111,112,113
i,115,116,117
i,120,121,122
i,129,123,128
i,123,124,125
i,125,126,128
i,126,127,128
i,130,131,132
i,138,139,140
i,142,143,144
i,148,149,152
i,149,150,151
i,152,149,151
i,154,155,156
i,158,159,160
i,162,163,164
i,164,165,162
i,171,167,168
i,171,168,169
i,183,172,173
i,173,174,175
i,177,178,179
i,179,180,181
i,181,182,183
i,173,175,176
i,179,181,177
i,181,183,177
i,183,173,176
i,184,185,186
i,189,190,191
i,192,193,194
i,201,196,197
i,198,199,201
i,199,200,201
i,207,202,206
i,202,203,205
i,206,202,205
i,208,209,210
i,218,212,217
i,212,213,217
i,213,214,215
i,216,217,213
i,219,220,221
i,224,225,226
i,227,228,229
i,231,232,233
i,236,237,238
i,240,241,242
i,243,244,245
i,247,248,249
i,251,252,253
i,255,256,257
i,263,259,261
i,259,260,261
i,265,266,267
n,-4.503120422363281, -0.07810842245817184, 0.0
n,3.4894176224042894e-06, 0.00039387913420796394, -4.50379753112793
n,1.1971042113145813e-06, -0.000391067675082013, 4.50379753112793
n,-7.591863777633989e-07, -0.00040493797860108316, 4.50379753112793
n,0.0068620070815086365, 1.6130633354187012, 4.205017566680908
n,0.1399620622396469, 3.943906784057617, 2.170300006866455
n,0.22464650869369507, 3.9874753952026367, 2.0817699432373047
n,-2.6294970666640438e-05, -0.0008212337270379066, 4.50379753112793
n,-6.998249318712624e-06, -0.0003961150941904634, 4.50379753112793
n,-1.2604012226802297e-05, -0.0003974924620706588, 4.50379753112793
n,-1.7357904653181322e-05, -0.00039169800584204495, 4.50379753112793
n,-1.823591264837887e-05, -0.0003962397458963096, 4.50379753112793
n,-0.00011277537851128727, -0.00039471383206546307, 4.50379753112793
n,-1.0301497241016477e-05, -0.0004049477574881166, 4.50379753112793
n,-2.2571626686840318e-05, -0.000390436383895576, 4.50379753112793
n,-1.830308247008361e-05, -0.00039229917456395924, 4.50379753112793
n,-1.226660970132798e-05, -0.0003904231998603791, 4.50379753112793
n,-4.379664421081543, -1.0501092672348022, -0.00034601346123963594
n,-4.4944539070129395, 0.2899647355079651, 9.55440555117093e-05
n,-0.2531112730503082, -4.496679782867432, 0.0
n,-4.502912998199463, 0.08925314247608185, 0.00011204188922420144
n,-0.09646319597959518, -4.502764701843262, 0.0
n,0.08898315578699112, 4.502918720245361, 0.0
n,0.09280222654342651, 4.502841472625732, 0.0
n,-4.469018459320068, 0.5586273074150085, 0.0
n,-0.08262457698583603, -4.503039360046387, 0.0
n,-4.5036540031433105, 0.03593340888619423, 0.0
n,0.17369744181632996, 4.500446796417236, 0.0
n,4.501875400543213, -0.131572887301445, 0.0
n,4.50379753112793, 0.0, 0.0
n,0.0, 0.0, 4.50379753112793
n,-4.500026226043701, 0.18427850306034088, -8.563358278479427e-06
n,4.499152183532715, -0.20450690388679504, 0.0
n,4.500010967254639, -0.18464848399162292, 0.0
n,-0.17368528246879578, -4.5004472732543945, 0.0
n,0.17291052639484406, 4.500476837158203, -0.0013355386909097433
n,-0.17418260872364044, -4.500428199768066, 0.0
n,-4.5000224113464355, 0.1843724399805069, 0.0
n,0.1700625717639923, 4.500584602355957, 0.0029360020998865366
n,4.500025272369385, -0.18430422246456146, 0.0
n,0.054753370583057404, 4.503464698791504, 0.0
n,4.503412246704102, -0.058918360620737076, 0.0
n,-0.07300029695034027, -4.5032057762146, 0.0
n,-4.503411293029785, 0.058985453099012375, 0.0
n,-0.07675813138484955, 4.503143787384033, 0.0
n,4.503147125244141, 0.07652629911899567, 0.0
n,0.08532428741455078, -4.502989292144775, 0.0
n,0.1415727734565735, 4.5015716552734375, 0.0
n,4.50158166885376, -0.14126966893672943, 0.0
n,-0.14666244387626648, -4.50140905380249, 0.0
n,-4.501481056213379, 0.14444102346897125, 0.0
n,-4.503120422363281, -0.07810842245817184, 0.0
n,6.722068064846098e-06, 0.00039431173354387283, -4.50379753112793
n,4.145701950619696e-06, 0.00039351003943011165, -4.50379753112793
n,6.12692190316011e-07, 0.00039624833152629435, -4.50379753112793
n,1.4161525541567244e-05, 0.00039762939559295774, -4.50379753112793
n,1.4681760148960166e-05, 0.0005069245235063136, -4.50379753112793
n,4.976658965460956e-05, 0.0010995598277077079, -4.5037970542907715
n,1.0040138477052096e-05, 0.0003932048275601119, -4.50379753112793
n,0.0, 0.0003998400061391294, -4.50379753112793
n,1.0222027412964962e-05, 0.0004004781076218933, -4.50379753112793
n,1.0413497875561006e-05, 0.0003991993435192853, -4.50379753112793
n,1.0428446330479346e-05, 0.00039948447374626994, -4.50379753112793
n,9.858053999778349e-06, 0.0003936249704565853, -4.50379753112793
n,-3.4503243568906328e-06, -0.00039314175955951214, 4.50379753112793
n,-1.7854024463304086e-06, -0.00039750002906657755, 4.50379753112793
n,-5.6233202485600486e-05, -0.0003936324210371822, 4.50379753112793
n,-1.9049173261009855e-06, -0.00040307879680767655, 4.50379753112793
n,-7.405829364870442e-06, -0.00040361768333241343, 4.50379753112793
n,0.004683909472078085, 1.6143665313720703, 4.204520225524902
n,0.008567456156015396, 1.6127655506134033, 4.2051286697387695
n,0.008819607086479664, 1.6139755249023438, 4.2046637535095215
n,3.198575496673584, 2.7722575664520264, 1.53879714012146
n,0.13937024772167206, 3.944643974304199, 2.1689980030059814
n,0.1392059177160263, 3.9378113746643066, 2.1813886165618896
n,-7.2681445999478456e-06, -0.00039647959056310356, 4.50379753112793
n,-2.780107479338767e-06, -0.00021200880291871727, 4.50379753112793
n,-1.58954098878894e-05, -0.00041413577855564654, 4.50379753112793
n,-1.761443490977399e-05, -0.0004982713144272566, 4.50379753112793
n,-6.255162134038983e-06, -0.0003942486073356122, 4.50379753112793
n,-6.687250333925476e-06, -0.0003861857985612005, 4.50379753112793
n,-5.793565378553467e-06, -0.0003956654982175678, 4.50379753112793
n,-2.408137879683636e-05, -0.000385960127459839, 4.50379753112793
n,-1.5134618479351047e-05, -0.00039051900967024267, 4.50379753112793
n,-1.4754000403627288e-05, -0.00039008937892504036, 4.50379753112793
n,-1.5130422980291769e-05, -0.00040184619138017297, 4.50379753112793
n,-4.816340606339509e-06, -0.0003961440233979374, 4.50379753112793
n,-1.4746155102329794e-05, -0.00039009455940686166, 4.50379753112793
n,-1.3725659300689586e-05, -0.00039657982415519655, 4.50379753112793
n,-1.464534034312237e-05, -0.00038757844595238566, 4.50379753112793
n,-1.0596040738164447e-05, -0.0003894045075867325, 4.50379753112793
n,-6.723319529555738e-06, -0.0003903488104697317, 4.50379753112793
n,-1.5402891222038306e-05, -0.00039581849705427885, 4.50379753112793
n,-2.1276875486364588e-05, -0.0004016481398139149, 4.50379753112793
n,-1.7656851923675276e-05, -0.0003876315022353083, 4.50379753112793
n,-1.4812562767474446e-05, -0.0003904635086655617, 4.50379753112793
n,-2.2066726160119288e-05, -0.00039374700281769037, 4.50379753112793
n,-1.485705070081167e-05, -0.00039655397995375097, 4.50379753112793
n,-1.6661291738273576e-05, -0.00039557041600346565, 4.50379753112793
n,-2.3717773729003966e-05, -0.00038962706457823515, 4.50379753112793
n,-1.7491063772467896e-05, -0.00039228537934832275, 4.50379753112793
n,0.0, 0.0, -4.50379753112793
n,-4.9286541070614476e-06, -0.00039430297329090536, 4.50379753112793
n,-1.0759315046016127e-05, -0.0003947310906369239, 4.50379753112793
n,-1.7027641661115922e-05, -0.00041292031528428197, 4.50379753112793
n,-2.9351551347645e-05, -0.00039344854303635657, 4.50379753112793
n,-2.0369692720123567e-05, -0.0003940972383134067, 4.50379753112793
n,-9.723377843329217e-06, -0.0003937793371733278, 4.50379753112793
n,-6.406603915820597e-06, -0.0003952073457185179, 4.50379753112793
n,-1.7579726772964932e-05, -0.0003917018184438348, 4.50379753112793
n,-2.111049252562225e-05, -0.0003963577328249812, 4.50379753112793
n,-4.379487037658691, -1.0508486032485962, 0.0
n,-4.494393348693848, 0.29089924693107605, 0.0
n,-0.25311124324798584, -4.496679306030273, 0.0
n,-4.502964973449707, 0.08659548312425613, 0.0
n,-4.502913475036621, 0.08925211429595947, 0.0
n,-4.5029072761535645, 0.08954644948244095, 0.0
n,-4.502907752990723, 0.08954646438360214, 0.0
n,-0.09646319597959518, -4.502764701843262, 0.0
n,0.09280222654342651, 4.502841472625732, 0.0
n,-4.469018459320068, 0.5586273074150085, 0.0
n,-4.503647804260254, 0.03671244531869888, 0.0001163439083029516
n,-4.5036492347717285, 0.036549001932144165, 0.0
n,-4.5036492347717285, 0.036549001932144165, 0.0
n,0.17369741201400757, 4.500446796417236, 0.0
n,4.501875400543213, -0.131572887301445, 0.0
n,4.494762897491455, -0.28092268109321594, -0.04877328500151634
n,4.50379753112793, 0.0, 0.0
n,-0.17273502051830292, -4.500402927398682, -0.027047887444496155
n,-0.18556588888168335, -4.499972820281982, 0.0
n,-4.5000176429748535, 0.18448403477668762, 0.0
n,-4.500470161437988, 0.17309501767158508, 0.0
n,-4.4998931884765625, 0.18749554455280304, 0.0
n,-4.500015735626221, 0.18451718986034393, 0.0
n,-4.5000505447387695, 0.18367554247379303, 0.0
n,-4.500804901123047, 0.16415980458259583, 3.832930451608263e-05
n,-4.50002908706665, 0.1841997504234314, 0.0009293666225858033
n,-4.500050067901611, 0.1836734265089035, 0.0022848648950457573
n,-4.50002384185791, 0.18433251976966858, 0.0002649389498401433
n,4.499152183532715, -0.20450690388679504, 0.0
n,4.5000104904174805, -0.18464846909046173, 0.0
n,-0.1729179173707962, -4.500476837158203, -0.0010508062550798059
n,0.1729179173707962, 4.500477313995361, 0.0
n,0.0, 4.50379753112793, 0.0
n,0.0, 4.50379753112793, 0.0
n,-0.17512835562229156, -4.500391483306885, 0.0
n,-0.17361734807491302, -4.500438213348389, 0.010204572230577469
n,-0.1694542020559311, -4.500504016876221, -0.030638650059700012
n,-4.5000224113464355, 0.1843724399805069, 0.0
n,0.17310647666454315, 4.50046968460083, 0.0
n,0.17282967269420624, 4.500477313995361, -0.00509992428123951
n,0.1707325577735901, 4.500560283660889, 0.0
n,0.17441262304782867, 4.500373840332031, -0.020077703520655632
n,4.500025272369385, -0.18430422246456146, 0.0
n,0.054753366857767105, 4.503464221954346, 0.0
n,4.503412246704102, -0.058918360620737076, 0.0
n,-0.07300029695034027, -4.503206253051758, 0.0
n,-4.503411293029785, 0.05898545682430267, 0.0
n,-0.07675813138484955, 4.503143787384033, 0.0
n,4.503147125244141, 0.07652629911899567, 0.0
n,0.08532428741455078, -4.502989292144775, 0.0
n,0.1415727734565735, 4.5015716552734375, 0.0
n,4.50158166885376, -0.14126966893672943, 0.0
n,-0.14143389463424683, -4.501575469970703, -0.0024870880879461765
n,-0.12250696122646332, -4.50213098526001, 0.0
n,-4.501481056213379, 0.14444102346897125, 0.0
u,0.8470001816749573, 0.4214712083339691, 0
u,0.815700113773346, 0.3507581949234009, 0
u,0.8470001816749573, 0.3507581949234009, 0
u,0.0, 0.0, 0
u,0.0, 0.0, 0
u,0.0, 0.0, 0
u,0.46856579184532166, 0.4384536147117615, 0
u,0.48695871233940125, 0.3060142993927002, 0
u,0.5009605288505554, 0.3054858148097992, 0
u,0.49852481484413147, 0.5055109858512878, 0
u,0.46864399313926697, 0.5044072866439819, 0
u,0.4690018892288208, 0.4654482901096344, 0
u,0.795505702495575, 0.3438971936702728, 0
u,0.791748583316803, 0.24652090668678284, 0
u,0.8216285705566406, 0.24755950272083282, 0
u,0.9108178019523621, 0.9980118870735168, 0
u,0.792009711265564, 0.9943286180496216, 0
u,0.9095603823661804, 0.4250276982784271, 0
u,0.7565332055091858, 0.21399199962615967, 0
u,0.7573946118354797, 0.21272370219230652, 0
u,0.757388710975647, 0.21400299668312073, 0
u,0.5012993812561035, 0.5883070826530457, 0
u,0.6871132850646973, 0.5858957171440125, 0
u,0.7896454930305481, 0.5883070826530457, 0
u,0.6886352896690369, 0.44911420345306396, 0
u,0.6869844198226929, 0.5806605219841003, 0
u,0.5050684809684753, 0.5806605219841003, 0
u,0.731594979763031, 0.5328353047370911, 0
u,0.6869844198226929, 0.5806605219841003, 0
u,0.7007715702056885, 0.44972801208496094, 0
u,0.7399972081184387, 0.36268550157546997, 0
u,0.7381765842437744, 0.4285720884799957, 0
u,0.7318158149719238, 0.462195485830307, 0
u,0.7568907737731934, 0.4625302851200104, 0
u,0.7381765842437744, 0.4285720884799957, 0
u,0.7641103863716125, 0.4314909875392914, 0
u,0.7887654900550842, 0.5865306854248047, 0
u,0.7896428108215332, 0.586103081703186, 0
u,0.7896454930305481, 0.5883070826530457, 0
u,0.5047463178634644, 0.31182190775871277, 0
u,0.5009589195251465, 0.3041749894618988, 0
u,0.7892987132072449, 0.30419328808784485, 0
u,0.6897327899932861, 0.36166810989379883, 0
u,0.7007715702056885, 0.44972801208496094, 0
u,0.6886352896690369, 0.44911420345306396, 0
u,0.7381765842437744, 0.4285720884799957, 0
u,0.765920877456665, 0.3656286895275116, 0
u,0.7641103863716125, 0.4314909875392914, 0
u,0.7568907737731934, 0.4625302851200104, 0
u,0.731594979763031, 0.5328353047370911, 0
u,0.7318158149719238, 0.462195485830307, 0
u,0.0, 0.03031739965081215, 0
u,0.14757059514522552, 0.16629169881343842, 0
u,0.0, 0.16629169881343842, 0
u,0.14757059514522552, 0.19681909680366516, 0
u,0.0, 0.16629169881343842, 0
u,0.14757059514522552, 0.16629169881343842, 0
u,0.14757059514522552, 0.002303800079971552, 0
u,0.0, 0.03031739965081215, 0
u,0.0, 0.002303800079971552, 0
u,0.6548131704330444, 0.264938086271286, 0
u,0.654643177986145, 0.30218690633773804, 0
u,0.6112912893295288, 0.26864829659461975, 0
u,0.6112912893295288, 0.264938086271286, 0
u,0.6548131704330444, 0.2027246057987213, 0
u,0.6548131704330444, 0.264938086271286, 0
u,0.6832637786865234, 0.21073560416698456, 0
u,0.6561886072158813, 0.211061492562294, 0
u,0.6561886072158813, 0.21073560416698456, 0
u,0.33845001459121704, 0.05168990045785904, 0
u,0.16601170599460602, 0.10803470015525818, 0
u,0.16584840416908264, 0.05168990045785904, 0
u,0.16601170599460602, 0.10803470015525818, 0
u,0.33845001459121704, 0.19672420620918274, 0
u,0.14931240677833557, 0.19672420620918274, 0
u,0.6856728196144104, 0.21073560416698456, 0
u,0.6856582164764404, 0.20575520396232605, 0
u,0.6856728196144104, 0.2057550996541977, 0
u,0.030525799840688705, 0.989229679107666, 0
u,0.028805099427700043, 0.9983031153678894, 0
u,0.0004897000035271049, 0.9983031153678894, 0
u,0.10487709939479828, 0.8821629285812378, 0
u,0.20281879603862762, 0.3136880099773407, 0
u,0.20281879603862762, 0.8821629285812378, 0
u,0.10329200327396393, 0.3136880099773407, 0
u,0.20281879603862762, 0.19880719482898712, 0
u,0.20281879603862762, 0.3136880099773407, 0
u,0.6876227855682373, 0.2033780962228775, 0
u,0.6876227855682373, 0.2031920999288559, 0
u,0.8864513039588928, 0.2031920999288559, 0
u,0.9990959167480469, 0.91044020652771, 0
u,0.9135559797286987, 0.5546720027923584, 0
u,0.9993268847465515, 0.9113962054252625, 0
u,0.3387160003185272, 1.0, 0
u,0.2043222039937973, 1.0, 0
u,0.2618786096572876, 0.9692562222480774, 0
u,0.8864467144012451, 0.20883940160274506, 0
u,0.6876227855682373, 0.2067594975233078, 0
u,0.8864467144012451, 0.2067594975233078, 0
u,0.7479861974716187, 0.5917912721633911, 0
u,0.614736795425415, 1.0, 0
u,0.614736795425415, 0.5917912721633911, 0
u,0.614736795425415, 1.0, 0
u,0.3387160003185272, 0.5917912721633911, 0
u,0.614736795425415, 0.5917912721633911, 0
u,0.4676569998264313, 0.19975140690803528, 0
u,0.20530450344085693, 0.19681909680366516, 0
u,0.4676685035228729, 0.19681909680366516, 0
u,0.5570319890975952, 0.029601499438285828, 0
u,0.5570319890975952, 0.04970179870724678, 0
u,0.377709299325943, 0.04970179870724678, 0
u,0.14931240677833557, 0.029601499438285828, 0
u,0.280245304107666, 0.04970179870724678, 0
u,0.14931240677833557, 0.04970179870724678, 0
u,0.9647542834281921, 0.029601499438285828, 0
u,0.9212558269500732, 0.04970179870724678, 0
u,0.9122691750526428, 0.04970179870724678, 0
u,0.5570319890975952, 0.04970179870724678, 0
u,0.6879736185073853, 0.029601499438285828, 0
u,0.6879736185073853, 0.04970179870724678, 0
u,0.9666011929512024, 0.3599317967891693, 0
u,0.994834303855896, 0.33598411083221436, 0
u,0.994834303855896, 0.3599317967891693, 0
u,0.994834303855896, 0.5543975234031677, 0
u,0.9666011929512024, 0.46913859248161316, 0
u,0.994834303855896, 0.46913859248161316, 0
u,0.994834303855896, 0.46913859248161316, 0
u,0.9666011929512024, 0.44519108533859253, 0
u,0.994834303855896, 0.44519108533859253, 0
u,0.9666011929512024, 0.44519108533859253, 0
u,0.994834303855896, 0.3599317967891693, 0
u,0.994834303855896, 0.44519108533859253, 0
u,0.815700113773346, 0.4214712083339691, 0
u,0.790766179561615, 0.3507581949234009, 0
u,0.815700113773346, 0.3507581949234009, 0
u,0.9032132029533386, 0.3507581949234009, 0
u,0.8719249963760376, 0.4214712083339691, 0
u,0.8719249963760376, 0.3507581949234009, 0
u,0.8719249963760376, 0.3507581949234009, 0
u,0.8470001816749573, 0.4214712083339691, 0
u,0.8470001816749573, 0.3507581949234009, 0
u,0.690527617931366, 0.21994410455226898, 0
u,0.7151618003845215, 0.30218690633773804, 0
u,0.690527617931366, 0.30218690633773804, 0
u,0.6561886072158813, 0.30218690633773804, 0
u,0.690527617931366, 0.21994410455226898, 0
u,0.690527617931366, 0.30218690633773804, 0
u,0.7548395991325378, 0.21994410455226898, 0
u,0.7741655707359314, 0.21994410455226898, 0
u,0.7741655707359314, 0.30218690633773804, 0
u,0.7151618003845215, 0.21994410455226898, 0
u,0.7494981288909912, 0.30218690633773804, 0
u,0.7151618003845215, 0.30218690633773804, 0
u,0.8470001816749573, 0.4214712083339691, 0
u,0.815700113773346, 0.4214712083339691, 0
u,0.815700113773346, 0.3507581949234009, 0
u,0.0, 0.0, 0
u,0.0, 0.0, 0
u,0.0, 0.0, 0
u,0.0, 0.0, 0
u,0.0, 0.0, 0
u,0.0, 0.0, 0
u,0.0, 0.0, 0
u,0.0, 0.0, 0
u,0.0, 0.0, 0
u,0.0, 0.0, 0
u,0.0, 0.0, 0
u,0.0, 0.0, 0
u,0.0, 0.0, 0
u,0.0, 0.0, 0
u,0.0, 0.0, 0
u,0.0, 0.0, 0
u,0.0, 0.0, 0
u,0.0, 0.0, 0
u,0.0, 0.0, 0
u,0.0, 0.0, 0
u,0.0, 0.0, 0
u,0.0, 0.0, 0
u,0.0, 0.0, 0
u,0.0, 0.0, 0
u,0.0, 0.0, 0
u,0.0, 0.0, 0
u,0.0, 0.0, 0
u,0.0, 0.0, 0
u,0.0, 0.0, 0
u,0.0, 0.0, 0
u,0.0, 0.0, 0
u,0.0, 0.0, 0
u,0.0, 0.0, 0
u,0.0, 0.0, 0
u,0.0, 0.0, 0
u,0.0, 0.0, 0
u,0.5009605288505554, 0.3054858148097992, 0
u,0.5011535882949829, 0.4666227102279663, 0
u,0.46856579184532166, 0.4384536147117615, 0
u,0.5011535882949829, 0.4666227102279663, 0
u,0.4690018892288208, 0.4654482901096344, 0
u,0.46856579184532166, 0.4384536147117615, 0
u,0.4690018892288208, 0.4654482901096344, 0
u,0.46896618604660034, 0.469328910112381, 0
u,0.46856579184532166, 0.4384536147117615, 0
u,0.4690018892288208, 0.4654482901096344, 0
u,0.5011535882949829, 0.4666227102279663, 0
u,0.49852481484413147, 0.5055109858512878, 0
u,0.5011535882949829, 0.4666227102279663, 0
u,0.5012003183364868, 0.505609929561615, 0
u,0.49852481484413147, 0.5055109858512878, 0
u,0.8243039846420288, 0.24765250086784363, 0
u,0.8243039846420288, 0.3348912000656128, 0
u,0.8216285705566406, 0.24755950272083282, 0
u,0.8243039846420288, 0.3348912000656128, 0
u,0.824152410030365, 0.3449060022830963, 0
u,0.795505702495575, 0.3438971936702728, 0
u,0.8216285705566406, 0.24755950272083282, 0
u,0.8243039846420288, 0.3348912000656128, 0
u,0.795505702495575, 0.3438971936702728, 0
u,0.9108178019523621, 0.9980118870735168, 0
u,0.790766179561615, 0.9943302869796753, 0
u,0.792009711265564, 0.9943286180496216, 0
u,0.792009711265564, 0.9943286180496216, 0
u,0.790766179561615, 0.42384400963783264, 0
u,0.9095603823661804, 0.4250276982784271, 0
u,0.7565332055091858, 0.21399199962615967, 0
u,0.6571710109710693, 0.21272370219230652, 0
u,0.7573946118354797, 0.21272370219230652, 0
u,0.5012993812561035, 0.5883070826530457, 0
u,0.5050684809684753, 0.5806605219841003, 0
u,0.6871132850646973, 0.5858957171440125, 0
u,0.5050684809684753, 0.5806605219841003, 0
u,0.7858579158782959, 0.5806605219841003, 0
u,0.6871132850646973, 0.5858957171440125, 0
u,0.7858579158782959, 0.5806605219841003, 0
u,0.7884560227394104, 0.5859057903289795, 0
u,0.6871132850646973, 0.5858957171440125, 0
u,0.6871132850646973, 0.5858957171440125, 0
u,0.7887654900550842, 0.5865306854248047, 0
u,0.7896454930305481, 0.5883070826530457, 0
u,0.5050684809684753, 0.5806605219841003, 0
u,0.5047463178634644, 0.31182190775871277, 0
u,0.6886352896690369, 0.44911420345306396, 0
u,0.5047463178634644, 0.31182190775871277, 0
u,0.6903582215309143, 0.31183359026908875, 0
u,0.6897327899932861, 0.36166810989379883, 0
u,0.5047463178634644, 0.31182190775871277, 0
u,0.6897327899932861, 0.36166810989379883, 0
u,0.6886352896690369, 0.44911420345306396, 0
u,0.701869010925293, 0.3622821867465973, 0
u,0.6897327899932861, 0.36166810989379883, 0
u,0.6903582215309143, 0.31183359026908875, 0
u,0.6903582215309143, 0.31183359026908875, 0
u,0.7322856783866882, 0.311836302280426, 0
u,0.701869010925293, 0.3622821867465973, 0
u,0.7322856783866882, 0.311836302280426, 0
u,0.7318158149719238, 0.462195485830307, 0
u,0.701869010925293, 0.3622821867465973, 0
u,0.731594979763031, 0.5328353047370911, 0
u,0.7314456105232239, 0.5806605219841003, 0
u,0.6869844198226929, 0.5806605219841003, 0
u,0.6869844198226929, 0.5806605219841003, 0
u,0.6886352896690369, 0.44911420345306396, 0
u,0.7007715702056885, 0.44972801208496094, 0
u,0.7007715702056885, 0.44972801208496094, 0
u,0.701869010925293, 0.3622821867465973, 0
u,0.7318158149719238, 0.462195485830307, 0
u,0.7318158149719238, 0.462195485830307, 0
u,0.731594979763031, 0.5328353047370911, 0
u,0.7007715702056885, 0.44972801208496094, 0
u,0.7322856783866882, 0.311836302280426, 0
u,0.7414022088050842, 0.3118368089199066, 0
u,0.7399972081184387, 0.36268550157546997, 0
u,0.7381765842437744, 0.4285720884799957, 0
u,0.7372456192970276, 0.4622681140899658, 0
u,0.7318158149719238, 0.462195485830307, 0
u,0.7322856783866882, 0.311836302280426, 0
u,0.7399972081184387, 0.36268550157546997, 0
u,0.7318158149719238, 0.462195485830307, 0
u,0.7858579158782959, 0.5806605219841003, 0
u,0.7314456105232239, 0.5806605219841003, 0
u,0.7566360831260681, 0.5331751108169556, 0
u,0.7314456105232239, 0.5806605219841003, 0
u,0.731594979763031, 0.5328353047370911, 0
u,0.7566360831260681, 0.5331751108169556, 0
u,0.7399972081184387, 0.36268550157546997, 0
u,0.7414022088050842, 0.3118368089199066, 0
u,0.765920877456665, 0.3656286895275116, 0
u,0.7414022088050842, 0.3118368089199066, 0
u,0.7855296730995178, 0.3118396997451782, 0
u,0.765920877456665, 0.3656286895275116, 0
u,0.7855296730995178, 0.3118396997451782, 0
u,0.7858579158782959, 0.5806605219841003, 0
u,0.7641103863716125, 0.4314909875392914, 0
u,0.7858579158782959, 0.5806605219841003, 0
u,0.7566360831260681, 0.5331751108169556, 0
u,0.7568907737731934, 0.4625302851200104, 0
u,0.7641103863716125, 0.4314909875392914, 0
u,0.7858579158782959, 0.5806605219841003, 0
u,0.7568907737731934, 0.4625302851200104, 0
u,0.7568907737731934, 0.4625302851200104, 0
u,0.7372456192970276, 0.4622681140899658, 0
u,0.7381765842437744, 0.4285720884799957, 0
u,0.7641103863716125, 0.4314909875392914, 0
u,0.765920877456665, 0.3656286895275116, 0
u,0.7855296730995178, 0.3118396997451782, 0
u,0.7887654900550842, 0.5865306854248047, 0
u,0.7896407842636108, 0.5865362286567688, 0
u,0.7896428108215332, 0.586103081703186, 0
u,0.5047463178634644, 0.31182190775871277, 0
u,0.5050684809684753, 0.5806605219841003, 0
u,0.5012993812561035, 0.5883070826530457, 0
u,0.7892987132072449, 0.30419328808784485, 0
u,0.7896425127983093, 0.585905909538269, 0
u,0.7855296730995178, 0.3118396997451782, 0
u,0.7896425127983093, 0.585905909538269, 0
u,0.7884560227394104, 0.5859057903289795, 0
u,0.7858579158782959, 0.5806605219841003, 0
u,0.7855296730995178, 0.3118396997451782, 0
u,0.7896425127983093, 0.585905909538269, 0
u,0.7858579158782959, 0.5806605219841003, 0
u,0.5047463178634644, 0.31182190775871277, 0
u,0.5012993812561035, 0.5883070826530457, 0
u,0.5009589195251465, 0.3041749894618988, 0
u,0.7855296730995178, 0.3118396997451782, 0
u,0.5047463178634644, 0.31182190775871277, 0
u,0.7892987132072449, 0.30419328808784485, 0
u,0.6897327899932861, 0.36166810989379883, 0
u,0.701869010925293, 0.3622821867465973, 0
u,0.7007715702056885, 0.44972801208496094, 0
u,0.7381765842437744, 0.4285720884799957, 0
u,0.7399972081184387, 0.36268550157546997, 0
u,0.765920877456665, 0.3656286895275116, 0
u,0.7568907737731934, 0.4625302851200104, 0
u,0.7566360831260681, 0.5331751108169556, 0
u,0.731594979763031, 0.5328353047370911, 0
u,0.0, 0.03031739965081215, 0
u,0.14757059514522552, 0.03031739965081215, 0
u,0.14757059514522552, 0.16629169881343842, 0
u,0.14757059514522552, 0.19681909680366516, 0
u,0.0, 0.19681909680366516, 0
u,0.0, 0.16629169881343842, 0
u,0.14757059514522552, 0.002303800079971552, 0
u,0.14757059514522552, 0.03031739965081215, 0
u,0.0, 0.03031739965081215, 0
u,0.6112912893295288, 0.264938086271286, 0
u,0.6548131704330444, 0.264938086271286, 0
u,0.6112912893295288, 0.26864829659461975, 0
u,0.6548131704330444, 0.264938086271286, 0
u,0.6548131704330444, 0.30218690633773804, 0
u,0.654643177986145, 0.30218690633773804, 0
u,0.654643177986145, 0.30218690633773804, 0
u,0.46856579184532166, 0.30218690633773804, 0
u,0.6112912893295288, 0.26864829659461975, 0
u,0.46856579184532166, 0.30218690633773804, 0
u,0.46856579184532166, 0.26864829659461975, 0
u,0.6112912893295288, 0.26864829659461975, 0
u,0.6112912893295288, 0.264938086271286, 0
u,0.6112912893295288, 0.2027246057987213, 0
u,0.6548131704330444, 0.2027246057987213, 0
u,0.33845001459121704, 0.05168990045785904, 0
u,0.33845001459121704, 0.10803470015525818, 0
u,0.16601170599460602, 0.10803470015525818, 0
u,0.16601170599460602, 0.10803470015525818, 0
u,0.33845001459121704, 0.10803470015525818, 0
u,0.33845001459121704, 0.19672420620918274, 0
u,0.0004897000035271049, 0.9983031153678894, 0
u,0.10487709939479828, 0.8821629285812378, 0
u,0.030525799840688705, 0.989229679107666, 0
u,0.10487709939479828, 0.8821629285812378, 0
u,0.20281879603862762, 0.8821629285812378, 0
u,0.20281879603862762, 0.989229679107666, 0
u,0.030525799840688705, 0.989229679107666, 0
u,0.10487709939479828, 0.8821629285812378, 0
u,0.20281879603862762, 0.989229679107666, 0
u,0.10487709939479828, 0.8821629285812378, 0
u,0.10329200327396393, 0.3136880099773407, 0
u,0.20281879603862762, 0.3136880099773407, 0
u,0.10329200327396393, 0.3136880099773407, 0
u,0.0, 0.19880719482898712, 0
u,0.20281879603862762, 0.19880719482898712, 0
u,0.8864513039588928, 0.2031920999288559, 0
u,0.8864513039588928, 0.20278330147266388, 0
u,0.8869860768318176, 0.2033780962228775, 0
u,0.8869860768318176, 0.2033780962228775, 0
u,0.6876227855682373, 0.2033780962228775, 0
u,0.8864513039588928, 0.2031920999288559, 0
u,0.9993268847465515, 0.9113962054252625, 0
u,0.9135559797286987, 0.9946835041046143, 0
u,0.9981058835983276, 0.9114151000976562, 0
u,0.9993268847465515, 0.9113962054252625, 0
u,0.9981058835983276, 0.9114151000976562, 0
u,0.9990959167480469, 0.91044020652771, 0
u,0.2618786096572876, 0.9692562222480774, 0
u,0.2618786096572876, 0.8810508847236633, 0
u,0.3380959928035736, 0.8810508847236633, 0
u,0.3380959928035736, 0.8810508847236633, 0
u,0.3380959928035736, 0.5917912721633911, 0
u,0.3387160003185272, 0.5917912721633911, 0
u,0.2043222039937973, 1.0, 0
u,0.2043222039937973, 0.9937772154808044, 0
u,0.2049085944890976, 0.9959368705749512, 0
u,0.2049085944890976, 0.9959368705749512, 0
u,0.2049085944890976, 0.9393779039382935, 0
u,0.24343779683113098, 0.969287097454071, 0
u,0.24343779683113098, 0.969287097454071, 0
u,0.24343779683113098, 0.9692562222480774, 0
u,0.2618786096572876, 0.9692562222480774, 0
u,0.3380959928035736, 0.8810508847236633, 0
u,0.3387160003185272, 0.5917912721633911, 0
u,0.3387160003185272, 1.0, 0
u,0.2049085944890976, 0.9959368705749512, 0
u,0.24343779683113098, 0.969287097454071, 0
u,0.2043222039937973, 1.0, 0
u,0.24343779683113098, 0.969287097454071, 0
u,0.2618786096572876, 0.9692562222480774, 0
u,0.2043222039937973, 1.0, 0
u,0.2618786096572876, 0.9692562222480774, 0
u,0.3380959928035736, 0.8810508847236633, 0
u,0.3387160003185272, 1.0, 0
u,0.8864467144012451, 0.20883940160274506, 0
u,0.6876227855682373, 0.20883940160274506, 0
u,0.6876227855682373, 0.2067594975233078, 0
u,0.7479861974716187, 0.5917912721633911, 0
u,0.7479861974716187, 1.0, 0
u,0.614736795425415, 1.0, 0
u,0.614736795425415, 1.0, 0
u,0.3387160003185272, 1.0, 0
u,0.3387160003185272, 0.5917912721633911, 0
u,0.4676569998264313, 0.19975140690803528, 0
u,0.20530450344085693, 0.20273390412330627, 0
u,0.20530450344085693, 0.19681909680366516, 0
u,0.4676685035228729, 0.19681909680366516, 0
u,0.4676685035228729, 0.5848221182823181, 0
u,0.4676569998264313, 0.19975140690803528, 0
u,0.4676685035228729, 0.5848221182823181, 0
u,0.4676569998264313, 0.5848221182823181, 0
u,0.4676569998264313, 0.19975140690803528, 0
u,0.280245304107666, 0.04970179870724678, 0
u,0.280245304107666, 0.029601499438285828, 0
u,0.33388200402259827, 0.04970179870724678, 0
u,0.280245304107666, 0.029601499438285828, 0
u,0.5570319890975952, 0.029601499438285828, 0
u,0.377709299325943, 0.04970179870724678, 0
u,0.33388200402259827, 0.04970179870724678, 0
u,0.280245304107666, 0.029601499438285828, 0
u,0.377709299325943, 0.04970179870724678, 0
u,0.14931240677833557, 0.029601499438285828, 0
u,0.280245304107666, 0.029601499438285828, 0
u,0.280245304107666, 0.04970179870724678, 0
u,0.6879736185073853, 0.04970179870724678, 0
u,0.6879736185073853, 0.029601499438285828, 0
u,0.8709393739700317, 0.04970179870724678, 0
u,0.6879736185073853, 0.029601499438285828, 0
u,0.9647542834281921, 0.029601499438285828, 0
u,0.8709393739700317, 0.04970179870724678, 0
u,0.9647542834281921, 0.029601499438285828, 0
u,0.9647542834281921, 0.04970179870724678, 0
u,0.9212558269500732, 0.04970179870724678, 0
u,0.9122691750526428, 0.04970179870724678, 0
u,0.8709393739700317, 0.04970179870724678, 0
u,0.9647542834281921, 0.029601499438285828, 0
u,0.5570319890975952, 0.04970179870724678, 0
u,0.5570319890975952, 0.029601499438285828, 0
u,0.6879736185073853, 0.029601499438285828, 0
u,0.9666011929512024, 0.3599317967891693, 0
u,0.9666011929512024, 0.33598411083221436, 0
u,0.994834303855896, 0.33598411083221436, 0
u,0.994834303855896, 0.5543975234031677, 0
u,0.9666011929512024, 0.5543975234031677, 0
u,0.9666011929512024, 0.46913859248161316, 0
u,0.994834303855896, 0.46913859248161316, 0
u,0.9666011929512024, 0.46913859248161316, 0
u,0.9666011929512024, 0.44519108533859253, 0
u,0.9666011929512024, 0.44519108533859253, 0
u,0.9666011929512024, 0.3599317967891693, 0
u,0.994834303855896, 0.3599317967891693, 0
u,0.815700113773346, 0.4214712083339691, 0
u,0.790766179561615, 0.4214712083339691, 0
u,0.790766179561615, 0.3507581949234009, 0
u,0.9032132029533386, 0.3507581949234009, 0
u,0.9032132029533386, 0.4214712083339691, 0
u,0.8719249963760376, 0.4214712083339691, 0
u,0.8719249963760376, 0.3507581949234009, 0
u,0.8719249963760376, 0.4214712083339691, 0
u,0.8470001816749573, 0.4214712083339691, 0
u,0.690527617931366, 0.21994410455226898, 0
u,0.7151618003845215, 0.21994410455226898, 0
u,0.7151618003845215, 0.30218690633773804, 0
u,0.6561886072158813, 0.30218690633773804, 0
u,0.6561886072158813, 0.21994410455226898, 0
u,0.690527617931366, 0.21994410455226898, 0
u,0.7741655707359314, 0.30218690633773804, 0
u,0.7494981288909912, 0.30218690633773804, 0
u,0.7548395991325378, 0.21994410455226898, 0
u,0.7494981288909912, 0.30218690633773804, 0
u,0.7494981288909912, 0.21994410455226898, 0
u,0.7548395991325378, 0.21994410455226898, 0
u,0.7151618003845215, 0.21994410455226898, 0
u,0.7494981288909912, 0.21994410455226898, 0
u,0.7494981288909912, 0.30218690633773804, 0
