s,122.843017578125, 74.3984375, -0.8702659606933594
b,126.468505859375, 80.1513671875, 7.081501007080078
v,125.338134765625, 77.6376953125, -0.8701725006103516
v,125.337646484375, 77.6376953125, 5.176502227783203
v,125.3486328125, 77.6416015625, 5.1765031814575195
v,125.348876953125, 77.6416015625, -0.8701720237731934
v,123.773681640625, 77.0341796875, -0.8702659606933594
v,123.79541015625, 77.04296875, -0.8702640533447266
v,123.260498046875, 78.478515625, -0.8702635765075684
v,123.26318359375, 78.4794921875, -0.8702635765075684
v,122.84326171875, 79.564453125, -0.870262622833252
v,124.365478515625, 80.1513671875, -0.8701715469360352
v,125.337890625, 77.6376953125, -0.8701725006103516
v,125.3486328125, 77.6416015625, -0.8701720237731934
v,126.468505859375, 74.740234375, -0.8701663017272949
v,124.79248046875, 74.3984375, -0.8702611923217773
v,123.8642578125, 78.4912109375, 7.081501007080078
v,123.40234375, 78.3212890625, 7.081474304199219
v,123.621826171875, 77.7236328125, 7.081473350524902
v,124.083984375, 77.892578125, 7.081501007080078
v,123.6220703125, 77.7236328125, 6.668489456176758
v,123.402587890625, 78.3212890625, 6.668489456176758
v,123.8642578125, 78.4912109375, 6.668517112731934
v,123.818603515625, 78.615234375, 6.668517112731934
v,123.345703125, 78.439453125, 6.668489456176758
v,123.8564453125, 77.0693359375, 6.668488502502441
v,124.320556640625, 77.248046875, 6.668515205383301
v,124.083984375, 77.892578125, 6.668516159057617
v,123.818603515625, 78.615234375, 6.668517112731934
v,123.8642578125, 78.4912109375, 6.668517112731934
v,124.083984375, 77.892578125, 6.668516159057617
v,124.320556640625, 77.248046875, 6.668515205383301
v,124.342041015625, 77.255859375, 6.668517112731934
v,123.833251953125, 78.62109375, 6.66851806640625
v,123.26025390625, 78.478515625, 6.723994255065918
v,123.817626953125, 76.982421875, 6.723993301391602
v,124.42724609375, 77.2177734375, 6.724029541015625
v,124.342041015625, 77.255859375, 6.724025726318359
v,123.8564453125, 77.0693359375, 6.723997116088867
v,123.345703125, 78.4384765625, 6.723998069763184
v,123.833251953125, 78.62109375, 6.724026679992676
v,123.87255859375, 78.7060546875, 6.724030494689941
v,123.833251953125, 78.62109375, 6.724026679992676
v,124.342041015625, 77.255859375, 6.724025726318359
v,124.42724609375, 77.2177734375, 6.724029541015625
v,123.87255859375, 78.7060546875, 6.724030494689941
v,125.281494140625, 77.59765625, 5.855925559997559
v,124.326904296875, 80.0654296875, 5.855926513671875
v,122.928955078125, 79.5263671875, 5.855842590332031
v,123.3251953125, 78.5029296875, 5.855841636657715
v,123.87255859375, 78.7060546875, 5.855874061584473
v,124.41064453125, 77.26171875, 5.855873107910156
v,125.367431640625, 77.5595703125, 5.91143798828125
v,124.365234375, 80.1513671875, 5.911438941955566
v,122.843017578125, 79.564453125, 5.911348342895508
v,123.2626953125, 78.4794921875, 5.911347389221191
v,123.3251953125, 78.5029296875, 5.911350250244141
v,122.928955078125, 79.5263671875, 5.911351203918457
v,124.326904296875, 80.0654296875, 5.911435127258301
v,125.281494140625, 77.59765625, 5.911434173583984
v,124.41064453125, 77.26171875, 5.911381721496582
v,124.42724609375, 77.2177734375, 5.911381721496582
v,123.838623046875, 76.990234375, 5.911347389221191
v,123.845703125, 76.97265625, 5.911347389221191
v,125.31640625, 77.5390625, 5.120990753173828
v,123.865478515625, 76.98046875, 5.120903968811035
v,124.833984375, 74.474609375, 5.120908737182617
v,126.377685546875, 74.7900390625, 5.12099552154541
v,126.377685546875, 74.7900390625, 5.176505088806152
v,124.833984375, 74.474609375, 5.176417350769043
v,123.865234375, 76.98046875, 5.176413536071777
v,123.845703125, 76.97265625, 5.1764116287231445
v,123.8388671875, 76.990234375, 5.1764116287231445
v,123.817626953125, 76.982421875, 5.176410675048828
v,123.795166015625, 77.04296875, 5.176410675048828
v,123.773193359375, 77.0341796875, 5.176408767700195
v,124.7919921875, 74.3984375, 5.176413536071777
v,126.46826171875, 74.740234375, 5.176507949829102
v,125.348388671875, 77.6416015625, 5.1765031814575195
v,125.33740234375, 77.6376953125, 5.176502227783203
v,125.36767578125, 77.5595703125, 5.1765031814575195
v,125.31640625, 77.5390625, 5.176499366760254
v,123.6220703125, 77.7236328125, 6.668489456176758
v,124.083984375, 77.892578125, 6.668516159057617
v,124.083984375, 77.892578125, 7.081501007080078
v,123.621826171875, 77.7236328125, 7.081473350524902
v,123.40234375, 78.3212890625, 7.081474304199219
v,123.402587890625, 78.3212890625, 6.668489456176758
v,123.6220703125, 77.7236328125, 6.668489456176758
v,123.621826171875, 77.7236328125, 7.081473350524902
v,123.8642578125, 78.4912109375, 7.081501007080078
v,123.8642578125, 78.4912109375, 6.668517112731934
v,123.402587890625, 78.3212890625, 6.668489456176758
v,123.40234375, 78.3212890625, 7.081474304199219
v,124.083984375, 77.892578125, 7.081501007080078
v,124.083984375, 77.892578125, 6.668516159057617
v,123.8642578125, 78.4912109375, 6.668517112731934
v,123.8642578125, 78.4912109375, 7.081501007080078
v,123.8564453125, 77.0693359375, 6.723997116088867
v,124.342041015625, 77.255859375, 6.724025726318359
v,124.342041015625, 77.255859375, 6.668517112731934
v,124.320556640625, 77.248046875, 6.668515205383301
v,123.8564453125, 77.0693359375, 6.668488502502441
v,123.345703125, 78.439453125, 6.668489456176758
v,123.345703125, 78.4384765625, 6.723998069763184
v,123.8564453125, 77.0693359375, 6.723997116088867
v,123.8564453125, 77.0693359375, 6.668488502502441
v,123.833251953125, 78.62109375, 6.66851806640625
v,123.833251953125, 78.62109375, 6.724026679992676
v,123.345703125, 78.4384765625, 6.723998069763184
v,123.345703125, 78.439453125, 6.668489456176758
v,123.818603515625, 78.615234375, 6.668517112731934
v,124.342041015625, 77.255859375, 6.724025726318359
v,123.833251953125, 78.62109375, 6.724026679992676
v,123.833251953125, 78.62109375, 6.66851806640625
v,124.342041015625, 77.255859375, 6.668517112731934
v,123.817626953125, 76.982421875, 6.723993301391602
v,123.26025390625, 78.478515625, 6.723994255065918
v,123.260498046875, 78.478515625, -0.8702635765075684
v,123.79541015625, 77.04296875, -0.8702640533447266
v,123.795166015625, 77.04296875, 5.176410675048828
v,123.817626953125, 76.982421875, 5.176410675048828
v,123.3251953125, 78.5029296875, 5.911350250244141
v,123.2626953125, 78.4794921875, 5.911347389221191
v,123.26318359375, 78.4794921875, -0.8702635765075684
v,123.260498046875, 78.478515625, -0.8702635765075684
v,123.26025390625, 78.478515625, 6.723994255065918
v,123.87255859375, 78.7060546875, 6.724030494689941
v,123.87255859375, 78.7060546875, 5.855874061584473
v,123.3251953125, 78.5029296875, 5.855841636657715
v,123.87255859375, 78.7060546875, 5.855874061584473
v,123.87255859375, 78.7060546875, 6.724030494689941
v,124.42724609375, 77.2177734375, 6.724029541015625
v,124.42724609375, 77.2177734375, 5.911381721496582
v,124.41064453125, 77.26171875, 5.911381721496582
v,124.41064453125, 77.26171875, 5.855873107910156
v,123.817626953125, 76.982421875, 5.176410675048828
v,123.8388671875, 76.990234375, 5.1764116287231445
v,123.838623046875, 76.990234375, 5.911347389221191
v,124.42724609375, 77.2177734375, 5.911381721496582
v,124.42724609375, 77.2177734375, 6.724029541015625
v,123.817626953125, 76.982421875, 6.723993301391602
v,123.26318359375, 78.4794921875, -0.8702635765075684
v,123.2626953125, 78.4794921875, 5.911347389221191
v,122.843017578125, 79.564453125, 5.911348342895508
v,122.84326171875, 79.564453125, -0.870262622833252
v,122.843017578125, 79.564453125, 5.911348342895508
v,124.365234375, 80.1513671875, 5.911438941955566
v,124.365478515625, 80.1513671875, -0.8701715469360352
v,122.84326171875, 79.564453125, -0.870262622833252
v,125.36767578125, 77.5595703125, 5.1765031814575195
v,125.33740234375, 77.6376953125, 5.176502227783203
v,125.337890625, 77.6376953125, -0.8701725006103516
v,124.365478515625, 80.1513671875, -0.8701715469360352
v,124.365234375, 80.1513671875, 5.911438941955566
v,125.367431640625, 77.5595703125, 5.91143798828125
v,123.8388671875, 76.990234375, 5.1764116287231445
v,123.845703125, 76.97265625, 5.1764116287231445
v,123.845703125, 76.97265625, 5.911347389221191
v,123.838623046875, 76.990234375, 5.911347389221191
v,125.31640625, 77.5390625, 5.120990753173828
v,125.31640625, 77.5390625, 5.176499366760254
v,125.36767578125, 77.5595703125, 5.1765031814575195
v,125.367431640625, 77.5595703125, 5.91143798828125
v,123.845703125, 76.97265625, 5.911347389221191
v,123.845703125, 76.97265625, 5.1764116287231445
v,123.865234375, 76.98046875, 5.176413536071777
v,123.865478515625, 76.98046875, 5.120903968811035
v,124.41064453125, 77.26171875, 5.855873107910156
v,124.41064453125, 77.26171875, 5.911381721496582
v,125.281494140625, 77.59765625, 5.911434173583984
v,125.281494140625, 77.59765625, 5.855925559997559
v,123.3251953125, 78.5029296875, 5.911350250244141
v,123.3251953125, 78.5029296875, 5.855841636657715
v,122.928955078125, 79.5263671875, 5.855842590332031
v,122.928955078125, 79.5263671875, 5.911351203918457
v,124.326904296875, 80.0654296875, 5.911435127258301
v,122.928955078125, 79.5263671875, 5.911351203918457
v,122.928955078125, 79.5263671875, 5.855842590332031
v,124.326904296875, 80.0654296875, 5.855926513671875
v,125.281494140625, 77.59765625, 5.911434173583984
v,124.326904296875, 80.0654296875, 5.911435127258301
v,124.326904296875, 80.0654296875, 5.855926513671875
v,125.281494140625, 77.59765625, 5.855925559997559
v,123.795166015625, 77.04296875, 5.176410675048828
v,123.79541015625, 77.04296875, -0.8702640533447266
v,123.773681640625, 77.0341796875, -0.8702659606933594
v,123.773193359375, 77.0341796875, 5.176408767700195
v,125.3486328125, 77.6416015625, -0.8701720237731934
v,125.348388671875, 77.6416015625, 5.1765031814575195
v,126.46826171875, 74.740234375, 5.176507949829102
v,126.468505859375, 74.740234375, -0.8701663017272949
v,126.46826171875, 74.740234375, 5.176507949829102
v,124.7919921875, 74.3984375, 5.176413536071777
v,124.79248046875, 74.3984375, -0.8702611923217773
v,126.468505859375, 74.740234375, -0.8701663017272949
v,124.79248046875, 74.3984375, -0.8702611923217773
v,124.7919921875, 74.3984375, 5.176413536071777
v,123.773193359375, 77.0341796875, 5.176408767700195
v,123.773681640625, 77.0341796875, -0.8702659606933594
v,125.31640625, 77.5390625, 5.176499366760254
v,125.31640625, 77.5390625, 5.120990753173828
v,126.377685546875, 74.7900390625, 5.12099552154541
v,126.377685546875, 74.7900390625, 5.176505088806152
v,124.833984375, 74.474609375, 5.176417350769043
v,126.377685546875, 74.7900390625, 5.176505088806152
v,126.377685546875, 74.7900390625, 5.12099552154541
v,124.833984375, 74.474609375, 5.120908737182617
v,123.865478515625, 76.98046875, 5.120903968811035
v,123.865234375, 76.98046875, 5.176413536071777
v,124.833984375, 74.474609375, 5.176417350769043
v,124.833984375, 74.474609375, 5.120908737182617
i,1,3,0
i,10,12,13
i,14,16,17
i,18,19,22
i,31,28,30
i,37,38,32
i,40,42,43
i,46,47,48
i,50,51,57
i,62,64,65
i,66,67,74
i,81,83,80
i,85,87,84
i,89,91,88
i,92,94,95
i,97,98,99
i,102,104,101
i,107,108,109
i,110,112,113
i,116,117,118
i,120,121,124
i,130,131,132
i,136,138,139
i,141,143,140
i,144,146,147
i,152,153,149
i,155,157,154
i,162,164,159
i,167,169,166
i,171,173,170
i,175,177,174
i,179,181,178
i,183,185,182
i,187,189,186
i,190,192,193
i,195,197,194
i,199,201,198
i,202,204,205
i,207,209,206
i,1,2,3
i,13,4,5
i,5,6,7
i,7,8,9
i,10,11,12
i,7,9,10
i,13,5,10
i,5,7,10
i,14,15,16
i,19,20,21
i,23,24,18
i,24,25,18
i,19,21,22
i,23,18,22
i,31,26,27
i,27,28,31
i,28,29,30
i,33,34,36
i,34,35,36
i,38,39,32
i,33,36,32
i,36,37,32
i,40,41,42
i,49,44,48
i,44,45,48
i,45,46,48
i,52,53,55
i,53,54,55
i,60,61,59
i,61,50,59
i,57,58,59
i,51,52,56
i,52,55,56
i,57,59,50
i,51,56,57
i,62,63,64
i,67,68,69
i,69,70,71
i,71,72,73
i,75,76,78
i,76,77,78
i,78,79,66
i,71,73,74
i,67,69,71
i,75,78,66
i,67,71,74
i,75,66,74
i,81,82,83
i,85,86,87
i,89,90,91
i,92,93,94
i,100,96,99
i,96,97,99
i,102,103,104
i,109,105,106
i,106,107,109
i,110,111,112
i,119,114,118
i,114,115,118
i,115,116,118
i,121,122,123
i,124,125,120
i,125,126,120
i,126,127,120
i,121,123,124
i,133,128,132
i,128,129,132
i,129,130,132
i,139,134,136
i,134,135,136
i,136,137,138
i,141,142,143
i,144,145,146
i,153,148,149
i,149,150,151
i,151,152,149
i,155,156,157
i,165,158,164
i,158,159,164
i,159,160,161
i,161,162,159
i,162,163,164
i,167,168,169
i,171,172,173
i,175,176,177
i,179,180,181
i,183,184,185
i,187,188,189
i,190,191,192
i,195,196,197
i,199,200,201
i,202,203,204
i,207,208,209
n,-1.6726683378219604, 4.181671142578125, -0.00011996219836873934
n,0.0002378143835812807, 8.361161599168554e-05, -4.50379753112793
n,-0.00024017368559725583, -8.815070032142103e-05, 4.50379753112793
n,0.0, 0.0, 4.50379753112793
n,-0.00026873344904743135, -0.0001029291088343598, 4.50379753112793
n,-0.00022694746439810842, -0.00010474134614923969, 4.50379753112793
n,-0.00021203886717557907, -8.161427831510082e-05, 4.50379753112793
n,-0.00023041364329401404, -9.291497553931549e-05, 4.50379753112793
n,-0.00021473340166267008, -8.453024202026427e-05, 4.50379753112793
n,-0.00023746129591017962, -8.334505400853232e-05, 4.50379753112793
n,-0.00024059915449470282, -6.800056871725246e-05, 4.50379753112793
n,1.5487029552459717, -4.229150295257568, 0.0008131225476972759
n,-4.228507995605469, -1.5504529476165771, -0.002220108173787594
n,-1.5487029552459717, 4.229150295257568, 0.0
n,4.228013515472412, 1.5518033504486084, 0.0
n,-1.5391415357589722, 4.232639312744141, 0.0
n,4.2202582359313965, 1.5725802183151245, 0.02457156591117382
n,1.5644475221633911, -4.222836017608643, -0.06598181277513504
n,-4.220333576202393, -1.5725702047348022, 0.0
n,-4.220276832580566, -1.5727225542068481, -0.0003026742779184133
n,-1.58138906955719, 4.217037200927734, -0.0005625956691801548
n,4.213632106781006, 1.5904395580291748, 0.0
n,1.6199729442596436, -4.202365398406982, 0.0015614943113178015
n,-4.200107097625732, -1.6258208751678467, -0.0002685831277631223
n,-1.6207388639450073, 4.202070713043213, -5.182047243579291e-05
n,4.200521469116211, 1.624750018119812, 0.00030609118402935565
n,-4.199527740478516, -1.627316951751709, -0.0012390027986839414
n,1.6179474592208862, -4.203145503997803, -0.001203751191496849
n,-1.6198540925979614, 4.202412128448486, 0.0
n,4.200127124786377, 1.6257696151733398, 0.0
n,1.6192586421966553, -4.202641487121582, 0.0
n,-4.200490951538086, -1.624829649925232, 0.0
n,-1.6583623886108398, 4.18736457824707, -0.00011893617920577526
n,4.201613903045654, 1.6219232082366943, 0.00015071292000357062
n,0.9019214510917664, -4.412564754486084, 6.468495121225715e-05
n,-4.201038837432861, -1.6234112977981567, -0.00030129452352412045
n,-4.201589584350586, -1.6219857931137085, 0.0
n,-0.9023277759552002, 4.412481784820557, 0.0
n,4.201150417327881, 1.623039722442627, 0.016410743817687035
n,-1.6442803144454956, 4.192914962768555, -5.8963119954569265e-05
n,0.00030486908508464694, 0.00010985349945258349, -4.50379753112793
n,-7.87967849191773e-07, 2.363903604418738e-06, -4.50379753112793
n,0.0002331969590159133, 9.378406684845686e-05, -4.50379753112793
n,0.00015535928832832724, 5.142574809724465e-05, -4.50379753112793
n,0.00023519819660577923, 9.24647829378955e-05, -4.50379753112793
n,0.0002360353828407824, 8.391109440708533e-05, -4.50379753112793
n,0.00023393711308017373, 8.935817459132522e-05, -4.50379753112793
n,-0.00023096140648704022, -9.106011566473171e-05, 4.50379753112793
n,-0.00024036449030973017, -8.824570249998942e-05, 4.50379753112793
n,-0.00022919519688002765, -8.798175258561969e-05, 4.50379753112793
n,-0.00023107641027309, -9.074607805814594e-05, 4.50379753112793
n,-0.00022588887077290565, -0.0001087920754798688, 4.50379753112793
n,-0.0002146813931176439, -8.277969027403742e-05, 4.50379753112793
n,-0.00022765298490412533, -8.357888873433694e-05, 4.50379753112793
n,-0.0001783070038072765, -7.1818103606347e-05, 4.50379753112793
n,-0.00031165804830379784, -0.00012032700760755688, 4.50379753112793
n,-0.00022266122687142342, -0.00012027108459733427, 4.50379753112793
n,-0.00022621796233579516, -0.00010657976963557303, 4.50379753112793
n,-0.0002353603922529146, -7.084593380568549e-05, 4.50379753112793
n,-0.00026193182566203177, -0.0001026974932756275, 4.50379753112793
n,-0.0002171746891690418, -8.376176992896944e-05, 4.50379753112793
n,-0.00021577182633336633, -8.319466724060476e-05, 4.50379753112793
n,-0.00023659886210225523, -9.081551252165809e-05, 4.50379753112793
n,-0.0002391447633272037, -9.405169112142175e-05, 4.50379753112793
n,-0.0002331466239411384, -9.605746163288131e-05, 4.50379753112793
n,-0.00021583776106126606, -8.702136256033555e-05, 4.50379753112793
n,-0.00021215398737695068, -8.58471030369401e-05, 4.50379753112793
n,-0.00023014209000393748, -9.205683454638347e-05, 4.50379753112793
n,-0.0002610533847473562, -1.8532879039412364e-05, 4.50379753112793
n,-0.00023710733512416482, -8.949639595812187e-05, 4.50379753112793
n,-0.00024095467233564705, -7.061569340294227e-05, 4.50379753112793
n,-0.00022696095402352512, -0.00011211175296921283, 4.50379753112793
n,-0.00022700460976921022, -0.00011221020395169035, 4.50379753112793
n,-0.00021191923588048667, -8.3520331827458e-05, 4.50379753112793
n,-0.00023601853172294796, -8.357213664567098e-05, 4.50379753112793
n,-0.00033799916855059564, -0.00012299978698138148, 4.50379753112793
n,-0.00015715014887973666, -6.089568341849372e-05, 4.50379753112793
n,-0.00030370091553777456, -0.0001128031944972463, 4.50379753112793
n,-5.199215229367837e-05, -1.2177109965705313e-05, 4.50379753112793
n,-0.0003159416082780808, -7.399685273412615e-05, 4.50379753112793
n,-0.0002610407245811075, -9.244767716154456e-05, 4.50379753112793
n,-0.00029488286236301064, -0.00010527112317504361, 4.50379753112793
n,-0.0001534338080091402, -5.000004966859706e-05, 4.50379753112793
n,-0.00020890891028102487, -7.343499601120129e-05, 4.50379753112793
n,-0.00022243779676500708, -7.795835699653253e-05, 4.50379753112793
n,-0.0002298063482157886, -0.00011165531032020226, 4.50379753112793
n,1.5480619668960571, -4.229384422302246, 0.0
n,-4.228508472442627, -1.5504530668258667, -0.002220112830400467
n,-1.5493443012237549, 4.228915214538574, -0.000813457474578172
n,4.228013515472412, 1.5518035888671875, 0.0
n,-1.6183483600616455, 4.202991962432861, 0.0
n,-1.6148390769958496, 4.204209804534912, 0.03327055647969246
n,4.219995021820068, 1.5734782218933105, 0.0
n,1.7366328239440918, -4.155514240264893, 0.0
n,1.5763564109802246, -4.218637943267822, 0.04885072633624077
n,-4.220333576202393, -1.5725702047348022, 0.0
n,-4.221973419189453, -1.5681617259979248, 0.0
n,-4.220345497131348, -1.5725374221801758, -0.0001953894825419411
n,-4.220361709594727, -1.572494387626648, -0.00024099914298858494
n,-1.4242256879806519, 4.272677421569824, -9.10745729925111e-05
n,-1.566960334777832, 4.222419738769531, 0.0007532123709097505
n,-1.5659770965576172, 4.222784519195557, 0.0
n,-1.5659770965576172, 4.222784042358398, 0.0
n,-1.4474378824234009, 4.264869689941406, -8.265436190413311e-05
n,4.22025728225708, 1.5727746486663818, 0.0
n,4.22025728225708, 1.5727744102478027, 0.0
n,4.220061302185059, 1.5733007192611694, -0.001064973883330822
n,1.5670685768127441, -4.222379207611084, 0.0
n,1.552988052368164, -4.227578639984131, 0.0004581840767059475
n,1.6218494176864624, -4.201642036437988, 0.0
n,-4.200389385223389, -1.6250908374786377, -0.00013430058606900275
n,-1.6188549995422363, 4.202796936035156, 0.00043398974230512977
n,4.1975603103637695, 1.6323845386505127, 0.001238423865288496
n,4.200679779052734, 1.6243400573730469, 0.0003012687957379967
n,4.200538158416748, 1.624706506729126, 0.00047640001866966486
n,-4.181670665740967, -1.6726683378219604, 0.0
n,1.6181561946868896, -4.203061103820801, 0.006320922635495663
n,1.6179475784301758, -4.203146457672119, 0.0
n,1.6298195123672485, -4.198556900024414, 0.0004808524972759187
n,1.6190557479858398, -4.202719211578369, 0.0013432888081297278
n,1.6567867994308472, -4.187988758087158, 0.0
n,-1.6198540925979614, 4.202412128448486, 0.0
n,4.200127124786377, 1.6257696151733398, 0.0
n,1.6192586421966553, -4.202641487121582, 0.0
n,-4.200490951538086, -1.624829649925232, 0.0
n,-1.6583622694015503, 4.18736457824707, -0.00011893617920577526
n,4.201718807220459, 1.6216500997543335, 0.00030134335975162685
n,0.9019214510917664, -4.412564754486084, 6.468494393629953e-05
n,-4.201038837432861, -1.6234114170074463, -0.0003012945526279509
n,-4.201589584350586, -1.6219857931137085, 0.0
n,-0.9023277759552002, 4.412481784820557, 0.0
n,4.201056003570557, 1.6233665943145752, 0.0
u,0.0, 0.5287817716598511, 0
u,0.0006884000031277537, 0.9987403154373169, 0
u,0.0, 0.9987403154373169, 0
u,0.0, 0.0, 0
u,0.0, 0.0, 0
u,0.0, 0.0, 0
u,0.9337775111198425, 0.8886038064956665, 0
u,0.9036828875541687, 0.8385370969772339, 0
u,0.9331365823745728, 0.8378450274467468, 0
u,0.9036828875541687, 0.8385370969772339, 0
u,0.9043363928794861, 0.8892902731895447, 0
u,0.9036955833435059, 0.8996182084083557, 0
u,0.9348372220993042, 0.8991150259971619, 0
u,0.9331365823745728, 0.8378450274467468, 0
u,0.9338210225105286, 0.783191978931427, 0
u,0.9036955833435059, 0.8996182084083557, 0
u,0.9348372220993042, 0.8991150259971619, 0
u,0.8997542858123779, 0.9049835801124573, 0
u,0.9348372220993042, 0.8991150259971619, 0
u,0.9377627968788147, 0.777885913848877, 0
u,0.9388713240623474, 0.9043514728546143, 0
u,0.9038606286048889, 0.9923080801963806, 0
u,0.9039121866226196, 0.904916524887085, 0
u,0.9388713240623474, 0.9043514728546143, 0
u,0.9976642727851868, 0.7763450741767883, 0
u,0.997546911239624, 0.9975271821022034, 0
u,0.9936733841896057, 0.7816497087478638, 0
u,0.9943776726722717, 0.776347815990448, 0
u,0.9013373851776123, 0.5625625848770142, 0
u,0.9943776726722717, 0.5417435169219971, 0
u,0.9943776726722717, 0.5417435169219971, 0
u,0.9013373851776123, 0.5625625848770142, 0
u,0.8973507881164551, 0.5580785870552063, 0
u,0.5187621116638184, 0.6278446912765503, 0
u,0.5482069253921509, 0.5949915051460266, 0
u,0.5482069253921509, 0.6278446912765503, 0
u,0.5863748788833618, 0.6278446912765503, 0
u,0.5482069253921509, 0.5949915051460266, 0
u,0.5863748788833618, 0.5949915051460266, 0
u,0.48059019446372986, 0.6278446912765503, 0
u,0.4511581063270569, 0.5949915051460266, 0
u,0.48059019446372986, 0.5949915051460266, 0
u,0.5187621116638184, 0.5949915051460266, 0
u,0.48059019446372986, 0.6278446912765503, 0
u,0.48059019446372986, 0.5949915051460266, 0
u,0.5690177083015442, 0.6345381736755371, 0
u,0.5690177083015442, 0.6301388740539551, 0
u,0.5703864097595215, 0.6301388740539551, 0
u,0.6872286796569824, 0.6345381736755371, 0
u,0.6000335812568665, 0.6301388740539551, 0
u,0.6872286796569824, 0.6301388740539551, 0
u,0.4511581063270569, 0.6345381736755371, 0
u,0.4511581063270569, 0.6301388740539551, 0
u,0.48124879598617554, 0.6301388740539551, 0
u,0.5690177083015442, 0.6345381736755371, 0
u,0.4821717143058777, 0.6301388740539551, 0
u,0.5690177083015442, 0.6301388740539551, 0
u,0.4511581063270569, 0.8254194855690002, 0
u,0.4511581063270569, 0.7061458826065063, 0
u,0.8052741885185242, 0.7061458826065063, 0
u,0.8483148217201233, 0.8308262825012207, 0
u,0.8483148217201233, 0.8256403207778931, 0
u,0.8959066271781921, 0.8254194855690002, 0
u,0.8959066271781921, 1.0, 0
u,0.8483148217201233, 1.0, 0
u,0.8483148217201233, 0.9962735176086426, 0
u,0.8483148217201233, 0.6993669271469116, 0
u,0.8959066271781921, 0.6502627730369568, 0
u,0.8959066271781921, 0.7011340856552124, 0
u,0.41976699233055115, 0.5251222848892212, 0
u,0.3521418869495392, 0.0013386999489739537, 0
u,0.41976699233055115, 0.0013386999489739537, 0
u,0.3521418869495392, 0.5251222848892212, 0
u,0.2573503851890564, 0.0013386999489739537, 0
u,0.3521418869495392, 0.0013386999489739537, 0
u,0.2573503851890564, 0.5251222848892212, 0
u,0.09587860107421875, 0.5251222848892212, 0
u,0.10074429959058762, 0.4683589041233063, 0
u,0.0010997999925166368, 0.4683589041233063, 0
u,0.0, 0.5251222848892212, 0
u,0.0, 0.4683589041233063, 0
u,0.0010997999925166368, 0.5251222848892212, 0
u,0.002333299955353141, 0.4683589041233063, 0
u,0.09268909692764282, 0.4683589041233063, 0
u,0.8181977272033691, 0.6412315964698792, 0
u,0.7627273201942444, 0.6368458867073059, 0
u,0.8181977272033691, 0.6368458867073059, 0
u,0.4511581063270569, 0.6368458867073059, 0
u,0.5164210796356201, 0.6412315964698792, 0
u,0.4511581063270569, 0.6412315964698792, 0
u,0.5164210796356201, 0.6412315964698792, 0
u,0.6054689884185791, 0.6368458867073059, 0
u,0.6054689884185791, 0.6412315964698792, 0
u,0.6054689884185791, 0.6412315964698792, 0
u,0.7627273201942444, 0.6368458867073059, 0
u,0.7627273201942444, 0.6412315964698792, 0
u,0.44921809434890747, 0.9987403154373169, 0
u,0.44784700870513916, 0.5287817716598511, 0
u,0.44921809434890747, 0.5287817716598511, 0
u,0.0006884000031277537, 0.5287817716598511, 0
u,0.18253539502620697, 0.9987403154373169, 0
u,0.0006884000031277537, 0.9987403154373169, 0
u,0.18253539502620697, 0.5287817716598511, 0
u,0.28257039189338684, 0.9987403154373169, 0
u,0.18253539502620697, 0.9987403154373169, 0
u,0.28257039189338684, 0.5287817716598511, 0
u,0.44784700870513916, 0.9987403154373169, 0
u,0.28257039189338684, 0.9987403154373169, 0
u,0.8663007020950317, 0.6479250192642212, 0
u,0.6965904831886292, 0.6436768770217896, 0
u,0.8663007020950317, 0.6436768770217896, 0
u,0.6058629751205444, 0.6436768770217896, 0
u,0.6965904831886292, 0.6479250192642212, 0
u,0.6058629751205444, 0.6479250192642212, 0
u,0.4511581063270569, 0.6436768770217896, 0
u,0.6058629751205444, 0.6479250192642212, 0
u,0.4511581063270569, 0.6479250192642212, 0
u,0.0, 0.5287817716598511, 0
u,0.0006884000031277537, 0.5287817716598511, 0
u,0.0006884000031277537, 0.9987403154373169, 0
u,0.0, 0.0, 0
u,0.0, 0.0, 0
u,0.0, 0.0, 0
u,0.0, 0.0, 0
u,0.0, 0.0, 0
u,0.0, 0.0, 0
u,0.0, 0.0, 0
u,0.0, 0.0, 0
u,0.0, 0.0, 0
u,0.0, 0.0, 0
u,0.0, 0.0, 0
u,0.0, 0.0, 0
u,0.0, 0.0, 0
u,0.0, 0.0, 0
u,0.0, 0.0, 0
u,0.0, 0.0, 0
u,0.0, 0.0, 0
u,0.0, 0.0, 0
u,0.0, 0.0, 0
u,0.0, 0.0, 0
u,0.0, 0.0, 0
u,0.9337775111198425, 0.8886038064956665, 0
u,0.9043363928794861, 0.8892902731895447, 0
u,0.9036828875541687, 0.8385370969772339, 0
u,0.9043363928794861, 0.8892902731895447, 0
u,0.9337775111198425, 0.8886038064956665, 0
u,0.9339104890823364, 0.8991299271583557, 0
u,0.9026747941970825, 0.7832295894622803, 0
u,0.9324465990066528, 0.7831935882568359, 0
u,0.9036828875541687, 0.8385370969772339, 0
u,0.9324465990066528, 0.7831935882568359, 0
u,0.9331365823745728, 0.8378450274467468, 0
u,0.9036828875541687, 0.8385370969772339, 0
u,0.9043363928794861, 0.8892902731895447, 0
u,0.9339104890823364, 0.8991299271583557, 0
u,0.9036955833435059, 0.8996182084083557, 0
u,0.9026747941970825, 0.7832295894622803, 0
u,0.9036828875541687, 0.8385370969772339, 0
u,0.9036955833435059, 0.8996182084083557, 0
u,0.9348372220993042, 0.8991150259971619, 0
u,0.9339104890823364, 0.8991299271583557, 0
u,0.9337775111198425, 0.8886038064956665, 0
u,0.9337775111198425, 0.8886038064956665, 0
u,0.9331365823745728, 0.8378450274467468, 0
u,0.9348372220993042, 0.8991150259971619, 0
u,0.9331365823745728, 0.8378450274467468, 0
u,0.9324465990066528, 0.7831935882568359, 0
u,0.9338210225105286, 0.783191978931427, 0
u,0.898639976978302, 0.7779331207275391, 0
u,0.9377627968788147, 0.777885913848877, 0
u,0.9026747941970825, 0.7832295894622803, 0
u,0.9377627968788147, 0.777885913848877, 0
u,0.9338210225105286, 0.783191978931427, 0
u,0.9026747941970825, 0.7832295894622803, 0
u,0.9348372220993042, 0.8991150259971619, 0
u,0.9388713240623474, 0.9043514728546143, 0
u,0.8997542858123779, 0.9049835801124573, 0
u,0.898639976978302, 0.7779331207275391, 0
u,0.9026747941970825, 0.7832295894622803, 0
u,0.8997542858123779, 0.9049835801124573, 0
u,0.9026747941970825, 0.7832295894622803, 0
u,0.9036955833435059, 0.8996182084083557, 0
u,0.8997542858123779, 0.9049835801124573, 0
u,0.9348372220993042, 0.8991150259971619, 0
u,0.9338210225105286, 0.783191978931427, 0
u,0.9377627968788147, 0.777885913848877, 0
u,0.9377961754798889, 0.7816954255104065, 0
u,0.9936733841896057, 0.7816497087478638, 0
u,0.9388713240623474, 0.9043514728546143, 0
u,0.9936733841896057, 0.7816497087478638, 0
u,0.9935616254806519, 0.9922292828559875, 0
u,0.9388713240623474, 0.9043514728546143, 0
u,0.9935616254806519, 0.9922292828559875, 0
u,0.9038606286048889, 0.9923080801963806, 0
u,0.9388713240623474, 0.9043514728546143, 0
u,0.8998693823814392, 0.9976130127906799, 0
u,0.899924099445343, 0.9049808979034424, 0
u,0.9038606286048889, 0.9923080801963806, 0
u,0.899924099445343, 0.9049808979034424, 0
u,0.9039121866226196, 0.904916524887085, 0
u,0.9038606286048889, 0.9923080801963806, 0
u,0.8999990820884705, 0.7779315114021301, 0
u,0.8999999761581421, 0.7764248847961426, 0
u,0.9377627968788147, 0.777885913848877, 0
u,0.8999999761581421, 0.7764248847961426, 0
u,0.9976642727851868, 0.7763450741767883, 0
u,0.9377627968788147, 0.777885913848877, 0
u,0.9936733841896057, 0.7816497087478638, 0
u,0.9377961754798889, 0.7816954255104065, 0
u,0.9377627968788147, 0.777885913848877, 0
u,0.997546911239624, 0.9975271821022034, 0
u,0.8998693823814392, 0.9976130127906799, 0
u,0.9935616254806519, 0.9922292828559875, 0
u,0.8998693823814392, 0.9976130127906799, 0
u,0.9038606286048889, 0.9923080801963806, 0
u,0.9935616254806519, 0.9922292828559875, 0
u,0.9936733841896057, 0.7816497087478638, 0
u,0.9377627968788147, 0.777885913848877, 0
u,0.9976642727851868, 0.7763450741767883, 0
u,0.997546911239624, 0.9975271821022034, 0
u,0.9935616254806519, 0.9922292828559875, 0
u,0.9936733841896057, 0.7816497087478638, 0
u,0.9943776726722717, 0.776347815990448, 0
u,0.9012709856033325, 0.7764238715171814, 0
u,0.9013373851776123, 0.5625625848770142, 0
u,0.9013373851776123, 0.5625625848770142, 0
u,0.9012709856033325, 0.7764238715171814, 0
u,0.8999999761581421, 0.7764248847961426, 0
u,0.8999999761581421, 0.7764248847961426, 0
u,0.8999990820884705, 0.7779315114021301, 0
u,0.898639976978302, 0.7779331207275391, 0
u,0.898639976978302, 0.7779331207275391, 0
u,0.8986849784851074, 0.783056378364563, 0
u,0.8972809910774231, 0.7830570936203003, 0
u,0.9983657002449036, 0.5354753136634827, 0
u,0.9983657002449036, 0.7830097079277039, 0
u,0.9976642727851868, 0.7763450741767883, 0
u,0.9983657002449036, 0.7830097079277039, 0
u,0.9976608157157898, 0.7830101251602173, 0
u,0.9976642727851868, 0.7763450741767883, 0
u,0.9976642727851868, 0.7763450741767883, 0
u,0.9943776726722717, 0.776347815990448, 0
u,0.9943776726722717, 0.5417435169219971, 0
u,0.898639976978302, 0.7779331207275391, 0
u,0.8972809910774231, 0.7830570936203003, 0
u,0.8973507881164551, 0.5580785870552063, 0
u,0.9013373851776123, 0.5625625848770142, 0
u,0.8999999761581421, 0.7764248847961426, 0
u,0.898639976978302, 0.7779331207275391, 0
u,0.9983657002449036, 0.5354753136634827, 0
u,0.9976642727851868, 0.7763450741767883, 0
u,0.9943776726722717, 0.5417435169219971, 0
u,0.9013373851776123, 0.5625625848770142, 0
u,0.898639976978302, 0.7779331207275391, 0
u,0.8973507881164551, 0.5580785870552063, 0
u,0.9983657002449036, 0.5354753136634827, 0
u,0.9943776726722717, 0.5417435169219971, 0
u,0.8973507881164551, 0.5580785870552063, 0
u,0.5187621116638184, 0.6278446912765503, 0
u,0.5187621116638184, 0.5949915051460266, 0
u,0.5482069253921509, 0.5949915051460266, 0
u,0.5863748788833618, 0.6278446912765503, 0
u,0.5482069253921509, 0.6278446912765503, 0
u,0.5482069253921509, 0.5949915051460266, 0
u,0.48059019446372986, 0.6278446912765503, 0
u,0.4511581063270569, 0.6278446912765503, 0
u,0.4511581063270569, 0.5949915051460266, 0
u,0.5187621116638184, 0.5949915051460266, 0
u,0.5187621116638184, 0.6278446912765503, 0
u,0.48059019446372986, 0.6278446912765503, 0
u,0.6000335812568665, 0.6301388740539551, 0
u,0.6000335812568665, 0.6345381736755371, 0
u,0.5703864097595215, 0.6301388740539551, 0
u,0.6000335812568665, 0.6345381736755371, 0
u,0.5690177083015442, 0.6345381736755371, 0
u,0.5703864097595215, 0.6301388740539551, 0
u,0.6872286796569824, 0.6345381736755371, 0
u,0.6000335812568665, 0.6345381736755371, 0
u,0.6000335812568665, 0.6301388740539551, 0
u,0.48124879598617554, 0.6301388740539551, 0
u,0.4821717143058777, 0.6301388740539551, 0
u,0.4821717143058777, 0.6345381736755371, 0
u,0.4821717143058777, 0.6345381736755371, 0
u,0.4511581063270569, 0.6345381736755371, 0
u,0.48124879598617554, 0.6301388740539551, 0
u,0.5690177083015442, 0.6345381736755371, 0
u,0.4821717143058777, 0.6345381736755371, 0
u,0.4821717143058777, 0.6301388740539551, 0
u,0.8052741885185242, 0.7011340856552124, 0
u,0.8959066271781921, 0.7011340856552124, 0
u,0.8052741885185242, 0.7061458826065063, 0
u,0.8959066271781921, 0.7011340856552124, 0
u,0.8959066271781921, 0.8254194855690002, 0
u,0.8052741885185242, 0.7061458826065063, 0
u,0.8959066271781921, 0.8254194855690002, 0
u,0.4511581063270569, 0.8254194855690002, 0
u,0.8052741885185242, 0.7061458826065063, 0
u,0.8483148217201233, 0.8256403207778931, 0
u,0.4511581063270569, 0.8256403207778931, 0
u,0.4511581063270569, 0.8254194855690002, 0
u,0.8959066271781921, 0.8254194855690002, 0
u,0.8959066271781921, 0.8762869238853455, 0
u,0.8483148217201233, 0.8308262825012207, 0
u,0.8959066271781921, 0.8762869238853455, 0
u,0.8450639843940735, 0.8762869238853455, 0
u,0.8483148217201233, 0.8308262825012207, 0
u,0.8450639843940735, 0.8762869238853455, 0
u,0.8450639843940735, 0.8308262825012207, 0
u,0.8483148217201233, 0.8308262825012207, 0
u,0.8483148217201233, 0.8256403207778931, 0
u,0.4511581063270569, 0.8254194855690002, 0
u,0.8959066271781921, 0.8254194855690002, 0
u,0.8450639843940735, 0.9962735176086426, 0
u,0.8450639843940735, 0.8762869238853455, 0
u,0.8483148217201233, 0.9962735176086426, 0
u,0.8450639843940735, 0.8762869238853455, 0
u,0.8959066271781921, 0.8762869238853455, 0
u,0.8483148217201233, 0.9962735176086426, 0
u,0.8959066271781921, 0.8762869238853455, 0
u,0.8959066271781921, 1.0, 0
u,0.8483148217201233, 0.9962735176086426, 0
u,0.8959066271781921, 0.7011340856552124, 0
u,0.8052741885185242, 0.7011340856552124, 0
u,0.8483148217201233, 0.6993669271469116, 0
u,0.8052741885185242, 0.7011340856552124, 0
u,0.8052741885185242, 0.6993669271469116, 0
u,0.8483148217201233, 0.6993669271469116, 0
u,0.8483148217201233, 0.6993669271469116, 0
u,0.8483148217201233, 0.6502627730369568, 0
u,0.8959066271781921, 0.6502627730369568, 0
u,0.41976699233055115, 0.5251222848892212, 0
u,0.3521418869495392, 0.5251222848892212, 0
u,0.3521418869495392, 0.0013386999489739537, 0
u,0.3521418869495392, 0.5251222848892212, 0
u,0.2573503851890564, 0.5251222848892212, 0
u,0.2573503851890564, 0.0013386999489739537, 0
u,0.09587860107421875, 0.5251222848892212, 0
u,0.09587860107421875, 0.4683589041233063, 0
u,0.10074429959058762, 0.4683589041233063, 0
u,0.10074429959058762, 0.4683589041233063, 0
u,0.10074429959058762, 0.0013386999489739537, 0
u,0.2573503851890564, 0.0013386999489739537, 0
u,0.2573503851890564, 0.0013386999489739537, 0
u,0.2573503851890564, 0.5251222848892212, 0
u,0.10074429959058762, 0.4683589041233063, 0
u,0.0010997999925166368, 0.4683589041233063, 0
u,0.0010997999925166368, 0.5251222848892212, 0
u,0.0, 0.5251222848892212, 0
u,0.002333299955353141, 0.46407169103622437, 0
u,0.09268909692764282, 0.46407169103622437, 0
u,0.002333299955353141, 0.4683589041233063, 0
u,0.09268909692764282, 0.46407169103622437, 0
u,0.09268909692764282, 0.4683589041233063, 0
u,0.002333299955353141, 0.4683589041233063, 0
u,0.09268909692764282, 0.4683589041233063, 0
u,0.09587860107421875, 0.4683589041233063, 0
u,0.09587860107421875, 0.5251222848892212, 0
u,0.09587860107421875, 0.5251222848892212, 0
u,0.0010997999925166368, 0.5251222848892212, 0
u,0.09268909692764282, 0.4683589041233063, 0
u,0.0010997999925166368, 0.5251222848892212, 0
u,0.0010997999925166368, 0.4683589041233063, 0
u,0.002333299955353141, 0.4683589041233063, 0
u,0.8181977272033691, 0.6412315964698792, 0
u,0.7627273201942444, 0.6412315964698792, 0
u,0.7627273201942444, 0.6368458867073059, 0
u,0.4511581063270569, 0.6368458867073059, 0
u,0.5164210796356201, 0.6368458867073059, 0
u,0.5164210796356201, 0.6412315964698792, 0
u,0.5164210796356201, 0.6412315964698792, 0
u,0.5164210796356201, 0.6368458867073059, 0
u,0.6054689884185791, 0.6368458867073059, 0
u,0.6054689884185791, 0.6412315964698792, 0
u,0.6054689884185791, 0.6368458867073059, 0
u,0.7627273201942444, 0.6368458867073059, 0
u,0.44921809434890747, 0.9987403154373169, 0
u,0.44784700870513916, 0.9987403154373169, 0
u,0.44784700870513916, 0.5287817716598511, 0
u,0.0006884000031277537, 0.5287817716598511, 0
u,0.18253539502620697, 0.5287817716598511, 0
u,0.18253539502620697, 0.9987403154373169, 0
u,0.18253539502620697, 0.5287817716598511, 0
u,0.28257039189338684, 0.5287817716598511, 0
u,0.28257039189338684, 0.9987403154373169, 0
u,0.28257039189338684, 0.5287817716598511, 0
u,0.44784700870513916, 0.5287817716598511, 0
u,0.44784700870513916, 0.9987403154373169, 0
u,0.8663007020950317, 0.6479250192642212, 0
u,0.6965904831886292, 0.6479250192642212, 0
u,0.6965904831886292, 0.6436768770217896, 0
u,0.6058629751205444, 0.6436768770217896, 0
u,0.6965904831886292, 0.6436768770217896, 0
u,0.6965904831886292, 0.6479250192642212, 0
u,0.4511581063270569, 0.6436768770217896, 0
u,0.6058629751205444, 0.6436768770217896, 0
u,0.6058629751205444, 0.6479250192642212, 0
