s,150.79833984375, 61.4208984375, -0.5050296783447266
b,156.71240234375, 67.1796875, 8.748950958251953
v,153.0693359375, 64.646484375, 6.663973808288574
v,153.0693359375, 64.646484375, 8.684490203857422
v,154.443359375, 63.494140625, 8.684579849243164
v,154.443359375, 63.494140625, 6.664061546325684
v,153.723876953125, 64.09765625, 6.66401481628418
v,156.71240234375, 64.12890625, -0.5046029090881348
v,155.602294921875, 62.837890625, -0.5046982765197754
v,155.954345703125, 62.56640625, -0.5046744346618652
v,155.553466796875, 62.046875, -0.5047087669372559
v,155.164306640625, 62.361328125, -0.504734992980957
v,154.3544921875, 61.4208984375, -0.5048022270202637
v,150.798828125, 64.4609375, -0.5050296783447266
v,153.149169921875, 67.1796875, -0.5048308372497559
v,154.16162109375, 64.349609375, 7.896343231201172
v,154.091796875, 64.1591796875, 7.896336555480957
v,154.1611328125, 63.96875, 7.896339416503906
v,154.336669921875, 63.8662109375, 7.8963518142700195
v,154.536865234375, 63.9013671875, 7.896367073059082
v,154.66796875, 64.056640625, 7.896376609802246
v,154.668212890625, 64.259765625, 7.896378517150879
v,154.537841796875, 64.416015625, 7.896371841430664
v,154.337646484375, 64.451171875, 7.896356582641602
v,153.7236328125, 64.09765625, 6.66401481628418
v,154.16162109375, 64.349609375, 6.664050102233887
v,154.337646484375, 64.451171875, 6.664063453674316
v,154.478271484375, 64.5322265625, 6.664073944091797
v,153.9912109375, 64.947265625, 6.664043426513672
v,153.5439453125, 64.423828125, 6.664005279541016
v,153.28466796875, 64.64453125, 6.663989067077637
v,153.73193359375, 65.1689453125, 6.664027214050293
v,153.601318359375, 65.2802734375, 6.664018630981445
v,153.069091796875, 64.646484375, 6.663973808288574
v,154.965576171875, 64.1162109375, 6.664106369018555
v,155.063720703125, 64.2333984375, 6.664113998413086
v,153.68994140625, 65.38671875, 6.664026260375977
v,153.601318359375, 65.2802734375, 6.664018630981445
v,153.73193359375, 65.1689453125, 6.664027214050293
v,153.9912109375, 64.947265625, 6.664043426513672
v,154.478271484375, 64.5322265625, 6.664073944091797
v,154.1611328125, 63.96875, 6.664045333862305
v,154.092041015625, 64.1591796875, 6.6640424728393555
v,154.16162109375, 64.349609375, 6.664050102233887
v,153.7236328125, 64.09765625, 6.66401481628418
v,154.443359375, 63.494140625, 6.664061546325684
v,154.965576171875, 64.1162109375, 6.664106369018555
v,154.478271484375, 64.5322265625, 6.664073944091797
v,154.337646484375, 64.451171875, 6.664063453674316
v,154.537841796875, 64.416015625, 6.6640777587890625
v,154.668212890625, 64.259765625, 6.664085388183594
v,154.66796875, 64.056640625, 6.664083480834961
v,154.537109375, 63.9013671875, 6.6640729904174805
v,154.3369140625, 63.8662109375, 6.664057731628418
v,151.3671875, 65.0166015625, 6.663854598999023
v,153.693359375, 62.9619140625, 6.66400146484375
v,154.349853515625, 62.380859375, 6.664044380187988
v,154.771728515625, 62.0078125, 6.664072036743164
v,155.1552734375, 62.453125, 6.6641035079956055
v,155.541748046875, 62.140625, 6.664130210876465
v,155.8603515625, 62.5537109375, 6.664156913757324
v,155.505615234375, 62.8271484375, 6.6641340255737305
v,155.915771484375, 63.3046875, 6.664168357849121
v,155.033203125, 64.05859375, 6.664111137390137
v,154.454345703125, 63.3681640625, 6.664060592651367
v,152.944091796875, 64.63671875, 6.66396427154541
v,153.53369140625, 65.337890625, 6.664013862609863
v,152.44677734375, 66.265625, 6.663946151733398
v,154.0595703125, 62.052734375, 6.664020538330078
v,153.403076171875, 62.6328125, 6.66397762298584
v,153.693359375, 62.9619140625, 6.66400146484375
v,151.3671875, 65.0166015625, 6.663854598999023
v,150.892333984375, 64.4677734375, 6.663816452026367
v,154.346923828125, 61.5146484375, 6.664036750793457
v,154.771728515625, 62.0078125, 6.664072036743164
v,154.349853515625, 62.380859375, 6.664044380187988
v,155.033203125, 64.05859375, 6.664111137390137
v,155.915771484375, 63.3046875, 6.664168357849121
v,156.617919921875, 64.1220703125, 6.664228439331055
v,153.15576171875, 67.0859375, 6.664007186889648
v,152.44677734375, 66.265625, 6.663946151733398
v,153.53369140625, 65.337890625, 6.664013862609863
v,153.67919921875, 65.51171875, 6.664027214050293
v,155.18896484375, 64.244140625, 6.664124488830566
v,150.892333984375, 64.4677734375, 6.719325065612793
v,153.15576171875, 67.0859375, 6.719515800476074
v,153.1484375, 67.1796875, 6.719516754150391
v,150.79833984375, 64.4609375, 6.719317436218262
v,153.15576171875, 67.0859375, 6.719515800476074
v,156.617919921875, 64.1220703125, 6.7197370529174805
v,155.505615234375, 62.8271484375, 6.719642639160156
v,155.8603515625, 62.5537109375, 6.719666481018066
v,155.541748046875, 62.140625, 6.719638824462891
v,155.552734375, 62.046875, 6.719638824462891
v,155.953857421875, 62.56640625, 6.719673156738281
v,155.601806640625, 62.837890625, 6.719649314880371
v,156.711669921875, 64.12890625, 6.719744682312012
v,153.1484375, 67.1796875, 6.719516754150391
v,150.79833984375, 64.4609375, 6.719317436218262
v,154.354248046875, 61.4208984375, 6.719545364379883
v,155.163818359375, 62.361328125, 6.719613075256348
v,155.552734375, 62.046875, 6.719638824462891
v,155.541748046875, 62.140625, 6.719638824462891
v,155.1552734375, 62.453125, 6.719613075256348
v,154.346923828125, 61.5146484375, 6.719545364379883
v,150.892333984375, 64.4677734375, 6.719325065612793
v,153.731689453125, 65.1689453125, 8.748933792114258
v,153.284423828125, 64.64453125, 8.748897552490234
v,153.5439453125, 64.423828125, 8.748912811279297
v,153.990966796875, 64.947265625, 8.748950958251953
v,153.678955078125, 65.51171875, 8.68454360961914
v,153.68994140625, 65.38671875, 8.68454360961914
v,155.063720703125, 64.2333984375, 8.68463134765625
v,155.18896484375, 64.2431640625, 8.684640884399414
v,154.443359375, 63.494140625, 8.684579849243164
v,153.069091796875, 64.646484375, 8.684490203857422
v,153.68994140625, 65.38671875, 8.68454360961914
v,153.678955078125, 65.51171875, 8.68454360961914
v,152.944091796875, 64.63671875, 8.684480667114258
v,154.4541015625, 63.3681640625, 8.684577941894531
v,155.18896484375, 64.2431640625, 8.684640884399414
v,155.063720703125, 64.2333984375, 8.68463134765625
v,154.349853515625, 62.380859375, 7.343471527099609
v,153.693359375, 62.9619140625, 7.3434295654296875
v,153.403076171875, 62.6328125, 7.3434038162231445
v,154.0595703125, 62.052734375, 7.343445777893066
v,154.337646484375, 64.451171875, 6.664063453674316
v,154.337646484375, 64.451171875, 7.896356582641602
v,154.537841796875, 64.416015625, 7.896371841430664
v,154.537841796875, 64.416015625, 6.6640777587890625
v,154.537841796875, 64.416015625, 6.6640777587890625
v,154.537841796875, 64.416015625, 7.896371841430664
v,154.668212890625, 64.259765625, 7.896378517150879
v,154.668212890625, 64.259765625, 6.664085388183594
v,154.668212890625, 64.259765625, 6.664085388183594
v,154.668212890625, 64.259765625, 7.896378517150879
v,154.66796875, 64.056640625, 7.896376609802246
v,154.66796875, 64.056640625, 6.664083480834961
v,154.66796875, 64.056640625, 6.664083480834961
v,154.66796875, 64.056640625, 7.896376609802246
v,154.536865234375, 63.9013671875, 7.896367073059082
v,154.537109375, 63.9013671875, 6.6640729904174805
v,154.537109375, 63.9013671875, 6.6640729904174805
v,154.536865234375, 63.9013671875, 7.896367073059082
v,154.336669921875, 63.8662109375, 7.8963518142700195
v,154.3369140625, 63.8662109375, 6.664057731628418
v,154.3369140625, 63.8662109375, 6.664057731628418
v,154.336669921875, 63.8662109375, 7.8963518142700195
v,154.1611328125, 63.96875, 7.896339416503906
v,154.1611328125, 63.96875, 6.664045333862305
v,154.1611328125, 63.96875, 6.664045333862305
v,154.1611328125, 63.96875, 7.896339416503906
v,154.091796875, 64.1591796875, 7.896336555480957
v,154.092041015625, 64.1591796875, 6.6640424728393555
v,154.092041015625, 64.1591796875, 6.6640424728393555
v,154.091796875, 64.1591796875, 7.896336555480957
v,154.16162109375, 64.349609375, 7.896343231201172
v,154.16162109375, 64.349609375, 6.664050102233887
v,154.16162109375, 64.349609375, 6.664050102233887
v,154.16162109375, 64.349609375, 7.896343231201172
v,154.337646484375, 64.451171875, 7.896356582641602
v,154.337646484375, 64.451171875, 6.664063453674316
v,153.15576171875, 67.0859375, 6.719515800476074
v,150.892333984375, 64.4677734375, 6.719325065612793
v,150.892333984375, 64.4677734375, 6.663816452026367
v,151.3671875, 65.0166015625, 6.663854598999023
v,152.44677734375, 66.265625, 6.663946151733398
v,153.15576171875, 67.0859375, 6.664007186889648
v,156.617919921875, 64.1220703125, 6.664228439331055
v,156.617919921875, 64.1220703125, 6.7197370529174805
v,153.15576171875, 67.0859375, 6.719515800476074
v,153.15576171875, 67.0859375, 6.664007186889648
v,155.505615234375, 62.8271484375, 6.719642639160156
v,156.617919921875, 64.1220703125, 6.7197370529174805
v,156.617919921875, 64.1220703125, 6.664228439331055
v,155.915771484375, 63.3046875, 6.664168357849121
v,155.505615234375, 62.8271484375, 6.6641340255737305
v,155.8603515625, 62.5537109375, 6.719666481018066
v,155.505615234375, 62.8271484375, 6.719642639160156
v,155.505615234375, 62.8271484375, 6.6641340255737305
v,155.8603515625, 62.5537109375, 6.664156913757324
v,155.541748046875, 62.140625, 6.719638824462891
v,155.8603515625, 62.5537109375, 6.719666481018066
v,155.8603515625, 62.5537109375, 6.664156913757324
v,155.541748046875, 62.140625, 6.664130210876465
v,155.1552734375, 62.453125, 6.719613075256348
v,155.541748046875, 62.140625, 6.719638824462891
v,155.541748046875, 62.140625, 6.664130210876465
v,155.1552734375, 62.453125, 6.6641035079956055
v,154.346923828125, 61.5146484375, 6.719545364379883
v,155.1552734375, 62.453125, 6.719613075256348
v,155.1552734375, 62.453125, 6.6641035079956055
v,154.771728515625, 62.0078125, 6.664072036743164
v,154.346923828125, 61.5146484375, 6.664036750793457
v,150.892333984375, 64.4677734375, 6.663816452026367
v,150.892333984375, 64.4677734375, 6.719325065612793
v,154.346923828125, 61.5146484375, 6.719545364379883
v,154.346923828125, 61.5146484375, 6.664036750793457
v,153.149169921875, 67.1796875, -0.5048308372497559
v,153.1484375, 67.1796875, 6.719516754150391
v,156.711669921875, 64.12890625, 6.719744682312012
v,156.71240234375, 64.12890625, -0.5046029090881348
v,156.711669921875, 64.12890625, 6.719744682312012
v,155.601806640625, 62.837890625, 6.719649314880371
v,155.602294921875, 62.837890625, -0.5046982765197754
v,156.71240234375, 64.12890625, -0.5046029090881348
v,155.601806640625, 62.837890625, 6.719649314880371
v,155.953857421875, 62.56640625, 6.719673156738281
v,155.954345703125, 62.56640625, -0.5046744346618652
v,155.602294921875, 62.837890625, -0.5046982765197754
v,155.953857421875, 62.56640625, 6.719673156738281
v,155.552734375, 62.046875, 6.719638824462891
v,155.553466796875, 62.046875, -0.5047087669372559
v,155.954345703125, 62.56640625, -0.5046744346618652
v,155.552734375, 62.046875, 6.719638824462891
v,155.163818359375, 62.361328125, 6.719613075256348
v,155.164306640625, 62.361328125, -0.504734992980957
v,155.553466796875, 62.046875, -0.5047087669372559
v,155.163818359375, 62.361328125, 6.719613075256348
v,154.354248046875, 61.4208984375, 6.719545364379883
v,154.3544921875, 61.4208984375, -0.5048022270202637
v,155.164306640625, 62.361328125, -0.504734992980957
v,154.3544921875, 61.4208984375, -0.5048022270202637
v,154.354248046875, 61.4208984375, 6.719545364379883
v,150.79833984375, 64.4609375, 6.719317436218262
v,150.798828125, 64.4609375, -0.5050296783447266
v,150.79833984375, 64.4609375, 6.719317436218262
v,153.1484375, 67.1796875, 6.719516754150391
v,153.149169921875, 67.1796875, -0.5048308372497559
v,150.798828125, 64.4609375, -0.5050296783447266
v,153.5439453125, 64.423828125, 6.664005279541016
v,153.9912109375, 64.947265625, 6.664043426513672
v,153.990966796875, 64.947265625, 8.748950958251953
v,153.5439453125, 64.423828125, 8.748912811279297
v,153.284423828125, 64.64453125, 8.748897552490234
v,153.28466796875, 64.64453125, 6.663989067077637
v,153.5439453125, 64.423828125, 6.664005279541016
v,153.5439453125, 64.423828125, 8.748912811279297
v,153.731689453125, 65.1689453125, 8.748933792114258
v,153.73193359375, 65.1689453125, 6.664027214050293
v,153.28466796875, 64.64453125, 6.663989067077637
v,153.284423828125, 64.64453125, 8.748897552490234
v,153.990966796875, 64.947265625, 8.748950958251953
v,153.9912109375, 64.947265625, 6.664043426513672
v,153.73193359375, 65.1689453125, 6.664027214050293
v,153.731689453125, 65.1689453125, 8.748933792114258
v,154.443359375, 63.494140625, 6.664061546325684
v,154.443359375, 63.494140625, 8.684579849243164
v,155.063720703125, 64.2333984375, 8.68463134765625
v,155.063720703125, 64.2333984375, 6.664113998413086
v,154.965576171875, 64.1162109375, 6.664106369018555
v,155.18896484375, 64.244140625, 6.664124488830566
v,155.18896484375, 64.2431640625, 8.684640884399414
v,154.4541015625, 63.3681640625, 8.684577941894531
v,154.454345703125, 63.3681640625, 6.664060592651367
v,155.033203125, 64.05859375, 6.664111137390137
v,154.454345703125, 63.3681640625, 6.664060592651367
v,154.4541015625, 63.3681640625, 8.684577941894531
v,152.944091796875, 64.63671875, 8.684480667114258
v,152.944091796875, 64.63671875, 6.66396427154541
v,155.063720703125, 64.2333984375, 6.664113998413086
v,155.063720703125, 64.2333984375, 8.68463134765625
v,153.68994140625, 65.38671875, 8.68454360961914
v,153.68994140625, 65.38671875, 6.664026260375977
v,152.944091796875, 64.63671875, 6.66396427154541
v,152.944091796875, 64.63671875, 8.684480667114258
v,153.678955078125, 65.51171875, 8.68454360961914
v,153.67919921875, 65.51171875, 6.664027214050293
v,153.53369140625, 65.337890625, 6.664013862609863
v,153.68994140625, 65.38671875, 6.664026260375977
v,153.68994140625, 65.38671875, 8.68454360961914
v,153.069091796875, 64.646484375, 8.684490203857422
v,153.069091796875, 64.646484375, 6.663973808288574
v,153.601318359375, 65.2802734375, 6.664018630981445
v,153.67919921875, 65.51171875, 6.664027214050293
v,153.678955078125, 65.51171875, 8.68454360961914
v,155.18896484375, 64.2431640625, 8.684640884399414
v,155.18896484375, 64.244140625, 6.664124488830566
v,154.349853515625, 62.380859375, 6.664044380187988
v,154.349853515625, 62.380859375, 7.343471527099609
v,154.0595703125, 62.052734375, 7.343445777893066
v,154.0595703125, 62.052734375, 6.664020538330078
v,154.0595703125, 62.052734375, 6.664020538330078
v,154.0595703125, 62.052734375, 7.343445777893066
v,153.403076171875, 62.6328125, 7.3434038162231445
v,153.403076171875, 62.6328125, 6.66397762298584
v,153.403076171875, 62.6328125, 6.66397762298584
v,153.403076171875, 62.6328125, 7.3434038162231445
v,153.693359375, 62.9619140625, 7.3434295654296875
v,153.693359375, 62.9619140625, 6.66400146484375
v,153.693359375, 62.9619140625, 6.66400146484375
v,153.693359375, 62.9619140625, 7.3434295654296875
v,154.349853515625, 62.380859375, 7.343471527099609
v,154.349853515625, 62.380859375, 6.664044380187988
i,2,3,4
i,6,9,11
i,13,15,17
i,22,27,31
i,37,38,34
i,43,44,50
i,62,63,53
i,66,67,71
i,78,79,80
i,82,84,85
i,88,89,93
i,98,101,102
i,104,106,107
i,108,110,111
i,113,116,117
i,120,122,123
i,125,127,124
i,129,131,128
i,132,134,135
i,136,138,139
i,141,143,140
i,145,147,144
i,148,150,151
i,153,155,152
i,157,159,156
i,163,164,161
i,166,168,169
i,171,172,173
i,176,178,175
i,179,181,182
i,183,185,186
i,188,189,190
i,193,195,192
i,196,198,199
i,201,203,200
i,205,207,204
i,208,210,211
i,212,214,215
i,216,218,219
i,220,222,223
i,224,226,227
i,229,231,228
i,233,235,232
i,237,239,236
i,241,243,240
i,246,247,248
i,251,252,253
i,255,257,254
i,258,260,261
i,264,265,266
i,269,270,271
i,273,275,272
i,276,278,279
i,281,283,280
i,285,287,284
i,289,291,288
i,4,0,1
i,1,2,4
i,12,5,6
i,6,7,8
i,9,10,11
i,6,8,9
i,11,12,6
i,21,13,19
i,13,14,15
i,15,16,17
i,17,18,19
i,19,20,21
i,17,19,13
i,22,23,27
i,23,24,26
i,27,23,26
i,24,25,26
i,29,30,28
i,30,31,28
i,27,28,31
i,38,32,33
i,33,34,38
i,34,35,36
i,37,34,36
i,40,41,42
i,45,46,47
i,45,47,44
i,47,48,44
i,39,40,42
i,51,39,43
i,39,42,43
i,44,48,49
i,44,49,50
i,50,51,43
i,54,55,56
i,56,57,59
i,57,58,59
i,59,60,61
i,53,54,62
i,54,56,62
i,64,65,63
i,65,52,63
i,52,53,63
i,56,59,62
i,59,61,62
i,67,68,69
i,69,70,67
i,70,71,67
i,71,72,66
i,72,73,66
i,81,74,75
i,75,76,81
i,76,77,80
i,81,76,80
i,77,78,80
i,82,83,84
i,95,86,87
i,89,90,92
i,90,91,92
i,94,95,87
i,93,94,87
i,89,92,93
i,93,87,88
i,103,96,97
i,98,99,100
i,102,103,97
i,98,100,101
i,102,97,98
i,104,105,106
i,108,109,110
i,113,114,116
i,114,115,116
i,117,118,112
i,118,119,112
i,117,112,113
i,120,121,122
i,125,126,127
i,129,130,131
i,132,133,134
i,136,137,138
i,141,142,143
i,145,146,147
i,148,149,150
i,153,154,155
i,157,158,159
i,165,160,164
i,160,161,164
i,161,162,163
i,166,167,168
i,174,170,173
i,170,171,173
i,176,177,178
i,179,180,181
i,183,184,185
i,191,187,190
i,187,188,190
i,193,194,195
i,196,197,198
i,201,202,203
i,205,206,207
i,208,209,210
i,212,213,214
i,216,217,218
i,220,221,222
i,224,225,226
i,229,230,231
i,233,234,235
i,237,238,239
i,241,242,243
i,248,244,245
i,245,246,248
i,253,249,250
i,250,251,253
i,255,256,257
i,258,259,260
i,266,262,263
i,263,264,266
i,271,267,268
i,268,269,271
i,273,274,275
i,276,277,278
i,281,282,283
i,285,286,287
i,289,290,291
n,2.894392251968384, 3.45060658454895, 0.0
n,0.00032702775206416845, 4.767654536408372e-05, -4.50379753112793
n,-0.0003318947565276176, -3.960684625781141e-05, 4.50379753112793
n,-0.0003301971300970763, -5.3112155001144856e-05, 4.50379753112793
n,-0.0003413701488170773, -6.042684617568739e-05, 4.50379753112793
n,-0.00033373935730196536, -4.4786884245695546e-05, 4.50379753112793
n,-0.0003263898252043873, -4.577765503199771e-05, 4.50379753112793
n,-0.0003128236858174205, -2.525491981941741e-05, 4.50379753112793
n,-0.0003277517680544406, -5.496617086464539e-05, 4.50379753112793
n,-0.00032040398218668997, -5.276746742310934e-05, 4.50379753112793
n,-0.0003150108677800745, -1.830945438996423e-05, 4.50379753112793
n,-0.00033684243680909276, -3.098315210081637e-05, 4.50379753112793
n,-0.0003355955414008349, -4.85422569909133e-05, 4.50379753112793
n,-0.00030337987118400633, -1.832082125474699e-05, 4.50379753112793
n,-0.00035886417026631534, -8.439342491328716e-05, 4.50379753112793
n,-0.00033601035829633474, -5.136601612321101e-05, 4.50379753112793
n,0.7879006862640381, 4.4343438148498535, 0.0
n,3.457550048828125, 2.886094093322754, 0.0
n,4.503795146942139, -0.004811746533960104, 0.0
n,3.444880247116089, -2.901205062866211, 0.0006061511230655015
n,0.7879007458686829, -4.434343338012695, 0.00013863673666492105
n,-2.2654526233673096, -3.8925464153289795, -0.0003986224764958024
n,-4.234182357788086, -1.5348910093307495, -0.0007450345437973738
n,-4.231092929840088, 1.5433872938156128, -0.000744490884244442
n,-2.2489845752716064, 3.9020845890045166, 0.0
n,3.4069812297821045, -2.9456188678741455, -0.001663527567870915
n,-2.9288086891174316, -3.421443223953247, 0.0
n,-3.4158236980438232, 2.9353601932525635, 0.0
n,-2.7470672130584717, -3.56900691986084, 0.0
n,-3.5649402141571045, 2.7523434162139893, 0.0
n,2.8307266235351562, 3.5030243396759033, 0.0
n,-3.4111928939819336, 2.9407408237457275, 0.0
n,2.9265706539154053, 3.4233572483062744, 0.0
n,2.9289402961730957, 3.421330213546753, 0.0002637268044054508
n,3.4156081676483154, -2.9356110095977783, 0.0003075472195632756
n,2.749833583831787, 3.5668764114379883, 0.0001650664780754596
n,3.565554141998291, -2.7515480518341064, 0.00021403242135420442
n,-2.8324906826019287, -3.501598358154297, -0.0002550423378124833
n,3.4127509593963623, -2.938932418823242, 0.00020485995628405362
n,-2.926663398742676, -3.4232778549194336, -0.00017568119801580906
n,-3.406768560409546, 2.9458651542663574, -0.00020450087322387844
n,3.4257359504699707, -2.923786163330078, 0.0003562776546459645
n,-2.9225287437438965, -3.4268085956573486, -0.0003039436705876142
n,-3.42573618888855, 2.923786163330078, -0.00035627748002298176
n,2.9225292205810547, 3.4268085956573486, 0.0003039436705876142
n,-3.450467109680176, 2.894558906555176, 0.0
n,3.451012372970581, -2.8939080238342285, 0.0003703439433593303
n,-2.8960518836975098, -3.449213743209839, -0.0003107885713689029
n,-2.896091938018799, -3.4491801261901855, 0.0
n,-3.4507031440734863, 2.8942770957946777, -0.0003703107649926096
n,3.449834108352661, -2.895312547683716, 0.0
n,2.8953776359558105, 3.449779987335205, 0.0003107162192463875
n,3.376727342605591, -2.9802520275115967, 0.0010776432463899255
n,-2.9824628829956055, -3.374774932861328, -0.0009518181905150414
n,-3.376727819442749, 2.9802517890930176, 0.0
n,2.9824628829956055, 3.374774932861328, 0.0
n,2.8947150707244873, 3.45033597946167, 0.0
n,2.8945462703704834, 3.4504776000976562, -9.325816063210368e-05
n,0.0003297779767308384, 4.8815425543580204e-05, -4.50379753112793
n,0.000333923235302791, 3.968729652115144e-05, -4.50379753112793
n,0.00032473672763444483, 4.2913572542602196e-05, -4.50379753112793
n,0.00033584170159883797, 3.956897126045078e-05, -4.50379753112793
n,0.0003268543805461377, 4.716367766377516e-05, -4.50379753112793
n,-0.00032347519299946725, -4.02254045184236e-05, 4.50379753112793
n,-0.00032884033862501383, -3.961031325161457e-05, 4.50379753112793
n,-0.00033397460356354713, -5.130929275765084e-05, 4.50379753112793
n,-0.00030535325640812516, -3.726556315086782e-05, 4.50379753112793
n,-0.0003620569477789104, -0.00010673965880414471, 4.50379753112793
n,-0.0003218708443455398, -3.121644112979993e-05, 4.50379753112793
n,-0.00032737490255385637, -5.1558425184339285e-05, 4.50379753112793
n,-0.0003229998401366174, -4.1050145227927715e-05, 4.50379753112793
n,-0.0003262303944211453, -4.197148882667534e-05, 4.50379753112793
n,-0.0003275535418651998, -4.4230571802472696e-05, 4.50379753112793
n,-0.00033098255516961217, -4.519749199971557e-05, 4.50379753112793
n,-0.00031899657915346324, -5.116595275467262e-05, 4.50379753112793
n,-0.000318817124934867, -2.886871516238898e-05, 4.50379753112793
n,-0.0003191535361111164, -2.548162592574954e-05, 4.50379753112793
n,-0.0003331179905217141, -5.2813527872785926e-05, 4.50379753112793
n,-0.0003319110837765038, -4.6280751121230423e-05, 4.50379753112793
n,-0.0003164168738294393, -4.330228330218233e-05, 4.50379753112793
n,-0.0003208434791304171, -6.289304292295128e-05, 4.50379753112793
n,-0.00033086477196775377, -3.846264007734135e-05, 4.50379753112793
n,-0.00032975361682474613, -3.789256152231246e-05, 4.50379753112793
n,-0.00035928390570916235, -7.999027002369985e-05, 4.50379753112793
n,-0.0003250287554692477, -3.785493390751071e-05, 4.50379753112793
n,-0.0003284515405539423, -4.252707731211558e-05, 4.50379753112793
n,-0.0003259734658058733, -4.105359403183684e-05, 4.50379753112793
n,-0.0003385894524399191, -3.72300528397318e-05, 4.50379753112793
n,-0.00033929271739907563, -3.36801094817929e-05, 4.50379753112793
n,-0.00033519300632178783, -4.445207741810009e-05, 4.50379753112793
n,-0.0003276210627518594, -4.3358082621125504e-05, 4.50379753112793
n,-0.0003384590381756425, -4.010571865364909e-05, 4.50379753112793
n,-0.0003315049398224801, -3.973867205786519e-05, 4.50379753112793
n,-0.0003308684681542218, -4.324325345805846e-05, 4.50379753112793
n,-0.0003303019911982119, -3.8457965274574235e-05, 4.50379753112793
n,-0.00032803756766952574, -3.869774445774965e-05, 4.50379753112793
n,-0.00032298211590386927, -4.9380771088181064e-05, 4.50379753112793
n,-0.0003240441728848964, -4.970478403265588e-05, 4.50379753112793
n,-0.0003226972185075283, -4.412593261804432e-05, 4.50379753112793
n,-0.0003345973091199994, -4.372326657176018e-05, 4.50379753112793
n,-0.00033520659781061113, -4.4906708353664726e-05, 4.50379753112793
n,-0.00032071233727037907, -4.187976446701214e-05, 4.50379753112793
n,-0.0003209875139873475, -4.211472696624696e-05, 4.50379753112793
n,-0.0003019573341589421, -1.6080899513326585e-05, 4.50379753112793
n,-0.00032888964051380754, -3.383854345884174e-05, 4.50379753112793
n,-0.00032962157274596393, -4.562145841191523e-05, 4.50379753112793
n,-0.00033488383633084595, -4.794478809344582e-05, 4.50379753112793
n,-0.000332298397552222, -4.594422352965921e-05, 4.50379753112793
n,-0.00033530674409121275, -5.575652903644368e-05, 4.50379753112793
n,-0.0003326589067000896, -5.015633360017091e-05, 4.50379753112793
n,-0.00032642792211845517, -5.280426557874307e-05, 4.50379753112793
n,-0.0003067193611059338, -6.41543956589885e-05, 4.50379753112793
n,-0.0003449984942562878, -6.707849388476461e-05, 4.50379753112793
n,-0.00032026018016040325, -4.8420290113426745e-05, 4.50379753112793
n,-0.000330342969391495, -3.86410320061259e-05, 4.50379753112793
n,-0.0003595003217924386, -8.35342361824587e-05, 4.50379753112793
n,-0.00036413493216969073, -2.081895036099013e-05, 4.50379753112793
n,-0.00032320182071998715, -2.5780254873097874e-05, 4.50379753112793
n,-0.00031012046383693814, -6.354544166242704e-05, 4.50379753112793
n,-0.00032137383823283017, -3.960742833442055e-05, 4.50379753112793
n,-0.00033579394221305847, -3.927864963770844e-05, 4.50379753112793
n,-0.0003455929399933666, -6.712387403240427e-05, 4.50379753112793
n,-0.000330625131027773, -3.0411272746277973e-05, 4.50379753112793
n,-0.00030277695623226464, -6.385323649737984e-05, 4.50379753112793
n,-0.00031138077611103654, -5.4645272030029446e-05, 4.50379753112793
n,-0.000311966025037691, -2.7621992558124475e-05, 4.50379753112793
n,-0.0003647515259217471, -1.362246348435292e-05, 4.50379753112793
n,-0.0003475055855233222, -3.076872235396877e-05, 4.50379753112793
n,-0.0002828613796737045, -8.504997822456062e-05, 4.50379753112793
n,-0.00029917957726866007, -6.881207082187757e-05, 4.50379753112793
n,-0.00036609385279007256, -9.222519292961806e-05, 4.50379753112793
n,-0.0003360580885782838, -5.1545554015319794e-05, 4.50379753112793
n,0.7879007458686829, 4.4343438148498535, 0.0
n,3.457550048828125, 2.886093854904175, 0.0
n,4.503795146942139, -0.004811746533960104, 0.0
n,3.4425106048583984, -2.9040169715881348, 0.0
n,0.7879007458686829, -4.4343438148498535, 0.00013863673666492105
n,-2.267540693283081, -3.8913302421569824, 0.0
n,-4.232639312744141, -1.5391415357589722, 0.0
n,-4.229543685913086, 1.5476282835006714, 0.0
n,-2.2489845752716064, 3.9020845890045166, 0.0
n,3.406590700149536, -2.946070432662964, 0.0
n,3.4068706035614014, -2.945734739303589, -0.008519131690263748
n,3.407064437866211, -2.9455227851867676, 0.0
n,-2.9288086891174316, -3.421443223953247, 0.0
n,-3.4173479080200195, 2.9335854053497314, 0.0
n,-3.41636323928833, 2.9346847534179688, 0.016750650480389595
n,-2.7470672130584717, -3.56900691986084, 0.0
n,-3.5649402141571045, 2.7523434162139893, 0.0
n,2.8307266235351562, 3.5030243396759033, 0.0
n,-3.413496255874634, 2.9380664825439453, 0.0
n,-3.412372350692749, 2.9393062591552734, 0.019636942073702812
n,2.9265706539154053, 3.4233572483062744, 0.0
n,2.9289402961730957, 3.421330213546753, 0.0002637268044054508
n,3.4153246879577637, -2.935940742492676, 0.00020501449762377888
n,2.749833583831787, 3.5668764114379883, 0.0001650664780754596
n,3.5648343563079834, -2.7524807453155518, 0.0003209838178008795
n,-2.833444356918335, -3.500825881958008, -0.00017008546274155378
n,3.412750482559204, -2.9389326572418213, 0.00020485997083596885
n,-2.926663637161255, -3.4232780933380127, -0.00017568122711963952
n,-3.40690279006958, 2.945709466934204, -0.0003067633369937539
n,3.4257357120513916, -2.923786163330078, 0.000356277305399999
n,-2.9225292205810547, -3.4268085956573486, -0.0003039439325220883
n,-3.4257357120513916, 2.923786163330078, -0.000356277305399999
n,2.9225292205810547, 3.4268083572387695, 0.000303943787002936
n,-3.448650598526001, 2.8967223167419434, 0.0
n,-3.4489386081695557, 2.8963794708251953, -0.00017984768783207983
n,3.450643301010132, -2.89434814453125, -0.0012424234300851822
n,3.449101209640503, -2.8961856365203857, -0.0009556115255691111
n,-2.8962955474853516, -3.4490087032318115, 0.0
n,-2.896091938018799, -3.4491801261901855, 0.0
n,-3.448180675506592, 2.8972818851470947, 0.0
n,-3.449101448059082, 2.8961856365203857, -0.0006493020337074995
n,3.4517822265625, -2.89298939704895, 0.0
n,3.45011305809021, -2.8949809074401855, 0.00017752770509105176
n,2.8962960243225098, 3.4490089416503906, 0.0014805163955315948
n,3.3756229877471924, -2.981503486633301, 0.0
n,-2.9830162525177, -3.37428617477417, 0.0
n,-3.37672758102417, 2.9802517890930176, 0.0
n,2.9824626445770264, 3.374774932861328, 0.0
u,0.5339124798774719, 0.1979523003101349, 0
u,0.5339124798774719, 0.3712866008281708, 0
u,0.48736339807510376, 0.3712866008281708, 0
u,0.0, 0.0, 0
u,0.0, 0.0, 0
u,0.0, 0.0, 0
u,0.15579760074615479, 0.21770650148391724, 0
u,0.17050069570541382, 0.18787570297718048, 0
u,0.19001470506191254, 0.2077758014202118, 0
u,0.14578479528427124, 0.16876380145549774, 0
u,0.12513619661331177, 0.18218719959259033, 0
u,0.09513159841299057, 0.16791179776191711, 0
u,0.1250557005405426, 0.25296521186828613, 0
u,0.16302959620952606, 0.25305628776550293, 0
u,0.09458480030298233, 0.2670714855194092, 0
u,0.2015102058649063, 0.1697009950876236, 0
u,0.20104430615901947, 0.25314751267433167, 0
u,0.19001470506191254, 0.2077758014202118, 0
u,0.2068271040916443, 0.1606685072183609, 0
u,0.08991590142250061, 0.15870210528373718, 0
u,0.18825119733810425, 0.07806870341300964, 0
u,0.23979030549526215, 0.03164390102028847, 0
u,0.1878466010093689, 0.0330674983561039, 0
u,0.27347761392593384, 0.008866500109434128, 0
u,0.004661499988287687, 0.25267618894577026, 0
u,0.08939660340547562, 0.2528795897960663, 0
u,0.08926860243082047, 0.27610519528388977, 0
u,0.003969099838286638, 0.008552299812436104, 0
u,0.0010469000553712249, 0.3708063066005707, 0
u,0.0, 0.0017064999556168914, 0
u,0.275051087141037, 0.1886661946773529, 0
u,0.30159619450569153, 0.19101369380950928, 0
u,0.279008686542511, 0.195866197347641, 0
u,0.2776404023170471, 0.12945449352264404, 0
u,0.2737025022506714, 0.13610480725765228, 0
u,0.27347761392593384, 0.008866500109434128, 0
u,0.10484330356121063, 0.2529166042804718, 0
u,0.12513619661331177, 0.18218719959259033, 0
u,0.1250557005405426, 0.25296521186828613, 0
u,0.08926860243082047, 0.27610519528388977, 0
u,0.20095670223236084, 0.2688373029232025, 0
u,0.20617170631885529, 0.27804580330848694, 0
u,0.09513159841299057, 0.16791179776191711, 0
u,0.08991590142250061, 0.15870210528373718, 0
u,0.2068271040916443, 0.1606685072183609, 0
u,0.2402053028345108, 0.0766495019197464, 0
u,0.1878466010093689, 0.0330674983561039, 0
u,0.23979030549526215, 0.03164390102028847, 0
u,0.30837440490722656, 0.0990946963429451, 0
u,0.37640181183815, 0.07966449856758118, 0
u,0.37640181183815, 0.0990946963429451, 0
u,0.30837440490722656, 0.07966449856758118, 0
u,0.37640181183815, 0.06023409962654114, 0
u,0.37640181183815, 0.07966449856758118, 0
u,0.37640181183815, 0.06023409962654114, 0
u,0.30837440490722656, 0.040803901851177216, 0
u,0.37640181183815, 0.040803901851177216, 0
u,0.37640181183815, 0.040803901851177216, 0
u,0.30837440490722656, 0.021373700350522995, 0
u,0.37640181183815, 0.021373700350522995, 0
u,0.30837440490722656, 0.1962457001209259, 0
u,0.37640181183815, 0.17681559920310974, 0
u,0.37640181183815, 0.1962457001209259, 0
u,0.30837440490722656, 0.17681559920310974, 0
u,0.37640181183815, 0.15738530457019806, 0
u,0.37640181183815, 0.17681559920310974, 0
u,0.37640181183815, 0.15738530457019806, 0
u,0.30837440490722656, 0.13795509934425354, 0
u,0.37640181183815, 0.13795509934425354, 0
u,0.30837440490722656, 0.13795509934425354, 0
u,0.37640181183815, 0.11852490156888962, 0
u,0.37640181183815, 0.13795509934425354, 0
u,0.30837440490722656, 0.11852490156888962, 0
u,0.37640181183815, 0.0990946963429451, 0
u,0.37640181183815, 0.11852490156888962, 0
u,0.4716610014438629, 0.37852001190185547, 0
u,0.3892306089401245, 0.37852001190185547, 0
u,0.507895827293396, 0.3737201988697052, 0
u,0.1075877994298935, 0.37852001190185547, 0
u,0.3351345956325531, 0.3737201988697052, 0
u,0.3351345956325531, 0.37852001190185547, 0
u,0.1075877994298935, 0.3737201988697052, 0
u,0.1075877994298935, 0.37852001190185547, 0
u,0.05380789935588837, 0.37852001190185547, 0
u,0.02237829938530922, 0.3737201988697052, 0
u,0.0, 0.37852001190185547, 0
u,0.0, 0.3737201988697052, 0
u,0.8214520812034607, 0.3737201988697052, 0
u,0.8474714159965515, 0.37852001190185547, 0
u,0.8214520812034607, 0.37852001190185547, 0
u,0.7966514229774475, 0.3737201988697052, 0
u,0.8214520812034607, 0.37852001190185547, 0
u,0.7966514229774475, 0.37852001190185547, 0
u,0.7966514229774475, 0.3737201988697052, 0
u,0.7966514229774475, 0.37852001190185547, 0
u,0.7673079967498779, 0.37852001190185547, 0
u,0.507895827293396, 0.3737201988697052, 0
u,0.7348030805587769, 0.37852001190185547, 0
u,0.507895827293396, 0.37852001190185547, 0
u,0.3369236886501312, 0.38354840874671936, 0
u,0.10582199692726135, 1.0, 0
u,0.10582199692726135, 0.38354840874671936, 0
u,0.0219075009226799, 1.0, 0
u,0.10582199692726135, 0.38354840874671936, 0
u,0.10582199692726135, 1.0, 0
u,0.0, 1.0, 0
u,0.0219075009226799, 0.38354840874671936, 0
u,0.0219075009226799, 1.0, 0
u,0.8625453114509583, 1.0, 0
u,0.8302307724952698, 0.38354840874671936, 0
u,0.8625453114509583, 0.38354840874671936, 0
u,0.8302307724952698, 1.0, 0
u,0.8055828213691711, 0.38354840874671936, 0
u,0.8302307724952698, 0.38354840874671936, 0
u,0.8055828213691711, 1.0, 0
u,0.7444602847099304, 0.38354840874671936, 0
u,0.8055828213691711, 0.38354840874671936, 0
u,0.7444602847099304, 0.38354840874671936, 0
u,0.5139737129211426, 1.0, 0
u,0.5139737129211426, 0.38354840874671936, 0
u,0.5139737129211426, 1.0, 0
u,0.3369236886501312, 0.38354840874671936, 0
u,0.5139737129211426, 0.38354840874671936, 0
u,0.6338390111923218, 0.3718965947628021, 0
u,0.6676850914955139, 0.19453920423984528, 0
u,0.6676850914955139, 0.3718965947628021, 0
u,0.684426486492157, 0.3718965947628021, 0
u,0.6676850914955139, 0.19453920423984528, 0
u,0.684426486492157, 0.19453920423984528, 0
u,0.6170973777770996, 0.3718965947628021, 0
u,0.5832511782646179, 0.19453920423984528, 0
u,0.6170973777770996, 0.19453920423984528, 0
u,0.6338390111923218, 0.3718965947628021, 0
u,0.6170973777770996, 0.19453920423984528, 0
u,0.6338390111923218, 0.19453920423984528, 0
u,0.5817229151725769, 0.1979523003101349, 0
u,0.5817229151725769, 0.3712866008281708, 0
u,0.5741561055183411, 0.3712866008281708, 0
u,0.864039421081543, 0.46756619215011597, 0
u,0.9637414216995239, 0.46756619215011597, 0
u,0.9637414216995239, 0.5445408225059509, 0
u,0.864039421081543, 1.0, 0
u,0.9637414216995239, 0.8314731121063232, 0
u,0.9637414216995239, 1.0, 0
u,0.30837440490722656, 0.3712866008281708, 0
u,0.39722979068756104, 0.1979523003101349, 0
u,0.39722979068756104, 0.3712866008281708, 0
u,0.864039421081543, 0.733766496181488, 0
u,0.9637414216995239, 0.733766496181488, 0
u,0.9637414216995239, 0.7530956268310547, 0
u,0.44505131244659424, 0.1979523003101349, 0
u,0.44505131244659424, 0.3712866008281708, 0
u,0.4040679931640625, 0.3712866008281708, 0
u,0.864039421081543, 0.733766496181488, 0
u,0.9637414216995239, 0.5652514100074768, 0
u,0.9637414216995239, 0.733766496181488, 0
u,0.9982231259346008, 0.8156406283378601, 0
u,0.9655172824859619, 0.7790989279747009, 0
u,0.9982231259346008, 0.7790989279747009, 0
u,0.9655172824859619, 0.9982935190200806, 0
u,0.9982231259346008, 0.9252431988716125, 0
u,0.9982231259346008, 0.9982935190200806, 0
u,0.9655172824859619, 0.9252431988716125, 0
u,0.9982231259346008, 0.8887053728103638, 0
u,0.9982231259346008, 0.9252431988716125, 0
u,0.9655172824859619, 0.8887053728103638, 0
u,0.9982231259346008, 0.8156406283378601, 0
u,0.9982231259346008, 0.8887053728103638, 0
u,0.48736339807510376, 0.3712866008281708, 0
u,0.44505131244659424, 0.3712866008281708, 0
u,0.44505131244659424, 0.1979523003101349, 0
u,0.44505131244659424, 0.1979523003101349, 0
u,0.5339124798774719, 0.1979523003101349, 0
u,0.48736339807510376, 0.3712866008281708, 0
u,0.0, 0.0, 0
u,0.0, 0.0, 0
u,0.0, 0.0, 0
u,0.0, 0.0, 0
u,0.0, 0.0, 0
u,0.0, 0.0, 0
u,0.0, 0.0, 0
u,0.0, 0.0, 0
u,0.0, 0.0, 0
u,0.0, 0.0, 0
u,0.0, 0.0, 0
u,0.0, 0.0, 0
u,0.0, 0.0, 0
u,0.0, 0.0, 0
u,0.0, 0.0, 0
u,0.15982210636138916, 0.2373781055212021, 0
u,0.15579760074615479, 0.21770650148391724, 0
u,0.182088702917099, 0.24451780319213867, 0
u,0.15579760074615479, 0.21770650148391724, 0
u,0.16001489758491516, 0.19815650582313538, 0
u,0.17050069570541382, 0.18787570297718048, 0
u,0.17050069570541382, 0.18787570297718048, 0
u,0.1823485940694809, 0.19167469441890717, 0
u,0.19001470506191254, 0.2077758014202118, 0
u,0.19001470506191254, 0.2077758014202118, 0
u,0.1899120956659317, 0.22864510118961334, 0
u,0.182088702917099, 0.24451780319213867, 0
u,0.182088702917099, 0.24451780319213867, 0
u,0.17020520567893982, 0.24796660244464874, 0
u,0.15982210636138916, 0.2373781055212021, 0
u,0.19001470506191254, 0.2077758014202118, 0
u,0.182088702917099, 0.24451780319213867, 0
u,0.15579760074615479, 0.21770650148391724, 0
u,0.14578479528427124, 0.16876380145549774, 0
u,0.15579760074615479, 0.21770650148391724, 0
u,0.12513619661331177, 0.18218719959259033, 0
u,0.15579760074615479, 0.21770650148391724, 0
u,0.15982210636138916, 0.2373781055212021, 0
u,0.1250557005405426, 0.25296521186828613, 0
u,0.12513619661331177, 0.18218719959259033, 0
u,0.15579760074615479, 0.21770650148391724, 0
u,0.1250557005405426, 0.25296521186828613, 0
u,0.15982210636138916, 0.2373781055212021, 0
u,0.16302959620952606, 0.25305628776550293, 0
u,0.1250557005405426, 0.25296521186828613, 0
u,0.10484330356121063, 0.2529166042804718, 0
u,0.09466300159692764, 0.2528921961784363, 0
u,0.1049237996339798, 0.18213839828968048, 0
u,0.09466300159692764, 0.2528921961784363, 0
u,0.09513159841299057, 0.16791179776191711, 0
u,0.1049237996339798, 0.18213839828968048, 0
u,0.12513619661331177, 0.18218719959259033, 0
u,0.1049237996339798, 0.18213839828968048, 0
u,0.09513159841299057, 0.16791179776191711, 0
u,0.16302959620952606, 0.25305628776550293, 0
u,0.20104430615901947, 0.25314751267433167, 0
u,0.20095670223236084, 0.2688373029232025, 0
u,0.20095670223236084, 0.2688373029232025, 0
u,0.09458480030298233, 0.2670714855194092, 0
u,0.16302959620952606, 0.25305628776550293, 0
u,0.09458480030298233, 0.2670714855194092, 0
u,0.09466300159692764, 0.2528921961784363, 0
u,0.10484330356121063, 0.2529166042804718, 0
u,0.1250557005405426, 0.25296521186828613, 0
u,0.09458480030298233, 0.2670714855194092, 0
u,0.10484330356121063, 0.2529166042804718, 0
u,0.16001489758491516, 0.19815650582313538, 0
u,0.15579760074615479, 0.21770650148391724, 0
u,0.14578479528427124, 0.16876380145549774, 0
u,0.16302959620952606, 0.25305628776550293, 0
u,0.15982210636138916, 0.2373781055212021, 0
u,0.17020520567893982, 0.24796660244464874, 0
u,0.16302959620952606, 0.25305628776550293, 0
u,0.17020520567893982, 0.24796660244464874, 0
u,0.20104430615901947, 0.25314751267433167, 0
u,0.17020520567893982, 0.24796660244464874, 0
u,0.182088702917099, 0.24451780319213867, 0
u,0.20104430615901947, 0.25314751267433167, 0
u,0.17050069570541382, 0.18787570297718048, 0
u,0.16001489758491516, 0.19815650582313538, 0
u,0.14578479528427124, 0.16876380145549774, 0
u,0.1823485940694809, 0.19167469441890717, 0
u,0.17050069570541382, 0.18787570297718048, 0
u,0.2015102058649063, 0.1697009950876236, 0
u,0.17050069570541382, 0.18787570297718048, 0
u,0.14578479528427124, 0.16876380145549774, 0
u,0.2015102058649063, 0.1697009950876236, 0
u,0.20104430615901947, 0.25314751267433167, 0
u,0.182088702917099, 0.24451780319213867, 0
u,0.1899120956659317, 0.22864510118961334, 0
u,0.20104430615901947, 0.25314751267433167, 0
u,0.1899120956659317, 0.22864510118961334, 0
u,0.19001470506191254, 0.2077758014202118, 0
u,0.19001470506191254, 0.2077758014202118, 0
u,0.1823485940694809, 0.19167469441890717, 0
u,0.2015102058649063, 0.1697009950876236, 0
u,0.2402053028345108, 0.0766495019197464, 0
u,0.27359580993652344, 0.0757376030087471, 0
u,0.2737025022506714, 0.13610480725765228, 0
u,0.2737025022506714, 0.13610480725765228, 0
u,0.3031476140022278, 0.13755249977111816, 0
u,0.275051087141037, 0.1886661946773529, 0
u,0.3031476140022278, 0.13755249977111816, 0
u,0.30159619450569153, 0.19101369380950928, 0
u,0.275051087141037, 0.1886661946773529, 0
u,0.275051087141037, 0.1886661946773529, 0
u,0.2751227021217346, 0.25332531332969666, 0
u,0.2063107043504715, 0.2531602084636688, 0
u,0.18825119733810425, 0.07806870341300964, 0
u,0.2402053028345108, 0.0766495019197464, 0
u,0.2068271040916443, 0.1606685072183609, 0
u,0.2402053028345108, 0.0766495019197464, 0
u,0.2737025022506714, 0.13610480725765228, 0
u,0.2068271040916443, 0.1606685072183609, 0
u,0.08939660340547562, 0.2528795897960663, 0
u,0.004661499988287687, 0.25267618894577026, 0
u,0.08991590142250061, 0.15870210528373718, 0
u,0.004661499988287687, 0.25267618894577026, 0
u,0.004180499818176031, 0.08309639990329742, 0
u,0.08991590142250061, 0.15870210528373718, 0
u,0.004180499818176031, 0.08309639990329742, 0
u,0.18825119733810425, 0.07806870341300964, 0
u,0.08991590142250061, 0.15870210528373718, 0
u,0.2737025022506714, 0.13610480725765228, 0
u,0.275051087141037, 0.1886661946773529, 0
u,0.2068271040916443, 0.1606685072183609, 0
u,0.275051087141037, 0.1886661946773529, 0
u,0.2063107043504715, 0.2531602084636688, 0
u,0.2068271040916443, 0.1606685072183609, 0
u,0.1878466010093689, 0.0330674983561039, 0
u,0.18825119733810425, 0.07806870341300964, 0
u,0.004180499818176031, 0.08309639990329742, 0
u,0.004180499818176031, 0.08309639990329742, 0
u,0.003969099838286638, 0.008552299812436104, 0
u,0.1878466010093689, 0.0330674983561039, 0
u,0.003969099838286638, 0.008552299812436104, 0
u,0.27347761392593384, 0.008866500109434128, 0
u,0.1878466010093689, 0.0330674983561039, 0
u,0.27347761392593384, 0.008866500109434128, 0
u,0.27359580993652344, 0.0757376030087471, 0
u,0.23979030549526215, 0.03164390102028847, 0
u,0.27359580993652344, 0.0757376030087471, 0
u,0.2402053028345108, 0.0766495019197464, 0
u,0.23979030549526215, 0.03164390102028847, 0
u,0.20617170631885529, 0.27804580330848694, 0
u,0.2063107043504715, 0.2531602084636688, 0
u,0.2751227021217346, 0.25332531332969666, 0
u,0.2751227021217346, 0.25332531332969666, 0
u,0.27524518966674805, 0.3639652132987976, 0
u,0.20617170631885529, 0.27804580330848694, 0
u,0.27524518966674805, 0.3639652132987976, 0
u,0.0049772001802921295, 0.3639652132987976, 0
u,0.08926860243082047, 0.27610519528388977, 0
u,0.20617170631885529, 0.27804580330848694, 0
u,0.27524518966674805, 0.3639652132987976, 0
u,0.08926860243082047, 0.27610519528388977, 0
u,0.0049772001802921295, 0.3639652132987976, 0
u,0.004661499988287687, 0.25267618894577026, 0
u,0.08926860243082047, 0.27610519528388977, 0
u,0.003969099838286638, 0.008552299812436104, 0
u,0.0049772001802921295, 0.3639652132987976, 0
u,0.0010469000553712249, 0.3708063066005707, 0
u,0.0010469000553712249, 0.3708063066005707, 0
u,0.0049772001802921295, 0.3639652132987976, 0
u,0.27524518966674805, 0.3639652132987976, 0
u,0.30159619450569153, 0.19101369380950928, 0
u,0.3031476140022278, 0.13755249977111816, 0
u,0.3053424060344696, 0.19819509983062744, 0
u,0.3031476140022278, 0.13755249977111816, 0
u,0.30729490518569946, 0.13091249763965607, 0
u,0.3053424060344696, 0.19819509983062744, 0
u,0.279202401638031, 0.3708063066005707, 0
u,0.0010469000553712249, 0.3708063066005707, 0
u,0.27524518966674805, 0.3639652132987976, 0
u,0.279008686542511, 0.195866197347641, 0
u,0.279202401638031, 0.3708063066005707, 0
u,0.27524518966674805, 0.3639652132987976, 0
u,0.30159619450569153, 0.19101369380950928, 0
u,0.3053424060344696, 0.19819509983062744, 0
u,0.279008686542511, 0.195866197347641, 0
u,0.279008686542511, 0.195866197347641, 0
u,0.27524518966674805, 0.3639652132987976, 0
u,0.275051087141037, 0.1886661946773529, 0
u,0.003969099838286638, 0.008552299812436104, 0
u,0.0, 0.0017064999556168914, 0
u,0.27741509675979614, 0.002029899973422289, 0
u,0.2776404023170471, 0.12945449352264404, 0
u,0.30729490518569946, 0.13091249763965607, 0
u,0.3031476140022278, 0.13755249977111816, 0
u,0.27347761392593384, 0.008866500109434128, 0
u,0.003969099838286638, 0.008552299812436104, 0
u,0.27741509675979614, 0.002029899973422289, 0
u,0.2776404023170471, 0.12945449352264404, 0
u,0.3031476140022278, 0.13755249977111816, 0
u,0.2737025022506714, 0.13610480725765228, 0
u,0.27347761392593384, 0.008866500109434128, 0
u,0.27741509675979614, 0.002029899973422289, 0
u,0.2776404023170471, 0.12945449352264404, 0
u,0.10484330356121063, 0.2529166042804718, 0
u,0.1049237996339798, 0.18213839828968048, 0
u,0.12513619661331177, 0.18218719959259033, 0
u,0.08926860243082047, 0.27610519528388977, 0
u,0.09458480030298233, 0.2670714855194092, 0
u,0.20095670223236084, 0.2688373029232025, 0
u,0.09513159841299057, 0.16791179776191711, 0
u,0.09458480030298233, 0.2670714855194092, 0
u,0.08991590142250061, 0.15870210528373718, 0
u,0.09458480030298233, 0.2670714855194092, 0
u,0.08926860243082047, 0.27610519528388977, 0
u,0.08991590142250061, 0.15870210528373718, 0
u,0.2068271040916443, 0.1606685072183609, 0
u,0.20617170631885529, 0.27804580330848694, 0
u,0.2015102058649063, 0.1697009950876236, 0
u,0.20617170631885529, 0.27804580330848694, 0
u,0.20095670223236084, 0.2688373029232025, 0
u,0.2015102058649063, 0.1697009950876236, 0
u,0.2068271040916443, 0.1606685072183609, 0
u,0.2015102058649063, 0.1697009950876236, 0
u,0.09513159841299057, 0.16791179776191711, 0
u,0.2402053028345108, 0.0766495019197464, 0
u,0.18825119733810425, 0.07806870341300964, 0
u,0.1878466010093689, 0.0330674983561039, 0
u,0.30837440490722656, 0.0990946963429451, 0
u,0.30837440490722656, 0.07966449856758118, 0
u,0.37640181183815, 0.07966449856758118, 0
u,0.30837440490722656, 0.07966449856758118, 0
u,0.30837440490722656, 0.06023409962654114, 0
u,0.37640181183815, 0.06023409962654114, 0
u,0.37640181183815, 0.06023409962654114, 0
u,0.30837440490722656, 0.06023409962654114, 0
u,0.30837440490722656, 0.040803901851177216, 0
u,0.37640181183815, 0.040803901851177216, 0
u,0.30837440490722656, 0.040803901851177216, 0
u,0.30837440490722656, 0.021373700350522995, 0
u,0.30837440490722656, 0.1962457001209259, 0
u,0.30837440490722656, 0.17681559920310974, 0
u,0.37640181183815, 0.17681559920310974, 0
u,0.30837440490722656, 0.17681559920310974, 0
u,0.30837440490722656, 0.15738530457019806, 0
u,0.37640181183815, 0.15738530457019806, 0
u,0.37640181183815, 0.15738530457019806, 0
u,0.30837440490722656, 0.15738530457019806, 0
u,0.30837440490722656, 0.13795509934425354, 0
u,0.30837440490722656, 0.13795509934425354, 0
u,0.30837440490722656, 0.11852490156888962, 0
u,0.37640181183815, 0.11852490156888962, 0
u,0.30837440490722656, 0.11852490156888962, 0
u,0.30837440490722656, 0.0990946963429451, 0
u,0.37640181183815, 0.0990946963429451, 0
u,0.3351345956325531, 0.37852001190185547, 0
u,0.3351345956325531, 0.3737201988697052, 0
u,0.3892306089401245, 0.37852001190185547, 0
u,0.3351345956325531, 0.3737201988697052, 0
u,0.507895827293396, 0.3737201988697052, 0
u,0.3892306089401245, 0.37852001190185547, 0
u,0.507895827293396, 0.3737201988697052, 0
u,0.507895827293396, 0.37852001190185547, 0
u,0.4716610014438629, 0.37852001190185547, 0
u,0.1075877994298935, 0.37852001190185547, 0
u,0.1075877994298935, 0.3737201988697052, 0
u,0.3351345956325531, 0.3737201988697052, 0
u,0.02237829938530922, 0.37852001190185547, 0
u,0.02237829938530922, 0.3737201988697052, 0
u,0.05380789935588837, 0.37852001190185547, 0
u,0.02237829938530922, 0.3737201988697052, 0
u,0.1075877994298935, 0.3737201988697052, 0
u,0.05380789935588837, 0.37852001190185547, 0
u,0.02237829938530922, 0.3737201988697052, 0
u,0.02237829938530922, 0.37852001190185547, 0
u,0.0, 0.37852001190185547, 0
u,0.8214520812034607, 0.3737201988697052, 0
u,0.8474714159965515, 0.3737201988697052, 0
u,0.8474714159965515, 0.37852001190185547, 0
u,0.7966514229774475, 0.3737201988697052, 0
u,0.8214520812034607, 0.3737201988697052, 0
u,0.8214520812034607, 0.37852001190185547, 0
u,0.7348030805587769, 0.37852001190185547, 0
u,0.7348030805587769, 0.3737201988697052, 0
u,0.7673079967498779, 0.37852001190185547, 0
u,0.7348030805587769, 0.3737201988697052, 0
u,0.7966514229774475, 0.3737201988697052, 0
u,0.7673079967498779, 0.37852001190185547, 0
u,0.507895827293396, 0.3737201988697052, 0
u,0.7348030805587769, 0.3737201988697052, 0
u,0.7348030805587769, 0.37852001190185547, 0
u,0.3369236886501312, 0.38354840874671936, 0
u,0.3369236886501312, 1.0, 0
u,0.10582199692726135, 1.0, 0
u,0.0219075009226799, 1.0, 0
u,0.0219075009226799, 0.38354840874671936, 0
u,0.10582199692726135, 0.38354840874671936, 0
u,0.0, 1.0, 0
u,0.0, 0.38354840874671936, 0
u,0.0219075009226799, 0.38354840874671936, 0
u,0.8625453114509583, 1.0, 0
u,0.8302307724952698, 1.0, 0
u,0.8302307724952698, 0.38354840874671936, 0
u,0.8302307724952698, 1.0, 0
u,0.8055828213691711, 1.0, 0
u,0.8055828213691711, 0.38354840874671936, 0
u,0.8055828213691711, 1.0, 0
u,0.7444602847099304, 1.0, 0
u,0.7444602847099304, 0.38354840874671936, 0
u,0.7444602847099304, 0.38354840874671936, 0
u,0.7444602847099304, 1.0, 0
u,0.5139737129211426, 1.0, 0
u,0.5139737129211426, 1.0, 0
u,0.3369236886501312, 1.0, 0
u,0.3369236886501312, 0.38354840874671936, 0
u,0.6338390111923218, 0.3718965947628021, 0
u,0.6338390111923218, 0.19453920423984528, 0
u,0.6676850914955139, 0.19453920423984528, 0
u,0.684426486492157, 0.3718965947628021, 0
u,0.6676850914955139, 0.3718965947628021, 0
u,0.6676850914955139, 0.19453920423984528, 0
u,0.6170973777770996, 0.3718965947628021, 0
u,0.5832511782646179, 0.3718965947628021, 0
u,0.5832511782646179, 0.19453920423984528, 0
u,0.6338390111923218, 0.3718965947628021, 0
u,0.6170973777770996, 0.3718965947628021, 0
u,0.6170973777770996, 0.19453920423984528, 0
u,0.5741561055183411, 0.3712866008281708, 0
u,0.5339124798774719, 0.3712866008281708, 0
u,0.5339124798774719, 0.1979523003101349, 0
u,0.5339124798774719, 0.1979523003101349, 0
u,0.5817229151725769, 0.1979523003101349, 0
u,0.5741561055183411, 0.3712866008281708, 0
u,0.9637414216995239, 0.5445408225059509, 0
u,0.9637414216995239, 0.5652514100074768, 0
u,0.864039421081543, 0.5652514100074768, 0
u,0.864039421081543, 0.5652514100074768, 0
u,0.864039421081543, 0.46756619215011597, 0
u,0.9637414216995239, 0.5445408225059509, 0
u,0.864039421081543, 1.0, 0
u,0.864039421081543, 0.8314731121063232, 0
u,0.9637414216995239, 0.8314731121063232, 0
u,0.30837440490722656, 0.3712866008281708, 0
u,0.30837440490722656, 0.1979523003101349, 0
u,0.39722979068756104, 0.1979523003101349, 0
u,0.9637414216995239, 0.7530956268310547, 0
u,0.9637414216995239, 0.8314731121063232, 0
u,0.864039421081543, 0.8314731121063232, 0
u,0.864039421081543, 0.8314731121063232, 0
u,0.864039421081543, 0.733766496181488, 0
u,0.9637414216995239, 0.7530956268310547, 0
u,0.4040679931640625, 0.3712866008281708, 0
u,0.39722979068756104, 0.3712866008281708, 0
u,0.39722979068756104, 0.1979523003101349, 0
u,0.39722979068756104, 0.1979523003101349, 0
u,0.44505131244659424, 0.1979523003101349, 0
u,0.4040679931640625, 0.3712866008281708, 0
u,0.864039421081543, 0.733766496181488, 0
u,0.864039421081543, 0.5652514100074768, 0
u,0.9637414216995239, 0.5652514100074768, 0
u,0.9982231259346008, 0.8156406283378601, 0
u,0.9655172824859619, 0.8156406283378601, 0
u,0.9655172824859619, 0.7790989279747009, 0
u,0.9655172824859619, 0.9982935190200806, 0
u,0.9655172824859619, 0.9252431988716125, 0
u,0.9982231259346008, 0.9252431988716125, 0
u,0.9655172824859619, 0.9252431988716125, 0
u,0.9655172824859619, 0.8887053728103638, 0
u,0.9982231259346008, 0.8887053728103638, 0
u,0.9655172824859619, 0.8887053728103638, 0
u,0.9655172824859619, 0.8156406283378601, 0
u,0.9982231259346008, 0.8156406283378601, 0
