s,195.259033203125, 67.2314453125, -0.43207550048828125
b,199.352783203125, 70.83984375, 4.471881866455078
v,195.25927734375, 69.560546875, 4.471785545349121
v,195.779052734375, 69.927734375, 4.471844673156738
v,195.77978515625, 69.9287109375, -0.43201780319213867
v,195.259765625, 69.560546875, -0.43207550048828125
v,198.42822265625, 69.8935546875, -0.4317440986633301
v,198.4287109375, 69.8935546875, -0.4317440986633301
v,199.212646484375, 68.8134765625, -0.43167686462402344
v,199.159423828125, 68.7763671875, -0.4316835403442383
v,199.352783203125, 68.5, -0.43166637420654297
v,198.3046875, 67.765625, -0.43178606033325195
v,198.113525390625, 68.0380859375, -0.43180179595947266
v,196.968505859375, 67.2314453125, -0.4319310188293457
v,196.205810546875, 68.2998046875, -0.43199586868286133
v,196.205322265625, 68.2998046875, -0.43199586868286133
v,195.754638671875, 68.939453125, -0.4320335388183594
v,195.717529296875, 68.9130859375, -0.4320378303527832
v,195.259521484375, 69.560546875, -0.43207550048828125
v,195.779541015625, 69.9287109375, -0.43201780319213867
v,195.875, 69.79296875, -0.4320096969604492
v,196.697265625, 70.3720703125, -0.4319167137145996
v,196.8310546875, 70.1826171875, -0.43190574645996094
v,197.76171875, 70.83984375, -0.43179988861083984
v,199.1591796875, 68.7763671875, 0.18801641464233398
v,198.11328125, 68.0380859375, 0.187896728515625
v,198.304443359375, 67.765625, 0.1879138946533203
v,199.352783203125, 68.5, 0.1880326271057129
v,198.427734375, 69.8935546875, 3.620053291320801
v,198.4404296875, 69.8759765625, 3.593252182006836
v,198.385986328125, 69.837890625, 3.59342098236084
v,198.373291015625, 69.8544921875, 3.6202220916748047
v,196.192626953125, 68.3173828125, 3.6270217895507812
v,196.19580078125, 68.3125, 3.620361328125
v,196.249755859375, 68.3505859375, 3.6203670501708984
v,196.25927734375, 68.337890625, 3.600034713745117
v,196.205322265625, 68.2998046875, 3.6002025604248047
v,196.96826171875, 67.2314453125, 1.9879741668701172
v,199.212646484375, 68.8134765625, 1.9804515838623047
v,198.42822265625, 69.8935546875, 3.620051383972168
v,196.246826171875, 68.35546875, 3.398331642150879
v,198.373291015625, 69.8544921875, 3.3985729217529297
v,197.745361328125, 70.74609375, 3.3985204696655273
v,196.814697265625, 70.08984375, 3.3984146118164062
v,196.680908203125, 70.279296875, 3.3984031677246094
v,195.913330078125, 69.73828125, 3.3983163833618164
v,196.237060546875, 69.2802734375, 3.398343086242676
v,195.80859375, 68.9775390625, 3.3982954025268555
v,196.697021484375, 70.3720703125, 3.620441436767578
v,195.874755859375, 69.79296875, 3.6203489303588867
v,195.9130859375, 69.73828125, 3.6203508377075195
v,196.680908203125, 70.279296875, 3.620438575744629
v,196.814697265625, 70.08984375, 3.6204490661621094
v,197.745361328125, 70.74609375, 3.6205549240112305
v,198.385986328125, 69.837890625, 3.620608329772949
v,198.4404296875, 69.8759765625, 3.620615005493164
v,197.76123046875, 70.8388671875, 3.6205577850341797
v,196.83056640625, 70.1826171875, 3.6204519271850586
v,196.19580078125, 68.3125, 3.620361328125
v,196.192626953125, 68.3173828125, 3.6203603744506836
v,196.246826171875, 68.35546875, 3.620366096496582
v,195.80859375, 68.9775390625, 3.6203298568725586
v,195.754150390625, 68.939453125, 3.62032413482666
v,196.204833984375, 68.2998046875, 3.6203622817993164
v,196.25927734375, 68.337890625, 3.620368003845215
v,196.249755859375, 68.3505859375, 3.6203670501708984
v,195.77880859375, 69.927734375, 4.471844673156738
v,195.259033203125, 69.560546875, 4.471785545349121
v,195.717041015625, 68.9130859375, 4.471823692321777
v,196.23681640625, 69.2802734375, 4.471881866455078
v,199.159423828125, 68.7763671875, -0.4316835403442383
v,199.1591796875, 68.7763671875, 0.18801641464233398
v,199.352783203125, 68.5, 0.1880326271057129
v,199.352783203125, 68.5, -0.43166637420654297
v,199.352783203125, 68.5, 0.1880326271057129
v,198.304443359375, 67.765625, 0.1879138946533203
v,198.3046875, 67.765625, -0.43178606033325195
v,199.352783203125, 68.5, -0.43166637420654297
v,198.11328125, 68.0380859375, 0.187896728515625
v,198.113525390625, 68.0380859375, -0.43180179595947266
v,198.3046875, 67.765625, -0.43178606033325195
v,198.304443359375, 67.765625, 0.1879138946533203
v,199.212646484375, 68.8134765625, 1.9804515838623047
v,196.96826171875, 67.2314453125, 1.9879741668701172
v,196.968505859375, 67.2314453125, -0.4319310188293457
v,198.113525390625, 68.0380859375, -0.43180179595947266
v,198.11328125, 68.0380859375, 0.187896728515625
v,199.1591796875, 68.7763671875, 0.18801641464233398
v,199.159423828125, 68.7763671875, -0.4316835403442383
v,199.212646484375, 68.8134765625, -0.43167686462402344
v,196.205322265625, 68.2998046875, 3.6002025604248047
v,196.205810546875, 68.2998046875, -0.43199586868286133
v,196.968505859375, 67.2314453125, -0.4319310188293457
v,196.96826171875, 67.2314453125, 1.9879741668701172
v,198.42822265625, 69.8935546875, -0.4317440986633301
v,198.427734375, 69.8935546875, 3.620053291320801
v,198.42822265625, 69.8935546875, 3.620051383972168
v,198.4287109375, 69.8935546875, -0.4317440986633301
v,199.212646484375, 68.8134765625, -0.43167686462402344
v,198.4287109375, 69.8935546875, -0.4317440986633301
v,198.42822265625, 69.8935546875, 3.620051383972168
v,199.212646484375, 68.8134765625, 1.9804515838623047
v,196.192626953125, 68.3173828125, 3.6203603744506836
v,196.19580078125, 68.3125, 3.620361328125
v,196.192626953125, 68.3173828125, 3.6270217895507812
v,196.246826171875, 68.35546875, 3.398331642150879
v,196.246826171875, 68.35546875, 3.620366096496582
v,196.192626953125, 68.3173828125, 3.6203603744506836
v,196.192626953125, 68.3173828125, 3.6270217895507812
v,198.373291015625, 69.8544921875, 3.6202220916748047
v,198.373291015625, 69.8544921875, 3.3985729217529297
v,196.246826171875, 68.35546875, 3.620366096496582
v,196.246826171875, 68.35546875, 3.398331642150879
v,195.80859375, 68.9775390625, 3.3982954025268555
v,195.80859375, 68.9775390625, 3.6203298568725586
v,195.9130859375, 69.73828125, 3.6203508377075195
v,195.913330078125, 69.73828125, 3.3983163833618164
v,196.680908203125, 70.279296875, 3.3984031677246094
v,196.680908203125, 70.279296875, 3.620438575744629
v,196.814697265625, 70.08984375, 3.6204490661621094
v,196.680908203125, 70.279296875, 3.620438575744629
v,196.680908203125, 70.279296875, 3.3984031677246094
v,196.814697265625, 70.08984375, 3.3984146118164062
v,197.745361328125, 70.74609375, 3.6205549240112305
v,196.814697265625, 70.08984375, 3.6204490661621094
v,196.814697265625, 70.08984375, 3.3984146118164062
v,197.745361328125, 70.74609375, 3.3985204696655273
v,198.385986328125, 69.837890625, 3.620608329772949
v,197.745361328125, 70.74609375, 3.6205549240112305
v,197.745361328125, 70.74609375, 3.3985204696655273
v,198.373291015625, 69.8544921875, 3.3985729217529297
v,198.373291015625, 69.8544921875, 3.6202220916748047
v,198.385986328125, 69.837890625, 3.59342098236084
v,196.697021484375, 70.3720703125, 3.620441436767578
v,196.697265625, 70.3720703125, -0.4319167137145996
v,195.875, 69.79296875, -0.4320096969604492
v,195.874755859375, 69.79296875, 3.6203489303588867
v,196.697265625, 70.3720703125, -0.4319167137145996
v,196.697021484375, 70.3720703125, 3.620441436767578
v,196.83056640625, 70.1826171875, 3.6204519271850586
v,196.8310546875, 70.1826171875, -0.43190574645996094
v,197.76123046875, 70.8388671875, 3.6205577850341797
v,197.76171875, 70.83984375, -0.43179988861083984
v,196.8310546875, 70.1826171875, -0.43190574645996094
v,196.83056640625, 70.1826171875, 3.6204519271850586
v,197.76123046875, 70.8388671875, 3.6205577850341797
v,198.4404296875, 69.8759765625, 3.620615005493164
v,198.4404296875, 69.8759765625, 3.593252182006836
v,198.427734375, 69.8935546875, 3.620053291320801
v,198.42822265625, 69.8935546875, -0.4317440986633301
v,197.76171875, 70.83984375, -0.43179988861083984
v,198.385986328125, 69.837890625, 3.59342098236084
v,198.4404296875, 69.8759765625, 3.593252182006836
v,198.4404296875, 69.8759765625, 3.620615005493164
v,198.385986328125, 69.837890625, 3.620608329772949
v,195.754638671875, 68.939453125, -0.4320335388183594
v,196.205322265625, 68.2998046875, -0.43199586868286133
v,196.204833984375, 68.2998046875, 3.6203622817993164
v,195.754150390625, 68.939453125, 3.62032413482666
v,196.205810546875, 68.2998046875, -0.43199586868286133
v,196.205322265625, 68.2998046875, 3.6002025604248047
v,196.25927734375, 68.337890625, 3.600034713745117
v,196.25927734375, 68.337890625, 3.620368003845215
v,196.204833984375, 68.2998046875, 3.6203622817993164
v,196.205322265625, 68.2998046875, -0.43199586868286133
v,196.25927734375, 68.337890625, 3.600034713745117
v,196.249755859375, 68.3505859375, 3.6203670501708984
v,196.25927734375, 68.337890625, 3.620368003845215
v,196.23681640625, 69.2802734375, 4.471881866455078
v,195.717041015625, 68.9130859375, 4.471823692321777
v,195.717529296875, 68.9130859375, -0.4320378303527832
v,195.754638671875, 68.939453125, -0.4320335388183594
v,195.754150390625, 68.939453125, 3.62032413482666
v,195.80859375, 68.9775390625, 3.6203298568725586
v,195.80859375, 68.9775390625, 3.3982954025268555
v,196.237060546875, 69.2802734375, 3.398343086242676
v,195.717529296875, 68.9130859375, -0.4320378303527832
v,195.717041015625, 68.9130859375, 4.471823692321777
v,195.259033203125, 69.560546875, 4.471785545349121
v,195.259521484375, 69.560546875, -0.43207550048828125
v,196.237060546875, 69.2802734375, 3.398343086242676
v,195.913330078125, 69.73828125, 3.3983163833618164
v,195.9130859375, 69.73828125, 3.6203508377075195
v,195.874755859375, 69.79296875, 3.6203489303588867
v,195.875, 69.79296875, -0.4320096969604492
v,195.779541015625, 69.9287109375, -0.43201780319213867
v,195.77880859375, 69.927734375, 4.471844673156738
v,196.23681640625, 69.2802734375, 4.471881866455078
i,1,3,0
i,12,14,20
i,23,25,22
i,32,33,29
i,39,41,44
i,51,54,55
i,56,57,60
i,64,66,67
i,68,70,71
i,72,74,75
i,76,78,79
i,80,84,85
i,89,91,88
i,92,94,95
i,97,99,96
i,100,101,102
i,107,108,104
i,110,112,109
i,114,116,113
i,118,120,117
i,122,124,121
i,125,126,129
i,132,134,131
i,136,138,135
i,139,141,142
i,143,146,148
i,149,151,152
i,154,156,153
i,158,160,161
i,163,164,165
i,167,170,171
i,174,176,177
i,180,181,184
i,1,2,3
i,4,5,7
i,5,6,7
i,7,8,10
i,8,9,10
i,20,21,4
i,18,19,20
i,16,17,18
i,14,15,16
i,12,13,14
i,10,11,12
i,20,4,10
i,4,7,10
i,14,16,18
i,18,20,14
i,12,20,10
i,23,24,25
i,37,26,27
i,28,29,33
i,29,30,32
i,36,37,27
i,36,27,28
i,34,35,33
i,35,36,28
i,33,35,28
i,30,31,32
i,45,38,44
i,38,39,44
i,39,40,41
i,41,42,43
i,41,43,44
i,46,47,49
i,47,48,49
i,55,46,49
i,51,52,53
i,55,49,50
i,51,53,54
i,55,50,51
i,57,58,59
i,61,62,63
i,61,63,56
i,57,59,60
i,60,61,56
i,64,65,66
i,68,69,70
i,72,73,74
i,76,77,78
i,80,81,84
i,81,82,84
i,82,83,84
i,85,86,87
i,85,87,80
i,89,90,91
i,92,93,94
i,97,98,99
i,108,103,104
i,104,105,106
i,106,107,104
i,110,111,112
i,114,115,116
i,118,119,120
i,122,123,124
i,126,127,129
i,127,128,129
i,129,130,125
i,132,133,134
i,136,137,138
i,139,140,141
i,144,145,146
i,146,147,148
i,143,144,146
i,149,150,151
i,154,155,156
i,162,157,158
i,158,159,160
i,161,162,158
i,173,166,171
i,166,167,171
i,167,168,170
i,168,169,170
i,171,172,173
i,174,175,176
i,185,178,180
i,178,179,180
i,182,183,181
i,183,184,181
i,185,180,184
n,-2.597264289855957, 3.6794581413269043, -0.00022968313714955002
n,0.00046370021300390363, 6.17617042735219e-05, -4.50379753112793
n,-0.00046787504106760025, -6.568097160197794e-05, 4.50379753112793
n,2.039241075515747, -2.8792471885681152, 2.7992188930511475
n,-0.000467054545879364, -6.252013554330915e-05, 4.50379753112793
n,-0.0004845152434427291, -3.954380736104213e-05, 4.50379753112793
n,0.11464116722345352, 0.08112803846597672, 4.5016069412231445
n,-0.00045985987526364625, -6.597518950002268e-05, 4.50379753112793
n,3.687474489212036, 2.5858702659606934, 0.0
n,2.5849084854125977, -3.6881487369537354, 0.0
n,-3.6857900619506836, -2.5882699489593506, -0.0012896459084004164
n,2.596665382385254, -3.679880380630493, -0.0007064924575388432
n,-3.6655240058898926, -2.6168928146362305, -0.00039422602276317775
n,0.0, 4.50379753112793, 0.0
n,3.6454176902770996, 2.644829511642456, 0.00032769361860118806
n,-3.68965482711792, -2.5827581882476807, 0.0
n,-2.5954370498657227, 3.6807470321655273, 0.0
n,3.6815555095672607, 2.594290018081665, 0.0
n,2.5948140621185303, -3.681185245513916, 0.0025339981075376272
n,-3.676534414291382, -2.6014010906219482, 0.0
n,2.5940301418304443, -3.68173885345459, 0.0
n,-2.9945852756500244, -2.1127877235412598, 2.617781162261963
n,-2.593756914138794, 3.681931257247925, -0.00013878504978492856
n,3.676534414291382, 2.6014010906219482, 0.00019672159396577626
n,-2.5940303802490234, 3.68173885345459, -0.00027759934891946614
n,3.67978572845459, 2.596799612045288, 0.0009495825506746769
n,2.5857155323028564, -3.6875829696655273, 0.0
n,-3.6805992126464844, -2.595646619796753, -0.00039387817378155887
n,2.5855143070220947, -3.6873044967651367, 0.05561881139874458
n,3.6318845748901367, 2.663382053375244, 0.0
n,2.5857155323028564, -3.6875829696655273, -8.978715050034225e-05
n,-3.6778197288513184, -2.599583387374878, -0.0003252395836170763
n,3.6855263710021973, 2.5886435508728027, 0.0034858628641813993
n,-2.6006345748901367, 3.677076578140259, 0.00030537592829205096
n,0.0, -0.00024396752996835858, -4.50379753112793
n,0.0004852111451327801, 7.317007839446887e-05, -4.50379753112793
n,0.0004721378500107676, 5.4471547628054395e-05, -4.50379753112793
n,0.00046890374505892396, 6.31424190942198e-05, -4.50379753112793
n,0.0004676489334087819, 6.339851097436622e-05, -4.50379753112793
n,0.00046232904423959553, 6.484926416305825e-05, -4.50379753112793
n,0.00046154705341905355, 5.7976336393039674e-05, -4.50379753112793
n,0.0004667593166232109, 6.790795305278152e-05, -4.50379753112793
n,0.0, -0.0002655653515830636, -4.50379753112793
n,0.0004661098646465689, 5.9641457482939586e-05, -4.50379753112793
n,0.00046730870963074267, 6.151699926704168e-05, -4.50379753112793
n,0.0004671469796448946, 6.154442235128954e-05, -4.50379753112793
n,0.0004598730301950127, 6.242630479391664e-05, -4.50379753112793
n,0.0004635291115846485, 6.190985004650429e-05, -4.50379753112793
n,0.0004662832070607692, 6.090389069868252e-05, -4.50379753112793
n,-0.0004729782813228667, -5.199654333409853e-05, 4.50379753112793
n,0.009901134297251701, -3.7228267192840576, 2.5346903800964355
n,2.0331532955169678, -2.8709349632263184, 2.8121542930603027
n,2.0278263092041016, -2.863126039505005, 2.823936939239502
n,2.20515775680542, -2.7106616497039795, 2.8414409160614014
n,2.010967969894409, -2.8553543090820312, 2.843792200088501
n,2.021578788757324, -2.8475794792175293, 2.844064474105835
n,2.0184309482574463, -2.849792003631592, 2.8440842628479004
n,2.0183398723602295, -2.8497860431671143, 2.8441548347473145
n,2.0349576473236084, -2.8794379234313965, 2.802137613296509
n,-0.00046322718844749033, -6.265165575314313e-05, 4.50379753112793
n,-0.000467008474515751, -6.269156438065693e-05, 4.50379753112793
n,-0.00046727884910069406, -6.400763231795281e-05, 4.50379753112793
n,-0.0004648857575375587, -6.665831460850313e-05, 4.50379753112793
n,-0.0004662892024498433, -6.306586874416098e-05, 4.50379753112793
n,-0.00047766664647497237, -3.961186303058639e-05, 4.50379753112793
n,-0.000441022653831169, -0.00010032593127107248, 4.50379753112793
n,-0.00043735382496379316, -4.667602843255736e-05, 4.50379753112793
n,-0.00045238996972329915, -5.4550142522202805e-05, 4.50379753112793
n,-0.00043794477824121714, -4.7595709474990144e-05, 4.50379753112793
n,-0.00044266573968343437, -4.6779470721958205e-05, 4.50379753112793
n,-0.0004845152434427291, -3.954380736104213e-05, 4.50379753112793
n,-0.0004545962146949023, -5.6569635489722714e-05, 4.50379753112793
n,-0.00045980545110069215, -4.397468364913948e-05, 4.50379753112793
n,-0.0004695237148553133, -3.545061554177664e-05, 4.50379753112793
n,-0.00045202390174381435, -5.507222158485092e-05, 4.50379753112793
n,0.004721915815025568, 0.0035985566210001707, 4.503793716430664
n,-0.00045985987526364625, -6.597518950002268e-05, 4.50379753112793
n,3.6861114501953125, 2.587812662124634, 0.0012897583656013012
n,2.58454966545105, -3.6884000301361084, 0.0009043254540301859
n,-3.6857900619506836, -2.5882699489593506, -0.0012896476546302438
n,2.5949199199676514, -3.6811115741729736, 0.0008964498993009329
n,2.594222068786621, -3.681603193283081, 0.0002324501983821392
n,2.593977928161621, -3.6817753314971924, 0.000907625537365675
n,2.5807440280914307, -3.6910641193389893, 0.0009029938373714685
n,2.5755159854888916, -3.694713592529297, 0.00023151810455601662
n,-3.6655945777893066, -2.6167941093444824, -0.000328448397340253
n,0.0, 4.50379753112793, 0.0
n,3.6453511714935303, 2.644920825958252, 0.0003901602467522025
n,-2.5954370498657227, 3.6807470321655273, 0.0
n,-2.599583625793457, 3.6778197288513184, 0.0
n,-2.595271587371826, 3.6805174350738525, 0.050493400543928146
n,3.6815555095672607, 2.594290018081665, 0.0
n,2.595304250717163, -3.680840253829956, 0.0
n,-3.676534414291382, -2.6014010906219482, 0.0
n,2.5940301418304443, -3.68173885345459, 0.0
n,-3.6806247234344482, -2.595611095428467, 0.0
n,-3.680624485015869, -2.5956108570098877, 0.0
n,-3.6463215351104736, -2.643583059310913, 0.0
n,-2.5942137241363525, 3.6816091537475586, -0.000277618964901194
n,3.6785221099853516, 2.5985889434814453, 0.0003936559078283608
n,-2.5963215827941895, 3.6801233291625977, 0.0005098099354654551
n,3.7061610221862793, 2.5590157508850098, 0.0
n,3.680907964706421, 2.5952088832855225, 0.0003939657472074032
n,3.42120361328125, 2.413433313369751, 1.6597883701324463
n,2.5857152938842773, -3.6875829696655273, 0.0
n,-3.6805992126464844, -2.595646619796753, -0.00039387811557389796
n,0.0, -4.50379753112793, 0.0
n,2.599583625793457, -3.6778199672698975, 0.0
n,0.0, -4.50379753112793, 0.0
n,2.598907470703125, -3.678297758102417, 0.0005249216337688267
n,2.597264289855957, -3.679457664489746, 0.0017636792035773396
n,2.59062123298645, -3.6841378211975098, 0.00022909569088369608
n,2.587097406387329, -3.6866137981414795, 0.0002768574049696326
n,2.5987257957458496, -3.6784257888793945, 0.0
n,-3.6778194904327393, -2.599583387374878, -0.00032523961272090673
n,3.67702054977417, 2.6007142066955566, 0.0007426765514537692
n,3.6776702404022217, 2.599792718887329, 0.0035914748441427946
n,3.685790538787842, 2.5882699489593506, 0.0003944336494896561
n,3.6780197620391846, 2.5993003845214844, 0.000947612221352756
n,3.6778197288513184, 2.599583625793457, -0.00016925363161135465
u,0.9971488118171692, 0.9145746827125549, 0
u,0.5980393290519714, 0.846652626991272, 0
u,0.9971488118171692, 0.846652626991272, 0
u,0.0, 0.0, 0
u,0.0, 0.0, 0
u,0.0, 0.0, 0
u,0.3549570143222809, 0.08031100034713745, 0
u,0.4991284906864166, 0.030848300084471703, 0
u,0.4991284906864166, 0.0805530995130539, 0
u,0.3624647855758667, 0.40064460039138794, 0
u,0.3624705970287323, 0.39671269059181213, 0
u,0.6601119041442871, 0.4018990099430084, 0
u,0.9023972153663635, 0.4814237058162689, 0
u,0.7725095748901367, 0.6443814039230347, 0
u,0.6654536724090576, 0.5951858162879944, 0
u,0.9023972153663635, 0.6444011926651001, 0
u,0.9099928140640259, 0.6543607115745544, 0
u,0.7801079750061035, 0.654340922832489, 0
u,0.598100483417511, 0.4806033968925476, 0
u,0.5980967879295349, 0.4814142882823944, 0
u,0.598054826259613, 0.5951405763626099, 0
u,0.8279582262039185, 0.31595709919929504, 0
u,0.73727947473526, 0.41127100586891174, 0
u,0.7372549176216125, 0.31595709919929504, 0
u,0.9632781147956848, 0.6903092861175537, 0
u,0.9137256145477295, 0.6550254225730896, 0
u,0.9632781147956848, 0.6550254225730896, 0
u,0.9137256145477295, 0.6550254225730896, 0
u,0.9632781147956848, 0.5207971930503845, 0
u,0.9632781147956848, 0.6550254225730896, 0
u,0.9137256145477295, 0.485861212015152, 0
u,0.9632781147956848, 0.5207971930503845, 0
u,0.9137256145477295, 0.5207971930503845, 0
u,0.14745639264583588, 0.6509318947792053, 0
u,0.2959321141242981, 0.9103209972381592, 0
u,0.15465819835662842, 0.9103209972381592, 0
u,0.5954828858375549, 1.0, 0
u,0.4505558907985687, 0.6498063802719116, 0
u,0.5954828858375549, 0.41648539900779724, 0
u,0.0, 1.0, 0
u,6.040000153006986e-05, 0.41364941000938416, 0
u,6.040000153006986e-05, 1.0, 0
u,6.040000153006986e-05, 1.0, 0
u,0.14745639264583588, 0.6509318947792053, 0
u,0.14745639264583588, 1.0, 0
u,0.5986378788948059, 0.4431231915950775, 0
u,0.5980393290519714, 0.44312530755996704, 0
u,0.5986359715461731, 0.44215941429138184, 0
u,0.8931683897972107, 0.44215941429138184, 0
u,0.8932330012321472, 0.4742322862148285, 0
u,0.6059343814849854, 0.44309788942337036, 0
u,0.9646772146224976, 0.46529561281204224, 0
u,0.9019607901573181, 0.4412969946861267, 0
u,0.9646772146224976, 0.4412969946861267, 0
u,0.5980393290519714, 0.41761210560798645, 0
u,0.6689587831497192, 0.4395886957645416, 0
u,0.5980393290519714, 0.4395886957645416, 0
u,0.6689587831497192, 0.4395886957645416, 0
u,0.6864752769470215, 0.41761210560798645, 0
u,0.6864752769470215, 0.4395886957645416, 0
u,0.6864752769470215, 0.4395886957645416, 0
u,0.7724683284759521, 0.41761210560798645, 0
u,0.7724683284759521, 0.4395886957645416, 0
u,0.8564165830612183, 0.4395886957645416, 0
u,0.7724683284759521, 0.4395886957645416, 0
u,0.8547688126564026, 0.43955060839653015, 0
u,0.0, 0.11653350293636322, 0
u,0.35011860728263855, 0.0025706999003887177, 0
u,0.35011860728263855, 0.11653350293636322, 0
u,0.35011860728263855, 0.11653350293636322, 0
u,0.0, 0.14281299710273743, 0
u,0.0, 0.11653350293636322, 0
u,0.35011860728263855, 0.2718347907066345, 0
u,0.0, 0.14281299710273743, 0
u,0.35011860728263855, 0.14281299710273743, 0
u,0.35011860728263855, 0.2718347907066345, 0
u,0.35007020831108093, 0.40286511182785034, 0
u,0.0, 0.2718347907066345, 0
u,0.8980392813682556, 0.46788349747657776, 0
u,0.9030032753944397, 0.47053980827331543, 0
u,0.8980392813682556, 0.47053980827331543, 0
u,0.7284082174301147, 0.02056559920310974, 0
u,0.6705883145332336, 0.41311559081077576, 0
u,0.6705883145332336, 0.02056559920310974, 0
u,0.7284548878669739, 0.411162793636322, 0
u,0.7333297729492188, 0.41311559081077576, 0
u,0.7284082174301147, 0.41311559081077576, 0
u,0.8980392813682556, 0.46451669931411743, 0
u,0.8997175097465515, 0.462724894285202, 0
u,0.8997175097465515, 0.46451669931411743, 0
u,0.9971488118171692, 0.7619810104370117, 0
u,0.9278476238250732, 0.7571548223495483, 0
u,0.9278476238250732, 0.7500473260879517, 0
u,0.5980393290519714, 0.7619810104370117, 0
u,0.9971488118171692, 0.846652626991272, 0
u,0.5980393290519714, 0.846652626991272, 0
u,0.9278476238250732, 0.9393916130065918, 0
u,0.9278476238250732, 0.9322841167449951, 0
u,0.9971488118171692, 0.9145746827125549, 0
u,0.9971488118171692, 0.9145746827125549, 0
u,0.5980393290519714, 0.9145746827125549, 0
u,0.5980393290519714, 0.846652626991272, 0
u,0.0, 0.0, 0
u,0.0, 0.0, 0
u,0.0, 0.0, 0
u,0.0, 0.0, 0
u,0.0, 0.0, 0
u,0.0, 0.0, 0
u,0.0, 0.0, 0
u,0.0, 0.0, 0
u,0.0, 0.0, 0
u,0.0, 0.0, 0
u,0.0, 0.0, 0
u,0.0, 0.0, 0
u,0.0, 0.0, 0
u,0.0, 0.0, 0
u,0.0, 0.0, 0
u,0.0, 0.0, 0
u,0.0, 0.0, 0
u,0.0, 0.0, 0
u,0.0, 0.0, 0
u,0.0, 0.0, 0
u,0.0, 0.0, 0
u,0.0, 0.0, 0
u,0.0, 0.0, 0
u,0.0, 0.0, 0
u,0.0, 0.0, 0
u,0.0, 0.0, 0
u,0.0, 0.0, 0
u,0.0, 0.0, 0
u,0.0, 0.0, 0
u,0.0, 0.0, 0
u,0.0, 0.0, 0
u,0.0, 0.0, 0
u,0.0, 0.0, 0
u,0.0, 0.0, 0
u,0.0, 0.0, 0
u,0.0, 0.0, 0
u,0.0, 0.0, 0
u,0.0, 0.0, 0
u,0.0, 0.0, 0
u,0.0, 0.0, 0
u,0.0, 0.0, 0
u,0.0, 0.0, 0
u,0.0, 0.0, 0
u,0.0, 0.0, 0
u,0.0, 0.0, 0
u,0.3549570143222809, 0.08031100034713745, 0
u,0.3549019992351532, 0.03109630011022091, 0
u,0.4991284906864166, 0.030848300084471703, 0
u,0.6677926778793335, 0.4018990099430084, 0
u,0.6677302122116089, 0.4018990099430084, 0
u,0.6677383184432983, 0.39671608805656433, 0
u,0.660119891166687, 0.39671590924263, 0
u,0.6601119041442871, 0.4018990099430084, 0
u,0.3624705970287323, 0.39671269059181213, 0
u,0.6601119041442871, 0.4018990099430084, 0
u,0.3549019992351532, 0.4018990099430084, 0
u,0.3624647855758667, 0.40064460039138794, 0
u,0.670335590839386, 0.08483289927244186, 0
u,0.6677926778793335, 0.4018990099430084, 0
u,0.6677383184432983, 0.39671608805656433, 0
u,0.670335590839386, 0.08483289927244186, 0
u,0.6677383184432983, 0.39671608805656433, 0
u,0.660119891166687, 0.39671590924263, 0
u,0.35492441058158875, 0.39671269059181213, 0
u,0.3562735915184021, 0.08493489772081375, 0
u,0.3624705970287323, 0.39671269059181213, 0
u,0.3562735915184021, 0.08493489772081375, 0
u,0.670335590839386, 0.08483289927244186, 0
u,0.660119891166687, 0.39671590924263, 0
u,0.3624705970287323, 0.39671269059181213, 0
u,0.3562735915184021, 0.08493489772081375, 0
u,0.660119891166687, 0.39671590924263, 0
u,0.3549019992351532, 0.4018990099430084, 0
u,0.3549075126647949, 0.40061089396476746, 0
u,0.3624647855758667, 0.40064460039138794, 0
u,0.6056504845619202, 0.5951457023620605, 0
u,0.6056352853775024, 0.4814145863056183, 0
u,0.6654536724090576, 0.5951858162879944, 0
u,0.6056352853775024, 0.4814145863056183, 0
u,0.9023972153663635, 0.4814237058162689, 0
u,0.6654536724090576, 0.5951858162879944, 0
u,0.9023972153663635, 0.4814237058162689, 0
u,0.9023972153663635, 0.6444011926651001, 0
u,0.7725095748901367, 0.6443814039230347, 0
u,0.7725095748901367, 0.6443814039230347, 0
u,0.7725195288658142, 0.679068922996521, 0
u,0.6653993725776672, 0.6790969967842102, 0
u,0.7725095748901367, 0.6443814039230347, 0
u,0.6653993725776672, 0.6790969967842102, 0
u,0.6654536724090576, 0.5951858162879944, 0
u,0.780117928981781, 0.6890252232551575, 0
u,0.6653928756713867, 0.689055323600769, 0
u,0.7725195288658142, 0.679068922996521, 0
u,0.6653928756713867, 0.689055323600769, 0
u,0.6653993725776672, 0.6790969967842102, 0
u,0.7725195288658142, 0.679068922996521, 0
u,0.7801079750061035, 0.654340922832489, 0
u,0.780117928981781, 0.6890252232551575, 0
u,0.7725195288658142, 0.679068922996521, 0
u,0.9023972153663635, 0.6444011926651001, 0
u,0.9023972153663635, 0.4781605899333954, 0
u,0.9099928140640259, 0.47816088795661926, 0
u,0.7801079750061035, 0.654340922832489, 0
u,0.7725195288658142, 0.679068922996521, 0
u,0.7725095748901367, 0.6443814039230347, 0
u,0.9023972153663635, 0.6444011926651001, 0
u,0.9099928140640259, 0.47816088795661926, 0
u,0.9099928140640259, 0.6543607115745544, 0
u,0.7801079750061035, 0.654340922832489, 0
u,0.7725095748901367, 0.6443814039230347, 0
u,0.9023972153663635, 0.6444011926651001, 0
u,0.5980967879295349, 0.4814142882823944, 0
u,0.6056352853775024, 0.4814145863056183, 0
u,0.6056504845619202, 0.5951457023620605, 0
u,0.5980393290519714, 0.47814908623695374, 0
u,0.6056349277496338, 0.4781494140625, 0
u,0.6056352853775024, 0.4806249141693115, 0
u,0.5980393290519714, 0.47814908623695374, 0
u,0.6056352853775024, 0.4806249141693115, 0
u,0.598100483417511, 0.4806033968925476, 0
u,0.5980967879295349, 0.4814142882823944, 0
u,0.6056504845619202, 0.5951457023620605, 0
u,0.598054826259613, 0.5951405763626099, 0
u,0.598054826259613, 0.5951405763626099, 0
u,0.5980393290519714, 0.47814908623695374, 0
u,0.598100483417511, 0.4806033968925476, 0
u,0.8279582262039185, 0.31595709919929504, 0
u,0.8279454708099365, 0.41131100058555603, 0
u,0.73727947473526, 0.41127100586891174, 0
u,0.9632781147956848, 0.6903092861175537, 0
u,0.9137256145477295, 0.6903092861175537, 0
u,0.9137256145477295, 0.6550254225730896, 0
u,0.9137256145477295, 0.6550254225730896, 0
u,0.9137256145477295, 0.5207971930503845, 0
u,0.9632781147956848, 0.5207971930503845, 0
u,0.9137256145477295, 0.485861212015152, 0
u,0.9632781147956848, 0.485861212015152, 0
u,0.9632781147956848, 0.5207971930503845, 0
u,0.14745639264583588, 0.6509318947792053, 0
u,0.4505558907985687, 0.6498063802719116, 0
u,0.2959321141242981, 0.9103209972381592, 0
u,0.4505558907985687, 0.6498063802719116, 0
u,0.4505558907985687, 1.0, 0
u,0.2959321141242981, 0.9103209972381592, 0
u,0.4505558907985687, 1.0, 0
u,0.2959321141242981, 1.0, 0
u,0.2959321141242981, 0.9103209972381592, 0
u,0.15465819835662842, 0.9103209972381592, 0
u,0.15465819835662842, 1.0, 0
u,0.14745639264583588, 1.0, 0
u,0.15465819835662842, 0.9103209972381592, 0
u,0.14745639264583588, 1.0, 0
u,0.14745639264583588, 0.6509318947792053, 0
u,0.5954828858375549, 1.0, 0
u,0.4505558907985687, 1.0, 0
u,0.4505558907985687, 0.6498063802719116, 0
u,0.0, 1.0, 0
u,0.0, 0.4136492908000946, 0
u,6.040000153006986e-05, 0.41364941000938416, 0
u,6.040000153006986e-05, 1.0, 0
u,6.040000153006986e-05, 0.41364941000938416, 0
u,0.14745639264583588, 0.6509318947792053, 0
u,0.8932330012321472, 0.4742322862148285, 0
u,0.6059991121292114, 0.47522661089897156, 0
u,0.6059343814849854, 0.44309788942337036, 0
u,0.6059343814849854, 0.44309788942337036, 0
u,0.5986378788948059, 0.4431231915950775, 0
u,0.5986359715461731, 0.44215941429138184, 0
u,0.5986359715461731, 0.44215941429138184, 0
u,0.8931683897972107, 0.44215941429138184, 0
u,0.6059343814849854, 0.44309788942337036, 0
u,0.9646772146224976, 0.46529561281204224, 0
u,0.9019607901573181, 0.46529561281204224, 0
u,0.9019607901573181, 0.4412969946861267, 0
u,0.5980393290519714, 0.41761210560798645, 0
u,0.6689587831497192, 0.41761210560798645, 0
u,0.6689587831497192, 0.4395886957645416, 0
u,0.6689587831497192, 0.4395886957645416, 0
u,0.6689587831497192, 0.41761210560798645, 0
u,0.6864752769470215, 0.41761210560798645, 0
u,0.6864752769470215, 0.4395886957645416, 0
u,0.6864752769470215, 0.41761210560798645, 0
u,0.7724683284759521, 0.41761210560798645, 0
u,0.7724683284759521, 0.4395886957645416, 0
u,0.7724683284759521, 0.41761210560798645, 0
u,0.8547688126564026, 0.43955060839653015, 0
u,0.7724683284759521, 0.41761210560798645, 0
u,0.8547688126564026, 0.41761210560798645, 0
u,0.8547688126564026, 0.43955060839653015, 0
u,0.8547688126564026, 0.43955060839653015, 0
u,0.8564165830612183, 0.43689781427383423, 0
u,0.8564165830612183, 0.4395886957645416, 0
u,0.0, 0.11653350293636322, 0
u,0.0, 0.0025706999003887177, 0
u,0.35011860728263855, 0.0025706999003887177, 0
u,0.35011860728263855, 0.11653350293636322, 0
u,0.35011860728263855, 0.14281299710273743, 0
u,0.0, 0.14281299710273743, 0
u,0.35011860728263855, 0.2718347907066345, 0
u,0.0, 0.2718347907066345, 0
u,0.0, 0.14281299710273743, 0
u,0.35011860728263855, 0.40533751249313354, 0
u,0.34775450825691223, 0.40533751249313354, 0
u,0.35007020831108093, 0.40286511182785034, 0
u,0.35007020831108093, 0.40286511182785034, 0
u,0.0, 0.40286511182785034, 0
u,0.0, 0.2718347907066345, 0
u,0.35011860728263855, 0.2718347907066345, 0
u,0.35011860728263855, 0.40533751249313354, 0
u,0.35007020831108093, 0.40286511182785034, 0
u,0.8980392813682556, 0.46788349747657776, 0
u,0.9030032753944397, 0.46786630153656006, 0
u,0.9030032753944397, 0.47053980827331543, 0
u,0.7284082174301147, 0.02056559920310974, 0
u,0.7284082174301147, 0.41311559081077576, 0
u,0.6705883145332336, 0.41311559081077576, 0
u,0.7284082174301147, 0.02056559920310974, 0
u,0.7284548878669739, 0.02056559920310974, 0
u,0.7284548878669739, 0.411162793636322, 0
u,0.7284548878669739, 0.411162793636322, 0
u,0.7333297729492188, 0.41114598512649536, 0
u,0.7333297729492188, 0.41311559081077576, 0
u,0.7284082174301147, 0.41311559081077576, 0
u,0.7284082174301147, 0.02056559920310974, 0
u,0.7284548878669739, 0.411162793636322, 0
u,0.9097769260406494, 0.6940873861312866, 0
u,0.9971488118171692, 0.6940873861312866, 0
u,0.9278476238250732, 0.7500473260879517, 0
u,0.9971488118171692, 0.6940873861312866, 0
u,0.9971488118171692, 0.7619810104370117, 0
u,0.9278476238250732, 0.7500473260879517, 0
u,0.9971488118171692, 0.7619810104370117, 0
u,0.5980393290519714, 0.7619810104370117, 0
u,0.9278476238250732, 0.7571548223495483, 0
u,0.5980393290519714, 0.7619810104370117, 0
u,0.5980393290519714, 0.7571548223495483, 0
u,0.9278476238250732, 0.7571548223495483, 0
u,0.9278476238250732, 0.7500473260879517, 0
u,0.9097769260406494, 0.7500473260879517, 0
u,0.9097769260406494, 0.6940873861312866, 0
u,0.5980393290519714, 0.7619810104370117, 0
u,0.9971488118171692, 0.7619810104370117, 0
u,0.9971488118171692, 0.846652626991272, 0
u,0.9971488118171692, 0.999281108379364, 0
u,0.9097769260406494, 0.999281108379364, 0
u,0.9278476238250732, 0.9393916130065918, 0
u,0.9097769260406494, 0.999281108379364, 0
u,0.9097769260406494, 0.9393916130065918, 0
u,0.9278476238250732, 0.9393916130065918, 0
u,0.5980393290519714, 0.9322841167449951, 0
u,0.5980393290519714, 0.9145746827125549, 0
u,0.9278476238250732, 0.9322841167449951, 0
u,0.5980393290519714, 0.9145746827125549, 0
u,0.9971488118171692, 0.9145746827125549, 0
u,0.9278476238250732, 0.9322841167449951, 0
u,0.9971488118171692, 0.999281108379364, 0
u,0.9278476238250732, 0.9393916130065918, 0
u,0.9971488118171692, 0.9145746827125549, 0
