s,36.865966796875, 126.115234375, -0.9019026756286621
b,40.156982421875, 129.689453125, 5.0965704917907715
v,38.029541015625, 128.150390625, 4.090677738189697
v,38.029541015625, 128.150390625, 4.755671977996826
v,37.0185546875, 128.1923828125, 4.7556843757629395
v,37.0185546875, 128.1923828125, 4.423741817474365
v,37.053955078125, 128.1923828125, 4.423741817474365
v,37.053955078125, 128.1923828125, 4.090689182281494
v,40.156982421875, 129.5126953125, -0.9017162322998047
v,39.9599609375, 126.115234375, -0.9019026756286621
v,38.442138671875, 126.201171875, -0.901885986328125
v,38.46337890625, 126.576171875, -0.9018659591674805
v,36.865966796875, 126.6669921875, -0.9018464088439941
v,37.03955078125, 129.689453125, -0.9016799926757812
v,37.19091796875, 127.5478515625, 4.7221598625183105
v,37.186279296875, 127.4873046875, 4.679041385650635
v,37.776123046875, 127.505859375, 4.722152233123779
v,37.776123046875, 127.505859375, 4.722152233123779
v,37.186279296875, 127.4873046875, 4.679041385650635
v,37.771728515625, 127.4453125, 4.6790337562561035
v,37.781494140625, 127.580078125, 4.760501384735107
v,37.19091796875, 127.5478515625, 4.7221598625183105
v,37.776123046875, 127.505859375, 4.722152233123779
v,37.1962890625, 127.6220703125, 4.760509014129639
v,37.19091796875, 127.5478515625, 4.7221598625183105
v,37.781494140625, 127.580078125, 4.760501384735107
v,37.781494140625, 127.580078125, 4.760501384735107
v,37.776123046875, 127.505859375, 4.722152233123779
v,37.80615234375, 127.921875, 4.722175121307373
v,37.79931640625, 127.8251953125, 4.760514736175537
v,37.7890625, 127.6875, 4.78229284286499
v,37.781494140625, 127.580078125, 4.760501384735107
v,37.79931640625, 127.8251953125, 4.760514736175537
v,37.776123046875, 127.505859375, 4.722152233123779
v,37.771728515625, 127.4453125, 4.6790337562561035
v,37.81201171875, 128.0, 4.6790642738342285
v,37.80615234375, 127.921875, 4.722175121307373
v,37.2265625, 128.04296875, 4.67907190322876
v,37.186279296875, 127.4873046875, 4.679041385650635
v,37.19091796875, 127.5478515625, 4.7221598625183105
v,37.220947265625, 127.9638671875, 4.722182750701904
v,37.220947265625, 127.9638671875, 4.722182750701904
v,37.19091796875, 127.5478515625, 4.7221598625183105
v,37.1962890625, 127.6220703125, 4.760509014129639
v,37.2138671875, 127.8671875, 4.760522365570068
v,37.203857421875, 127.728515625, 4.7823004722595215
v,37.2138671875, 127.8671875, 4.760522365570068
v,37.1962890625, 127.6220703125, 4.760509014129639
v,37.220947265625, 127.9638671875, 4.722182750701904
v,37.81201171875, 128.0, 4.6790642738342285
v,37.2265625, 128.04296875, 4.67907190322876
v,37.80615234375, 127.921875, 4.722175121307373
v,37.81201171875, 128.0, 4.6790642738342285
v,37.220947265625, 127.9638671875, 4.722182750701904
v,37.2138671875, 127.8671875, 4.760522365570068
v,37.80615234375, 127.921875, 4.722175121307373
v,37.220947265625, 127.9638671875, 4.722182750701904
v,37.79931640625, 127.8251953125, 4.760514736175537
v,37.80615234375, 127.921875, 4.722175121307373
v,37.2138671875, 127.8671875, 4.760522365570068
v,37.7890625, 127.6875, 4.78229284286499
v,37.1962890625, 127.6220703125, 4.760509014129639
v,37.781494140625, 127.580078125, 4.760501384735107
v,37.203857421875, 127.728515625, 4.7823004722595215
v,37.1962890625, 127.6220703125, 4.760509014129639
v,37.7890625, 127.6875, 4.78229284286499
v,37.203857421875, 127.728515625, 4.7823004722595215
v,37.79931640625, 127.8251953125, 4.760514736175537
v,37.2138671875, 127.8671875, 4.760522365570068
v,37.7890625, 127.6875, 4.78229284286499
v,37.79931640625, 127.8251953125, 4.760514736175537
v,37.203857421875, 127.728515625, 4.7823004722595215
v,38.029296875, 128.150390625, 4.090677738189697
v,37.0537109375, 128.1923828125, 4.090689182281494
v,36.9716796875, 126.7607421875, 4.090610980987549
v,37.942138671875, 126.705078125, 4.090599536895752
v,37.98583984375, 127.4296875, 4.090638637542725
v,37.771728515625, 127.4453125, 4.090641498565674
v,37.186279296875, 127.4873046875, 4.090648174285889
v,37.2265625, 128.04296875, 4.090678691864014
v,37.81201171875, 128.0009765625, 4.090671062469482
v,38.019287109375, 127.9853515625, 4.09066915512085
v,38.028076171875, 128.12890625, 4.090676784515381
v,37.10400390625, 129.0654296875, 4.090737819671631
v,38.08203125, 129.0244140625, 4.090726375579834
v,38.11083984375, 129.5, 4.090753078460693
v,38.112548828125, 129.5283203125, 4.090754985809326
v,37.133544921875, 129.583984375, 4.090766429901123
v,38.028076171875, 128.12890625, 4.090676784515381
v,38.019287109375, 127.9853515625, 4.09066915512085
v,37.81201171875, 128.0009765625, 4.090671062469482
v,37.771728515625, 127.4453125, 4.090641498565674
v,37.98583984375, 127.4296875, 4.090638637542725
v,37.942138671875, 126.705078125, 4.090599536895752
v,38.56884765625, 126.669921875, 4.090591907501221
v,38.547607421875, 126.2958984375, 4.090571880340576
v,39.865966796875, 126.220703125, 4.09055757522583
v,40.051513671875, 129.4189453125, 4.090732097625732
v,38.112548828125, 129.5283203125, 4.090754985809326
v,38.11083984375, 129.5, 4.090753078460693
v,39.201416015625, 129.435546875, 4.090739727020264
v,39.1181640625, 128.0634765625, 4.090663433074951
v,37.039794921875, 129.689453125, 4.423825740814209
v,36.865966796875, 126.6669921875, 4.423659801483154
v,36.9716796875, 126.7607421875, 4.42366361618042
v,37.0537109375, 128.1923828125, 4.423741817474365
v,37.018310546875, 128.1923828125, 4.423741817474365
v,37.05615234375, 129.0673828125, 4.423790454864502
v,37.10400390625, 129.0654296875, 4.4237895011901855
v,37.133544921875, 129.583984375, 4.423819065093994
v,37.039794921875, 129.689453125, 4.423825740814209
v,37.133544921875, 129.583984375, 4.423819065093994
v,40.051513671875, 129.4189453125, 4.4237847328186035
v,40.156982421875, 129.5126953125, 4.423788547515869
v,40.051513671875, 129.4189453125, 4.4237847328186035
v,39.865966796875, 126.220703125, 4.423609256744385
v,38.547607421875, 126.2958984375, 4.423623561859131
v,38.442138671875, 126.201171875, 4.423619747161865
v,39.9599609375, 126.115234375, 4.42360258102417
v,40.156982421875, 129.5126953125, 4.423788547515869
v,36.865966796875, 126.6669921875, 4.423659801483154
v,38.46337890625, 126.5751953125, 4.42363977432251
v,38.442138671875, 126.201171875, 4.423619747161865
v,38.547607421875, 126.2958984375, 4.423623561859131
v,38.56884765625, 126.669921875, 4.423644542694092
v,36.9716796875, 126.7607421875, 4.42366361618042
v,38.028076171875, 128.12890625, 5.096494197845459
v,39.1181640625, 128.0634765625, 5.096481800079346
v,39.201416015625, 129.4345703125, 5.096558094024658
v,38.11083984375, 129.5, 5.0965704917907715
v,38.029296875, 128.150390625, 4.755671977996826
v,38.08203125, 129.0244140625, 4.755720615386963
v,37.05615234375, 129.0673828125, 4.755733013153076
v,37.018310546875, 128.1923828125, 4.7556843757629395
v,37.186279296875, 127.4873046875, 4.090648174285889
v,37.186279296875, 127.4873046875, 4.679041385650635
v,37.2265625, 128.04296875, 4.67907190322876
v,37.2265625, 128.04296875, 4.090678691864014
v,37.2265625, 128.04296875, 4.090678691864014
v,37.2265625, 128.04296875, 4.67907190322876
v,37.81201171875, 128.0, 4.6790642738342285
v,37.81201171875, 128.0009765625, 4.090671062469482
v,37.81201171875, 128.0009765625, 4.090671062469482
v,37.81201171875, 128.0, 4.6790642738342285
v,37.771728515625, 127.4453125, 4.6790337562561035
v,37.771728515625, 127.4453125, 4.090641498565674
v,37.771728515625, 127.4453125, 4.090641498565674
v,37.771728515625, 127.4453125, 4.6790337562561035
v,37.186279296875, 127.4873046875, 4.679041385650635
v,37.186279296875, 127.4873046875, 4.090648174285889
v,37.0537109375, 128.1923828125, 4.090689182281494
v,37.0537109375, 128.1923828125, 4.423741817474365
v,36.9716796875, 126.7607421875, 4.42366361618042
v,36.9716796875, 126.7607421875, 4.090610980987549
v,37.10400390625, 129.0654296875, 4.4237895011901855
v,37.10400390625, 129.0654296875, 4.090737819671631
v,37.133544921875, 129.583984375, 4.090766429901123
v,37.133544921875, 129.583984375, 4.423819065093994
v,40.051513671875, 129.4189453125, 4.090732097625732
v,40.051513671875, 129.4189453125, 4.4237847328186035
v,37.133544921875, 129.583984375, 4.423819065093994
v,37.133544921875, 129.583984375, 4.090766429901123
v,38.112548828125, 129.5283203125, 4.090754985809326
v,39.865966796875, 126.220703125, 4.423609256744385
v,40.051513671875, 129.4189453125, 4.4237847328186035
v,40.051513671875, 129.4189453125, 4.090732097625732
v,39.865966796875, 126.220703125, 4.09055757522583
v,38.547607421875, 126.2958984375, 4.423623561859131
v,39.865966796875, 126.220703125, 4.423609256744385
v,39.865966796875, 126.220703125, 4.09055757522583
v,38.547607421875, 126.2958984375, 4.090571880340576
v,38.56884765625, 126.669921875, 4.423644542694092
v,38.547607421875, 126.2958984375, 4.423623561859131
v,38.547607421875, 126.2958984375, 4.090571880340576
v,38.56884765625, 126.669921875, 4.090591907501221
v,36.9716796875, 126.7607421875, 4.42366361618042
v,38.56884765625, 126.669921875, 4.423644542694092
v,38.56884765625, 126.669921875, 4.090591907501221
v,37.942138671875, 126.705078125, 4.090599536895752
v,36.9716796875, 126.7607421875, 4.090610980987549
v,37.039794921875, 129.689453125, 4.423825740814209
v,40.156982421875, 129.5126953125, 4.423788547515869
v,40.156982421875, 129.5126953125, -0.9017162322998047
v,37.03955078125, 129.689453125, -0.9016799926757812
v,40.156982421875, 129.5126953125, 4.423788547515869
v,39.9599609375, 126.115234375, 4.42360258102417
v,39.9599609375, 126.115234375, -0.9019026756286621
v,40.156982421875, 129.5126953125, -0.9017162322998047
v,39.9599609375, 126.115234375, 4.42360258102417
v,38.442138671875, 126.201171875, 4.423619747161865
v,38.442138671875, 126.201171875, -0.901885986328125
v,39.9599609375, 126.115234375, -0.9019026756286621
v,38.442138671875, 126.201171875, 4.423619747161865
v,38.46337890625, 126.5751953125, 4.42363977432251
v,38.46337890625, 126.576171875, -0.9018659591674805
v,38.442138671875, 126.201171875, -0.901885986328125
v,38.46337890625, 126.5751953125, 4.42363977432251
v,36.865966796875, 126.6669921875, 4.423659801483154
v,36.865966796875, 126.6669921875, -0.9018464088439941
v,38.46337890625, 126.576171875, -0.9018659591674805
v,36.865966796875, 126.6669921875, 4.423659801483154
v,37.039794921875, 129.689453125, 4.423825740814209
v,37.03955078125, 129.689453125, -0.9016799926757812
v,36.865966796875, 126.6669921875, -0.9018464088439941
v,39.201416015625, 129.435546875, 4.090739727020264
v,38.11083984375, 129.5, 4.090753078460693
v,38.11083984375, 129.5, 5.0965704917907715
v,39.201416015625, 129.4345703125, 5.096558094024658
v,39.1181640625, 128.0634765625, 5.096481800079346
v,39.1181640625, 128.0634765625, 4.090663433074951
v,39.201416015625, 129.435546875, 4.090739727020264
v,39.201416015625, 129.4345703125, 5.096558094024658
v,38.028076171875, 128.12890625, 5.096494197845459
v,38.028076171875, 128.12890625, 4.090676784515381
v,39.1181640625, 128.0634765625, 4.090663433074951
v,39.1181640625, 128.0634765625, 5.096481800079346
v,38.08203125, 129.0244140625, 4.755720615386963
v,38.029296875, 128.150390625, 4.755671977996826
v,38.029296875, 128.150390625, 4.090677738189697
v,38.028076171875, 128.12890625, 4.090676784515381
v,38.028076171875, 128.12890625, 5.096494197845459
v,38.11083984375, 129.5, 5.0965704917907715
v,38.11083984375, 129.5, 4.090753078460693
v,38.08203125, 129.0244140625, 4.090726375579834
v,37.05615234375, 129.0673828125, 4.423790454864502
v,37.018310546875, 128.1923828125, 4.423741817474365
v,37.018310546875, 128.1923828125, 4.7556843757629395
v,37.05615234375, 129.0673828125, 4.755733013153076
v,37.10400390625, 129.0654296875, 4.090737819671631
v,37.10400390625, 129.0654296875, 4.4237895011901855
v,37.05615234375, 129.0673828125, 4.423790454864502
v,37.05615234375, 129.0673828125, 4.755733013153076
v,38.08203125, 129.0244140625, 4.755720615386963
v,38.08203125, 129.0244140625, 4.090726375579834
i,2,3,4
i,9,10,11
i,12,13,14
i,15,16,17
i,18,19,20
i,21,22,23
i,25,27,24
i,28,29,30
i,32,34,31
i,36,38,35
i,40,42,39
i,43,44,45
i,46,47,48
i,49,50,51
i,52,53,54
i,55,56,57
i,58,59,60
i,61,62,63
i,64,65,66
i,67,68,69
i,71,76,77
i,83,84,85
i,99,94,95
i,100,104,105
i,108,110,111
i,113,115,116
i,119,121,122
i,125,127,124
i,128,130,131
i,133,135,132
i,136,138,139
i,141,143,140
i,145,147,144
i,148,150,151
i,152,154,155
i,158,159,160
i,161,163,164
i,166,168,165
i,170,172,169
i,174,175,176
i,178,180,181
i,183,185,182
i,186,188,189
i,191,193,190
i,194,196,197
i,198,200,201
i,203,205,202
i,207,209,206
i,211,213,210
i,214,215,218
i,222,224,225
i,230,231,227
i,5,0,4
i,0,1,4
i,1,2,4
i,11,6,9
i,6,7,9
i,7,8,9
i,25,26,27
i,32,33,34
i,36,37,38
i,40,41,42
i,80,70,78
i,70,71,77
i,78,70,77
i,72,73,75
i,73,74,75
i,75,76,72
i,79,80,78
i,71,72,76
i,85,81,83
i,81,82,83
i,99,86,87
i,87,88,89
i,90,91,92
i,87,89,90
i,99,87,90
i,92,93,94
i,99,90,92
i,96,97,98
i,99,92,94
i,95,96,98
i,98,99,95
i,100,101,104
i,101,102,104
i,102,103,104
i,105,106,107
i,105,107,100
i,108,109,110
i,117,112,116
i,112,113,116
i,113,114,115
i,123,118,119
i,119,120,121
i,122,123,119
i,125,126,127
i,128,129,130
i,133,134,135
i,136,137,138
i,141,142,143
i,145,146,147
i,148,149,150
i,152,153,154
i,160,156,157
i,157,158,160
i,161,162,163
i,166,167,168
i,170,171,172
i,177,173,176
i,173,174,176
i,178,179,180
i,183,184,185
i,186,187,188
i,191,192,193
i,194,195,196
i,198,199,200
i,203,204,205
i,207,208,209
i,211,212,213
i,215,216,217
i,219,220,214
i,220,221,214
i,215,217,218
i,219,214,218
i,222,223,224
i,231,226,227
i,227,228,229
i,229,230,227
n,-0.1098160594701767, -4.502458572387695, 0.0
n,-4.065443863510154e-05, 0.0002503256837371737, -4.50379753112793
n,-0.1846575289964676, -2.5964577198028564, 3.6753909587860107
n,-0.18462055921554565, -2.5968992710113525, 3.6750810146331787
n,-0.14576785266399384, -2.049834728240967, 4.007632732391357
n,-0.14576785266399384, -2.049834966659546, 4.007632732391357
n,4.491944313049316, -0.32654204964637756, 0.00018014988745562732
n,4.491814136505127, -0.3265345096588135, 0.03424350172281265
n,4.492037296295166, -0.32520508766174316, 0.006118330638855696
n,-4.4919843673706055, 0.3258610665798187, 0.00916306208819151
n,-4.492018222808838, 0.32520419359207153, -0.014394153840839863
n,-4.492206573486328, 0.3225794732570648, -0.014745017513632774
n,0.1560601145029068, 2.1490983963012695, 3.954897165298462
n,0.15422369539737701, 2.1672451496124268, 3.945054292678833
n,0.11710493266582489, 1.6454106569290161, 4.190835475921631
n,0.1170777827501297, 1.6456389427185059, 4.190746307373047
n,-0.06374756246805191, -0.89692622423172, 4.413122653961182
n,-0.06374756246805191, -0.8969261050224304, 4.413122653961182
n,0.0497632697224617, 0.6989814043045044, 4.448948383331299
n,0.04977620765566826, 0.6989040374755859, 4.448960304260254
n,4.861106208409183e-05, -0.000250541401328519, 4.50379753112793
n,3.930283128283918e-05, -0.00026894197799265385, 4.50379753112793
n,3.003284291480668e-05, -0.0002486070152372122, 4.50379753112793
n,-2.7486552426125854e-05, -0.000251880323048681, 4.50379753112793
n,3.859954813378863e-05, -0.0002470467006787658, 4.50379753112793
n,3.5622048017103225e-05, -0.00025885063223540783, 4.50379753112793
n,4.079983409610577e-05, -0.0002472328196745366, 4.50379753112793
n,3.741133332368918e-05, -0.0002526339958421886, 4.50379753112793
n,4.228919715387747e-05, -0.00025054544676095247, 4.50379753112793
n,-4.491993427276611, 0.32586225867271423, 0.0
n,0.3194630742073059, 4.492448329925537, 0.006622119341045618
n,4.491993427276611, -0.32586219906806946, -0.0004803390766028315
n,-0.3194633424282074, -4.492453098297119, 0.0
n,4.496389865875244, -0.25820180773735046, 0.0
n,4.496428489685059, -0.2575295567512512, 0.0
n,-0.25495532155036926, -4.496575355529785, 0.0
n,-4.49623441696167, 0.2608986496925354, 0.0
n,0.25736191868782043, 4.496438503265381, 0.0
n,4.4965386390686035, -0.25560370087623596, 0.0
n,0.2551683187484741, 4.49656343460083, 0.0
n,0.2552127242088318, 4.496560573577881, -1.03911279438762e-05
n,4.496253490447998, -0.26056918501853943, 0.0
n,-0.2543795704841614, -4.496608257293701, 0.0
n,-4.4965386390686035, 0.25560370087623596, 0.0
n,-0.25634971261024475, -4.496496200561523, -0.0007323092431761324
n,-4.49639892578125, 0.25804296135902405, 0.0
n,0.2646292746067047, 4.496014595031738, 0.0038769454695284367
n,4.495560646057129, -0.2722643315792084, 0.0
n,-0.2682459354400635, -4.495802402496338, 0.0
n,-4.495640277862549, 0.2709425985813141, 7.661028939764947e-05
n,-4.499561309814453, 0.19529344141483307, 0.0
n,0.1875370293855667, 4.49989128112793, 0.0
n,-0.1920299530029297, -4.499701976776123, 0.0
n,-0.1920299530029297, -4.499701976776123, 0.0
n,-0.18914099037647247, -4.499816417694092, -0.008504803292453289
n,-3.835097231785767e-05, 0.00025137909688055515, -4.50379753112793
n,-3.424923852435313e-05, 0.0002490138867869973, -4.50379753112793
n,-3.5073389881290495e-05, 0.00024633578141219914, -4.50379753112793
n,4.492027759552002, -0.32520347833633423, -0.011007319204509258
n,4.491916656494141, -0.3263668715953827, 0.019060442224144936
n,-4.492011547088623, 0.32520198822021484, 0.016472335904836655
n,-4.492223739624023, 0.3225795030593872, 0.007566765882074833
n,-2.197471758336178e-06, -0.00017579774430487305, 4.50379753112793
n,4.3816649849759415e-05, -0.0002560954017098993, 4.50379753112793
n,4.160552634857595e-05, -0.00023959222016856074, 4.50379753112793
n,4.1118619265034795e-05, -0.0002431816392345354, 4.50379753112793
n,3.564231883501634e-05, -0.0002444431884214282, 4.50379753112793
n,4.1332496039103717e-05, -0.00024343171389773488, 4.50379753112793
n,3.6971196095691994e-05, -0.00024214466975536197, 4.50379753112793
n,5.886252984055318e-05, -0.00024861530982889235, 4.50379753112793
n,4.0726925362832844e-05, -0.00025239973911084235, 4.50379753112793
n,4.022924622404389e-05, -0.0002512464707251638, 4.50379753112793
n,3.8033347664168105e-05, -0.00024220903287641704, 4.50379753112793
n,3.6405486753210425e-05, -0.00024965600459836423, 4.50379753112793
n,4.0898295992519706e-05, -0.000244759488850832, 4.50379753112793
n,3.5299039154779166e-05, -0.00024914892856031656, 4.50379753112793
n,3.8540238165296614e-05, -0.00024934488465078175, 4.50379753112793
n,3.5058692446909845e-05, -0.00024690647842362523, 4.50379753112793
n,3.745325011550449e-05, -0.0002474032517056912, 4.50379753112793
n,3.665441909106448e-05, -0.00026878147036768496, 4.50379753112793
n,3.519498204695992e-05, -0.00024651302373968065, 4.50379753112793
n,3.473565448075533e-05, -0.00029129107133485377, 4.50379753112793
n,3.549017492332496e-05, -0.00025236394139938056, 4.50379753112793
n,0.00011393333988962695, -0.0002539082197472453, 4.50379753112793
n,3.7875408452237025e-05, -0.000246319716097787, 4.50379753112793
n,-5.972980488877511e-06, -0.0002448922023177147, 4.50379753112793
n,7.07273356965743e-05, -0.00025411800015717745, 4.50379753112793
n,4.327925489633344e-05, -0.0002500076952856034, 4.50379753112793
n,3.7905065255472437e-05, -0.0002547761832829565, 4.50379753112793
n,4.0679376979824156e-05, -0.0002493865031283349, 4.50379753112793
n,4.601178807206452e-05, -0.0002495342050679028, 4.50379753112793
n,3.5385452065384015e-05, -0.00024119752924889326, 4.50379753112793
n,4.057399564771913e-05, -0.0002493618812877685, 4.50379753112793
n,4.079983409610577e-05, -0.0002472328196745366, 4.50379753112793
n,4.083412932232022e-05, -0.00024727106210775673, 4.50379753112793
n,3.7403569876914844e-05, -0.00025263946736231446, 4.50379753112793
n,4.165339851169847e-05, -0.00025122033548541367, 4.50379753112793
n,-4.491993427276611, 0.32586219906806946, 0.0
n,0.32608428597450256, 4.491977214813232, 0.0
n,4.49195671081543, -0.3263687193393707, 0.0
n,-0.3194633424282074, -4.492453098297119, 0.0
n,4.496389865875244, -0.25820180773735046, 0.0
n,4.496428489685059, -0.2575295567512512, 0.0
n,-0.2534463107585907, -4.496660232543945, 0.0
n,-0.2539525330066681, -4.496631145477295, 0.0029568583704531193
n,-4.49623441696167, 0.2608986496925354, 0.0
n,0.25736191868782043, 4.496438503265381, 0.0
n,4.4965386390686035, -0.25560370087623596, 0.0
n,0.25716957449913025, 4.4964494705200195, 0.0
n,0.25638434290885925, 4.496493339538574, -0.002295504556968808
n,0.25523045659065247, 4.496560096740723, 0.0
n,4.496253490447998, -0.26056918501853943, 0.0
n,-0.2543795704841614, -4.496608257293701, 0.0
n,-4.496572494506836, 0.25501391291618347, 4.1532130126142874e-05
n,-0.25878313183784485, -4.49635648727417, 0.0
n,-4.496380805969238, 0.2583644986152649, 0.0001830726396292448
n,0.2681927978992462, 4.495805263519287, 0.0
n,4.495571136474609, -0.2720928490161896, -0.0002346275869058445
n,-0.2682459354400635, -4.495802402496338, 0.0
n,-4.495712757110596, 0.2697427570819855, 0.0
n,-4.495530128479004, 0.2727671265602112, 0.0
n,-4.495530128479004, 0.2727670967578888, 0.0
n,-4.4957122802734375, 0.2697427570819855, 0.0
n,-4.495603084564209, 0.27155593037605286, 0.0016950699500739574
n,-4.499561309814453, 0.19529348611831665, 0.0
n,0.1875370293855667, 4.49989128112793, 0.0
n,0.1636662781238556, 4.500823020935059, 0.0
n,0.18642733991146088, 4.499936580657959, 0.0032755755819380283
u,0.9443306922912598, 0.5975214838981628, 0
u,0.9266067743301392, 0.5975214838981628, 0
u,0.9266067743301392, 0.5926889777183533, 0
u,0.0, 0.0, 0
u,0.0, 0.0, 0
u,0.0, 0.0, 0
u,0.734897792339325, 0.35839059948921204, 0
u,0.7303922176361084, 0.3583959937095642, 0
u,0.7348998188972473, 0.26754409074783325, 0
u,0.7348998188972473, 0.26754409074783325, 0
u,0.7303922176361084, 0.3583959937095642, 0
u,0.7303922176361084, 0.26754170656204224, 0
u,0.7400137782096863, 0.26754701137542725, 0
u,0.734897792339325, 0.35839059948921204, 0
u,0.7348998188972473, 0.26754409074783325, 0
u,0.7400091290473938, 0.3583838939666748, 0
u,0.734897792339325, 0.35839059948921204, 0
u,0.7400137782096863, 0.26754701137542725, 0
u,0.7573438286781311, 0.25717470049858093, 0
u,0.7399498820304871, 0.25185349583625793, 0
u,0.7532582879066467, 0.25185349583625793, 0
u,0.7474595904350281, 0.24883030354976654, 0
u,0.7532582879066467, 0.25185349583625793, 0
u,0.7399498820304871, 0.25185349583625793, 0
u,0.7606384754180908, 0.2631579041481018, 0
u,0.7346590161323547, 0.25717470049858093, 0
u,0.7573438286781311, 0.25717470049858093, 0
u,0.7768654227256775, 0.35625728964805603, 0
u,0.7746533751487732, 0.2935158908367157, 0
u,0.7768654227256775, 0.2832080125808716, 0
u,0.7746533751487732, 0.34830281138420105, 0
u,0.7726864218711853, 0.30629751086235046, 0
u,0.7746533751487732, 0.2935158908367157, 0
u,0.7715687155723572, 0.32443928718566895, 0
u,0.7726864218711853, 0.30629751086235046, 0
u,0.7726864218711853, 0.3384391963481903, 0
u,0.747435986995697, 0.35838279128074646, 0
u,0.7527945041656494, 0.2686910927295685, 0
u,0.7527939081192017, 0.35837221145629883, 0
u,0.7474364042282104, 0.2687082886695862, 0
u,0.7527945041656494, 0.2686910927295685, 0
u,0.747435986995697, 0.35838279128074646, 0
u,0.7411764860153198, 0.3583959937095642, 0
u,0.7474364042282104, 0.2687082886695862, 0
u,0.747435986995697, 0.35838279128074646, 0
u,0.7411764860153198, 0.2687295973300934, 0
u,0.7474364042282104, 0.2687082886695862, 0
u,0.7411764860153198, 0.3583959937095642, 0
u,0.7604156136512756, 0.2690266966819763, 0
u,0.7539250254631042, 0.3583959937095642, 0
u,0.753921627998352, 0.2690266966819763, 0
u,0.7604147791862488, 0.3583824932575226, 0
u,0.7539250254631042, 0.3583959937095642, 0
u,0.7604156136512756, 0.2690266966819763, 0
u,0.7617648243904114, 0.3583959937095642, 0
u,0.7697603106498718, 0.27272340655326843, 0
u,0.7697597742080688, 0.35837841033935547, 0
u,0.7617648243904114, 0.27275198698043823, 0
u,0.7697603106498718, 0.27272340655326843, 0
u,0.7617648243904114, 0.3583959937095642, 0
u,0.7360656261444092, 0.6377760171890259, 0
u,0.7458810806274414, 0.5367553234100342, 0
u,0.7463514804840088, 0.6175981163978577, 0
u,0.7917376756668091, 0.836198091506958, 0
u,0.7917423844337463, 0.8403499722480774, 0
u,0.7360656261444092, 0.8402346968650818, 0
u,0.8535236120223999, 0.6364359259605408, 0
u,0.9019184708595276, 0.3755328953266144, 0
u,0.9020212888717651, 0.8405784964561462, 0
u,0.7303922176361084, 0.8547261953353882, 0
u,0.7340555191040039, 0.6376975774765015, 0
u,0.7333579063415527, 0.764718770980835, 0
u,0.7303922176361084, 0.8547261953353882, 0
u,0.9020212888717651, 0.8405784964561462, 0
u,0.9076979160308838, 0.8550934791564941, 0
u,0.9019184708595276, 0.3755328953266144, 0
u,0.8212600946426392, 0.36090219020843506, 0
u,0.9075887203216553, 0.36103859543800354, 0
u,0.8212466239929199, 0.4152792990207672, 0
u,0.8269298076629639, 0.37541449069976807, 0
u,0.8269162774085999, 0.4297831952571869, 0
u,0.8535236120223999, 0.6364359259605408, 0
u,0.7917376756668091, 0.836198091506958, 0
u,0.7915071249008179, 0.636757493019104, 0
u,0.7915107011795044, 0.6399375200271606, 0
u,0.7333579063415527, 0.764718770980835, 0
u,0.7340555191040039, 0.6376975774765015, 0
u,0.07401960343122482, 0.1687116026878357, 0
u,0.10593389719724655, 0.09147869795560837, 0
u,0.10593389719724655, 0.1687116026878357, 0
u,0.0014706000220030546, 0.17055769264698029, 0
u,0.03330770134925842, 0.08897239714860916, 0
u,0.03330770134925842, 0.17055769264698029, 0
u,0.03338479995727539, 0.0, 0
u,0.0014706000220030546, 0.07600519806146622, 0
u,0.0014706000220030546, 0.0, 0
u,0.06965930014848709, 0.09780610352754593, 0
u,0.037745099514722824, 0.1791979968547821, 0
u,0.037745099514722824, 0.09780610352754593, 0
u,0.0, 0.23225389420986176, 0
u,0.0787506029009819, 0.18546369671821594, 0
u,0.0787506029009819, 0.23225389420986176, 0
u,0.6250841021537781, 0.18546369671821594, 0
u,0.596533477306366, 0.23225389420986176, 0
u,0.596533477306366, 0.18546369671821594, 0
u,0.596533477306366, 0.18546369671821594, 0
u,0.596533477306366, 0.23225389420986176, 0
u,0.5426461100578308, 0.23225389420986176, 0
u,0.2598438858985901, 0.18546369671821594, 0
u,0.43591180443763733, 0.23225389420986176, 0
u,0.2598438858985901, 0.23225389420986176, 0
u,0.2598438858985901, 0.18546369671821594, 0
u,0.18726550042629242, 0.23225389420986176, 0
u,0.18726550042629242, 0.18546369671821594, 0
u,0.18726550042629242, 0.18546369671821594, 0
u,0.16668130457401276, 0.23225389420986176, 0
u,0.16668130457401276, 0.18546369671821594, 0
u,0.16668130457401276, 0.18546369671821594, 0
u,0.16668130457401276, 0.23225389420986176, 0
u,0.13217850029468536, 0.23225389420986176, 0
u,0.36461949348449707, 1.0, 0
u,0.19016019999980927, 0.2393866926431656, 0
u,0.36461949348449707, 0.2393866926431656, 0
u,0.0, 1.0, 0
u,0.19016019999980927, 0.2393866926431656, 0
u,0.19016019999980927, 1.0, 0
u,0.7290331721305847, 1.0, 0
u,0.644090473651886, 0.2393866926431656, 0
u,0.7290331721305847, 0.2393866926431656, 0
u,0.6231610178947449, 1.0, 0
u,0.644090473651886, 0.2393866926431656, 0
u,0.644090473651886, 1.0, 0
u,0.6231610178947449, 1.0, 0
u,0.5337650775909424, 0.2393866926431656, 0
u,0.6231610178947449, 0.2393866926431656, 0
u,0.5337650775909424, 1.0, 0
u,0.36461949348449707, 0.2393866926431656, 0
u,0.5337650775909424, 0.2393866926431656, 0
u,0.7898489236831665, 0.8600553870201111, 0
u,0.7303922176361084, 1.0, 0
u,0.7303922176361084, 0.8600553870201111, 0
u,0.9240751266479492, 0.8600553870201111, 0
u,0.9988582134246826, 1.0, 0
u,0.9240751266479492, 1.0, 0
u,0.8646302819252014, 0.8600553870201111, 0
u,0.9240751266479492, 1.0, 0
u,0.8646302819252014, 1.0, 0
u,0.8157985210418701, 0.9525794982910156, 0
u,0.8634378910064697, 0.9525794982910156, 0
u,0.8646302819252014, 1.0, 0
u,0.9266067743301392, 0.7169784903526306, 0
u,0.9443306922912598, 0.5975214838981628, 0
u,0.9443306922912598, 0.7169784903526306, 0
u,0.9443306922912598, 0.8571429252624512, 0
u,0.9088236093521118, 0.8571429252624512, 0
u,0.9266067743301392, 0.7234882712364197, 0
u,0.9088236093521118, 0.5926889777183533, 0
u,0.9088236093521118, 0.4593876898288727, 0
u,0.9266067743301392, 0.5926889777183533, 0
u,0.9088236093521118, 0.4593876898288727, 0
u,0.9443306922912598, 0.4593876898288727, 0
u,0.9266067743301392, 0.5926889777183533, 0
u,0.9443306922912598, 0.4593876898288727, 0
u,0.9443306922912598, 0.5975214838981628, 0
u,0.9266067743301392, 0.5926889777183533, 0
u,0.0, 0.0, 0
u,0.0, 0.0, 0
u,0.0, 0.0, 0
u,0.0, 0.0, 0
u,0.0, 0.0, 0
u,0.0, 0.0, 0
u,0.0, 0.0, 0
u,0.0, 0.0, 0
u,0.0, 0.0, 0
u,0.7573438286781311, 0.25717470049858093, 0
u,0.7346590161323547, 0.25717470049858093, 0
u,0.7399498820304871, 0.25185349583625793, 0
u,0.7606384754180908, 0.2631579041481018, 0
u,0.7303922176361084, 0.2631579041481018, 0
u,0.7346590161323547, 0.25717470049858093, 0
u,0.7768654227256775, 0.35625728964805603, 0
u,0.7746533751487732, 0.34830281138420105, 0
u,0.7746533751487732, 0.2935158908367157, 0
u,0.7746533751487732, 0.34830281138420105, 0
u,0.7726864218711853, 0.3384391963481903, 0
u,0.7726864218711853, 0.30629751086235046, 0
u,0.7915071249008179, 0.636757493019104, 0
u,0.7915107011795044, 0.6399375200271606, 0
u,0.7796772122383118, 0.6164069771766663, 0
u,0.7915107011795044, 0.6399375200271606, 0
u,0.7360656261444092, 0.6377760171890259, 0
u,0.7463514804840088, 0.6175981163978577, 0
u,0.7796772122383118, 0.6164069771766663, 0
u,0.7915107011795044, 0.6399375200271606, 0
u,0.7463514804840088, 0.6175981163978577, 0
u,0.7360656261444092, 0.4297730028629303, 0
u,0.7912676930427551, 0.42977920174598694, 0
u,0.7792081236839294, 0.5355377197265625, 0
u,0.7912676930427551, 0.42977920174598694, 0
u,0.791389524936676, 0.5350927114486694, 0
u,0.7792081236839294, 0.5355377197265625, 0
u,0.7792081236839294, 0.5355377197265625, 0
u,0.7458810806274414, 0.5367553234100342, 0
u,0.7360656261444092, 0.4297730028629303, 0
u,0.7914829850196838, 0.6159852147102356, 0
u,0.7915071249008179, 0.636757493019104, 0
u,0.7796772122383118, 0.6164069771766663, 0
u,0.7360656261444092, 0.6377760171890259, 0
u,0.7360656261444092, 0.4297730028629303, 0
u,0.7458810806274414, 0.5367553234100342, 0
u,0.7360656261444092, 0.8402346968650818, 0
u,0.7360656261444092, 0.7648242712020874, 0
u,0.7917376756668091, 0.836198091506958, 0
u,0.7360656261444092, 0.7648242712020874, 0
u,0.7916576266288757, 0.7669910788536072, 0
u,0.7917376756668091, 0.836198091506958, 0
u,0.8535236120223999, 0.6364359259605408, 0
u,0.7915071249008179, 0.636757493019104, 0
u,0.7914829850196838, 0.6159852147102356, 0
u,0.7914829850196838, 0.6159852147102356, 0
u,0.7796772122383118, 0.6164069771766663, 0
u,0.7792081236839294, 0.5355377197265625, 0
u,0.791389524936676, 0.5350927114486694, 0
u,0.7912676930427551, 0.42977920174598694, 0
u,0.8269162774085999, 0.4297831952571869, 0
u,0.7914829850196838, 0.6159852147102356, 0
u,0.7792081236839294, 0.5355377197265625, 0
u,0.791389524936676, 0.5350927114486694, 0
u,0.8535236120223999, 0.6364359259605408, 0
u,0.7914829850196838, 0.6159852147102356, 0
u,0.791389524936676, 0.5350927114486694, 0
u,0.8269162774085999, 0.4297831952571869, 0
u,0.8269298076629639, 0.37541449069976807, 0
u,0.9019184708595276, 0.3755328953266144, 0
u,0.8535236120223999, 0.6364359259605408, 0
u,0.791389524936676, 0.5350927114486694, 0
u,0.8269162774085999, 0.4297831952571869, 0
u,0.7917423844337463, 0.8403499722480774, 0
u,0.7917376756668091, 0.836198091506958, 0
u,0.8537666201591492, 0.8358808755874634, 0
u,0.8535236120223999, 0.6364359259605408, 0
u,0.8269162774085999, 0.4297831952571869, 0
u,0.9019184708595276, 0.3755328953266144, 0
u,0.9020212888717651, 0.8405784964561462, 0
u,0.7917423844337463, 0.8403499722480774, 0
u,0.8537666201591492, 0.8358808755874634, 0
u,0.8537666201591492, 0.8358808755874634, 0
u,0.8535236120223999, 0.6364359259605408, 0
u,0.9020212888717651, 0.8405784964561462, 0
u,0.7303922176361084, 0.8547261953353882, 0
u,0.7303922176361084, 0.4152691066265106, 0
u,0.7340555191040039, 0.6376975774765015, 0
u,0.7303922176361084, 0.4152691066265106, 0
u,0.7360656261444092, 0.4297730028629303, 0
u,0.7340555191040039, 0.6376975774765015, 0
u,0.7360656261444092, 0.4297730028629303, 0
u,0.7360656261444092, 0.6377760171890259, 0
u,0.7340555191040039, 0.6376975774765015, 0
u,0.7333579063415527, 0.764718770980835, 0
u,0.7360656261444092, 0.7648242712020874, 0
u,0.7360656261444092, 0.8402346968650818, 0
u,0.7333579063415527, 0.764718770980835, 0
u,0.7360656261444092, 0.8402346968650818, 0
u,0.7303922176361084, 0.8547261953353882, 0
u,0.7303922176361084, 0.8547261953353882, 0
u,0.7360656261444092, 0.8402346968650818, 0
u,0.9020212888717651, 0.8405784964561462, 0
u,0.9076979160308838, 0.8550934791564941, 0
u,0.9020212888717651, 0.8405784964561462, 0
u,0.9075887203216553, 0.36103859543800354, 0
u,0.9020212888717651, 0.8405784964561462, 0
u,0.9019184708595276, 0.3755328953266144, 0
u,0.9075887203216553, 0.36103859543800354, 0
u,0.9019184708595276, 0.3755328953266144, 0
u,0.8269298076629639, 0.37541449069976807, 0
u,0.8212600946426392, 0.36090219020843506, 0
u,0.7360656261444092, 0.4297730028629303, 0
u,0.7303922176361084, 0.4152691066265106, 0
u,0.8212466239929199, 0.4152792990207672, 0
u,0.8212466239929199, 0.4152792990207672, 0
u,0.8212600946426392, 0.36090219020843506, 0
u,0.8269298076629639, 0.37541449069976807, 0
u,0.8269162774085999, 0.4297831952571869, 0
u,0.7360656261444092, 0.4297730028629303, 0
u,0.8212466239929199, 0.4152792990207672, 0
u,0.8535236120223999, 0.6364359259605408, 0
u,0.8537666201591492, 0.8358808755874634, 0
u,0.7917376756668091, 0.836198091506958, 0
u,0.7915107011795044, 0.6399375200271606, 0
u,0.7916576266288757, 0.7669910788536072, 0
u,0.7333579063415527, 0.764718770980835, 0
u,0.07401960343122482, 0.1687116026878357, 0
u,0.07401960343122482, 0.09147869795560837, 0
u,0.10593389719724655, 0.09147869795560837, 0
u,0.0014706000220030546, 0.17055769264698029, 0
u,0.0014706000220030546, 0.08897239714860916, 0
u,0.03330770134925842, 0.08897239714860916, 0
u,0.03338479995727539, 0.0, 0
u,0.03338479995727539, 0.07600519806146622, 0
u,0.0014706000220030546, 0.07600519806146622, 0
u,0.06965930014848709, 0.09780610352754593, 0
u,0.06965930014848709, 0.1791979968547821, 0
u,0.037745099514722824, 0.1791979968547821, 0
u,0.0, 0.23225389420986176, 0
u,0.0, 0.18546369671821594, 0
u,0.0787506029009819, 0.18546369671821594, 0
u,0.6250841021537781, 0.18546369671821594, 0
u,0.6250841021537781, 0.23225389420986176, 0
u,0.596533477306366, 0.23225389420986176, 0
u,0.5426461100578308, 0.23225389420986176, 0
u,0.43591180443763733, 0.23225389420986176, 0
u,0.43591180443763733, 0.18546369671821594, 0
u,0.43591180443763733, 0.18546369671821594, 0
u,0.596533477306366, 0.18546369671821594, 0
u,0.5426461100578308, 0.23225389420986176, 0
u,0.2598438858985901, 0.18546369671821594, 0
u,0.43591180443763733, 0.18546369671821594, 0
u,0.43591180443763733, 0.23225389420986176, 0
u,0.2598438858985901, 0.18546369671821594, 0
u,0.2598438858985901, 0.23225389420986176, 0
u,0.18726550042629242, 0.23225389420986176, 0
u,0.18726550042629242, 0.18546369671821594, 0
u,0.18726550042629242, 0.23225389420986176, 0
u,0.16668130457401276, 0.23225389420986176, 0
u,0.0787506029009819, 0.23225389420986176, 0
u,0.0787506029009819, 0.18546369671821594, 0
u,0.13217850029468536, 0.23225389420986176, 0
u,0.0787506029009819, 0.18546369671821594, 0
u,0.16668130457401276, 0.18546369671821594, 0
u,0.13217850029468536, 0.23225389420986176, 0
u,0.36461949348449707, 1.0, 0
u,0.19016019999980927, 1.0, 0
u,0.19016019999980927, 0.2393866926431656, 0
u,0.0, 1.0, 0
u,0.0, 0.2393866926431656, 0
u,0.19016019999980927, 0.2393866926431656, 0
u,0.7290331721305847, 1.0, 0
u,0.644090473651886, 1.0, 0
u,0.644090473651886, 0.2393866926431656, 0
u,0.6231610178947449, 1.0, 0
u,0.6231610178947449, 0.2393866926431656, 0
u,0.644090473651886, 0.2393866926431656, 0
u,0.6231610178947449, 1.0, 0
u,0.5337650775909424, 1.0, 0
u,0.5337650775909424, 0.2393866926431656, 0
u,0.5337650775909424, 1.0, 0
u,0.36461949348449707, 1.0, 0
u,0.36461949348449707, 0.2393866926431656, 0
u,0.7898489236831665, 0.8600553870201111, 0
u,0.7898489236831665, 1.0, 0
u,0.7303922176361084, 1.0, 0
u,0.9240751266479492, 0.8600553870201111, 0
u,0.9988582134246826, 0.8600553870201111, 0
u,0.9988582134246826, 1.0, 0
u,0.8646302819252014, 0.8600553870201111, 0
u,0.9240751266479492, 0.8600553870201111, 0
u,0.9240751266479492, 1.0, 0
u,0.8634378910064697, 0.9525794982910156, 0
u,0.8634378910064697, 0.8600553870201111, 0
u,0.8646302819252014, 0.8600553870201111, 0
u,0.7898489236831665, 1.0, 0
u,0.7898489236831665, 0.8600553870201111, 0
u,0.8157985210418701, 0.9525794982910156, 0
u,0.7898489236831665, 0.8600553870201111, 0
u,0.8157985210418701, 0.8600553870201111, 0
u,0.8157985210418701, 0.9525794982910156, 0
u,0.8634378910064697, 0.9525794982910156, 0
u,0.8646302819252014, 0.8600553870201111, 0
u,0.8646302819252014, 1.0, 0
u,0.7898489236831665, 1.0, 0
u,0.8157985210418701, 0.9525794982910156, 0
u,0.8646302819252014, 1.0, 0
u,0.9266067743301392, 0.7169784903526306, 0
u,0.9266067743301392, 0.5975214838981628, 0
u,0.9443306922912598, 0.5975214838981628, 0
u,0.9088236093521118, 0.8571429252624512, 0
u,0.9088236093521118, 0.7234882712364197, 0
u,0.9266067743301392, 0.7234882712364197, 0
u,0.9266067743301392, 0.7234882712364197, 0
u,0.9266067743301392, 0.7169784903526306, 0
u,0.9443306922912598, 0.7169784903526306, 0
u,0.9443306922912598, 0.7169784903526306, 0
u,0.9443306922912598, 0.8571429252624512, 0
u,0.9266067743301392, 0.7234882712364197, 0
