s,55.5634765625, 85.33984375, -1.8172082901000977
b,60.10693359375, 89.642578125, 7.9535298347473145
v,55.69189453125, 86.2978515625, -0.9656953811645508
v,55.69189453125, 86.2978515625, -0.8102707862854004
v,55.5634765625, 86.65234375, -0.8102622032165527
v,55.5634765625, 86.65234375, -0.9656867980957031
v,59.78369140625, 85.33984375, -1.8172028064727783
v,55.9990234375, 85.890625, -1.8172082901000977
v,55.958984375, 89.28515625, -1.817117691040039
v,60.10693359375, 89.642578125, -1.8170857429504395
v,55.98388671875, 87.173828125, -0.9656715393066406
v,55.99609375, 86.1220703125, -0.9656987190246582
v,55.691650390625, 86.2978515625, -0.9656953811645508
v,55.5634765625, 86.65234375, -0.9656867980957031
v,55.69287109375, 87.005859375, -0.9656767845153809
v,58.122314453125, 87.28515625, 5.733132839202881
v,57.560791015625, 87.328125, 5.733130931854248
v,57.508544921875, 86.6513671875, 5.733112812042236
v,58.070068359375, 86.609375, 5.733114719390869
v,58.177978515625, 88.0009765625, 5.1014628410339355
v,58.122314453125, 87.28515625, 5.101442813873291
v,58.070068359375, 86.609375, 5.101425647735596
v,58.00927734375, 85.822265625, 5.101404666900635
v,59.580078125, 85.5947265625, 5.101407527923584
v,59.865966796875, 89.3994140625, 5.101511478424072
v,59.45751953125, 89.36328125, 5.101507663726807
v,59.452392578125, 88.95703125, 5.10149621963501
v,59.630859375, 88.9521484375, 5.101497173309326
v,59.601318359375, 87.9599609375, 5.101470470428467
v,57.508544921875, 86.6513671875, 5.101423740386963
v,57.560791015625, 87.328125, 5.101441860198975
v,58.122314453125, 87.28515625, 5.101442813873291
v,58.177978515625, 88.0009765625, 5.1014628410339355
v,57.538818359375, 88.0205078125, 5.101459980010986
v,57.568359375, 89.01171875, 5.101487636566162
v,57.6396484375, 89.0087890625, 5.101487636566162
v,57.641845703125, 89.2080078125, 5.1014933586120605
v,56.18359375, 89.08203125, 5.10148286819458
v,56.21875, 86.0830078125, 5.101403713226318
v,58.00927734375, 85.822265625, 5.101404666900635
v,58.070068359375, 86.609375, 5.101425647735596
v,57.644775390625, 89.423828125, 5.301331043243408
v,59.457763671875, 89.40234375, 5.301339626312256
v,59.45751953125, 89.36328125, 5.301339626312256
v,59.865966796875, 89.3994140625, 5.301342487335205
v,60.10693359375, 89.642578125, 5.301351070404053
v,55.958984375, 89.28515625, 5.301319599151611
v,56.18359375, 89.08203125, 5.301314830780029
v,57.641845703125, 89.2080078125, 5.301324367523193
v,59.865966796875, 89.3994140625, 5.301342487335205
v,59.580078125, 85.5947265625, 5.301239490509033
v,59.783447265625, 85.33984375, 5.301233768463135
v,60.10693359375, 89.642578125, 5.301351070404053
v,59.580078125, 85.5947265625, 5.301239490509033
v,56.21875, 86.0830078125, 5.301233768463135
v,55.9990234375, 85.890625, 5.301229000091553
v,59.783447265625, 85.33984375, 5.301233768463135
v,56.21875, 86.0830078125, 5.301233768463135
v,56.18359375, 89.08203125, 5.301314830780029
v,55.958984375, 89.28515625, 5.301319599151611
v,55.9990234375, 85.890625, 5.301229000091553
v,57.568359375, 89.01171875, 6.31046724319458
v,57.538818359375, 88.01953125, 6.310439586639404
v,59.601318359375, 87.9599609375, 6.310450077056885
v,59.630859375, 88.9521484375, 6.310476779937744
v,59.452392578125, 88.95703125, 6.310475826263428
v,59.443603515625, 88.2509765625, 6.3104567527771
v,57.63037109375, 88.271484375, 6.3104472160339355
v,57.6396484375, 89.0087890625, 6.31046724319458
v,57.720458984375, 88.359375, 7.477242946624756
v,59.35595703125, 88.33984375, 7.4772515296936035
v,59.367919921875, 89.3154296875, 7.477279186248779
v,57.732421875, 89.333984375, 7.477270603179932
v,57.724365234375, 88.6767578125, 7.4772515296936035
v,57.763671875, 89.1064453125, 7.477263927459717
v,58.26416015625, 89.060546875, 7.477264881134033
v,58.21142578125, 88.486328125, 7.477249622344971
v,57.722412109375, 88.5302734375, 7.477247714996338
v,59.35595703125, 88.33984375, 7.921321392059326
v,57.720458984375, 88.359375, 7.9213128089904785
v,57.63037109375, 88.271484375, 7.921309947967529
v,59.443603515625, 88.2509765625, 7.921319484710693
v,57.732421875, 89.333984375, 7.921340465545654
v,59.367919921875, 89.3154296875, 7.9213480949401855
v,59.35595703125, 88.33984375, 7.921321392059326
v,59.443603515625, 88.2509765625, 7.921319484710693
v,59.457763671875, 89.40234375, 7.921350955963135
v,57.644775390625, 89.423828125, 7.921341419219971
v,57.63037109375, 88.271484375, 7.921309947967529
v,57.720458984375, 88.359375, 7.9213128089904785
v,57.722412109375, 88.5302734375, 7.9213175773620605
v,57.7109375, 88.53125, 7.9213175773620605
v,57.724365234375, 88.6767578125, 7.921321392059326
v,58.26416015625, 89.060546875, 7.9535298347473145
v,57.763671875, 89.1064453125, 7.953527927398682
v,57.7109375, 88.53125, 7.953512668609619
v,58.21142578125, 88.486328125, 7.9535136222839355
v,55.99609375, 86.1220703125, -0.8102741241455078
v,55.98388671875, 87.173828125, -0.8102469444274902
v,55.69287109375, 87.005859375, -0.8102521896362305
v,55.5634765625, 86.65234375, -0.8102622032165527
v,55.691650390625, 86.2978515625, -0.8102707862854004
v,57.508544921875, 86.6513671875, 5.733112812042236
v,57.508544921875, 86.6513671875, 5.101423740386963
v,58.070068359375, 86.609375, 5.101425647735596
v,58.070068359375, 86.609375, 5.733114719390869
v,57.508544921875, 86.6513671875, 5.101423740386963
v,57.508544921875, 86.6513671875, 5.733112812042236
v,57.560791015625, 87.328125, 5.733130931854248
v,57.560791015625, 87.328125, 5.101441860198975
v,58.122314453125, 87.28515625, 5.733132839202881
v,58.122314453125, 87.28515625, 5.101442813873291
v,57.560791015625, 87.328125, 5.101441860198975
v,57.560791015625, 87.328125, 5.733130931854248
v,58.122314453125, 87.28515625, 5.101442813873291
v,58.122314453125, 87.28515625, 5.733132839202881
v,58.070068359375, 86.609375, 5.733114719390869
v,58.070068359375, 86.609375, 5.101425647735596
v,59.45751953125, 89.36328125, 5.301339626312256
v,59.45751953125, 89.36328125, 5.101507663726807
v,59.865966796875, 89.3994140625, 5.101511478424072
v,59.865966796875, 89.3994140625, 5.301342487335205
v,57.641845703125, 89.2080078125, 5.1014933586120605
v,57.641845703125, 89.2080078125, 5.301324367523193
v,56.18359375, 89.08203125, 5.301314830780029
v,56.18359375, 89.08203125, 5.10148286819458
v,59.580078125, 85.5947265625, 5.301239490509033
v,59.865966796875, 89.3994140625, 5.301342487335205
v,59.865966796875, 89.3994140625, 5.101511478424072
v,59.580078125, 85.5947265625, 5.101407527923584
v,56.21875, 86.0830078125, 5.301233768463135
v,59.580078125, 85.5947265625, 5.301239490509033
v,59.580078125, 85.5947265625, 5.101407527923584
v,58.00927734375, 85.822265625, 5.101404666900635
v,56.21875, 86.0830078125, 5.101403713226318
v,56.18359375, 89.08203125, 5.301314830780029
v,56.21875, 86.0830078125, 5.301233768463135
v,56.21875, 86.0830078125, 5.101403713226318
v,56.18359375, 89.08203125, 5.10148286819458
v,60.10693359375, 89.642578125, 5.301351070404053
v,59.783447265625, 85.33984375, 5.301233768463135
v,59.78369140625, 85.33984375, -1.8172028064727783
v,60.10693359375, 89.642578125, -1.8170857429504395
v,59.783447265625, 85.33984375, 5.301233768463135
v,55.9990234375, 85.890625, 5.301229000091553
v,55.9990234375, 85.890625, -0.8102803230285645
v,55.9990234375, 85.890625, -0.9657049179077148
v,55.9990234375, 85.890625, -1.8172082901000977
v,59.78369140625, 85.33984375, -1.8172028064727783
v,55.99609375, 86.1220703125, -0.9656987190246582
v,55.98388671875, 87.173828125, -0.9656715393066406
v,55.98388671875, 87.173828125, -0.8102469444274902
v,55.99609375, 86.1220703125, -0.8102741241455078
v,55.9990234375, 85.890625, -0.8102803230285645
v,55.9990234375, 85.890625, 5.301229000091553
v,55.958984375, 89.28515625, 5.301319599151611
v,55.958984375, 89.28515625, -1.817117691040039
v,55.9990234375, 85.890625, -1.8172082901000977
v,55.9990234375, 85.890625, -0.9657049179077148
v,55.958984375, 89.28515625, 5.301319599151611
v,60.10693359375, 89.642578125, 5.301351070404053
v,60.10693359375, 89.642578125, -1.8170857429504395
v,55.958984375, 89.28515625, -1.817117691040039
v,55.99609375, 86.1220703125, -0.8102741241455078
v,55.99609375, 86.1220703125, -0.9656987190246582
v,55.9990234375, 85.890625, -0.9657049179077148
v,55.9990234375, 85.890625, -0.8102803230285645
v,57.538818359375, 88.0205078125, 5.101459980010986
v,57.538818359375, 88.01953125, 6.310439586639404
v,57.568359375, 89.01171875, 6.31046724319458
v,57.568359375, 89.01171875, 5.101487636566162
v,59.452392578125, 88.95703125, 5.10149621963501
v,59.452392578125, 88.95703125, 6.310475826263428
v,59.630859375, 88.9521484375, 6.310476779937744
v,59.630859375, 88.9521484375, 5.101497173309326
v,57.6396484375, 89.0087890625, 5.101487636566162
v,57.568359375, 89.01171875, 5.101487636566162
v,57.568359375, 89.01171875, 6.31046724319458
v,57.6396484375, 89.0087890625, 6.31046724319458
v,59.630859375, 88.9521484375, 5.101497173309326
v,59.630859375, 88.9521484375, 6.310476779937744
v,59.601318359375, 87.9599609375, 6.310450077056885
v,59.601318359375, 87.9599609375, 5.101470470428467
v,59.601318359375, 87.9599609375, 5.101470470428467
v,59.601318359375, 87.9599609375, 6.310450077056885
v,57.538818359375, 88.01953125, 6.310439586639404
v,57.538818359375, 88.0205078125, 5.101459980010986
v,58.177978515625, 88.0009765625, 5.1014628410339355
v,57.63037109375, 88.271484375, 6.3104472160339355
v,59.443603515625, 88.2509765625, 6.3104567527771
v,59.443603515625, 88.2509765625, 7.921319484710693
v,57.63037109375, 88.271484375, 7.921309947967529
v,59.35595703125, 88.33984375, 7.921321392059326
v,59.367919921875, 89.3154296875, 7.9213480949401855
v,59.367919921875, 89.3154296875, 7.477279186248779
v,59.35595703125, 88.33984375, 7.4772515296936035
v,57.720458984375, 88.359375, 7.9213128089904785
v,59.35595703125, 88.33984375, 7.921321392059326
v,59.35595703125, 88.33984375, 7.4772515296936035
v,57.720458984375, 88.359375, 7.477242946624756
v,57.722412109375, 88.5302734375, 7.477247714996338
v,57.722412109375, 88.5302734375, 7.9213175773620605
v,57.720458984375, 88.359375, 7.9213128089904785
v,57.720458984375, 88.359375, 7.477242946624756
v,57.724365234375, 88.6767578125, 7.921321392059326
v,57.724365234375, 88.6767578125, 7.4772515296936035
v,57.732421875, 89.333984375, 7.477270603179932
v,57.732421875, 89.333984375, 7.921340465545654
v,59.367919921875, 89.3154296875, 7.9213480949401855
v,57.732421875, 89.333984375, 7.921340465545654
v,57.732421875, 89.333984375, 7.477270603179932
v,59.367919921875, 89.3154296875, 7.477279186248779
v,57.63037109375, 88.271484375, 7.921309947967529
v,57.644775390625, 89.423828125, 7.921341419219971
v,57.644775390625, 89.423828125, 5.301331043243408
v,57.641845703125, 89.2080078125, 5.301324367523193
v,57.641845703125, 89.2080078125, 5.1014933586120605
v,57.6396484375, 89.0087890625, 5.101487636566162
v,57.6396484375, 89.0087890625, 6.31046724319458
v,57.63037109375, 88.271484375, 6.3104472160339355
v,59.457763671875, 89.40234375, 5.301339626312256
v,57.644775390625, 89.423828125, 5.301331043243408
v,57.644775390625, 89.423828125, 7.921341419219971
v,59.457763671875, 89.40234375, 7.921350955963135
v,59.443603515625, 88.2509765625, 6.3104567527771
v,59.452392578125, 88.95703125, 6.310475826263428
v,59.452392578125, 88.95703125, 5.10149621963501
v,59.45751953125, 89.36328125, 5.101507663726807
v,59.45751953125, 89.36328125, 5.301339626312256
v,59.457763671875, 89.40234375, 5.301339626312256
v,59.457763671875, 89.40234375, 7.921350955963135
v,59.443603515625, 88.2509765625, 7.921319484710693
v,58.21142578125, 88.486328125, 7.477249622344971
v,58.21142578125, 88.486328125, 7.9535136222839355
v,57.7109375, 88.53125, 7.953512668609619
v,57.7109375, 88.53125, 7.9213175773620605
v,57.722412109375, 88.5302734375, 7.9213175773620605
v,57.722412109375, 88.5302734375, 7.477247714996338
v,57.724365234375, 88.6767578125, 7.4772515296936035
v,57.724365234375, 88.6767578125, 7.921321392059326
v,57.7109375, 88.53125, 7.9213175773620605
v,57.7109375, 88.53125, 7.953512668609619
v,57.763671875, 89.1064453125, 7.953527927398682
v,57.763671875, 89.1064453125, 7.477263927459717
v,58.26416015625, 89.060546875, 7.9535298347473145
v,58.26416015625, 89.060546875, 7.477264881134033
v,57.763671875, 89.1064453125, 7.477263927459717
v,57.763671875, 89.1064453125, 7.953527927398682
v,58.21142578125, 88.486328125, 7.9535136222839355
v,58.21142578125, 88.486328125, 7.477249622344971
v,58.26416015625, 89.060546875, 7.477264881134033
v,58.26416015625, 89.060546875, 7.9535298347473145
v,55.98388671875, 87.173828125, -0.8102469444274902
v,55.98388671875, 87.173828125, -0.9656715393066406
v,55.69287109375, 87.005859375, -0.9656767845153809
v,55.69287109375, 87.005859375, -0.8102521896362305
v,55.99609375, 86.1220703125, -0.9656987190246582
v,55.99609375, 86.1220703125, -0.8102741241455078
v,55.691650390625, 86.2978515625, -0.8102707862854004
v,55.691650390625, 86.2978515625, -0.9656953811645508
v,55.5634765625, 86.65234375, -0.9656867980957031
v,55.5634765625, 86.65234375, -0.8102622032165527
v,55.69287109375, 87.005859375, -0.8102521896362305
v,55.69287109375, 87.005859375, -0.9656767845153809
i,1,3,0
i,4,6,7
i,9,10,11
i,14,16,13
i,26,21,22
i,31,32,35
i,39,43,44
i,47,49,50
i,51,53,54
i,56,58,55
i,64,65,60
i,68,69,73
i,77,79,76
i,81,84,85
i,92,94,91
i,96,97,98
i,100,102,103
i,105,107,104
i,109,111,108
i,112,114,115
i,116,118,119
i,120,122,123
i,124,126,127
i,129,130,131
i,134,136,133
i,138,140,137
i,143,144,146
i,149,153,154
i,157,159,160
i,162,164,161
i,165,167,168
i,170,172,169
i,173,175,176
i,177,179,180
i,183,184,185
i,187,189,186
i,190,192,193
i,194,196,197
i,198,200,201
i,202,204,205
i,207,209,206
i,213,215,216
i,218,220,221
i,228,229,223
i,232,233,234
i,237,239,240
i,242,244,245
i,246,248,249
i,251,253,250
i,255,257,254
i,259,261,258
i,1,2,3
i,4,5,6
i,12,8,11
i,8,9,11
i,14,15,16
i,26,17,18
i,19,20,21
i,26,18,19
i,23,24,25
i,26,19,21
i,22,23,25
i,25,26,22
i,28,29,30
i,28,30,31
i,37,38,27
i,27,28,36
i,28,31,35
i,36,28,35
i,32,33,34
i,32,34,35
i,36,37,27
i,40,41,42
i,44,45,39
i,45,46,39
i,39,40,43
i,40,42,43
i,47,48,49
i,51,52,53
i,56,57,58
i,66,59,65
i,59,60,65
i,61,62,64
i,62,63,64
i,61,64,60
i,75,67,74
i,67,68,74
i,70,71,72
i,70,72,73
i,69,70,73
i,73,74,68
i,77,78,79
i,81,82,83
i,85,86,90
i,86,87,89
i,87,88,89
i,89,90,86
i,90,80,85
i,81,83,84
i,80,81,85
i,92,93,94
i,99,95,98
i,95,96,98
i,100,101,102
i,105,106,107
i,109,110,111
i,112,113,114
i,116,117,118
i,120,121,122
i,124,125,126
i,132,128,131
i,128,129,131
i,134,135,136
i,138,139,140
i,146,141,143
i,141,142,143
i,144,145,146
i,149,150,152
i,150,151,152
i,152,153,149
i,154,155,148
i,155,156,147
i,155,147,148
i,148,149,154
i,157,158,159
i,162,163,164
i,165,166,167
i,170,171,172
i,173,174,175
i,177,178,179
i,185,181,182
i,182,183,185
i,187,188,189
i,190,191,192
i,194,195,196
i,198,199,200
i,202,203,204
i,207,208,209
i,217,210,216
i,210,211,216
i,211,212,216
i,212,213,216
i,213,214,215
i,218,219,220
i,229,222,223
i,223,224,226
i,224,225,226
i,226,227,223
i,227,228,223
i,235,230,234
i,230,231,234
i,231,232,234
i,241,236,237
i,237,238,239
i,240,241,237
i,242,243,244
i,246,247,248
i,251,252,253
i,255,256,257
i,259,260,261
n,-4.235052585601807, -1.5324883460998535, 0.0
n,2.4085173208732158e-05, 0.00012075890845153481, -4.50379753112793
n,1.919858914334327e-05, 0.00011986041499767452, -4.50379753112793
n,-2.2415339117287658e-05, -0.00011668271326925606, 4.50379753112793
n,-6.061098611098714e-05, -0.00011876274948008358, 4.50379753112793
n,-1.9988725398434326e-05, -0.00012254073226358742, 4.50379753112793
n,5.745236194343306e-05, -0.0010618602391332388, 4.50379753112793
n,-3.741962791536935e-05, -0.00011953415378229693, 4.50379753112793
n,-2.1679747078451328e-05, -0.00010741754522314295, 4.50379753112793
n,1.730501480778912e-06, -0.00012084544141544029, 4.50379753112793
n,-2.460236646584235e-05, -0.00012710862210951746, 4.50379753112793
n,-2.6544959837337956e-05, -0.0001248920598300174, 4.50379753112793
n,-2.4601338736829348e-05, -0.00010952635784633458, 4.50379753112793
n,-2.4355687855859287e-05, -0.0001056219480233267, 4.50379753112793
n,-2.6375138986622915e-05, -0.00012362633424345404, 4.50379753112793
n,-1.76004868990276e-05, -0.00011753157741622999, 4.50379753112793
n,-0.33985617756843567, -4.490956783294678, 0.0
n,-4.490421295166016, 0.3468562364578247, 0.0
n,0.33985620737075806, 4.490956783294678, 0.0
n,4.490421295166016, -0.3468562364578247, 0.0
n,0.39057329297065735, -4.486830234527588, 0.0
n,0.38693785667419434, -4.487144947052002, 0.0
n,-4.491147994995117, 0.3373223543167114, 0.0
n,0.6471805572509766, 4.457056522369385, 0.0
n,4.503488063812256, 0.052759990096092224, 0.0
n,4.491138458251953, -0.3374464809894562, 0.0
n,-0.6485487222671509, -4.456857204437256, 0.0
n,-4.5034894943237305, -0.052710242569446564, 0.0
n,-0.386578768491745, 4.487175941467285, 0.0
n,-4.5034613609313965, -0.055023495107889175, 0.0
n,-4.501806259155273, 0.13391199707984924, 0.0
n,0.13128215074539185, 4.501883506774902, 0.0
n,0.1646629273891449, 4.500786304473877, 0.0
n,4.501806259155273, -0.13391199707984924, 0.0
n,-0.13442735373973846, -4.501789569854736, -0.0032295899000018835
n,-0.05170247331261635, -4.503500938415527, 0.0
n,-4.50346040725708, 0.055091265588998795, 0.0
n,0.05253973603248596, 4.503491401672363, 0.0
n,4.503503799438477, -0.051435958594083786, 0.0
n,4.503461837768555, -0.05495649576187134, 0.0
n,-0.05253973603248596, -4.503491401672363, 0.0
n,-4.503472805023193, 0.05408100411295891, 0.0
n,0.05170247331261635, 4.503500938415527, 0.0
n,4.503450393676758, -0.055954016745090485, 0.00033048249315470457
n,-0.33894529938697815, -4.491025447845459, 0.0
n,-4.484991073608398, 0.41095542907714844, -0.012847835198044777
n,0.4040761888027191, 4.4856343269348145, 0.00018396531231701374
n,4.48500919342041, -0.4109567403793335, 0.0
n,-2.2457783222198486, 3.903930187225342, 0.0
n,-2.254814386367798, -3.8987185955047607, 0.0
n,-4.22968053817749, 1.5472545623779297, 0.0
n,-4.235052585601807, -1.5324883460998535, 0.0
n,2.383684659434948e-05, 0.00012051817611791193, -4.50379753112793
n,1.76004868990276e-05, 0.00011753157741622999, -4.50379753112793
n,1.6968027921393514e-05, 0.00011804170935647562, -4.50379753112793
n,-2.2415339117287658e-05, -0.00011668271326925606, 4.50379753112793
n,-2.7568419682211243e-05, -0.00012047895143041387, 4.50379753112793
n,-2.3914879420772195e-05, -0.00011452892067609355, 4.50379753112793
n,-2.955191484943498e-05, -0.00011613145761657506, 4.50379753112793
n,-2.4922883312683553e-05, -0.00012160727055743337, 4.50379753112793
n,-2.6963205527863465e-05, -0.00011906493455171585, 4.50379753112793
n,-3.570932676666416e-05, -0.0001261489378521219, 4.50379753112793
n,-4.393588824314065e-05, -0.0001218283869093284, 4.50379753112793
n,-2.2731021090294234e-05, -0.000120854216220323, 4.50379753112793
n,-2.1550493329414167e-05, -0.000121936624054797, 4.50379753112793
n,-2.226203832833562e-05, -0.0001146569411503151, 4.50379753112793
n,-1.9487266399664804e-05, -0.00011690888641169295, 4.50379753112793
n,-1.9463854187051766e-05, -0.00012187059473944828, 4.50379753112793
n,-1.681519097473938e-05, -0.00011979044211329892, 4.50379753112793
n,-5.7827677665045485e-05, -0.00011454328341642395, 4.50379753112793
n,-2.0296976799727418e-05, -0.0001286172919208184, 4.50379753112793
n,-2.0853589376201853e-05, -0.00011380649812053889, 4.50379753112793
n,-2.887224400183186e-05, -9.741786197992042e-05, 4.50379753112793
n,-1.8560704120318405e-05, -0.00013273200602270663, 4.50379753112793
n,-2.074908115901053e-05, -0.00012337446969468147, 4.50379753112793
n,-2.474544817232527e-05, -0.00013957160990685225, 4.50379753112793
n,-2.912992931669578e-05, -0.00012772796617355198, 4.50379753112793
n,-3.683390605146997e-05, -0.00011954603542108089, 4.50379753112793
n,-2.0674915504059754e-05, -9.528610826237127e-05, 4.50379753112793
n,-7.29134944776888e-06, -0.00012032372615067288, 4.50379753112793
n,-5.8154164435109124e-05, -0.00012346722360234708, 4.50379753112793
n,-3.906088386429474e-05, -0.00012186678941361606, 4.50379753112793
n,-3.159125117235817e-05, -0.00012219560449011624, 4.50379753112793
n,-2.499149013601709e-05, -0.00012395989324431866, 4.50379753112793
n,-2.5595747501938604e-05, -0.00011893834016518667, 4.50379753112793
n,-2.56643324973993e-05, -0.00011133733642054722, 4.50379753112793
n,-2.4667568141012453e-05, -0.00011520320549607277, 4.50379753112793
n,4.0879320295061916e-05, -0.00012815225636586547, 4.50379753112793
n,-2.764564305834938e-05, -0.0001375972351524979, 4.50379753112793
n,-2.486568882886786e-05, -0.0001321851450484246, 4.50379753112793
n,-2.5747336621861905e-05, -0.000123683872516267, 4.50379753112793
n,-2.692919588298537e-05, -0.00014652528625447303, 4.50379753112793
n,-4.0102186176227406e-05, -0.0001247262116521597, 4.50379753112793
n,-2.7349482479621656e-05, -0.00012551344116218388, 4.50379753112793
n,-5.829518704558723e-05, -0.00011430527956690639, 4.50379753112793
n,-8.417683602601755e-06, -0.00011153431114507839, 4.50379753112793
n,-6.829876838310156e-06, -0.0001302698510698974, 4.50379753112793
n,-4.255770909367129e-05, -0.00012713405885733664, 4.50379753112793
n,-7.981318958627526e-06, -0.00012244215758983046, 4.50379753112793
n,-2.4601338736829348e-05, -0.00010952635784633458, 4.50379753112793
n,-2.6375138986622915e-05, -0.00012362633424345404, 4.50379753112793
n,-1.919858914334327e-05, -0.00011986041499767452, 4.50379753112793
n,-1.6968027921393514e-05, -0.00011804170935647562, 4.50379753112793
n,-0.33985617756843567, -4.490956783294678, 0.0
n,-4.490421295166016, 0.3468562364578247, 0.0
n,0.33985617756843567, 4.490956783294678, 0.0
n,4.490421295166016, -0.3468562364578247, 0.0
n,0.39057329297065735, -4.486830234527588, 0.0
n,0.38693785667419434, -4.487144947052002, 0.0
n,-4.491147994995117, 0.3373223543167114, 0.0
n,0.649774968624115, 4.456678867340088, 0.0
n,0.648560643196106, 4.456841945648193, -0.011093753390014172
n,4.503488063812256, 0.052759986370801926, 0.0
n,4.49115514755249, -0.3372213542461395, 0.00013680265692528337
n,-0.6485539078712463, -4.456856727600098, -1.9755252651521005e-05
n,-0.6485850214958191, -4.456851959228516, 0.0
n,-0.6485487222671509, -4.456857204437256, 0.0
n,-4.503486633300781, -0.05290576443076134, 7.995571650099009e-05
n,-4.5034613609313965, -0.055023495107889175, 0.0
n,-4.503486633300781, -0.05292804539203644, 7.527686830144376e-05
n,-4.503486633300781, -0.052928030490875244, -0.0005402864771895111
n,-4.5034613609313965, -0.055023495107889175, 0.0
n,-4.5034871101379395, -0.05290574952960014, -0.0005738675245083869
n,-4.503489017486572, -0.052710242569446564, 0.0
n,-0.386578768491745, 4.487175941467285, 0.0
n,-4.5034613609313965, -0.055023495107889175, 0.0
n,-4.501809597015381, 0.13379503786563873, 9.598474571248516e-05
n,0.13128213584423065, 4.501883506774902, 0.0
n,0.1646629124879837, 4.500786304473877, 0.0
n,4.501806259155273, -0.13391199707984924, 0.0
n,-0.12892109155654907, -4.501951694488525, 0.0
n,-0.12873554229736328, -4.501957416534424, -0.0002186640485888347
n,-0.05170246958732605, -4.503500461578369, 0.0
n,-4.50346040725708, 0.055091265588998795, 0.0
n,0.05253973603248596, 4.503491401672363, 0.0
n,4.503503799438477, -0.051435958594083786, 0.0
n,4.503461837768555, -0.05495649576187134, 0.0
n,-0.05253973603248596, -4.503491401672363, 0.0
n,-4.503453731536865, 0.05563090369105339, 0.0
n,-4.503450393676758, 0.05595400929450989, 0.0001478955236962065
n,-4.503442764282227, 0.056528571993112564, 0.0
n,-4.503413677215576, 0.05877947062253952, 0.0009248805581592023
n,-4.503472805023193, 0.05408100411295891, 0.0
n,0.05170247331261635, 4.503500938415527, 0.0
n,4.5034403800964355, -0.05670794099569321, 0.0
n,4.5034589767456055, -0.05521298572421074, 0.0
n,4.503459453582764, -0.05521298944950104, 0.0
n,4.503519058227539, -0.0500391460955143, 0.0020858279895037413
n,4.503464698791504, -0.054760027676820755, 0.0
n,-0.40560340881347656, -4.485496520996094, 0.0
n,-0.40560340881347656, -4.485496520996094, 0.0
n,-0.4040706753730774, -4.485573768615723, -0.023393314331769943
n,-4.484890937805176, 0.41224753856658936, 0.0
n,-4.484750747680664, 0.4137716293334961, 0.0
n,-4.485082149505615, 0.4101531207561493, -0.0020419403444975615
n,0.4042498469352722, 4.485618591308594, 0.0
n,4.48500919342041, -0.4109567403793335, 0.0
n,-2.2457783222198486, 3.9039306640625, 0.0
n,-2.254814386367798, -3.8987185955047607, 0.0
n,-4.22968053817749, 1.5472544431686401, 0.0
u,0.866995096206665, 0.6289032101631165, 0
u,0.8746110796928406, 0.6059393286705017, 0
u,0.8746110796928406, 0.6289032101631165, 0
u,0.0, 0.0, 0
u,0.0, 0.0, 0
u,0.0, 0.0, 0
u,0.9991610050201416, 0.9963498115539551, 0
u,0.9815986752510071, 0.9833530187606812, 0
u,0.9743841886520386, 0.9576554894447327, 0
u,0.10546710342168808, 0.17301200330257416, 0
u,0.06601980328559875, 0.13243280351161957, 0
u,0.1054333969950676, 0.13232000172138214, 0
u,0.15095439553260803, 0.02941560000181198, 0
u,0.013824599795043468, 0.01814570091664791, 0
u,0.23545430600643158, 0.01814570091664791, 0
u,0.1454392969608307, 0.17833979427814484, 0
u,0.20300529897212982, 0.1815817952156067, 0
u,0.20105740427970886, 0.28174859285354614, 0
u,0.22723379731178284, 0.17832109332084656, 0
u,0.25061240792274475, 0.002104399958625436, 0
u,0.2118687927722931, 0.29901960492134094, 0
u,0.23545430600643158, 0.01814570091664791, 0
u,0.0, 0.002104399958625436, 0
u,0.25061240792274475, 0.002104399958625436, 0
u,0.013824599795043468, 0.01814570091664791, 0
u,0.015419100411236286, 0.27777451276779175, 0
u,0.0, 0.002104399958625436, 0
u,0.9733796119689941, 0.9821367859840393, 0
u,0.9605910778045654, 0.7536764740943909, 0
u,0.9733796119689941, 0.7672746777534485, 0
u,0.16711409389972687, 0.04235450178384781, 0
u,0.16043369472026825, 0.17310790717601776, 0
u,0.1454392969608307, 0.17833979427814484, 0
u,0.1719353049993515, 0.049159299582242966, 0
u,0.2284281998872757, 0.05356350168585777, 0
u,0.20888979732990265, 0.1317145973443985, 0
u,0.1659093052148819, 0.16710610687732697, 0
u,0.16711409389972687, 0.04235450178384781, 0
u,0.1719353049993515, 0.049159299582242966, 0
u,0.2284281998872757, 0.05356350168585777, 0
u,0.2339031994342804, 0.047561198472976685, 0
u,0.22723379731178284, 0.17832109332084656, 0
u,0.20934389531612396, 0.16802610456943512, 0
u,0.17536289989948273, 0.1324003040790558, 0
u,0.20888979732990265, 0.1317145973443985, 0
u,0.9984573721885681, 0.9182111024856567, 0
u,0.9819170832633972, 0.9066892266273499, 0
u,0.9743841886520386, 0.8819581866264343, 0
u,0.9274885058403015, 0.7061042785644531, 0
u,0.8926107883453369, 0.6674162745475769, 0
u,0.9274885058403015, 0.6674162745475769, 0
u,0.9274885058403015, 0.5355392098426819, 0
u,0.8926107883453369, 0.5821300148963928, 0
u,0.8926107883453369, 0.5355392098426819, 0
u,0.8926107883453369, 0.6208121180534363, 0
u,0.9274885058403015, 0.5821300148963928, 0
u,0.9274885058403015, 0.6208121180534363, 0
u,0.8926107883453369, 0.6208121180534363, 0
u,0.9274885058403015, 0.6674162745475769, 0
u,0.8926107883453369, 0.6674162745475769, 0
u,0.6591653823852539, 0.495021790266037, 0
u,0.636803925037384, 0.5085784196853638, 0
u,0.636803925037384, 0.495021790266037, 0
u,0.0, 0.5085784196853638, 0
u,0.0798489972949028, 0.495021790266037, 0
u,0.0798489972949028, 0.5085784196853638, 0
u,0.428692102432251, 0.495021790266037, 0
u,0.636803925037384, 0.5085784196853638, 0
u,0.428692102432251, 0.5085784196853638, 0
u,0.428692102432251, 0.495021790266037, 0
u,0.428692102432251, 0.5085784196853638, 0
u,0.3421083092689514, 0.5085784196853638, 0
u,0.24341750144958496, 0.495021790266037, 0
u,0.0798489972949028, 0.5085784196853638, 0
u,0.0798489972949028, 0.495021790266037, 0
u,0.21088479459285736, 1.0, 0
u,0.4487799108028412, 0.5118141770362854, 0
u,0.4487799108028412, 1.0, 0
u,0.0, 0.5808697938919067, 0
u,0.0, 0.5702106952667236, 0
u,0.21088479459285736, 0.5118141770362854, 0
u,0.7947902083396912, 0.5808697938919067, 0
u,0.6783345937728882, 1.0, 0
u,0.6783345937728882, 0.5118141770362854, 0
u,0.6783345937728882, 1.0, 0
u,0.4487799108028412, 0.5118141770362854, 0
u,0.6783345937728882, 0.5118141770362854, 0
u,0.8527942895889282, 0.5702106952667236, 0
u,0.8655189275741577, 0.5808697938919067, 0
u,0.8527942895889282, 0.5808697938919067, 0
u,0.8926107883453369, 0.9269301295280457, 0
u,0.9582824110984802, 0.9939653873443604, 0
u,0.8926107883453369, 0.9939653873443604, 0
u,0.9582824110984802, 0.7084031105041504, 0
u,0.8926107883453369, 0.7204691171646118, 0
u,0.8926107883453369, 0.7084031105041504, 0
u,0.8926107883453369, 0.998774528503418, 0
u,0.9582824110984802, 0.9939653873443604, 0
u,0.9582824110984802, 0.998774528503418, 0
u,0.8926107883453369, 0.7204691171646118, 0
u,0.9582824110984802, 0.7875046730041504, 0
u,0.8926107883453369, 0.7875046730041504, 0
u,0.9582824110984802, 0.9269301295280457, 0
u,0.8926107883453369, 0.9269301295280457, 0
u,0.8926107883453369, 0.8837338089942932, 0
u,0.22572989761829376, 0.41021621227264404, 0
u,0.32513418793678284, 0.30038419365882874, 0
u,0.32513418793678284, 0.41021621227264404, 0
u,0.8914660811424255, 0.7760196924209595, 0
u,0.866995096206665, 0.8428201079368591, 0
u,0.866995096206665, 0.7760196924209595, 0
u,0.8914660811424255, 0.6638903021812439, 0
u,0.866995096206665, 0.7760196924209595, 0
u,0.866995096206665, 0.6638903021812439, 0
u,0.866995096206665, 0.6521741151809692, 0
u,0.8914660811424255, 0.6638903021812439, 0
u,0.866995096206665, 0.6638903021812439, 0
u,0.8914660811424255, 1.0, 0
u,0.866995096206665, 0.9549540281295776, 0
u,0.8914660811424255, 0.9549540281295776, 0
u,0.8914660811424255, 0.9549540281295776, 0
u,0.866995096206665, 0.8428201079368591, 0
u,0.8914660811424255, 0.8428201079368591, 0
u,0.05129630118608475, 0.4790220856666565, 0
u,0.04043550044298172, 0.49264711141586304, 0
u,0.04043550044298172, 0.41021621227264404, 0
u,0.16257460415363312, 0.4790220856666565, 0
u,0.06316599994897842, 0.30038419365882874, 0
u,0.16257460415363312, 0.30038419365882874, 0
u,0.16257460415363312, 0.30038419365882874, 0
u,0.22572989761829376, 0.30038419365882874, 0
u,0.18702749907970428, 0.41021621227264404, 0
u,0.9556053876876831, 0.7060906887054443, 0
u,0.9538112878799438, 0.7060906887054443, 0
u,0.9538112878799438, 0.7052860260009766, 0
u,0.9538112878799438, 0.5665050148963928, 0
u,0.9556053876876831, 0.5563725233078003, 0
u,0.9556053876876831, 0.5963777899742126, 0
u,0.9556053876876831, 0.6312220096588135, 0
u,0.9290640950202942, 0.5963777899742126, 0
u,0.9556053876876831, 0.5963777899742126, 0
u,0.9556053876876831, 0.671240508556366, 0
u,0.9290640950202942, 0.6312220096588135, 0
u,0.9556053876876831, 0.6312220096588135, 0
u,0.8746110796928406, 0.5625, 0
u,0.866995096206665, 0.5829753875732422, 0
u,0.866995096206665, 0.5625, 0
u,0.866995096206665, 0.6503481268882751, 0
u,0.8746110796928406, 0.6289032101631165, 0
u,0.8746110796928406, 0.6503481268882751, 0
u,0.866995096206665, 0.6059393286705017, 0
u,0.8746110796928406, 0.5829753875732422, 0
u,0.8746110796928406, 0.6059393286705017, 0
u,0.866995096206665, 0.6289032101631165, 0
u,0.866995096206665, 0.6059393286705017, 0
u,0.8746110796928406, 0.6059393286705017, 0
u,0.0, 0.0, 0
u,0.0, 0.0, 0
u,0.0, 0.0, 0
u,0.9821373224258423, 0.9322016835212708, 0
u,0.9991610050201416, 0.9203432202339172, 0
u,0.9743841886520386, 0.9576554894447327, 0
u,0.9991610050201416, 0.9203432202339172, 0
u,0.9991610050201416, 0.9963498115539551, 0
u,0.9743841886520386, 0.9576554894447327, 0
u,0.10546710342168808, 0.17301200330257416, 0
u,0.06606490164995193, 0.1731307953596115, 0
u,0.06601980328559875, 0.13243280351161957, 0
u,0.15095439553260803, 0.02941560000181198, 0
u,0.147147998213768, 0.13220059871673584, 0
u,0.1054333969950676, 0.13232000172138214, 0
u,0.06601980328559875, 0.13243280351161957, 0
u,0.020224399864673615, 0.13256379961967468, 0
u,0.013824599795043468, 0.01814570091664791, 0
u,0.15095439553260803, 0.02941560000181198, 0
u,0.1054333969950676, 0.13232000172138214, 0
u,0.06601980328559875, 0.13243280351161957, 0
u,0.23163889348506927, 0.047384701669216156, 0
u,0.2080433964729309, 0.04554520174860954, 0
u,0.20852069556713104, 0.03265710175037384, 0
u,0.15095439553260803, 0.02941560000181198, 0
u,0.06601980328559875, 0.13243280351161957, 0
u,0.013824599795043468, 0.01814570091664791, 0
u,0.23545430600643158, 0.01814570091664791, 0
u,0.23163889348506927, 0.047384701669216156, 0
u,0.20852069556713104, 0.03265710175037384, 0
u,0.20852069556713104, 0.03265710175037384, 0
u,0.15095439553260803, 0.02941560000181198, 0
u,0.23545430600643158, 0.01814570091664791, 0
u,0.10546710342168808, 0.17301200330257416, 0
u,0.1054333969950676, 0.13232000172138214, 0
u,0.147147998213768, 0.13220059871673584, 0
u,0.10546710342168808, 0.17301200330257416, 0
u,0.147147998213768, 0.13220059871673584, 0
u,0.1454392969608307, 0.17833979427814484, 0
u,0.020224399864673615, 0.13256379961967468, 0
u,0.06601980328559875, 0.13243280351161957, 0
u,0.06606490164995193, 0.1731307953596115, 0
u,0.06606490164995193, 0.1731307953596115, 0
u,0.10546710342168808, 0.17301200330257416, 0
u,0.027519099414348602, 0.26298120617866516, 0
u,0.10546710342168808, 0.17301200330257416, 0
u,0.1454392969608307, 0.17833979427814484, 0
u,0.20105740427970886, 0.28174859285354614, 0
u,0.027519099414348602, 0.26298120617866516, 0
u,0.10546710342168808, 0.17301200330257416, 0
u,0.20105740427970886, 0.28174859285354614, 0
u,0.20300529897212982, 0.1815817952156067, 0
u,0.20319560170173645, 0.1764450967311859, 0
u,0.21468119323253632, 0.1773415058851242, 0
u,0.20300529897212982, 0.1815817952156067, 0
u,0.21468119323253632, 0.1773415058851242, 0
u,0.20105740427970886, 0.28174859285354614, 0
u,0.027519099414348602, 0.26298120617866516, 0
u,0.020224399864673615, 0.13256379961967468, 0
u,0.06606490164995193, 0.1731307953596115, 0
u,0.2339031994342804, 0.047561198472976685, 0
u,0.23163889348506927, 0.047384701669216156, 0
u,0.23545430600643158, 0.01814570091664791, 0
u,0.2118687927722931, 0.29901960492134094, 0
u,0.20105740427970886, 0.28174859285354614, 0
u,0.22723379731178284, 0.17832109332084656, 0
u,0.20105740427970886, 0.28174859285354614, 0
u,0.21468119323253632, 0.1773415058851242, 0
u,0.22723379731178284, 0.17832109332084656, 0
u,0.22723379731178284, 0.17832109332084656, 0
u,0.2339031994342804, 0.047561198472976685, 0
u,0.25061240792274475, 0.002104399958625436, 0
u,0.2339031994342804, 0.047561198472976685, 0
u,0.23545430600643158, 0.01814570091664791, 0
u,0.25061240792274475, 0.002104399958625436, 0
u,0.23545430600643158, 0.01814570091664791, 0
u,0.013824599795043468, 0.01814570091664791, 0
u,0.0, 0.002104399958625436, 0
u,0.013824599795043468, 0.01814570091664791, 0
u,0.027519099414348602, 0.26298120617866516, 0
u,0.015419100411236286, 0.27777451276779175, 0
u,0.9733796119689941, 0.9821367859840393, 0
u,0.9605910778045654, 0.9969056248664856, 0
u,0.9605910778045654, 0.7536764740943909, 0
u,0.20319560170173645, 0.1764450967311859, 0
u,0.20300529897212982, 0.1815817952156067, 0
u,0.16043369472026825, 0.17310790717601776, 0
u,0.20300529897212982, 0.1815817952156067, 0
u,0.1454392969608307, 0.17833979427814484, 0
u,0.16043369472026825, 0.17310790717601776, 0
u,0.15095439553260803, 0.02941560000181198, 0
u,0.20852069556713104, 0.03265710175037384, 0
u,0.16711409389972687, 0.04235450178384781, 0
u,0.20852069556713104, 0.03265710175037384, 0
u,0.2080433964729309, 0.04554520174860954, 0
u,0.16711409389972687, 0.04235450178384781, 0
u,0.15095439553260803, 0.02941560000181198, 0
u,0.16711409389972687, 0.04235450178384781, 0
u,0.1454392969608307, 0.17833979427814484, 0
u,0.17581750452518463, 0.16787929832935333, 0
u,0.1659093052148819, 0.16710610687732697, 0
u,0.17536289989948273, 0.1324003040790558, 0
u,0.1659093052148819, 0.16710610687732697, 0
u,0.1719353049993515, 0.049159299582242966, 0
u,0.17536289989948273, 0.1324003040790558, 0
u,0.2224120944738388, 0.1715155988931656, 0
u,0.1843169927597046, 0.16854259371757507, 0
u,0.20934389531612396, 0.16802610456943512, 0
u,0.2224120944738388, 0.1715155988931656, 0
u,0.20934389531612396, 0.16802610456943512, 0
u,0.20888979732990265, 0.1317145973443985, 0
u,0.2284281998872757, 0.05356350168585777, 0
u,0.2224120944738388, 0.1715155988931656, 0
u,0.20888979732990265, 0.1317145973443985, 0
u,0.20888979732990265, 0.1317145973443985, 0
u,0.17536289989948273, 0.1324003040790558, 0
u,0.1719353049993515, 0.049159299582242966, 0
u,0.1659093052148819, 0.16710610687732697, 0
u,0.16043369472026825, 0.17310790717601776, 0
u,0.16711409389972687, 0.04235450178384781, 0
u,0.2284281998872757, 0.05356350168585777, 0
u,0.1719353049993515, 0.049159299582242966, 0
u,0.16711409389972687, 0.04235450178384781, 0
u,0.22723379731178284, 0.17832109332084656, 0
u,0.16043369472026825, 0.17310790717601776, 0
u,0.1843169927597046, 0.16854259371757507, 0
u,0.16043369472026825, 0.17310790717601776, 0
u,0.1659093052148819, 0.16710610687732697, 0
u,0.17582829296588898, 0.16871780157089233, 0
u,0.1659093052148819, 0.16710610687732697, 0
u,0.17581750452518463, 0.16787929832935333, 0
u,0.17582829296588898, 0.16871780157089233, 0
u,0.17582829296588898, 0.16871780157089233, 0
u,0.1843169927597046, 0.16854259371757507, 0
u,0.16043369472026825, 0.17310790717601776, 0
u,0.1843169927597046, 0.16854259371757507, 0
u,0.2224120944738388, 0.1715155988931656, 0
u,0.22723379731178284, 0.17832109332084656, 0
u,0.2284281998872757, 0.05356350168585777, 0
u,0.16711409389972687, 0.04235450178384781, 0
u,0.2339031994342804, 0.047561198472976685, 0
u,0.2224120944738388, 0.1715155988931656, 0
u,0.2284281998872757, 0.05356350168585777, 0
u,0.22723379731178284, 0.17832109332084656, 0
u,0.20934389531612396, 0.16802610456943512, 0
u,0.17582829296588898, 0.16871780157089233, 0
u,0.17536289989948273, 0.1324003040790558, 0
u,0.9813938736915588, 0.856990396976471, 0
u,0.9984573721885681, 0.8443626761436462, 0
u,0.9743841886520386, 0.8819581866264343, 0
u,0.9984573721885681, 0.8443626761436462, 0
u,0.9984573721885681, 0.9182111024856567, 0
u,0.9743841886520386, 0.8819581866264343, 0
u,0.9274885058403015, 0.7061042785644531, 0
u,0.8926107883453369, 0.7061042785644531, 0
u,0.8926107883453369, 0.6674162745475769, 0
u,0.9274885058403015, 0.5355392098426819, 0
u,0.9274885058403015, 0.5821300148963928, 0
u,0.8926107883453369, 0.5821300148963928, 0
u,0.8926107883453369, 0.6208121180534363, 0
u,0.8926107883453369, 0.5821300148963928, 0
u,0.9274885058403015, 0.5821300148963928, 0
u,0.8926107883453369, 0.6208121180534363, 0
u,0.9274885058403015, 0.6208121180534363, 0
u,0.9274885058403015, 0.6674162745475769, 0
u,0.6591653823852539, 0.495021790266037, 0
u,0.6591653823852539, 0.5085784196853638, 0
u,0.636803925037384, 0.5085784196853638, 0
u,0.0, 0.5085784196853638, 0
u,0.0, 0.495021790266037, 0
u,0.0798489972949028, 0.495021790266037, 0
u,0.428692102432251, 0.495021790266037, 0
u,0.636803925037384, 0.495021790266037, 0
u,0.636803925037384, 0.5085784196853638, 0
u,0.24341750144958496, 0.5085784196853638, 0
u,0.24341750144958496, 0.495021790266037, 0
u,0.3421083092689514, 0.5085784196853638, 0
u,0.24341750144958496, 0.495021790266037, 0
u,0.428692102432251, 0.495021790266037, 0
u,0.3421083092689514, 0.5085784196853638, 0
u,0.24341750144958496, 0.495021790266037, 0
u,0.24341750144958496, 0.5085784196853638, 0
u,0.0798489972949028, 0.5085784196853638, 0
u,0.21088479459285736, 1.0, 0
u,0.21088479459285736, 0.5118141770362854, 0
u,0.4487799108028412, 0.5118141770362854, 0
u,0.21088479459285736, 0.5118141770362854, 0
u,0.21088479459285736, 1.0, 0
u,0.0, 0.5808697938919067, 0
u,0.21088479459285736, 1.0, 0
u,0.0, 1.0, 0
u,0.0, 0.5808697938919067, 0
u,0.0, 0.5702106952667236, 0
u,0.0, 0.5118141770362854, 0
u,0.21088479459285736, 0.5118141770362854, 0
u,0.7947902083396912, 0.5808697938919067, 0
u,0.8527942895889282, 0.5808697938919067, 0
u,0.8655189275741577, 1.0, 0
u,0.8527942895889282, 0.5808697938919067, 0
u,0.8655189275741577, 0.5808697938919067, 0
u,0.8655189275741577, 1.0, 0
u,0.8655189275741577, 1.0, 0
u,0.6783345937728882, 1.0, 0
u,0.7947902083396912, 0.5808697938919067, 0
u,0.6783345937728882, 0.5118141770362854, 0
u,0.8655189275741577, 0.5118141770362854, 0
u,0.7947902083396912, 0.5702106952667236, 0
u,0.8655189275741577, 0.5118141770362854, 0
u,0.8655189275741577, 0.5702106952667236, 0
u,0.8527942895889282, 0.5702106952667236, 0
u,0.8655189275741577, 0.5118141770362854, 0
u,0.8527942895889282, 0.5702106952667236, 0
u,0.7947902083396912, 0.5702106952667236, 0
u,0.7947902083396912, 0.5702106952667236, 0
u,0.7947902083396912, 0.5808697938919067, 0
u,0.6783345937728882, 0.5118141770362854, 0
u,0.6783345937728882, 1.0, 0
u,0.4487799108028412, 1.0, 0
u,0.4487799108028412, 0.5118141770362854, 0
u,0.8527942895889282, 0.5702106952667236, 0
u,0.8655189275741577, 0.5702106952667236, 0
u,0.8655189275741577, 0.5808697938919067, 0
u,0.8926107883453369, 0.9269301295280457, 0
u,0.9582824110984802, 0.9269301295280457, 0
u,0.9582824110984802, 0.9939653873443604, 0
u,0.9582824110984802, 0.7084031105041504, 0
u,0.9582824110984802, 0.7204691171646118, 0
u,0.8926107883453369, 0.7204691171646118, 0
u,0.8926107883453369, 0.998774528503418, 0
u,0.8926107883453369, 0.9939653873443604, 0
u,0.9582824110984802, 0.9939653873443604, 0
u,0.8926107883453369, 0.7204691171646118, 0
u,0.9582824110984802, 0.7204691171646118, 0
u,0.9582824110984802, 0.7875046730041504, 0
u,0.8926107883453369, 0.8837338089942932, 0
u,0.8926107883453369, 0.7875046730041504, 0
u,0.9582824110984802, 0.7875046730041504, 0
u,0.9582824110984802, 0.7875046730041504, 0
u,0.9582824110984802, 0.9269301295280457, 0
u,0.8926107883453369, 0.8837338089942932, 0
u,0.22572989761829376, 0.41021621227264404, 0
u,0.22572989761829376, 0.30038419365882874, 0
u,0.32513418793678284, 0.30038419365882874, 0
u,0.8914660811424255, 0.7760196924209595, 0
u,0.8914660811424255, 0.8428201079368591, 0
u,0.866995096206665, 0.8428201079368591, 0
u,0.8914660811424255, 0.6638903021812439, 0
u,0.8914660811424255, 0.7760196924209595, 0
u,0.866995096206665, 0.7760196924209595, 0
u,0.866995096206665, 0.6521741151809692, 0
u,0.8914660811424255, 0.6521741151809692, 0
u,0.8914660811424255, 0.6638903021812439, 0
u,0.8914660811424255, 1.0, 0
u,0.866995096206665, 1.0, 0
u,0.866995096206665, 0.9549540281295776, 0
u,0.8914660811424255, 0.9549540281295776, 0
u,0.866995096206665, 0.9549540281295776, 0
u,0.866995096206665, 0.8428201079368591, 0
u,0.0, 0.41021621227264404, 0
u,0.0, 0.30038419365882874, 0
u,0.04043550044298172, 0.41021621227264404, 0
u,0.0, 0.30038419365882874, 0
u,0.06316599994897842, 0.30038419365882874, 0
u,0.04043550044298172, 0.41021621227264404, 0
u,0.06316599994897842, 0.30038419365882874, 0
u,0.06316599994897842, 0.4790220856666565, 0
u,0.04043550044298172, 0.41021621227264404, 0
u,0.06316599994897842, 0.4790220856666565, 0
u,0.05129630118608475, 0.4790220856666565, 0
u,0.04043550044298172, 0.41021621227264404, 0
u,0.05129630118608475, 0.4790220856666565, 0
u,0.05129630118608475, 0.49264711141586304, 0
u,0.04043550044298172, 0.49264711141586304, 0
u,0.16257460415363312, 0.4790220856666565, 0
u,0.06316599994897842, 0.4790220856666565, 0
u,0.06316599994897842, 0.30038419365882874, 0
u,0.22572989761829376, 0.30038419365882874, 0
u,0.22572989761829376, 0.41021621227264404, 0
u,0.18702749907970428, 0.41021621227264404, 0
u,0.18702749907970428, 0.41021621227264404, 0
u,0.18702749907970428, 0.49264711141586304, 0
u,0.16471560299396515, 0.4790220856666565, 0
u,0.18702749907970428, 0.49264711141586304, 0
u,0.16471560299396515, 0.49264711141586304, 0
u,0.16471560299396515, 0.4790220856666565, 0
u,0.16471560299396515, 0.4790220856666565, 0
u,0.16257460415363312, 0.4790220856666565, 0
u,0.18702749907970428, 0.41021621227264404, 0
u,0.16257460415363312, 0.4790220856666565, 0
u,0.16257460415363312, 0.30038419365882874, 0
u,0.18702749907970428, 0.41021621227264404, 0
u,0.9290640950202942, 0.7052860260009766, 0
u,0.9290640950202942, 0.671240508556366, 0
u,0.9538112878799438, 0.7052860260009766, 0
u,0.9290640950202942, 0.671240508556366, 0
u,0.9556053876876831, 0.671240508556366, 0
u,0.9538112878799438, 0.7052860260009766, 0
u,0.9556053876876831, 0.671240508556366, 0
u,0.9556053876876831, 0.7060906887054443, 0
u,0.9538112878799438, 0.7052860260009766, 0
u,0.9290640950202942, 0.5963777899742126, 0
u,0.9290640950202942, 0.5665050148963928, 0
u,0.9538112878799438, 0.5665050148963928, 0
u,0.9538112878799438, 0.5665050148963928, 0
u,0.9538112878799438, 0.5563725233078003, 0
u,0.9556053876876831, 0.5563725233078003, 0
u,0.9556053876876831, 0.5963777899742126, 0
u,0.9290640950202942, 0.5963777899742126, 0
u,0.9538112878799438, 0.5665050148963928, 0
u,0.9556053876876831, 0.6312220096588135, 0
u,0.9290640950202942, 0.6312220096588135, 0
u,0.9290640950202942, 0.5963777899742126, 0
u,0.9556053876876831, 0.671240508556366, 0
u,0.9290640950202942, 0.671240508556366, 0
u,0.9290640950202942, 0.6312220096588135, 0
u,0.8746110796928406, 0.5625, 0
u,0.8746110796928406, 0.5829753875732422, 0
u,0.866995096206665, 0.5829753875732422, 0
u,0.866995096206665, 0.6503481268882751, 0
u,0.866995096206665, 0.6289032101631165, 0
u,0.8746110796928406, 0.6289032101631165, 0
u,0.866995096206665, 0.6059393286705017, 0
u,0.866995096206665, 0.5829753875732422, 0
u,0.8746110796928406, 0.5829753875732422, 0
