s,120.44775390625, 132.1259765625, -0.11363601684570312
b,121.45751953125, 133.9072265625, 0.6134219169616699
v,120.982666015625, 133.9072265625, 0.6134128570556641
v,121.320068359375, 133.775390625, 0.6134219169616699
v,121.320068359375, 133.775390625, -0.11352014541625977
v,120.982666015625, 133.9072265625, -0.11352920532226562
v,121.45751953125, 132.126953125, -0.11361074447631836
v,120.44775390625, 132.54296875, -0.11363601684570312
v,120.982421875, 133.9072265625, -0.11352920532226562
v,121.31982421875, 133.775390625, -0.11352014541625977
v,120.982421875, 133.9072265625, 0.6134128570556641
v,120.44775390625, 132.54296875, 0.6133060455322266
v,121.457275390625, 132.1259765625, 0.6133313179016113
v,121.31982421875, 133.775390625, 0.6134219169616699
v,121.31982421875, 133.775390625, 0.6134219169616699
v,121.457275390625, 132.1259765625, 0.6133313179016113
v,121.45751953125, 132.126953125, -0.11361074447631836
v,121.31982421875, 133.775390625, -0.11352014541625977
v,121.457275390625, 132.1259765625, 0.6133313179016113
v,120.44775390625, 132.54296875, 0.6133060455322266
v,120.44775390625, 132.54296875, -0.11363601684570312
v,121.45751953125, 132.126953125, -0.11361074447631836
v,120.44775390625, 132.54296875, 0.6133060455322266
v,120.982421875, 133.9072265625, 0.6134128570556641
v,120.982421875, 133.9072265625, -0.11352920532226562
v,120.44775390625, 132.54296875, -0.11363601684570312
i,0,2,3
i,5,7,4
i,9,11,8
i,12,14,15
i,17,19,16
i,20,22,23
i,0,1,2
i,5,6,7
i,9,10,11
i,12,13,14
i,17,18,19
i,20,21,22
n,1.6297799348831177, 4.198572158813477, 0.0
n,0.00022307742619886994, 0.00026618895935826004, -4.50379753112793
n,-0.00022729128249920905, -0.0002633925760164857, 4.50379753112793
n,4.488174915313721, 0.37480151653289795, 0.0004471803258638829
n,-1.720033049583435, -4.16240930557251, -0.005479269661009312
n,-4.192888259887695, 1.6443482637405396, 0.0
n,1.6391465663909912, 4.194921493530273, 0.0050050122663378716
n,0.0002267036325065419, 0.0002636230201460421, -4.50379753112793
n,-0.0002233513368992135, -0.0002661824692040682, 4.50379753112793
n,4.488223552703857, 0.3742152452468872, 0.0017852194141596556
n,-1.7166634798049927, -4.1638031005859375, 0.0
n,-4.192888259887695, 1.644348382949829, 0.0
u,0.556159496307373, 0.6168224811553955, 0
u,0.6348839998245239, 0.9922122955322266, 0
u,0.556159496307373, 0.9922122955322266, 0
u,0.0, 0.0, 0
u,0.0, 0.0, 0
u,0.0, 0.0, 0
u,0.008313599973917007, 0.5887851119041443, 0
u,0.3392347991466522, 0.39477789402008057, 0
u,0.3389473855495453, 0.5887851119041443, 0
u,0.6348839998245239, 0.6168224811553955, 0
u,0.9948387145996094, 0.9922122955322266, 0
u,0.6348839998245239, 0.9922122955322266, 0
u,0.23767590522766113, 0.6168224811553955, 0
u,0.0, 0.9922122955322266, 0
u,0.0, 0.6168224811553955, 0
u,0.23767590522766113, 0.6168224811553955, 0
u,0.556159496307373, 0.9922122955322266, 0
u,0.23767590522766113, 0.9922122955322266, 0
u,0.556159496307373, 0.6168224811553955, 0
u,0.6348839998245239, 0.6168224811553955, 0
u,0.6348839998245239, 0.9922122955322266, 0
u,0.0, 0.0, 0
u,0.0, 0.0, 0
u,0.0, 0.0, 0
u,0.008313599973917007, 0.5887851119041443, 0
u,0.0039369999431073666, 0.003149899886921048, 0
u,0.3392347991466522, 0.39477789402008057, 0
u,0.6348839998245239, 0.6168224811553955, 0
u,0.9948387145996094, 0.6168224811553955, 0
u,0.9948387145996094, 0.9922122955322266, 0
u,0.23767590522766113, 0.6168224811553955, 0
u,0.23767590522766113, 0.9922122955322266, 0
u,0.0, 0.9922122955322266, 0
u,0.23767590522766113, 0.6168224811553955, 0
u,0.556159496307373, 0.6168224811553955, 0
u,0.556159496307373, 0.9922122955322266, 0
